COORD_X_Y 150
  1.88804   1.22735
  2.09099   2.63367
  2.78212   2.92323
  1.87792    1.8504
 0.432163   1.67048
 0.117848   2.01699
   1.6963  0.516649
 0.675954  0.430147
 0.224151   1.47369
  1.73679   2.14427
  1.78039  0.256419
  2.96051   1.78989
  2.61801   2.63464
  2.94102   2.41712
  2.83712    2.9808
  1.26637   2.07707
  2.06844   2.80566
  2.65812  0.324146
  1.01744   2.09683
 0.687384   1.37062
  2.34709   2.04126
  1.65689  0.925424
  2.39214   1.00709
 0.317171  0.149025
  1.63492   1.19084
 0.904623   1.73156
0.0955534  0.900007
 0.715103 0.0883337
  1.27589    1.3503
  2.58796  0.426795
  2.18195  0.638606
 0.518039  0.884729
  2.74232   2.44601
  1.59056     0.569
0.00595258   0.46905
  1.73964   2.78325
  1.68697   2.94832
  1.40927   2.25504
  2.80899   1.09034
  1.68127  0.479992
  2.05064   1.07053
  2.10357   0.32731
  1.10854   2.83057
 0.353744  0.863707
  2.74737  0.315653
  2.18713   2.74786
  0.46433  0.323157
  2.81327  0.569192
  1.72915    1.5051
  2.27925  0.942235
 0.628772   1.23597
  2.38663   1.02323
   1.9117   1.29064
  1.90958  0.094958
   2.8767   1.51951
  2.22126   1.55387
  1.72842   0.78313
 0.891381  0.395469
 0.498174   0.50267
  2.73111   2.01881
 0.864792   2.74164
  1.34795   1.14828
  1.25472   0.91461
 0.756483   1.42639
  1.52745  0.492583
  2.93489  0.938982
 0.519489   1.31787
 0.967556   1.89341
  1.64612   2.60672
  1.47165   1.21871
  1.42278   1.20235
   2.6018   1.66416
 0.838268   2.54808
   2.0448   1.20622
  2.92871  0.814891
  1.86076   1.72862
  1.34336   1.50095
  2.09033   1.54138
 0.852992  0.692362
  1.37247   1.58405
  1.51328    1.9839
  2.61919   2.12236
  1.71421   1.44417
  1.64556   1.08185
  1.50812  0.803924
 0.302469  0.111553
0.0890327   2.61026
 0.160442  0.672246
  2.32643  0.231793
  0.84626  0.493511
 0.291413  0.135433
 0.110465   2.92588
  1.80009   1.21704
0.0751123   1.25802
   1.1325   0.62565
  1.06257   2.96666
  1.95404   2.33461
 0.552613   1.36076
 0.765797     1.781
  2.71348   2.49485
  1.43669   1.61612
  1.04047   1.67595
 0.742407   1.46592
 0.599492  0.193975
  1.63104   1.35383
   1.3567   1.02768
  2.21079   2.99876
  1.51556   1.43784
   1.2055   1.46405
  1.92809   2.41895
  1.44159   2.47548
  2.31746   1.59462
 0.198037   0.13216
 0.663038   2.67724
  2.96852  0.798096
  1.16961   2.43633
 0.289888  0.621073
  1.04038   2.88848
  1.92489  0.523059
  1.03342   2.19086
0.0661222  0.786192
  2.48286   1.60299
  1.13942  0.935464
  2.63701   2.68413
  1.27218  0.144884
  1.34523   0.79453
  1.39733   1.51248
 0.435266  0.662204
  1.02635  0.230548
  1.91182  0.960589
  1.23462  0.360279
  1.26785   1.79853
  1.34962   2.85258
  2.97678   2.96498
   1.9647   2.80487
  2.18078   1.90135
  1.91546   1.71634
  1.96544   1.87854
  2.57298   1.07169
  0.28323   1.38085
 0.813637    2.3277
  2.88055   2.16454
 0.770131   2.24522
  2.43647   1.15804
 0.278474  0.179226
  2.55131  0.443968
  2.29658  0.965114
 0.385876   1.21266
 0.579401   1.98994
  1.83304  0.305197
LINKS_SOURCE_DESTINATION_DISTANCE 298
     0      1      1
     0      2      1
     0      6      1
     0     69      1
     0     97      1
     1      0      1
     1      3      1
     2      0      1
     2      5      1
     2     11      1
     2     15      1
     2     27      1
     2    100      1
     2    131      1
     3      1      1
     3      4      1
     3     31      1
     3     32      1
     3    103      1
     3    133      1
     4      3      1
     4      7      1
     4     20      1
     4     93      1
     5      2      1
     5     18      1
     5     21      1
     5     40      1
     6      0      1
     6     10      1
     6     14      1
     6     19      1
     6     30      1
     6    117      1
     7      4      1
     7      8      1
     7      9      1
     7     28      1
     7     34      1
     8      7      1
     8     12      1
     8     35      1
     8     45      1
     8     48      1
     8     53      1
     8     76      1
     9      7      1
     9     17      1
     9     50      1
     9     64      1
     9     83      1
    10      6      1
    10     13      1
    10     92      1
    11      2      1
    11     16      1
    12      8      1
    12     25      1
    12    135      1
    13     10      1
    14      6      1
    15      2      1
    15     38      1
    15    124      1
    16     11      1
    16     26      1
    17      9      1
    17     22      1
    17    147      1
    18      5      1
    18     86      1
    19      6      1
    19    132      1
    20      4      1
    20     29      1
    20    145      1
    21      5      1
    21     24      1
    21     41      1
    21     72      1
    22     17      1
    22     23      1
    22     67      1
    23     22      1
    23     46      1
    23    122      1
    24     21      1
    24     91      1
    25     12      1
    26     16      1
    26     33      1
    26     43      1
    26     55      1
    27      2      1
    27     47      1
    27    114      1
    28      7      1
    28     62      1
    28     65      1
    28    118      1
    29     20      1
    29     66      1
    29     77      1
    29     78      1
    29     94      1
    29    121      1
    30      6      1
    30     39      1
    30     73      1
    31      3      1
    31     71      1
    32      3      1
    32     36      1
    32     52      1
    32    111      1
    33     26      1
    34      7      1
    35      8      1
    35     49      1
    35     54      1
    36     32      1
    36     37      1
    36     58      1
    36     79      1
    37     36      1
    37     44      1
    38     15      1
    38     95      1
    39     30      1
    40      5      1
    40     42      1
    40     59      1
    40     70      1
    41     21      1
    41     51      1
    42     40      1
    43     26      1
    43     61      1
    44     37      1
    44     63      1
    44     88      1
    44    134      1
    45      8      1
    46     23      1
    46     56      1
    47     27      1
    47     80      1
    47    101      1
    48      8      1
    49     35      1
    49    130      1
    50      9      1
    50     60      1
    50    129      1
    51     41      1
    51     68      1
    51     74      1
    52     32      1
    52     89      1
    53      8      1
    54     35      1
    54     57      1
    54     82      1
    54    106      1
    55     26      1
    56     46      1
    56     98      1
    56    127      1
    57     54      1
    57     84      1
    58     36      1
    59     40      1
    60     50      1
    60    136      1
    61     43      1
    61     85      1
    61     96      1
    61    139      1
    62     28      1
    63     44      1
    63     87      1
    63    120      1
    64      9      1
    64     90      1
    64    109      1
    64    128      1
    64    141      1
    65     28      1
    65     75      1
    66     29      1
    67     22      1
    68     51      1
    68    115      1
    69      0      1
    70     40      1
    71     31      1
    72     21      1
    73     30      1
    74     51      1
    75     65      1
    75    102      1
    75    149      1
    76      8      1
    77     29      1
    78     29      1
    78    110      1
    79     36      1
    79     81      1
    79    108      1
    80     47      1
    81     79      1
    81    137      1
    82     54      1
    83      9      1
    84     57      1
    85     61      1
    85     99      1
    86     18      1
    87     63      1
    88     44      1
    88    107      1
    89     52      1
    89    105      1
    90     64      1
    90    104      1
    90    140      1
    91     24      1
    91    148      1
    92     10      1
    93      4      1
    94     29      1
    95     38      1
    96     61      1
    96    119      1
    97      0      1
    98     56      1
    99     85      1
   100      2      1
   101     47      1
   102     75      1
   103      3      1
   103    113      1
   104     90      1
   105     89      1
   105    112      1
   106     54      1
   106    116      1
   107     88      1
   108     79      1
   108    144      1
   109     64      1
   109    125      1
   110     78      1
   111     32      1
   112    105      1
   113    103      1
   114     27      1
   115     68      1
   115    138      1
   116    106      1
   117      6      1
   118     28      1
   119     96      1
   120     63      1
   120    143      1
   121     29      1
   121    126      1
   122     23      1
   122    123      1
   123    122      1
   124     15      1
   124    146      1
   125    109      1
   125    142      1
   126    121      1
   127     56      1
   128     64      1
   129     50      1
   130     49      1
   131      2      1
   132     19      1
   133      3      1
   134     44      1
   135     12      1
   136     60      1
   137     81      1
   138    115      1
   139     61      1
   140     90      1
   141     64      1
   142    125      1
   143    120      1
   144    108      1
   145     20      1
   146    124      1
   147     17      1
   148     91      1
   149     75      1
