COORD_X_Y 20
   1.9942   1.66791
 0.828546   2.71191
  2.19349   1.15471
 0.323852   2.53251
  1.64037  0.460067
  2.00584   2.19163
   2.4441   1.65309
 0.349324   2.42641
  2.05047  0.809355
 0.986644   0.28428
  2.35925   1.85378
  2.78619   2.14034
  0.10339  0.967694
  1.86909  0.802604
  1.39568   2.53234
  2.97004   1.08853
  2.05307  0.899521
 0.419144   1.21985
  2.62279  0.461489
  2.45994   2.83553
LINKS_SOURCE_DESTINATION_DISTANCE 38
     0      1      1
     0      2      1
     0      4      1
     0      5      1
     0     13      1
     1      0      1
     1      8      1
     1     14      1
     1     18      1
     2      0      1
     2      3      1
     2     19      1
     3      2      1
     3      7      1
     3      9      1
     4      0      1
     5      0      1
     5      6      1
     5     17      1
     6      5      1
     6     10      1
     7      3      1
     8      1      1
     8     16      1
     9      3      1
     9     11      1
    10      6      1
    10     15      1
    11      9      1
    11     12      1
    12     11      1
    13      0      1
    14      1      1
    15     10      1
    16      8      1
    17      5      1
    18      1      1
    19      2      1
