COORD_X_Y 70
  1.72611  0.120481
  2.87517   2.21523
  1.54719  0.361615
  1.71859    2.6631
 0.139957   2.21217
  2.85188   2.73246
  2.56825   2.59415
 0.679313   2.76691
  2.07429  0.399032
  1.10736   1.55818
  1.51006  0.494245
 0.544006   2.33091
  2.31386   1.45296
 0.987262  0.381701
  2.66381   2.47403
 0.862449   1.74855
 0.128338  0.886196
  0.76185  0.890247
  2.36418  0.500558
 0.541835   2.59215
  1.37455 0.0214342
  1.23054   0.91732
  1.37898   0.23748
  1.63229  0.178169
  2.13362   1.99633
 0.508747   2.16737
 0.271069   2.78112
  1.49939  0.668597
 0.418382  0.235748
0.0931661  0.543281
  1.54442   1.71358
 0.766792  0.937345
 0.956114  0.795873
  2.82025   2.33779
  1.63117  0.904225
  1.49217   2.00451
 0.262853   1.55948
 0.393325   1.82817
  0.88352   1.11446
 0.433494  0.550721
 0.985477   2.85447
  2.30984  0.897052
 0.311163 0.0715819
   0.3741   1.71389
 0.316348  0.992972
  2.37613  0.647416
  1.36288   2.90996
  2.81367  0.185986
  2.80728  0.604881
 0.232713   1.05813
 0.303211   1.34721
   2.2058   1.31426
  1.33447   2.23182
 0.128375   1.97024
  2.64111   1.28764
  2.34089   2.25393
 0.514079   2.26527
  1.36074   2.29067
  2.45311   2.34127
  2.69898   1.18105
  2.96277   2.74404
  1.29211    2.5824
  2.59449   1.38799
  1.34366   1.08353
  1.50073  0.604535
  1.67221   2.52543
  2.53308  0.784222
 0.522233  0.265511
  2.37815  0.576143
 0.723838   1.60347
LINKS_SOURCE_DESTINATION_DISTANCE 138
     0      1      1
     0      2      1
     0      3      1
     0      4      1
     0      5      1
     0     14      1
     0     42      1
     1      0      1
     1     10      1
     1     60      1
     2      0      1
     2      8      1
     2     20      1
     2     44      1
     3      0      1
     3     15      1
     3     36      1
     4      0      1
     4     35      1
     5      0      1
     5      6      1
     5      7      1
     5     52      1
     6      5      1
     6     11      1
     6     29      1
     6     32      1
     6     38      1
     7      5      1
     7      9      1
     7     50      1
     8      2      1
     8     19      1
     9      7      1
     9     18      1
     9     53      1
    10      1      1
    10     12      1
    10     21      1
    11      6      1
    11     13      1
    12     10      1
    12     27      1
    12     40      1
    13     11      1
    13     26      1
    14      0      1
    14     24      1
    15      3      1
    15     16      1
    15     22      1
    15     34      1
    16     15      1
    16     17      1
    16     30      1
    16     57      1
    17     16      1
    17     51      1
    18      9      1
    19      8      1
    20      2      1
    20     67      1
    21     10      1
    21     28      1
    22     15      1
    22     23      1
    22     25      1
    22     33      1
    23     22      1
    24     14      1
    25     22      1
    26     13      1
    26     61      1
    27     12      1
    28     21      1
    28     31      1
    28     47      1
    29      6      1
    30     16      1
    30     45      1
    30     48      1
    31     28      1
    31     37      1
    31     39      1
    31     59      1
    32      6      1
    33     22      1
    34     15      1
    35      4      1
    35     58      1
    36      3      1
    37     31      1
    37     41      1
    37     43      1
    37     49      1
    37     64      1
    38      6      1
    39     31      1
    40     12      1
    41     37      1
    41     55      1
    42      0      1
    42     46      1
    43     37      1
    44      2      1
    45     30      1
    45     63      1
    46     42      1
    47     28      1
    48     30      1
    49     37      1
    50      7      1
    51     17      1
    52      5      1
    52     56      1
    52     65      1
    53      9      1
    53     54      1
    53     62      1
    54     53      1
    55     41      1
    56     52      1
    57     16      1
    58     35      1
    59     31      1
    60      1      1
    61     26      1
    61     68      1
    62     53      1
    63     45      1
    63     69      1
    64     37      1
    65     52      1
    65     66      1
    66     65      1
    67     20      1
    68     61      1
    69     63      1
