COORD_X_Y 200
    1.793 0.00166633
0.0499165   2.92159
  2.29872    1.9863
0.0121622   2.67913
  1.21805   1.62951
  0.49277   1.35472
  2.79427   1.20556
  1.99294   1.10843
  2.13753   2.42261
 0.121229  0.598292
  1.99457   2.94584
  1.99678   1.62043
 0.399368  0.924683
   2.2666  0.668949
  2.87047   1.93502
 0.580087   1.64935
  1.15354   2.90507
 0.416168   2.69472
  2.08796   2.41746
 0.265532   2.29956
  1.28784  0.557038
  1.50365   1.61532
 0.100495   2.23754
  1.59378    2.3982
 0.958856   1.02209
 0.806632  0.785758
 0.357361   2.97932
  2.24111   1.28779
  1.50312    2.0834
0.0708177   2.38089
  1.24905    1.8519
  1.50532  0.590151
  2.55337    2.8392
  0.32904  0.254587
  2.82818  0.309294
  1.51279   2.59825
  1.44192 0.0226769
  2.38036   1.68405
    2.022   1.47225
  1.78604   2.99149
  1.67464   1.69941
  2.45565   1.69008
   2.1879  0.353116
 0.596457    2.7166
  2.63301  0.551109
 0.142841   1.64279
   1.7711  0.692151
  2.17744   2.89655
  2.51433  0.855748
  2.54995    2.2538
   1.5452   2.43854
  1.55828  0.180027
  2.89441   1.20466
  2.96629   0.20209
  1.96249  0.294532
  2.57788  0.991993
  0.78704   1.06219
  2.39357   1.07485
   2.9229   1.08041
 0.668532   2.67247
  1.99158  0.600197
  2.72458  0.695261
  2.69653   1.82699
  1.18087  0.366622
 0.666724   2.30491
   1.7448   1.99905
  2.89315   2.14889
  1.33991  0.124627
  2.69849  0.289355
  2.52711   1.11015
 0.974409  0.498049
  1.75612  0.123198
  2.29348  0.483134
 0.807863   2.70598
  1.56165  0.262696
  1.67623   1.23305
 0.112146  0.797797
  1.50702    1.8629
  2.84508   2.63671
  1.22562 0.0240418
 0.188017   1.55737
  2.98936   2.69689
 0.118223   1.45258
  1.34691  0.169169
 0.208036  0.098315
 0.874909   2.19648
  1.32216   1.32119
 0.593108   1.06687
 0.852404  0.777005
   0.8876   2.39279
 0.433489   1.80027
    1.531   2.23946
  1.93641   2.45409
  2.29898    2.5313
  2.48377  0.168914
  1.19772     2.858
  1.86003   1.89189
 0.108908   1.75345
  2.13004    1.3228
  1.52316   2.40007
  1.90003  0.270887
  2.50474  0.820157
  1.65468   2.06539
  1.22485   2.90252
   2.5584   2.83251
  2.07908    2.2097
 0.139679  0.870162
  2.09476   1.12241
 0.124399  0.193802
 0.195492   2.61764
0.00303008   2.70257
  2.60642  0.312765
   2.3995   1.83212
  0.73123    0.6877
  2.57433   2.53375
   2.8281   0.66387
  1.04947  0.581634
 0.871632 0.0951329
 0.882309   1.10255
  1.40279  0.653547
 0.560583  0.280867
 0.527497   1.16272
  0.52643   2.77091
  2.35264   1.30703
  1.29245  0.647069
  2.08794   1.03875
  1.53991   1.45897
 0.556602   1.74499
 0.598193     1.409
  2.99442   1.22751
   2.2682   2.87538
   2.4332   1.02295
0.0710633   1.88973
 0.412216   1.12925
  1.06977   2.89482
  1.70074  0.743556
  2.66566   2.42463
  1.72427  0.180934
  2.65056   2.61331
  1.23872  0.809412
  1.30627   1.46878
  2.62762    2.6706
  2.18625   2.32376
  1.20523   2.18593
  2.21987  0.530972
 0.262697   2.93661
  2.76822   2.99702
  1.18617   1.31672
 0.505577  0.210918
  1.38353   1.83059
  1.44694   2.45677
  2.22166   0.52306
  2.25325  0.385679
 0.765939   2.42921
  1.87221    2.5411
 0.232665  0.550823
  1.64332  0.871439
  1.64326   2.59663
  2.85637  0.742376
   1.6961   1.51957
  2.31947  0.465301
 0.227546   1.61957
  2.32074   2.15815
0.0184814   2.29165
  2.47071  0.688651
 0.865115   1.20418
 0.338678   1.79953
  2.21199   2.98413
 0.224355  0.616864
 0.343939   1.55166
  1.39709   2.21809
  2.41878   2.07738
 0.672826   2.00346
0.0513077  0.259432
 0.154189   1.42476
  2.37806   2.89763
  1.85832   1.05432
  1.75093   1.86694
  2.31579  0.563599
 0.594764  0.624052
 0.407004   2.80553
  2.83515    2.8483
  2.12392   2.35551
  2.68195   1.10441
 0.767646   2.74252
 0.764704  0.666599
  2.69448   1.81505
  1.87117   2.55684
  1.06662   0.73649
  2.42733  0.891102
  2.85785 0.0532449
 0.499764 0.0800582
  1.31637   1.78599
  1.43203   2.16157
  2.68278   1.41576
  1.41573   1.83213
  2.33497   1.38411
  1.15341   1.31356
 0.521833   1.55105
 0.524453   1.28901
LINKS_SOURCE_DESTINATION_DISTANCE 398
     0      1      1
     0      2      1
     0      5      1
     0      7      1
     0     14      1
     0     41      1
     0    110      1
     1      0      1
     1    104      1
     1    159      1
     2      0      1
     2      3      1
     2      6      1
     2     54      1
     2    137      1
     3      2      1
     3      4      1
     3     10      1
     3     28      1
     3     29      1
     3     70      1
     4      3      1
     4     25      1
     4     26      1
     4     32      1
     4     35      1
     5      0      1
     6      2      1
     6     13      1
     6     18      1
     6     23      1
     6     34      1
     6     37      1
     6     50      1
     6    161      1
     7      0      1
     7      8      1
     7     20      1
     7     21      1
     7     39      1
     7     91      1
     7    119      1
     8      7      1
     8      9      1
     8     43      1
     8     44      1
     9      8      1
     9     12      1
     9     55      1
    10      3      1
    10     11      1
    10     36      1
    10     68      1
    10     82      1
    11     10      1
    11     17      1
    11     60      1
    12      9      1
    12     16      1
    13      6      1
    13     64      1
    14      0      1
    14     15      1
    14    126      1
    14    169      1
    14    171      1
    15     14      1
    15     22      1
    15     30      1
    15     48      1
    15     63      1
    15     95      1
    16     12      1
    17     11      1
    17     19      1
    17     42      1
    17    107      1
    18      6      1
    18     24      1
    18    121      1
    18    136      1
    18    152      1
    19     17      1
    19     27      1
    19     49      1
    19    127      1
    19    178      1
    20      7      1
    21      7      1
    21     56      1
    22     15      1
    22     53      1
    22    130      1
    23      6      1
    23     31      1
    23     72      1
    23     81      1
    23     99      1
    24     18      1
    24     73      1
    24    122      1
    25      4      1
    25     45      1
    25     61      1
    26      4      1
    26     51      1
    26     89      1
    26     97      1
    26     98      1
    26    106      1
    27     19      1
    27    114      1
    27    134      1
    28      3      1
    28     66      1
    28     74      1
    28    185      1
    29      3      1
    29     33      1
    29    108      1
    30     15      1
    30     40      1
    31     23      1
    32      4      1
    32     46      1
    32     57      1
    33     29      1
    33     69      1
    34      6      1
    35      4      1
    36     10      1
    36     58      1
    36    103      1
    36    170      1
    37      6      1
    37     38      1
    37     67      1
    37     93      1
    38     37      1
    38     52      1
    38    125      1
    38    175      1
    39      7      1
    39     79      1
    40     30      1
    41      0      1
    41     47      1
    41    131      1
    42     17      1
    43      8      1
    44      8      1
    44     88      1
    44     94      1
    45     25      1
    46     32      1
    46     65      1
    46     92      1
    47     41      1
    47    194      1
    48     15      1
    48    138      1
    48    186      1
    49     19      1
    49    101      1
    50      6      1
    50    154      1
    51     26      1
    51    199      1
    52     38      1
    52     87      1
    52    105      1
    52    160      1
    53     22      1
    53     59      1
    53     62      1
    53    191      1
    54      2      1
    54    124      1
    54    129      1
    54    181      1
    55      9      1
    55     71      1
    55     76      1
    55     83      1
    55    115      1
    55    128      1
    55    162      1
    56     21      1
    56    196      1
    57     32      1
    57    158      1
    57    193      1
    58     36      1
    58     77      1
    58    155      1
    59     53      1
    60     11      1
    61     25      1
    61    117      1
    61    142      1
    62     53      1
    62    156      1
    63     15      1
    63    109      1
    63    190      1
    64     13      1
    64    176      1
    65     46      1
    65    153      1
    66     28      1
    66    123      1
    67     37      1
    68     10      1
    68     96      1
    68    111      1
    68    144      1
    68    198      1
    69     33      1
    69    116      1
    70      3      1
    71     55      1
    71     75      1
    71    140      1
    72     23      1
    72    100      1
    73     24      1
    74     28      1
    74    163      1
    75     71      1
    75     78      1
    75     84      1
    76     55      1
    76     86      1
    77     58      1
    77    157      1
    78     75      1
    78     80      1
    79     39      1
    79    132      1
    80     78      1
    80    145      1
    81     23      1
    81    168      1
    82     10      1
    82    113      1
    83     55      1
    83     85      1
    84     75      1
    85     83      1
    86     76      1
    86    139      1
    87     52      1
    87    112      1
    88     44      1
    89     26      1
    89     90      1
    90     89      1
    91      7      1
    92     46      1
    93     37      1
    94     44      1
    94    174      1
    95     15      1
    95    148      1
    95    164      1
    96     68      1
    96    102      1
    96    151      1
    97     26      1
    98     26      1
    99     23      1
   100     72      1
   101     49      1
   101    195      1
   102     96      1
   103     36      1
   103    135      1
   104      1      1
   104    118      1
   104    165      1
   105     52      1
   105    182      1
   106     26      1
   107     17      1
   108     29      1
   109     63      1
   109    141      1
   110      0      1
   111     68      1
   112     87      1
   112    133      1
   112    192      1
   113     82      1
   113    150      1
   114     27      1
   115     55      1
   116     69      1
   116    179      1
   117     61      1
   117    172      1
   118    104      1
   119      7      1
   119    120      1
   120    119      1
   121     18      1
   122     24      1
   123     66      1
   123    184      1
   124     54      1
   125     38      1
   126     14      1
   126    149      1
   127     19      1
   128     55      1
   129     54      1
   129    143      1
   130     22      1
   131     41      1
   132     79      1
   133    112      1
   133    177      1
   133    180      1
   134     27      1
   134    146      1
   135    103      1
   136     18      1
   137      2      1
   138     48      1
   139     86      1
   140     71      1
   141    109      1
   142     61      1
   142    147      1
   143    129      1
   144     68      1
   145     80      1
   145    166      1
   146    134      1
   147    142      1
   148     95      1
   149    126      1
   150    113      1
   151     96      1
   152     18      1
   153     65      1
   154     50      1
   155     58      1
   156     62      1
   156    188      1
   157     77      1
   158     57      1
   159      1      1
   159    173      1
   160     52      1
   160    187      1
   161      6      1
   161    167      1
   162     55      1
   163     74      1
   164     95      1
   165    104      1
   165    183      1
   166    145      1
   167    161      1
   168     81      1
   169     14      1
   170     36      1
   171     14      1
   171    197      1
   172    117      1
   173    159      1
   174     94      1
   174    189      1
   175     38      1
   176     64      1
   177    133      1
   178     19      1
   179    116      1
   180    133      1
   181     54      1
   182    105      1
   183    165      1
   184    123      1
   185     28      1
   186     48      1
   187    160      1
   188    156      1
   189    174      1
   190     63      1
   191     53      1
   192    112      1
   193     57      1
   194     47      1
   195    101      1
   196     56      1
   197    171      1
   198     68      1
   199     51      1
