COORD_X_Y 10
  1.84019    1.7831
  1.91165  0.335223
  1.27777    1.4774
  1.36478   1.95223
 0.635712    1.1416
   2.0163  0.137232
  2.15668   1.12979
  1.99892  0.512932
  0.61264  0.637552
  1.49358   1.29252
LINKS_SOURCE_DESTINATION_DISTANCE 18
     0      1      1
     0      3      1
     1      0      1
     1      2      1
     1      6      1
     2      1      1
     2      9      1
     3      0      1
     3      4      1
     4      3      1
     4      5      1
     4      8      1
     5      4      1
     6      1      1
     6      7      1
     7      6      1
     8      4      1
     9      2      1
