COORD_X_Y 30
 0.445079  0.400148
  1.46338 0.00947013
  2.96425   1.04759
 0.426904  0.067696
  1.65251  0.620058
  2.14824  0.507775
  2.67734   1.04947
 0.848912   1.19534
  1.02535   1.06459
 0.993774   2.11043
  1.25328  0.893318
  2.74877   1.12602
 0.840899  0.224164
 0.528705   1.18875
 0.965882  0.450117
  1.89512   1.10879
  1.24094   1.40921
  1.24743   1.19273
  2.67765   1.18089
  1.04707   1.82771
0.0529768    2.8771
  1.78381  0.787729
 0.304075   2.56448
 0.883299  0.119679
  2.84664   2.35895
  1.04853  0.594779
 0.637733   2.15261
  2.08257   1.57276
  1.03218   1.71723
  1.51571  0.565681
LINKS_SOURCE_DESTINATION_DISTANCE 58
     0      1      1
     0      3      1
     0      4      1
     1      0      1
     1      2      1
     1     15      1
     1     18      1
     1     21      1
     2      1      1
     2      5      1
     2      6      1
     3      0      1
     3      7      1
     4      0      1
     4      9      1
     4     10      1
     4     11      1
     4     14      1
     4     16      1
     5      2      1
     5      8      1
     6      2      1
     6     12      1
     7      3      1
     8      5      1
     8     28      1
     9      4      1
     9     13      1
    10      4      1
    11      4      1
    12      6      1
    13      9      1
    13     20      1
    13     24      1
    14      4      1
    15      1      1
    15     19      1
    15     23      1
    15     25      1
    15     26      1
    16      4      1
    16     17      1
    16     29      1
    17     16      1
    18      1      1
    18     27      1
    19     15      1
    20     13      1
    21      1      1
    21     22      1
    22     21      1
    23     15      1
    24     13      1
    25     15      1
    26     15      1
    27     18      1
    28      8      1
    29     16      1
