COORD_X_Y 300
  2.55013  0.397469
  1.05156   2.82272
  1.63315  0.812516
 0.587403   2.46137
  2.51799  0.905502
  2.93127   1.54727
  2.37106  0.545712
  2.42195  0.314758
  1.62737  0.821234
 0.722578   2.58013
   2.6052  0.464018
 0.876362  0.976569
 0.399756   0.33923
 0.765367   2.08952
 0.948931  0.947703
  1.16228   1.34296
  1.97469   1.46857
  1.80814   1.05299
  1.44135  0.605951
   2.4424  0.712064
  2.46459   1.17318
  1.93779  0.366389
 0.897932    2.2576
 0.576553  0.849858
  1.76475    1.2485
 0.367128  0.986238
   2.8185   2.12619
  2.17471   2.10305
  1.88955   2.86926
  2.53894   2.71406
  1.54974  0.497085
 0.572214  0.677533
  2.66537   2.90986
  2.22753  0.840976
 0.488284   2.30693
  2.80542  0.302294
  2.68622    1.5223
   1.4072   1.66203
  1.20802 0.0832335
  2.50606    1.1172
   1.6868  0.203931
 0.923146   1.96037
0.0120732   2.07442
  2.67729  0.512458
  1.54827   2.58867
  1.27112   2.91241
  1.40983  0.259371
  2.75641   2.08732
  2.40362   2.35755
  1.33616   1.73819
  2.58522   1.16573
  1.18933  0.626014
  2.71294   1.69308
  1.46539    2.4632
  2.60113  0.791111
0.0991414  0.800758
  1.16969  0.829522
  1.47623   2.85408
 0.380333   1.32395
 0.697993   1.30727
  1.16465  0.395004
  1.60583   1.50526
  1.58078   2.56451
  2.17481  0.182685
  1.52358   1.85034
  2.57992 0.0612431
  2.72424   1.52992
  2.33515  0.833168
 0.837539   1.12984
  1.08638   1.65034
  1.93148  0.347092
  2.58011   0.45078
  1.54198  0.103489
0.00555064 0.0821632
  1.54992  0.152016
  1.44928   2.38487
 0.213356   2.73019
 0.149811    1.9669
 0.595373   1.18757
  2.84377  0.279175
 0.939475   2.50766
   1.5474   1.67481
 0.201912   1.98239
  2.81201  0.938008
  2.88197  0.325105
0.0487238  0.113066
 0.606003  0.819583
 0.938989   0.83553
  1.48142   1.82349
  2.93302   1.12614
 0.325131  0.786121
  2.47579   2.16251
  2.39233  0.389534
  1.77962   1.08515
  2.80324    1.8354
0.00348772  0.620691
  1.01412  0.513729
  2.94248   1.08207
  2.74839   2.40476
  2.59232   2.58193
  1.05488  0.425697
  2.47407  0.220134
  2.41557 0.0195307
 0.726465   0.90397
0.0844019   1.68773
0.0575643    2.2945
    1.638   1.03014
  1.26652   2.21497
  2.58354   2.15591
  2.15151   1.33491
 0.431583  0.986137
 0.994659  0.898637
  2.30781   2.10595
  1.35617   1.17133
   2.0997   2.22449
  2.81353   1.68763
  1.08012   1.45467
   1.2196    1.7987
  2.14401  0.809228
  2.67495   2.21773
  2.29423   2.34812
  1.72412  0.644574
 0.720913   1.19005
  2.30852  0.931509
  2.72124   1.62027
  2.17575  0.592012
  2.20381  0.458439
 0.109104   1.86152
 0.999851 0.0537413
 0.729094  0.547803
 0.567379   2.98445
 0.615543  0.264541
  1.30214   1.27761
  2.30378   2.79766
  2.27086   1.38636
  2.93227  0.783304
  1.45752   2.65609
  1.53536   2.63662
 0.941753   0.97864
  2.53703   1.89407
  1.12799  0.317056
  2.04131   1.93937
  1.37081   1.69214
 0.573605  0.235195
  1.31249   1.21774
0.0951871  0.950587
  2.47543  0.594236
  1.17241   1.85162
  2.65999   1.73217
  2.28339   2.01347
  2.99727   1.95727
  1.18105     2.602
  1.08376   0.34138
 0.674094   1.21589
 0.221193  0.161977
 0.298431     2.694
  1.18228  0.659726
  1.09771   2.11987
   2.3788   2.66586
  2.26961 0.0533837
  2.08759   1.53231
  1.68673  0.911206
  2.55832   2.30153
0.0867822   2.81518
   2.4217  0.734726
   0.1481   1.61439
 0.931731 0.0867534
   1.5481   2.55471
   2.5349   1.39738
  2.83522  0.129554
  1.38177    2.2503
  2.42661   2.73761
  2.54038  0.367718
 0.326927   1.21538
  1.26236      2.46
 0.442274  0.446164
 0.101729   2.19881
  1.15213  0.330497
  2.75944   1.00245
  1.64627 0.0343515
  2.21239  0.875134
  1.38418   0.79798
  1.39266   2.45701
  2.27269    1.8121
 0.746721   1.31137
 0.339271   2.43275
  2.22266   1.28476
  2.17526   1.05558
 0.721178  0.926971
 0.021235   2.75191
  1.98293   2.24882
 0.112099   2.63003
  2.07184   2.75767
  2.58326  0.509818
  2.62561  0.674849
  2.11368  0.188519
  1.66115  0.940223
  2.84044   2.09628
 0.901051 0.0789835
  2.40602   1.87197
  2.65041   1.88896
 0.820057  0.039586
  2.19336   2.24654
  1.44487    1.1419
  2.55055  0.788402
  2.77425   1.21436
  2.22977   2.68846
  2.00236   2.11365
 0.190063   1.88643
  1.40139  0.455792
 0.640453   2.90178
 0.137394  0.191338
  1.12581   2.07893
  1.86442   1.57537
 0.586639   2.72998
  1.82425   2.24176
  2.84624   2.02443
  2.05421   2.84237
  2.18256  0.779983
  1.78784 0.00789615
  2.95106   1.81371
  2.38013  0.909671
 0.652905  0.555761
  1.48328   2.49147
 0.925712   1.57715
  2.99613  0.674583
  1.16367   2.49864
  2.42589   2.86515
  1.59336   2.19243
  1.06794   1.94026
 0.741755     2.198
  1.29354  0.554558
 0.205367   2.19917
  0.55122   2.38018
  1.32832  0.666394
  1.38535  0.131155
  2.21041    2.9522
 0.425686  0.999192
 0.388471  0.392478
 0.886659   2.90126
0.0787394   1.29352
  1.97418   1.34485
  1.55251    2.0567
  2.54279  0.916564
  2.51144   2.03154
  1.76122   2.10457
  2.22793  0.831697
  0.44408   1.20661
  1.83338   2.15278
  1.17382   1.11005
  0.50887  0.664188
   2.3546   1.80485
 0.449517   1.80317
  1.86713  0.360425
  1.40478   1.20963
 0.925074   0.37168
  1.91637  0.566004
  1.02209  0.816531
 0.842799   2.58261
  2.06147 0.0634448
  2.22386  0.721724
  1.77435  0.186034
  2.27427   2.02799
  2.81191    2.9578
  1.92413   1.81848
  1.19985  0.477172
  1.11573   2.24005
 0.447252    2.6882
 0.170112   1.76209
  0.49207  0.123592
   1.3438   1.96569
  1.55125     2.884
 0.447283    1.4216
  1.33749   1.68979
  1.95855   1.63044
  1.23334 0.0769168
  1.72855  0.347913
  2.78714   1.98696
  2.62309  0.286645
 0.876133   2.64972
  2.87312  0.970551
  1.97009  0.663845
  2.59018   0.33445
  1.61291  0.226968
  2.25038   1.56209
0.0463855  0.168452
   1.5017   2.84381
  1.62574   2.70125
 0.564857   1.70948
  1.33214   0.46359
   2.6676   2.74584
 0.209407   2.62199
  2.54769  0.497302
  2.73313  0.263544
 0.120853   2.61267
  1.60089   2.24545
  1.98573    2.7007
 0.328252   1.24019
  2.96233  0.276374
  1.95883   2.63152
LINKS_SOURCE_DESTINATION_DISTANCE 598
     0      1      1
     0      2      1
     0      3      1
     1      0      1
     1      7      1
     1    162      1
     2      0      1
     2      4      1
     2     18      1
     2    260      1
     3      0      1
     3      5      1
     3     12      1
     3     49      1
     3     54      1
     3     74      1
     3     85      1
     3    277      1
     4      2      1
     4      6      1
     4      8      1
     4     30      1
     4     36      1
     4    191      1
     5      3      1
     5     13      1
     5     23      1
     5     27      1
     5     50      1
     5    132      1
     6      4      1
     6     11      1
     6    123      1
     6    127      1
     6    289      1
     7      1      1
     7      9      1
     7     10      1
     7     14      1
     7     16      1
     7     45      1
     7    141      1
     8      4      1
     8    173      1
     8    177      1
     9      7      1
     9     25      1
     9     93      1
     9    219      1
     9    287      1
    10      7      1
    11      6      1
    11     17      1
    11     58      1
    11    130      1
    11    171      1
    11    253      1
    12      3      1
    12     22      1
    12     86      1
    12    178      1
    13      5      1
    13     51      1
    13    167      1
    13    190      1
    13    267      1
    14      7      1
    14     15      1
    14    159      1
    15     14      1
    15     34      1
    15     57      1
    16      7      1
    16     31      1
    16     41      1
    16     60      1
    16     76      1
    16     91      1
    17     11      1
    17     19      1
    17     20      1
    17     24      1
    17     35      1
    18      2      1
    18     47      1
    18    291      1
    19     17      1
    19     21      1
    19     42      1
    19     89      1
    19     97      1
    19    103      1
    20     17      1
    20     69      1
    20     72      1
    21     19      1
    21     37      1
    21     38      1
    21    110      1
    22     12      1
    22     26      1
    22     39      1
    22     67      1
    22    108      1
    22    270      1
    23      5      1
    24     17      1
    24     28      1
    24     32      1
    24     43      1
    25      9      1
    25     29      1
    26     22      1
    26     33      1
    26    188      1
    27      5      1
    27     63      1
    27    120      1
    27    166      1
    28     24      1
    28     64      1
    28     77      1
    28    109      1
    28    111      1
    28    142      1
    29     25      1
    29    201      1
    29    227      1
    30      4      1
    30     40      1
    31     16      1
    31     53      1
    31    286      1
    32     24      1
    32     44      1
    32     52      1
    32     61      1
    32    114      1
    33     26      1
    33    140      1
    33    268      1
    34     15      1
    34    133      1
    35     17      1
    35    211      1
    35    223      1
    36      4      1
    36     99      1
    36    150      1
    37     21      1
    38     21      1
    38     56      1
    39     22      1
    39    119      1
    39    154      1
    40     30      1
    40     55      1
    40     66      1
    40    101      1
    40    183      1
    41     16      1
    41    199      1
    42     19      1
    42     46      1
    43     24      1
    43     48      1
    43     68      1
    43    118      1
    43    243      1
    43    271      1
    43    273      1
    44     32      1
    44    255      1
    45      7      1
    45     82      1
    46     42      1
    46     98      1
    46    113      1
    46    160      1
    47     18      1
    47     59      1
    47    180      1
    48     43      1
    48    115      1
    48    203      1
    48    261      1
    49      3      1
    49     65      1
    49    187      1
    50      5      1
    50    105      1
    50    126      1
    51     13      1
    51    121      1
    52     32      1
    52     71      1
    52    116      1
    52    239      1
    53     31      1
    54      3      1
    54    248      1
    55     40      1
    55    163      1
    56     38      1
    56    231      1
    57     15      1
    57     87      1
    57     94      1
    57    148      1
    58     11      1
    59     47      1
    59     62      1
    59    233      1
    60     16      1
    60     70      1
    60    104      1
    60    146      1
    61     32      1
    61     80      1
    62     59      1
    62    161      1
    63     27      1
    63    138      1
    63    222      1
    64     28      1
    64     92      1
    64    229      1
    65     49      1
    65     78      1
    66     40      1
    66     90      1
    67     22      1
    67     83      1
    68     43      1
    69     20      1
    69     73      1
    69    117      1
    70     60      1
    70    186      1
    71     52      1
    71     75      1
    71     79      1
    72     20      1
    73     69      1
    73    238      1
    74      3      1
    74     84      1
    75     71      1
    75    152      1
    76     16      1
    76    179      1
    76    242      1
    76    258      1
    77     28      1
    78     65      1
    78    205      1
    79     71      1
    79    172      1
    79    214      1
    79    274      1
    80     61      1
    80     81      1
    80    125      1
    80    147      1
    81     80      1
    81    283      1
    82     45      1
    82     95      1
    82    112      1
    82    204      1
    83     67      1
    84     74      1
    84     96      1
    84    100      1
    84    107      1
    84    189      1
    85      3      1
    85     88      1
    85    225      1
    86     12      1
    86    250      1
    87     57      1
    87    297      1
    88     85      1
    88    185      1
    89     19      1
    89    106      1
    89    134      1
    90     66      1
    91     16      1
    92     64      1
    92    131      1
    93      9      1
    93    102      1
    93    165      1
    93    202      1
    93    210      1
    93    295      1
    94     57      1
    94    209      1
    95     82      1
    96     84      1
    96    139      1
    96    184      1
    97     19      1
    97    128      1
    98     46      1
    98    218      1
    99     36      1
    99    181      1
    99    197      1
   100     84      1
   101     40      1
   101    194      1
   102     93      1
   103     19      1
   103    124      1
   103    135      1
   103    251      1
   104     60      1
   104    246      1
   105     50      1
   105    122      1
   106     89      1
   106    145      1
   106    285      1
   107     84      1
   107    129      1
   108     22      1
   108    230      1
   108    235      1
   109     28      1
   109    176      1
   109    245      1
   109    247      1
   110     21      1
   110    156      1
   110    265      1
   111     28      1
   111    280      1
   112     82      1
   112    164      1
   112    221      1
   113     46      1
   113    244      1
   114     32      1
   114    144      1
   115     48      1
   116     52      1
   116    137      1
   116    151      1
   117     69      1
   117    169      1
   117    175      1
   118     43      1
   119     39      1
   119    208      1
   119    217      1
   120     27      1
   120    182      1
   120    240      1
   120    290      1
   121     51      1
   121    149      1
   121    153      1
   122    105      1
   123      6      1
   124    103      1
   124    136      1
   124    155      1
   124    157      1
   124    288      1
   125     80      1
   125    168      1
   126     50      1
   126    224      1
   127      6      1
   127    276      1
   128     97      1
   129    107      1
   130     11      1
   131     92      1
   132      5      1
   132    198      1
   133     34      1
   134     89      1
   134    213      1
   135    103      1
   135    195      1
   136    124      1
   137    116      1
   138     63      1
   139     96      1
   139    228      1
   140     33      1
   140    143      1
   141      7      1
   141    252      1
   142     28      1
   143    140      1
   143    158      1
   143    234      1
   144    114      1
   145    106      1
   145    200      1
   146     60      1
   147     80      1
   148     57      1
   149    121      1
   150     36      1
   150    174      1
   150    259      1
   151    116      1
   151    196      1
   151    226      1
   152     75      1
   153    121      1
   154     39      1
   154    192      1
   155    124      1
   156    110      1
   156    170      1
   157    124      1
   158    143      1
   159     14      1
   160     46      1
   161     62      1
   162      1      1
   163     55      1
   163    206      1
   164    112      1
   164    256      1
   164    298      1
   165     93      1
   166     27      1
   166    296      1
   167     13      1
   168    125      1
   169    117      1
   170    156      1
   170    237      1
   171     11      1
   171    241      1
   172     79      1
   173      8      1
   173    299      1
   174    150      1
   175    117      1
   176    109      1
   177      8      1
   177    262      1
   178     12      1
   179     76      1
   180     47      1
   180    216      1
   181     99      1
   182    120      1
   183     40      1
   184     96      1
   184    279      1
   185     88      1
   186     70      1
   187     49      1
   188     26      1
   189     84      1
   190     13      1
   190    193      1
   190    236      1
   191      4      1
   191    263      1
   192    154      1
   192    207      1
   192    212      1
   193    190      1
   193    215      1
   194    101      1
   195    135      1
   196    151      1
   197     99      1
   197    232      1
   198    132      1
   199     41      1
   200    145      1
   201     29      1
   202     93      1
   203     48      1
   204     82      1
   205     78      1
   206    163      1
   207    192      1
   208    119      1
   209     94      1
   210     93      1
   211     35      1
   212    192      1
   213    134      1
   214     79      1
   214    254      1
   215    193      1
   215    220      1
   216    180      1
   217    119      1
   218     98      1
   219      9      1
   220    215      1
   220    266      1
   221    112      1
   222     63      1
   223     35      1
   223    257      1
   224    126      1
   225     85      1
   226    151      1
   226    249      1
   227     29      1
   228    139      1
   228    275      1
   229     64      1
   230    108      1
   231     56      1
   232    197      1
   233     59      1
   234    143      1
   235    108      1
   235    284      1
   236    190      1
   237    170      1
   238     73      1
   239     52      1
   240    120      1
   241    171      1
   241    294      1
   242     76      1
   243     43      1
   244    113      1
   245    109      1
   246    104      1
   247    109      1
   247    278      1
   248     54      1
   249    226      1
   250     86      1
   251    103      1
   252    141      1
   253     11      1
   254    214      1
   255     44      1
   255    282      1
   256    164      1
   257    223      1
   258     76      1
   258    264      1
   258    281      1
   259    150      1
   260      2      1
   261     48      1
   262    177      1
   263    191      1
   263    292      1
   264    258      1
   264    272      1
   265    110      1
   266    220      1
   267     13      1
   267    269      1
   268     33      1
   269    267      1
   270     22      1
   271     43      1
   272    264      1
   272    293      1
   273     43      1
   274     79      1
   275    228      1
   276    127      1
   277      3      1
   278    247      1
   279    184      1
   280    111      1
   281    258      1
   282    255      1
   283     81      1
   284    235      1
   285    106      1
   286     31      1
   287      9      1
   288    124      1
   289      6      1
   290    120      1
   291     18      1
   292    263      1
   293    272      1
   294    241      1
   295     93      1
   296    166      1
   297     87      1
   298    164      1
   299    173      1
