COORD_X_Y 90
  2.63097   1.20819
  2.08082   1.30657
  1.62782   2.56345
   1.9429  0.546674
  1.63573   2.60701
  1.12023   1.57633
  0.39294  0.365665
  1.72224   1.05739
 0.622613  0.733931
 0.104284  0.205428
  1.00577   1.45992
 0.235267   1.12552
   1.9865  0.811252
  1.57551   2.71902
  2.54159   1.95877
  1.77023  0.617041
  2.28174 0.0962732
 0.391473   1.11812
  1.07058    2.3459
  2.58464  0.176848
  2.20395   2.67787
  2.37569    2.7479
  1.48158  0.181111
 0.722835   2.64465
  1.14912    2.3906
0.0426219   1.93784
  1.08676   1.41905
  1.75516   2.24254
    0.584  0.738561
 0.317296   2.87697
 0.193138   1.05068
 0.856227   2.92055
  1.43625   1.54595
 0.819859   2.59207
  0.76752  0.578014
  1.60703   1.48179
  1.74096   2.15071
 0.706811  0.857126
  2.08575   1.81592
  2.60313   1.94733
  2.04761  0.518249
 0.977054   2.77409
 0.121449   2.26725
  1.17265    2.9195
  0.96939   2.97186
  1.09789   1.57615
  2.73679   2.12562
  1.12854  0.379303
 0.566219   1.04361
  2.00788   1.28785
   1.1698  0.857799
  1.30414   2.25606
 0.847512   2.94973
0.0569002   0.12904
  1.91795   2.13361
   1.3276   2.22264
  2.41047  0.437097
  2.08395  0.547669
 0.280047  0.596196
 0.182769   2.85772
  1.08017  0.975681
 0.333339  0.930757
  2.35938  0.297784
 0.577288   2.58081
 0.786671    1.4061
  1.74285   2.12437
  2.35924   2.60708
  2.57281   2.57229
 0.272264   2.79005
  1.65269    2.8569
 0.785173   1.69905
 0.675101  0.350219
  1.29776   1.33239
  2.71009    1.0635
 0.177323   1.61134
   2.1354   2.40312
  2.73161  0.013262
  2.91396   2.39637
  2.02484    1.0616
 0.375279   0.16171
  2.16814   1.71365
  2.95086  0.947568
  1.44774  0.878321
 0.742548    1.9908
 0.474598   2.85845
  2.87422 0.0876981
  1.35024   1.59899
  1.56111   2.39856
   2.2548   2.60749
  1.88937   2.33385
LINKS_SOURCE_DESTINATION_DISTANCE 178
     0      1      1
     0      2      1
     0      3      1
     0      7      1
     1      0      1
     1      4      1
     1     17      1
     2      0      1
     2     19      1
     3      0      1
     3     23      1
     3     63      1
     3     78      1
     4      1      1
     4      5      1
     4      6      1
     4      9      1
     4     13      1
     4     14      1
     4     24      1
     4     25      1
     4     33      1
     4     61      1
     4     74      1
     5      4      1
     5     16      1
     5     47      1
     5     58      1
     6      4      1
     6      8      1
     6     15      1
     6     18      1
     6     36      1
     6     53      1
     7      0      1
     7     46      1
     8      6      1
     8     10      1
     8     11      1
     8     12      1
     8     89      1
     9      4      1
     9     28      1
     9     43      1
     9     45      1
    10      8      1
    10     20      1
    10     29      1
    10     70      1
    11      8      1
    11     49      1
    11     72      1
    12      8      1
    12     66      1
    13      4      1
    14      4      1
    14     21      1
    14     30      1
    15      6      1
    15     26      1
    16      5      1
    17      1      1
    17     22      1
    17     67      1
    18      6      1
    18     27      1
    18     41      1
    18     60      1
    19      2      1
    19     73      1
    20     10      1
    20     37      1
    20     81      1
    20     85      1
    21     14      1
    21     57      1
    22     17      1
    23      3      1
    24      4      1
    24     31      1
    25      4      1
    25     75      1
    26     15      1
    27     18      1
    27     79      1
    28      9      1
    28     34      1
    28     38      1
    28     42      1
    28     56      1
    29     10      1
    29     32      1
    30     14      1
    30     82      1
    31     24      1
    32     29      1
    33      4      1
    33     50      1
    33     86      1
    34     28      1
    34     35      1
    35     34      1
    35     65      1
    35     80      1
    36      6      1
    36     51      1
    37     20      1
    37     71      1
    38     28      1
    38     39      1
    38     44      1
    38     48      1
    38     55      1
    39     38      1
    39     40      1
    40     39      1
    40     52      1
    41     18      1
    42     28      1
    43      9      1
    43     54      1
    43     62      1
    44     38      1
    45      9      1
    45     69      1
    46      7      1
    46     64      1
    47      5      1
    47     68      1
    48     38      1
    49     11      1
    49     83      1
    50     33      1
    51     36      1
    52     40      1
    53      6      1
    54     43      1
    55     38      1
    56     28      1
    57     21      1
    57     59      1
    58      5      1
    59     57      1
    59     77      1
    60     18      1
    61      4      1
    62     43      1
    63      3      1
    64     46      1
    65     35      1
    65     84      1
    66     12      1
    67     17      1
    68     47      1
    68     76      1
    69     45      1
    70     10      1
    71     37      1
    72     11      1
    73     19      1
    74      4      1
    75     25      1
    76     68      1
    77     59      1
    78      3      1
    79     27      1
    80     35      1
    80     87      1
    81     20      1
    82     30      1
    83     49      1
    84     65      1
    84     88      1
    85     20      1
    86     33      1
    87     80      1
    88     84      1
    89      8      1
