COORD_X_Y 70
  1.09709  0.971767
  0.66157   0.65529
 0.647122  0.485715
  1.99557  0.770962
 0.711681   1.52043
 0.307378   2.23543
  2.59213  0.149672
  2.12899   0.55008
 0.763158  0.954227
 0.946074 0.0724128
0.00970153    0.3926
 0.137618   1.78707
 0.647691   1.42237
  2.40703   1.01872
  1.42402   2.77816
  2.18465  0.779096
 0.850084   1.37254
 0.342841  0.389354
  1.00308  0.357815
  2.94552      2.99
 0.452389  0.548276
  2.07018  0.858586
  2.73538 0.0472169
 0.964979   1.86785
  1.55964   0.61122
  1.68534   2.25502
  1.78253   2.82912
  2.75772   1.32125
  1.23149   1.06953
  1.43652   0.79587
  1.56486 0.0919329
   0.6694    2.3449
 0.200169   1.13152
   1.9567   1.57394
  2.99937   1.46727
  1.22218  0.967208
  2.65805   2.75535
 0.964859   2.26646
  1.39431 0.0595592
  2.31818   2.29274
  2.36058   2.40386
   1.8108 0.0565048
 0.380856   1.56727
  2.31229   2.05672
 0.571214    2.0649
  2.36329 0.0657937
  2.68976    1.8213
 0.529814   2.52628
   2.5383  0.207677
  2.90793   1.15927
  1.78796  0.891826
  1.26101  0.070584
 0.760616    1.3683
 0.466848    1.8815
 0.559442  0.164539
 0.816847   1.97965
  0.62095  0.704252
 0.451513  0.817664
  1.59006   2.33972
 0.658036  0.683285
  2.54578   2.54256
 0.485671   1.16924
 0.126861   2.13437
  1.02459   1.29886
 0.301354   1.17442
 0.866632   2.99234
  2.70157   0.30775
  2.74235   2.77826
  2.04262  0.300766
  1.74488    1.5734
LINKS_SOURCE_DESTINATION_DISTANCE 138
     0      1      1
     0      6      1
     0     13      1
     1      0      1
     1      2      1
     1      3      1
     1      7      1
     1      9      1
     1     16      1
     1     18      1
     1     56      1
     2      1      1
     2      4      1
     2     42      1
     3      1      1
     3      5      1
     3      8      1
     3     10      1
     3     11      1
     3     47      1
     3     68      1
     4      2      1
     4     24      1
     5      3      1
     5     15      1
     5     25      1
     5     36      1
     5     37      1
     5     45      1
     6      0      1
     6     26      1
     7      1      1
     7     14      1
     7     21      1
     7     63      1
     8      3      1
     8     12      1
     9      1      1
     9     54      1
    10      3      1
    10     17      1
    11      3      1
    11     19      1
    11     27      1
    12      8      1
    13      0      1
    13     32      1
    14      7      1
    14     35      1
    14     50      1
    15      5      1
    15     20      1
    15     30      1
    15     40      1
    15     43      1
    16      1      1
    16     22      1
    16     58      1
    17     10      1
    18      1      1
    18     29      1
    18     33      1
    19     11      1
    19     31      1
    19     52      1
    19     67      1
    20     15      1
    20     23      1
    20     34      1
    20     64      1
    21      7      1
    21     38      1
    22     16      1
    22     28      1
    22     49      1
    23     20      1
    24      4      1
    25      5      1
    26      6      1
    26     41      1
    26     59      1
    27     11      1
    28     22      1
    28     57      1
    29     18      1
    29     39      1
    30     15      1
    30     53      1
    31     19      1
    31     55      1
    32     13      1
    33     18      1
    34     20      1
    35     14      1
    36      5      1
    37      5      1
    37     48      1
    38     21      1
    38     65      1
    39     29      1
    40     15      1
    40     44      1
    41     26      1
    42      2      1
    42     46      1
    42     62      1
    43     15      1
    44     40      1
    45      5      1
    46     42      1
    46     51      1
    47      3      1
    48     37      1
    49     22      1
    50     14      1
    51     46      1
    52     19      1
    53     30      1
    53     61      1
    54      9      1
    54     60      1
    55     31      1
    55     66      1
    56      1      1
    56     69      1
    57     28      1
    58     16      1
    59     26      1
    60     54      1
    61     53      1
    62     42      1
    63      7      1
    64     20      1
    65     38      1
    66     55      1
    67     19      1
    68      3      1
    69     56      1
