COORD_X_Y 70
  1.20445   1.35516
  2.38387   1.00511
  2.01385   2.84596
  2.37071   0.95137
   1.7664   1.50627
  2.56247    2.9607
  1.44618   1.65924
  2.67258  0.780693
  2.47916   2.48444
  2.20895   2.61388
  2.60496   1.70847
 0.554405   2.77725
  2.12727  0.574689
  2.09704  0.307094
 0.465142  0.395375
 0.478244   2.01475
  1.31192  0.820436
  1.98874   2.74366
  1.89415  0.569377
  1.11198   1.76936
  1.63014   2.92899
  2.87944    2.2704
 0.202413    1.4823
  1.84184  0.638064
  1.99624  0.674626
  1.89282   1.57869
  2.87043   2.23552
  0.49469   2.22166
  1.34894   2.85202
 0.386731   2.57295
  2.78819    2.2698
 0.552296   0.78379
  2.36636  0.533517
  2.87671   1.04615
  1.26027   1.72954
  1.28656   2.87979
 0.101847   1.86387
  1.85423   2.07772
 0.492068   1.27244
  1.25539  0.592899
 0.514648   1.88093
  2.23862  0.138486
 0.208752  0.253847
  1.81923   2.13081
  2.86545   2.40965
 0.431496   1.36209
 0.834894   2.96793
  1.69076   2.71203
  1.68724  0.596765
  1.52004   1.42475
  1.60328    2.2241
 0.812237   1.34357
  2.34959   2.39736
   1.2406   2.70465
  2.39399   1.16577
   1.2334  0.290159
  1.47076  0.846504
  1.62217    1.7196
  1.94985   2.64795
 0.298612   1.43978
 0.744751   1.42928
  1.59659   2.06084
  2.80651   1.07533
  2.10441  0.960549
  1.25241   1.56598
  1.07831   1.10004
  1.22927  0.790245
 0.739513   1.17609
  1.06716   1.46961
   1.7393   1.65434
LINKS_SOURCE_DESTINATION_DISTANCE 138
     0      1      1
     0     18      1
     0     35      1
     1      0      1
     1      2      1
     1      4      1
     1      9      1
     1     27      1
     2      1      1
     2      3      1
     3      2      1
     3      8      1
     3     16      1
     3     23      1
     3     50      1
     4      1      1
     4      5      1
     4      7      1
     4     15      1
     4     32      1
     4     45      1
     5      4      1
     5      6      1
     5     13      1
     5     14      1
     5     22      1
     6      5      1
     6     11      1
     6     39      1
     7      4      1
     8      3      1
     8     10      1
     8     59      1
     8     64      1
     9      1      1
     9     40      1
    10      8      1
    11      6      1
    11     12      1
    11     37      1
    12     11      1
    13      5      1
    13     17      1
    13     47      1
    14      5      1
    14     24      1
    14     63      1
    14     68      1
    15      4      1
    15     21      1
    15     34      1
    16      3      1
    16     20      1
    16     31      1
    16     62      1
    17     13      1
    17     26      1
    17     33      1
    17     36      1
    18      0      1
    18     19      1
    19     18      1
    19     25      1
    20     16      1
    20     67      1
    21     15      1
    21     29      1
    21     49      1
    22      5      1
    23      3      1
    23     30      1
    24     14      1
    24     42      1
    25     19      1
    26     17      1
    26     28      1
    27      1      1
    27     57      1
    27     58      1
    27     60      1
    28     26      1
    29     21      1
    29     53      1
    30     23      1
    30     51      1
    31     16      1
    32      4      1
    32     38      1
    32     65      1
    33     17      1
    33     41      1
    34     15      1
    35      0      1
    36     17      1
    37     11      1
    37     46      1
    38     32      1
    38     56      1
    39      6      1
    40      9      1
    40     52      1
    41     33      1
    42     24      1
    42     43      1
    42     44      1
    42     48      1
    43     42      1
    43     54      1
    44     42      1
    45      4      1
    46     37      1
    47     13      1
    48     42      1
    49     21      1
    50      3      1
    51     30      1
    52     40      1
    53     29      1
    53     55      1
    54     43      1
    55     53      1
    56     38      1
    57     27      1
    58     27      1
    58     66      1
    59      8      1
    60     27      1
    60     61      1
    61     60      1
    61     69      1
    62     16      1
    63     14      1
    64      8      1
    65     32      1
    66     58      1
    67     20      1
    68     14      1
    69     61      1
