COORD_X_Y 50
   1.3366  0.564899
  2.97389  0.178073
   2.6056  0.117041
0.0383841   1.12774
0.0504474  0.544183
   2.4124  0.738743
  1.52019   1.49384
 0.867921  0.244092
  2.30841  0.414721
  1.63509  0.524556
  2.22991    1.0014
  1.55867    2.4415
0.0549977    2.4972
  1.86445   2.58994
  2.66865  0.923186
   2.0241  0.741091
 0.976269    1.6148
  2.74861   2.85204
 0.780954    0.2468
  2.98258   2.94874
  1.67398   1.50497
 0.681875   2.92306
  2.17868    2.8871
  2.01352  0.535291
    1.784   1.60114
  1.28945   2.51112
 0.306621   2.41003
 0.446215   1.32677
 0.804702   1.65861
  1.92665  0.837104
  1.42791  0.308117
  2.35239   1.43122
   1.9935     1.669
  2.48554   2.35335
 0.938041   1.08136
 0.122143   2.50445
 0.239871  0.413422
 0.744726   0.27185
  1.97473   1.61406
  2.42337  0.463518
0.0776398   2.69982
 0.312645   2.35535
  1.81655   2.63494
  1.84484   2.86554
  2.30245  0.251231
 0.529486   2.21981
 0.103048   1.83134
 0.879153    2.9433
 0.427377   2.51998
   2.6963  0.990709
LINKS_SOURCE_DESTINATION_DISTANCE 98
     0      1      1
     0      2      1
     0      3      1
     0     24      1
     0     27      1
     0     37      1
     1      0      1
     1     14      1
     1     44      1
     1     46      1
     2      0      1
     2      4      1
     2     13      1
     2     16      1
     2     20      1
     2     21      1
     3      0      1
     3     23      1
     4      2      1
     4      5      1
     4      6      1
     4      9      1
     4     12      1
     4     18      1
     4     31      1
     5      4      1
     5      7      1
     5     10      1
     5     17      1
     5     19      1
     5     42      1
     6      4      1
     6      8      1
     6     30      1
     7      5      1
     8      6      1
     8     22      1
     9      4      1
    10      5      1
    10     11      1
    11     10      1
    12      4      1
    12     15      1
    12     32      1
    12     35      1
    13      2      1
    14      1      1
    14     25      1
    14     28      1
    15     12      1
    16      2      1
    16     39      1
    16     48      1
    17      5      1
    18      4      1
    19      5      1
    19     33      1
    20      2      1
    21      2      1
    22      8      1
    22     26      1
    23      3      1
    24      0      1
    25     14      1
    25     34      1
    26     22      1
    27      0      1
    27     29      1
    28     14      1
    28     43      1
    29     27      1
    29     41      1
    30      6      1
    31      4      1
    31     36      1
    31     49      1
    32     12      1
    33     19      1
    33     40      1
    33     47      1
    34     25      1
    35     12      1
    35     38      1
    36     31      1
    37      0      1
    38     35      1
    39     16      1
    40     33      1
    41     29      1
    41     45      1
    42      5      1
    43     28      1
    44      1      1
    45     41      1
    46      1      1
    47     33      1
    48     16      1
    49     31      1
