COORD_X_Y 200
  2.65973  0.569347
  2.06547  0.500887
  0.34229   2.98417
   2.1318   2.27788
 0.758017  0.895492
  1.17175   2.72404
 0.573885  0.798386
   2.7876   1.37112
  2.68802   1.38615
 0.834107 0.0129909
  2.12801  0.762227
  2.83402   1.47907
  1.00006  0.998804
  2.31205  0.811996
  1.40627   2.74253
  1.09024    2.6412
0.0541129   1.53176
  2.91438   2.06462
  1.54191   2.30221
  2.86695  0.967979
 0.155836   1.03882
 0.689625   2.35382
 0.461203  0.289765
     1.21   2.32971
 0.958317  0.152332
 0.406215   2.91509
 0.043793   2.32407
  1.99858   2.77776
  1.25883    0.6223
   1.6674 0.0443463
  1.07247   0.68005
 0.265079  0.546576
  1.87122   1.09609
  1.91586   1.22557
 0.228493  0.870397
  0.84168  0.381491
  1.46474 0.0489608
  2.97991   2.26075
  2.42742   1.33484
  2.95056  0.915893
 0.580321 0.0992192
0.0231767  0.455828
  2.87442  0.478744
 0.974382   2.81661
  2.86403   2.57127
  1.95888   2.89631
  2.77282   1.07879
  2.11256  0.545155
  1.00667   2.18905
  1.96916   2.28152
 0.971108  0.559683
   2.6205  0.384612
 0.241862   1.32846
 0.787894   1.58703
  2.45591   1.28408
  2.66051   0.26134
 0.473613  0.697032
  2.09528  0.286356
  2.73881   2.01188
  2.22233   2.84384
  1.35236   1.66493
  2.39706  0.700969
  0.91779  0.421436
  1.81429  0.245484
  1.13317   2.73068
  2.92107   2.29483
  1.86307   2.01919
   1.7032    1.5496
  2.03533   1.19582
  2.46649   2.28536
  1.88184   1.96258
  1.38958   0.98404
 0.150581    2.7512
  2.73176   2.73153
 0.352736   1.68023
 0.613758  0.111492
  2.44435   1.08148
   2.2041  0.295122
  1.07365   2.78208
  1.46577  0.985971
  2.48083  0.687998
  2.78319  0.807419
  1.17025   1.19186
  2.71748    1.4331
  2.61066   1.07267
  2.88143   1.90071
   1.6255    2.4183
   2.4489  0.707617
 0.141435   1.14232
 0.815144   1.06056
  2.43739   1.76941
 0.555774  0.316702
  1.71709  0.981203
  1.75717    2.5536
 0.564689   2.47394
  2.37617  0.943315
  2.57717   0.44223
  2.03537  0.377715
 0.755209  0.627636
  2.34964   2.47742
 0.333716   2.66526
  2.34053  0.473562
 0.190753    1.9188
 0.129059  0.084522
  1.94775   1.09855
  1.02954  0.455895
  2.62339   2.09573
0.0278695 0.0397626
  1.03178   1.45247
  2.92388   2.27753
  2.87354   2.68155
  2.05845   2.70883
 0.292824  0.989336
 0.283641   1.10711
  1.52876   2.88006
    1.776   2.91822
  1.62484   2.18008
 0.296726   2.66335
  2.65395   1.17286
 0.110967  0.718606
  1.68907   1.72616
 0.153172   2.87974
0.0361157  0.238564
  1.67962  0.619891
  2.52747  0.853181
  1.25759  0.994461
  2.86142   2.62393
0.0490162   2.37618
0.0504804    2.7108
 0.935605   2.88559
  2.35034   1.78384
  1.28093   2.33442
   2.2037    2.6326
  1.70413   2.37282
 0.794382  0.537945
  1.33929   1.58148
  1.01646   2.59343
  2.88282   1.92379
 0.603163   2.26311
  1.11135   1.69249
  1.78514   0.77634
  1.95215 0.0548294
 0.145919   1.58993
   1.5069   1.87499
 0.463696   1.47543
  1.94743   2.57967
  2.10684   2.43468
  1.44032  0.533246
  1.45227  0.714738
  1.45875   2.15095
 0.362342   2.08988
 0.912297   1.39261
 0.433284   1.72251
 0.267256    2.9313
  2.14496   2.59229
  2.49317   2.81075
  1.43513   2.34986
  2.29505   2.49854
 0.241689  0.526635
  1.55329   2.52998
  2.78728   2.36729
  1.55466  0.428633
 0.664579    1.2849
  1.14647   2.10318
  2.62113   2.47547
  2.95384   2.57357
 0.562432  0.349519
  1.01945    1.1023
 0.131985   1.86126
 0.768176   2.38627
 0.310819  0.590501
  1.76683   1.03888
  0.14672  0.304142
  1.48835  0.296098
  2.97793  0.166506
  1.52512  0.804103
 0.738389   0.34375
  2.95526   2.93932
 0.401199  0.723362
   2.2235   1.55599
 0.276581   2.47079
  2.73784   1.81571
  2.41251   1.71315
  2.25102  0.594723
  1.18261   2.49598
   2.6685   1.40395
  1.96512   1.23772
 0.889548  0.558849
  2.65383   2.93106
  2.79653   2.10745
  1.72899   1.14665
 0.337841  0.969432
  0.67985   2.65832
  2.90071  0.418039
  2.18958   2.05446
  2.44946  0.245259
  2.64294   1.49497
  2.92309    2.6485
  1.42301  0.632107
  2.53653    2.2813
LINKS_SOURCE_DESTINATION_DISTANCE 398
     0      1      1
     1      0      1
     1      2      1
     1      7      1
     1      8      1
     1     15      1
     1    128      1
     2      1      1
     2      3      1
     2     13      1
     2     62      1
     3      2      1
     3      4      1
     3      5      1
     3     11      1
     3     69      1
     3     85      1
     4      3      1
     4     12      1
     4    107      1
     4    198      1
     5      3      1
     5      6      1
     5     33      1
     5    120      1
     5    129      1
     6      5      1
     7      1      1
     7     21      1
     7     41      1
     7    101      1
     7    139      1
     8      1      1
     8      9      1
     8     22      1
     8     23      1
     8    109      1
     8    124      1
     9      8      1
     9     10      1
     9     30      1
     9    122      1
    10      9      1
    10     20      1
    10     50      1
    10     73      1
    11      3      1
    11     83      1
    12      4      1
    12     37      1
    12     88      1
    13      2      1
    13     14      1
    13     16      1
    13     17      1
    13     18      1
    13     19      1
    13     32      1
    13     40      1
    13     82      1
    14     13      1
    14     58      1
    14     89      1
    14     94      1
    14    183      1
    15      1      1
    15     36      1
    15     61      1
    15    112      1
    15    121      1
    15    127      1
    16     13      1
    16     43      1
    16     51      1
    17     13      1
    18     13      1
    18     78      1
    18    113      1
    19     13      1
    19     26      1
    19     45      1
    19    144      1
    20     10      1
    20     31      1
    20     60      1
    21      7      1
    21     24      1
    21     42      1
    21     74      1
    21    131      1
    22      8      1
    22     27      1
    22     86      1
    22    106      1
    22    195      1
    23      8      1
    23     67      1
    24     21      1
    24     25      1
    24     98      1
    24    135      1
    24    147      1
    25     24      1
    25     28      1
    25     46      1
    26     19      1
    26     34      1
    26     38      1
    26     48      1
    26    140      1
    26    165      1
    27     22      1
    27     29      1
    27     59      1
    27    133      1
    27    155      1
    28     25      1
    28     35      1
    28     39      1
    28     56      1
    28     70      1
    29     27      1
    30      9      1
    30    110      1
    30    152      1
    30    163      1
    31     20      1
    31     47      1
    31    154      1
    32     13      1
    32     52      1
    32    153      1
    33      5      1
    33    116      1
    33    180      1
    34     26      1
    34     57      1
    35     28      1
    35     63      1
    35     65      1
    36     15      1
    37     12      1
    37     44      1
    38     26      1
    39     28      1
    39     53      1
    39     92      1
    40     13      1
    41      7      1
    41    141      1
    42     21      1
    42     91      1
    43     16      1
    43     68      1
    43     72      1
    43     99      1
    44     37      1
    44     49      1
    44     54      1
    44    105      1
    45     19      1
    46     25      1
    46    108      1
    47     31      1
    47     66      1
    48     26      1
    48     96      1
    48    111      1
    48    178      1
    49     44      1
    49    193      1
    50     10      1
    51     16      1
    51    103      1
    51    115      1
    52     32      1
    52    167      1
    53     39      1
    54     44      1
    54     55      1
    54    125      1
    55     54      1
    55     64      1
    55     76      1
    55     95      1
    55    157      1
    55    164      1
    56     28      1
    56     79      1
    57     34      1
    58     14      1
    58     80      1
    58    148      1
    59     27      1
    60     20      1
    60    126      1
    61     15      1
    62      2      1
    63     35      1
    63    137      1
    64     55      1
    64    186      1
    65     35      1
    66     47      1
    66     90      1
    67     23      1
    67     71      1
    67    143      1
    68     43      1
    68     81      1
    69      3      1
    69    151      1
    70     28      1
    70    102      1
    71     67      1
    71     75      1
    72     43      1
    72     77      1
    72     87      1
    72    104      1
    72    118      1
    73     10      1
    74     21      1
    74    150      1
    74    181      1
    75     71      1
    75    134      1
    76     55      1
    76    161      1
    77     72      1
    78     18      1
    78     93      1
    79     56      1
    79    114      1
    79    160      1
    80     58      1
    81     68      1
    81     97      1
    81    158      1
    82     13      1
    82    145      1
    83     11      1
    83     84      1
    84     83      1
    84    100      1
    85      3      1
    86     22      1
    86    138      1
    87     72      1
    88     12      1
    89     14      1
    90     66      1
    90    123      1
    90    196      1
    91     42      1
    92     39      1
    92    132      1
    93     78      1
    93    170      1
    94     14      1
    94    117      1
    95     55      1
    96     48      1
    97     81      1
    98     24      1
    99     43      1
   100     84      1
   100    169      1
   101      7      1
   102     70      1
   103     51      1
   103    119      1
   103    166      1
   103    199      1
   104     72      1
   105     44      1
   106     22      1
   107      4      1
   108     46      1
   109      8      1
   110     30      1
   111     48      1
   112     15      1
   113     18      1
   114     79      1
   114    172      1
   115     51      1
   116     33      1
   116    130      1
   117     94      1
   118     72      1
   118    142      1
   118    171      1
   119    103      1
   119    189      1
   120      5      1
   121     15      1
   121    149      1
   122      9      1
   123     90      1
   123    156      1
   124      8      1
   125     54      1
   126     60      1
   126    185      1
   127     15      1
   128      1      1
   129      5      1
   129    136      1
   130    116      1
   130    187      1
   131     21      1
   132     92      1
   133     27      1
   133    179      1
   134     75      1
   135     24      1
   136    129      1
   137     63      1
   138     86      1
   139      7      1
   140     26      1
   140    168      1
   141     41      1
   141    190      1
   142    118      1
   143     67      1
   143    146      1
   144     19      1
   144    188      1
   145     82      1
   145    159      1
   145    176      1
   146    143      1
   147     24      1
   148     58      1
   149    121      1
   150     74      1
   150    162      1
   151     69      1
   151    177      1
   152     30      1
   152    191      1
   153     32      1
   154     31      1
   155     27      1
   155    174      1
   156    123      1
   157     55      1
   158     81      1
   159    145      1
   159    173      1
   160     79      1
   161     76      1
   161    192      1
   162    150      1
   163     30      1
   164     55      1
   165     26      1
   165    175      1
   166    103      1
   167     52      1
   168    140      1
   169    100      1
   169    182      1
   169    197      1
   170     93      1
   171    118      1
   172    114      1
   173    159      1
   174    155      1
   175    165      1
   176    145      1
   177    151      1
   178     48      1
   179    133      1
   180     33      1
   181     74      1
   182    169      1
   182    184      1
   183     14      1
   184    182      1
   185    126      1
   186     64      1
   187    130      1
   188    144      1
   189    119      1
   190    141      1
   191    152      1
   191    194      1
   192    161      1
   193     49      1
   194    191      1
   195     22      1
   196     90      1
   197    169      1
   198      4      1
   199    103      1
