COORD_X_Y 150
  1.88618  0.239905
  2.94418   2.39182
 0.460911  0.431343
  1.81327 0.0637736
  1.92281   2.35915
  1.13797   0.70677
  1.96721   1.57903
  2.82729   2.69407
  2.45905  0.718057
 0.203756   1.77124
  2.94267 0.0764481
 0.170259  0.496987
  2.43849 0.00896894
 0.410957  0.325754
  2.85615   2.88239
  1.73751   1.39691
  2.51044  0.599782
  1.22485   1.37887
  1.57361   2.92347
 0.595536   1.83694
  1.27659   2.61049
  2.56165   2.06571
  2.84104  0.101239
  1.52456  0.775097
  1.61312   2.74921
  1.74591   2.00548
  2.58339   2.06339
   2.3494   1.21295
  1.74624   2.31354
  2.75969  0.725681
 0.327346   1.17927
 0.325071   2.88691
  1.32924   1.77616
  1.76419  0.394671
  2.71059  0.526501
 0.358396   2.68599
  2.56289  0.412519
 0.378771  0.923312
  2.96512  0.558024
  2.05695   1.22838
  1.08106   1.46134
  2.78618   1.19283
  2.31408   2.55676
 0.458781   2.77711
  1.24227   1.34426
 0.327828  0.327156
  1.37015  0.583141
  1.33012  0.813294
  1.81606   2.25643
  2.13065     1.099
 0.168587  0.117204
 0.898505  0.649042
  1.08394   2.76181
  1.26088   2.70472
  1.97415   2.05813
  2.09938  0.715445
  2.14606  0.517675
  0.42113   2.72144
  2.27244  0.217083
 0.732959   1.31172
  2.85943  0.228667
 0.162497   1.75133
  2.22124   1.44091
  1.68089   1.23606
  0.12823   1.10367
 0.370412  0.139076
  2.66376   2.81379
  2.22228  0.213616
  2.19904   2.20202
  2.37567   1.49818
 0.762817  0.917531
  2.09545   2.27066
  1.90733   2.77304
  2.19944  0.920587
  1.26828   2.25992
  2.85989   2.57227
 0.915815  0.420457
  1.72764   1.88839
  1.85773  0.934168
  2.95951   2.17686
  0.57916  0.144578
 0.862017  0.641799
  2.79954   2.62085
 0.375245   1.71835
  1.96742   1.58254
  1.05744   0.18552
  1.27686  0.868354
  2.32452   1.10321
  2.99512   1.68228
  2.31295   1.98742
  2.22579   1.77193
 0.801402  0.892098
 0.629085   1.46388
  1.94558  0.601704
  2.76909  0.458806
 0.515273  0.997285
 0.809808   0.36752
  2.00364   0.23526
  0.96322   2.83047
  2.49746   2.53344
  1.19721  0.813078
  2.64672  0.365225
  1.88484   1.50941
 0.386049  0.910499
  2.18626   2.31862
 0.632963   1.41934
  1.56107   2.36081
 0.972389   2.18508
  2.89157  0.312392
 0.412936    2.9541
  1.50165   1.69789
 0.970215   1.08355
  1.88641   1.34639
  2.95605   2.11555
0.0155501  0.575646
 0.370608   1.15754
 0.758878   1.80047
  2.14755   0.46959
  1.21809    1.5369
  2.77586   1.34478
0.0226208   2.18164
   2.4569   0.49579
  2.77355   1.46039
  1.83216   1.40634
  1.08787  0.762852
 0.961382   2.88462
  1.39992   1.36777
  1.04196   0.83805
  1.40373 0.0432571
 0.316879  0.333088
  2.61048  0.234588
 0.411417   1.03368
  1.84773   2.73471
0.0289713   1.98859
  1.04084   1.60467
  2.06892   2.14739
  1.46241   1.33328
   2.7297  0.869716
  1.45985   2.78282
  0.74523   1.37055
  1.61303   2.40208
  2.72459   1.07089
 0.747027  0.848237
 0.118279   1.28859
  1.18628   2.35998
  1.28823   2.25615
    1.334   2.61934
 0.855469   2.67219
  1.09515    2.1105
 0.464938   1.58517
LINKS_SOURCE_DESTINATION_DISTANCE 298
     0      1      1
     0      2      1
     1      0      1
     1     38      1
     1     49      1
     2      0      1
     2      3      1
     2      5      1
     2      6      1
     2      8      1
     2     13      1
     2     29      1
     2    114      1
     3      2      1
     3      4      1
     3     11      1
     3     14      1
     4      3      1
     4      7      1
     4     12      1
     4     30      1
     4     45      1
     5      2      1
     5     22      1
     6      2      1
     6     20      1
     6     28      1
     6     76      1
     7      4      1
     7      9      1
     7     46      1
     8      2      1
     8     10      1
     8     17      1
     8     23      1
     8     43      1
     8     83      1
     8     95      1
     9      7      1
     9     26      1
     9     73      1
     9     75      1
    10      8      1
    10     19      1
    10     24      1
    11      3      1
    11     34      1
    11     99      1
    12      4      1
    12     15      1
    12     16      1
    12     18      1
    12     62      1
    12     69      1
    12     72      1
    13      2      1
    13     21      1
    13     27      1
    13     40      1
    13     86      1
    13    108      1
    13    116      1
    14      3      1
    14     66      1
    15     12      1
    15     25      1
    16     12      1
    16     96      1
    17      8      1
    17     32      1
    17     54      1
    18     12      1
    18     36      1
    18     42      1
    18     85      1
    19     10      1
    19     37      1
    19     41      1
    20      6      1
    20     55      1
    20    103      1
    20    134      1
    21     13      1
    21     33      1
    21     35      1
    22      5      1
    22     60      1
    22    107      1
    22    121      1
    23      8      1
    23     94      1
    24     10      1
    24    115      1
    25     15      1
    25     91      1
    25    100      1
    26      9      1
    26     31      1
    26     57      1
    26    133      1
    27     13      1
    27     44      1
    28      6      1
    28     74      1
    29      2      1
    29     39      1
    29     56      1
    29     80      1
    29     92      1
    30      4      1
    30     61      1
    31     26      1
    31    148      1
    32     17      1
    32     58      1
    33     21      1
    33     50      1
    33     84      1
    34     11      1
    34     67      1
    34     98      1
    34    144      1
    35     21      1
    36     18      1
    36     47      1
    36    105      1
    36    118      1
    36    119      1
    36    143      1
    37     19      1
    38      1      1
    39     29      1
    40     13      1
    40     53      1
    41     19      1
    42     18      1
    42     51      1
    42     65      1
    42    111      1
    43      8      1
    44     27      1
    44     63      1
    44    129      1
    45      4      1
    45    113      1
    46      7      1
    46     48      1
    47     36      1
    48     46      1
    48     79      1
    49      1      1
    50     33      1
    50     64      1
    50     71      1
    51     42      1
    51     52      1
    51     78      1
    51    123      1
    51    125      1
    52     51      1
    52     59      1
    53     40      1
    53     97      1
    54     17      1
    54     88      1
    55     20      1
    55     70      1
    55    122      1
    56     29      1
    57     26      1
    57     93      1
    58     32      1
    59     52      1
    59     77      1
    59     81      1
    59    104      1
    60     22      1
    60     90      1
    61     30      1
    61    102      1
    61    112      1
    62     12      1
    63     44      1
    63     87      1
    64     50      1
    64    131      1
    65     42      1
    66     14      1
    67     34      1
    67     68      1
    67    106      1
    68     67      1
    69     12      1
    70     55      1
    70     82      1
    71     50      1
    72     12      1
    73      9      1
    74     28      1
    75      9      1
    75    120      1
    76      6      1
    77     59      1
    78     51      1
    79     48      1
    80     29      1
    80     89      1
    80    109      1
    81     59      1
    81    139      1
    81    145      1
    82     70      1
    82    149      1
    83      8      1
    83    101      1
    84     33      1
    84    138      1
    85     18      1
    86     13      1
    86    142      1
    87     63      1
    88     54      1
    89     80      1
    89    110      1
    90     60      1
    91     25      1
    92     29      1
    92    127      1
    93     57      1
    94     23      1
    95      8      1
    96     16      1
    97     53      1
    98     34      1
    99     11      1
    99    137      1
   100     25      1
   101     83      1
   102     61      1
   103     20      1
   104     59      1
   105     36      1
   106     67      1
   107     22      1
   108     13      1
   109     80      1
   109    117      1
   109    132      1
   110     89      1
   110    126      1
   111     42      1
   111    124      1
   112     61      1
   113     45      1
   113    146      1
   114      2      1
   115     24      1
   115    128      1
   115    136      1
   116     13      1
   116    130      1
   117    109      1
   118     36      1
   119     36      1
   120     75      1
   121     22      1
   122     55      1
   122    135      1
   123     51      1
   124    111      1
   125     51      1
   126    110      1
   127     92      1
   128    115      1
   128    140      1
   129     44      1
   130    116      1
   131     64      1
   132    109      1
   133     26      1
   134     20      1
   134    141      1
   135    122      1
   136    115      1
   137     99      1
   138     84      1
   139     81      1
   140    128      1
   140    147      1
   141    134      1
   142     86      1
   143     36      1
   144     34      1
   145     81      1
   146    113      1
   147    140      1
   148     31      1
   149     82      1
