COORD_X_Y 300
   1.5519   1.91047
   1.3235   1.89807
   1.3028   2.49868
 0.258504   0.24097
   2.3664   2.11123
  1.97078  0.702252
  2.11171   2.84294
  1.81361  0.999345
  2.83166   2.22683
  1.58178   1.94608
  2.75338   2.29759
  2.90098   1.65141
 0.775625   2.43416
 0.553357   1.57492
  2.45999  0.950546
  2.37865  0.639113
  2.85971   2.36546
 0.990832   1.32607
   2.7563   1.75609
 0.162226   1.92467
 0.170146   1.68426
 0.495238   1.38857
  2.67704   2.22883
  2.28901  0.265988
  1.73388   1.59021
 0.942985   2.46892
  2.53994  0.356564
  1.63251   2.64001
  2.64006   1.52616
  2.58345 0.0905273
  2.25385  0.316172
   1.1873   1.69158
  1.21361   2.64589
 0.198069  0.855876
  1.33981   2.44017
  2.49367  0.774973
  2.40446   1.26903
  1.21586    2.2484
  1.67891   2.01256
  1.14673   0.78739
 0.985937   2.51693
  2.54809  0.922014
 0.585247   2.86022
  1.44237   1.21265
 0.936326  0.834741
 0.841241   2.62189
 0.647707   1.38637
   1.3386   2.15478
  1.60704  0.508542
0.0445133 0.0430273
  2.79274  0.708681
  1.53845   2.08195
  2.40302   1.62696
 0.999827   1.76441
 0.883299   1.44197
  2.32453  0.546434
  1.26845   1.08669
 0.485533   2.94273
  1.03297   1.51339
  2.57274    2.0462
  1.51203  0.220013
    1.922  0.159386
 0.135202 0.0271962
   1.1981   2.39131
  1.62861   1.77952
  2.60772   2.39242
  2.37366   1.21212
 0.501142  0.922153
 0.931464   0.52502
  2.12659   1.65876
  2.28576   1.72153
  2.25959  0.950426
  2.59084   2.00233
   2.4522   1.83925
  1.30055   2.77225
 0.309678  0.814865
  0.83657 0.0946048
0.0242916   1.22495
  1.43932   1.79392
0.0593184   1.58711
   1.4743  0.848711
  0.98419   1.75235
 0.739329 0.0864421
 0.219007  0.290148
  2.24119   1.01874
 0.138119   1.57554
  2.19017   1.27635
 0.113814   1.89965
   2.4529   1.51461
  2.43632  0.721836
 0.791564   2.22466
  1.70958   2.06615
 0.899557   1.21626
  1.32858   1.61512
 0.161263   2.76824
 0.754932   1.86319
  1.41625   1.64492
  2.64476   2.02822
  2.17504   1.44689
  1.76768    1.8354
  1.59793   2.70491
 0.843455   1.44526
   2.2115   2.27979
 0.881389   1.17427
  1.52078  0.150203
  2.18594   2.60187
  2.43129    0.2456
  1.56181    2.8662
  2.13265   1.08624
  1.89114   2.98082
  2.74499   1.06908
   2.4036  0.924019
0.0625319  0.089931
  1.25264  0.609457
  2.74056    1.8829
 0.936054    1.4621
  1.32022   1.04481
  1.07984   1.31401
  1.28626   2.45121
 0.626437   1.61425
 0.449455   2.93745
 0.395978   1.38603
  2.40196   1.43891
0.0180425  0.406722
 0.449355  0.549631
 0.477175   2.35402
  2.24674   2.45329
  1.18047   0.56214
  1.77172   2.33202
0.0464887   2.30424
  2.98699  0.786464
  1.64416    1.3433
 0.644722   1.62271
 0.756572   1.88533
 0.781973  0.876479
  2.40616   1.59237
  1.93821  0.345583
 0.642453  0.433143
 0.392971  0.634475
  2.41279   1.13065
 0.870701   2.17941
 0.730092  0.630579
  1.40337   2.47451
  1.94568   2.98742
  2.99128  0.868578
 0.982822   2.26318
 0.521329   1.41293
 0.875424   1.99164
  2.29693    1.3734
  2.23579   0.53909
 0.511035   1.44869
  2.08048    2.3406
  1.76911  0.705501
   1.5109   2.12772
  2.86633  0.966347
  1.08423   2.48788
 0.129037   1.40818
  1.86525 0.00399332
  2.96087     1.833
  2.88879   2.11313
  2.38277   1.40983
 0.787303   2.92589
  1.07821  0.395386
 0.850221   2.54359
  2.74454   2.34409
 0.899049   1.98607
 0.800769   2.90128
 0.992667  0.347467
  2.83303    2.2691
 0.294858   0.27397
  1.08723    0.5355
  1.55262    2.9167
  2.03087  0.906945
 0.608877   2.78984
  2.71209   1.09921
  2.70553 0.0801947
  1.20398  0.158903
 0.544286  0.871901
 0.102229   2.56896
  2.48649  0.952006
  1.74646   1.44728
  2.75197   1.76498
  1.92825   2.16882
  2.31087   1.17234
  1.59831   2.01368
  1.76412   1.77411
  2.29298    0.5212
 0.828725   1.29684
  1.33216  0.930513
  2.98124  0.548188
  2.55968   2.54327
  1.96602   0.38539
  2.04686   2.70693
  1.28465  0.677335
 0.824101  0.357104
  0.67174   1.22801
  1.39806   1.08802
  1.85401    2.2888
 0.353219   1.28424
  1.54768  0.883576
0.0687006   2.40553
  2.07154   2.93098
   2.2814  0.548468
  1.94202  0.957037
    1.935  0.719396
  1.68127    2.2027
  2.84026  0.353732
 0.156577  0.982496
  2.82781   2.57863
 0.470893     1.795
  2.79768  0.705435
  1.11994   1.07979
  2.70753  0.843945
  2.80738   0.42329
 0.533592 0.0355985
0.0143302   2.91545
  2.40612  0.741499
0.00367406  0.629308
  2.87996  0.541062
  2.99721   2.05484
 0.420045 0.0935454
 0.945433   2.87508
  2.29386   2.16919
  2.92877   2.15033
  2.57871   2.21191
 0.428328   1.38374
  1.17596  0.308195
  2.54566  0.877917
  2.26182   1.19313
 0.488299   1.68628
 0.978889  0.090345
  1.94011   2.24255
  2.13251   2.10121
  2.29568   1.86913
 0.409758   2.64481
  1.54036  0.921122
 0.494188   2.00944
  2.18247   1.76464
  1.55119   1.06902
  1.09566   2.01013
  1.76603   1.78901
  2.59629  0.533342
  2.83546  0.961468
  1.70087     1.178
 0.996845  0.177548
 0.883147  0.340667
  1.79718  0.925638
  1.72125  0.121016
   1.0471   1.54899
  0.56816   1.64945
 0.260485  0.779432
   2.4935   2.15642
  1.14486  0.669661
  1.27616  0.462344
  1.42001  0.966184
  1.32375  0.628552
  1.99723   1.01425
  2.25988  0.969002
  2.27461   2.48172
  1.70586  0.258461
  1.97212  0.878731
  2.93845   1.32162
  1.72906   1.49973
 0.375003   2.42365
  2.30583   2.93761
 0.101589   2.08607
  0.65505   1.14431
  2.20594  0.211636
 0.330891   2.42633
 0.431441    1.6278
 0.035753    1.2133
  2.25582   2.78298
  1.07485   1.12735
 0.627213   1.55263
  2.78122  0.643176
  1.09971   1.16522
  1.94518   2.69994
   2.3395   1.53712
  1.45528   2.78601
 0.387366  0.272743
  2.28959   1.63865
  2.61352   1.19907
  2.88822    1.3819
 0.697053   1.41853
  1.13866   1.01885
  2.44622   2.85342
  2.30638    2.6126
  2.20842   2.15596
  1.28544   2.41482
   2.9859  0.293695
 0.456124   2.86205
 0.222704  0.795408
  1.39906   2.83953
  1.37022  0.746792
 0.332377   1.37035
  1.24474 0.0388111
  2.32093   2.42914
  1.06751   2.18094
 0.398427   0.67681
  2.32359    2.9825
LINKS_SOURCE_DESTINATION_DISTANCE 598
     0      1      1
     0      2      1
     0      9      1
     0     20      1
     0     25      1
     0     27      1
     0     34      1
     0    105      1
     0    171      1
     0    267      1
     1      0      1
     1      4      1
     1     11      1
     1     43      1
     1     47      1
     1     58      1
     1     83      1
     2      0      1
     2      3      1
     2      6      1
     2     14      1
     2     33      1
     3      2      1
     4      1      1
     4      5      1
     4      7      1
     4     12      1
     4     23      1
     4     28      1
     4     37      1
     5      4      1
     5     22      1
     5     38      1
     5     96      1
     5    154      1
     5    271      1
     6      2      1
     6      8      1
     6     48      1
     6    166      1
     7      4      1
     7     10      1
     7     16      1
     7     32      1
     7     78      1
     8      6      1
     8     90      1
     9      0      1
    10      7      1
    10     26      1
    10    128      1
    11      1      1
    11     17      1
    11     73      1
    11    125      1
    11    177      1
    12      4      1
    12     13      1
    12     45      1
    12    124      1
    12    144      1
    13     12      1
    14      2      1
    14     15      1
    14     50      1
    14    109      1
    14    133      1
    15     14      1
    15     18      1
    15     19      1
    15    135      1
    15    210      1
    16      7      1
    16    162      1
    17     11      1
    17     21      1
    17     24      1
    17     89      1
    17    143      1
    18     15      1
    18     52      1
    18    103      1
    19     15      1
    19     40      1
    19     69      1
    19    196      1
    20      0      1
    20     66      1
    20     82      1
    21     17      1
    21    184      1
    22      5      1
    22     39      1
    22    277      1
    23      4      1
    23     31      1
    23    138      1
    23    183      1
    23    260      1
    24     17      1
    24     88      1
    24    106      1
    24    107      1
    24    161      1
    25      0      1
    25     29      1
    25     62      1
    26     10      1
    26     30      1
    26     60      1
    26     99      1
    26    232      1
    26    272      1
    26    276      1
    27      0      1
    27     35      1
    27     46      1
    27     77      1
    28      4      1
    28     36      1
    28     92      1
    29     25      1
    29    134      1
    29    178      1
    30     26      1
    30     68      1
    31     23      1
    31     97      1
    31    273      1
    32      7      1
    33      2      1
    33     53      1
    33     76      1
    34      0      1
    34     61      1
    34     70      1
    34     81      1
    34     94      1
    34    139      1
    34    200      1
    35     27      1
    35     41      1
    35    261      1
    35    291      1
    36     28      1
    37      4      1
    37     49      1
    37    100      1
    37    192      1
    38      5      1
    38     98      1
    39     22      1
    39    209      1
    40     19      1
    40     42      1
    40     54      1
    40     59      1
    40    252      1
    41     35      1
    41     44      1
    42     40      1
    42    212      1
    43      1      1
    44     41      1
    44     79      1
    44    127      1
    44    147      1
    44    155      1
    44    159      1
    45     12      1
    45    186      1
    45    193      1
    46     27      1
    46    197      1
    47      1      1
    47     65      1
    48      6      1
    48     51      1
    49     37      1
    49     75      1
    49    157      1
    49    168      1
    50     14      1
    50     85      1
    50    163      1
    51     48      1
    51     86      1
    51     87      1
    51    251      1
    52     18      1
    52     55      1
    52     56      1
    52     72      1
    52    118      1
    52    189      1
    53     33      1
    53    104      1
    53    120      1
    54     40      1
    54     57      1
    54     64      1
    54    175      1
    55     52      1
    55    121      1
    55    243      1
    55    262      1
    55    284      1
    55    288      1
    56     52      1
    56    208      1
    57     54      1
    57    108      1
    58      1      1
    58     63      1
    58     74      1
    58    145      1
    59     40      1
    59     67      1
    59    115      1
    60     26      1
    61     34      1
    61    153      1
    61    236      1
    62     25      1
    62     80      1
    62     95      1
    63     58      1
    64     54      1
    64    257      1
    65     47      1
    66     20      1
    67     59      1
    67    213      1
    68     30      1
    68     71      1
    68    253      1
    68    283      1
    69     19      1
    69    149      1
    69    246      1
    70     34      1
    71     68      1
    71    136      1
    72     52      1
    72    112      1
    72    230      1
    73     11      1
    74     58      1
    74    129      1
    74    228      1
    74    258      1
    75     49      1
    75    146      1
    76     33      1
    76     84      1
    76    152      1
    76    266      1
    77     27      1
    78      7      1
    78    122      1
    79     44      1
    79    140      1
    80     62      1
    81     34      1
    81    132      1
    82     20      1
    82     91      1
    82    126      1
    83      1      1
    83    102      1
    83    158      1
    83    206      1
    84     76      1
    84    294      1
    85     50      1
    85    119      1
    85    169      1
    86     51      1
    86    151      1
    86    217      1
    87     51      1
    87    191      1
    88     24      1
    88    214      1
    88    282      1
    89     17      1
    89    172      1
    89    203      1
    90      8      1
    90    101      1
    90    111      1
    91     82      1
    91     93      1
    91    256      1
    92     28      1
    92    113      1
    93     91      1
    93    116      1
    94     34      1
    94    114      1
    94    141      1
    94    174      1
    95     62      1
    95    164      1
    95    226      1
    95    295      1
    96      5      1
    96    227      1
    96    264      1
    97     31      1
    97    187      1
    98     38      1
    99     26      1
   100     37      1
   100    142      1
   100    181      1
   100    198      1
   101     90      1
   102     83      1
   102    110      1
   102    117      1
   103     18      1
   104     53      1
   104    205      1
   105      0      1
   105    137      1
   105    296      1
   106     24      1
   106    216      1
   107     24      1
   107    269      1
   108     57      1
   108    130      1
   108    239      1
   109     14      1
   110    102      1
   111     90      1
   112     72      1
   113     92      1
   114     94      1
   115     59      1
   115    293      1
   116     93      1
   116    176      1
   116    195      1
   117    102      1
   117    148      1
   118     52      1
   119     85      1
   119    285      1
   120     53      1
   120    160      1
   120    165      1
   121     55      1
   121    123      1
   121    194      1
   121    298      1
   122     78      1
   122    201      1
   122    249      1
   123    121      1
   124     12      1
   125     11      1
   125    131      1
   126     82      1
   127     44      1
   127    218      1
   128     10      1
   129     74      1
   129    224      1
   130    108      1
   131    125      1
   131    180      1
   131    182      1
   132     81      1
   132    255      1
   133     14      1
   133    150      1
   134     29      1
   134    292      1
   135     15      1
   136     71      1
   136    173      1
   137    105      1
   138     23      1
   138    188      1
   139     34      1
   139    156      1
   139    167      1
   140     79      1
   140    250      1
   141     94      1
   142    100      1
   142    238      1
   143     17      1
   144     12      1
   144    185      1
   144    231      1
   145     58      1
   146     75      1
   147     44      1
   148    117      1
   149     69      1
   150    133      1
   151     86      1
   151    290      1
   152     76      1
   152    278      1
   153     61      1
   153    199      1
   154      5      1
   154    202      1
   155     44      1
   155    263      1
   156    139      1
   157     49      1
   157    254      1
   158     83      1
   159     44      1
   159    233      1
   159    234      1
   160    120      1
   161     24      1
   162     16      1
   162    170      1
   162    237      1
   163     50      1
   163    225      1
   164     95      1
   165    120      1
   166      6      1
   166    287      1
   167    139      1
   168     49      1
   168    179      1
   169     85      1
   169    211      1
   170    162      1
   171      0      1
   171    248      1
   172     89      1
   173    136      1
   174     94      1
   174    242      1
   175     54      1
   176    116      1
   177     11      1
   177    220      1
   178     29      1
   179    168      1
   179    190      1
   180    131      1
   181    100      1
   181    219      1
   181    268      1
   182    131      1
   183     23      1
   183    223      1
   183    289      1
   184     21      1
   184    275      1
   185    144      1
   186     45      1
   186    245      1
   187     97      1
   188    138      1
   189     52      1
   190    179      1
   190    215      1
   191     87      1
   191    221      1
   191    279      1
   192     37      1
   193     45      1
   194    121      1
   194    222      1
   195    116      1
   195    244      1
   196     19      1
   196    204      1
   196    207      1
   196    240      1
   197     46      1
   198    100      1
   199    153      1
   200     34      1
   201    122      1
   202    154      1
   203     89      1
   204    196      1
   204    241      1
   204    286      1
   205    104      1
   206     83      1
   207    196      1
   208     56      1
   209     39      1
   210     15      1
   211    169      1
   212     42      1
   212    274      1
   213     67      1
   213    259      1
   214     88      1
   214    280      1
   215    190      1
   216    106      1
   217     86      1
   217    281      1
   218    127      1
   218    265      1
   219    181      1
   219    229      1
   219    235      1
   220    177      1
   221    191      1
   222    194      1
   223    183      1
   223    270      1
   224    129      1
   225    163      1
   226     95      1
   227     96      1
   228     74      1
   229    219      1
   230     72      1
   231    144      1
   232     26      1
   233    159      1
   234    159      1
   235    219      1
   236     61      1
   237    162      1
   238    142      1
   239    108      1
   240    196      1
   240    297      1
   241    204      1
   241    247      1
   242    174      1
   243     55      1
   244    195      1
   245    186      1
   246     69      1
   247    241      1
   248    171      1
   249    122      1
   250    140      1
   251     51      1
   252     40      1
   253     68      1
   254    157      1
   255    132      1
   256     91      1
   257     64      1
   258     74      1
   259    213      1
   260     23      1
   261     35      1
   262     55      1
   263    155      1
   264     96      1
   265    218      1
   266     76      1
   267      0      1
   268    181      1
   269    107      1
   270    223      1
   271      5      1
   272     26      1
   272    299      1
   273     31      1
   274    212      1
   275    184      1
   276     26      1
   277     22      1
   278    152      1
   279    191      1
   280    214      1
   281    217      1
   282     88      1
   283     68      1
   284     55      1
   285    119      1
   286    204      1
   287    166      1
   288     55      1
   289    183      1
   290    151      1
   291     35      1
   292    134      1
   293    115      1
   294     84      1
   295     95      1
   296    105      1
   297    240      1
   298    121      1
   299    272      1
