COORD_X_Y 70
  1.98311    1.6262
  2.04283   1.79956
 0.923992   1.50199
 0.521936  0.503287
  1.39208   1.56787
  2.77541    1.0885
  2.98096  0.946827
  2.43698   1.35712
  2.52395  0.514652
0.0836309   1.80061
 0.466166   1.73043
  1.15249   1.99466
  1.57458  0.528817
 0.310673   1.98943
  2.76396   2.92419
0.0282944   2.62104
 0.264629   2.11903
   2.4499  0.355883
 0.222246   1.90417
  1.32003  0.919312
  0.46135    1.2446
  1.06544 0.0636517
  1.17028 0.0303472
 0.269153  0.750824
 0.787073   1.88204
   1.7895   1.15304
  2.32424  0.386489
 0.956038   1.53889
  0.75393   2.18941
  1.01751  0.648779
   1.2409   1.38637
  1.33051   1.04384
  2.00705   2.35456
  2.16381   1.80831
  0.56481  0.132322
   1.5006   2.93824
 0.454693    2.0739
  2.38071  0.660001
  1.40181   1.13167
  1.18357    1.8499
  2.10139   1.98718
  1.71206   1.75325
  1.99029  0.797715
 0.556777   2.74542
   1.8636   1.48368
    2.542  0.865926
 0.190049   0.67613
  2.17311   1.56424
 0.730489   1.53971
   2.3469  0.719414
  1.17853   0.82808
  1.25308   2.74677
  1.39282   2.36099
  2.37413   2.87864
  1.22451   2.93779
   2.0808   1.67213
  1.05344   1.25383
 0.504789  0.737537
  2.49038   2.41862
  1.13912   2.86013
  2.39584  0.466761
  1.44804   1.33414
  1.90016   2.07018
 0.773956   1.79225
  2.95414  0.227743
  1.01933  0.142244
   2.5309  0.253159
 0.726253   1.20195
 0.334418   1.89206
0.0141077   2.45501
LINKS_SOURCE_DESTINATION_DISTANCE 326
     0      1      1
     0      2      1
     0      4      1
     0      8      1
     0     10      1
     0     13      1
     0     29      1
     0     49      1
     0     50      1
     1      0      1
     1      7      1
     1      9      1
     1     15      1
     1     32      1
     1     43      1
     1     48      1
     2      0      1
     2      3      1
     2     28      1
     2     56      1
     3      2      1
     3      4      1
     3      5      1
     3      6      1
     3      9      1
     3     14      1
     3     18      1
     3     23      1
     4      3      1
     4      0      1
     4      5      1
     4     10      1
     4     16      1
     4     19      1
     4     24      1
     4     26      1
     4     30      1
     4     36      1
     5      3      1
     5      4      1
     5      6      1
     5     16      1
     5     21      1
     5     31      1
     6      3      1
     6      5      1
     6      7      1
     6     11      1
     6     17      1
     6     28      1
     7      6      1
     7      1      1
     7      8      1
     7     12      1
     7     14      1
     7     20      1
     7     24      1
     7     26      1
     7     30      1
     7     37      1
     7     51      1
     7     62      1
     8      7      1
     8      0      1
     8     11      1
     8     17      1
     8     23      1
     8     29      1
     8     34      1
     9      1      1
     9      3      1
     9     25      1
     9     28      1
     9     39      1
     9     47      1
    10      0      1
    10      4      1
    10     12      1
    10     15      1
    10     20      1
    10     25      1
    10     34      1
    10     41      1
    11      6      1
    11      8      1
    11     26      1
    11     59      1
    11     62      1
    12     10      1
    12      7      1
    12     13      1
    12     19      1
    12     43      1
    12     44      1
    12     60      1
    13      0      1
    13     12      1
    13     14      1
    13     15      1
    13     22      1
    13     38      1
    13     66      1
    14      7      1
    14      3      1
    14     13      1
    14     16      1
    14     18      1
    14     23      1
    14     56      1
    14     57      1
    14     61      1
    15     13      1
    15     10      1
    15      1      1
    15     18      1
    15     20      1
    16      5      1
    16     14      1
    16      4      1
    16     36      1
    16     57      1
    16     64      1
    17      8      1
    17      6      1
    17     21      1
    17     27      1
    17     42      1
    17     49      1
    17     53      1
    18      3      1
    18     14      1
    18     15      1
    18     42      1
    18     63      1
    19      4      1
    19     12      1
    19     31      1
    19     33      1
    20     15      1
    20      7      1
    20     10      1
    20     22      1
    21     17      1
    21      5      1
    21     33      1
    21     34      1
    21     45      1
    21     66      1
    22     13      1
    22     20      1
    22     27      1
    22     53      1
    22     62      1
    23      3      1
    23      8      1
    23     14      1
    23     33      1
    23     51      1
    23     55      1
    24      4      1
    24      7      1
    24     37      1
    24     55      1
    25     10      1
    25      9      1
    25     30      1
    25     32      1
    25     54      1
    26      4      1
    26     11      1
    26      7      1
    26     61      1
    27     17      1
    27     22      1
    27     59      1
    28      6      1
    28      2      1
    28      9      1
    28     46      1
    28     52      1
    29      0      1
    29      8      1
    29     38      1
    29     41      1
    29     44      1
    30      7      1
    30     25      1
    30      4      1
    30     68      1
    30     69      1
    31      5      1
    31     19      1
    31     35      1
    31     69      1
    32     25      1
    32      1      1
    32     40      1
    33     21      1
    33     23      1
    33     19      1
    33     41      1
    33     58      1
    33     65      1
    34     21      1
    34     10      1
    34      8      1
    34     35      1
    34     68      1
    35     34      1
    35     31      1
    36     16      1
    36      4      1
    36     60      1
    36     64      1
    37     24      1
    37      7      1
    37     39      1
    38     13      1
    38     29      1
    38     68      1
    39      9      1
    39     37      1
    39     40      1
    39     42      1
    39     47      1
    39     50      1
    40     39      1
    40     32      1
    41     10      1
    41     29      1
    41     33      1
    41     49      1
    41     60      1
    41     67      1
    42     39      1
    42     17      1
    42     18      1
    42     45      1
    42     66      1
    43      1      1
    43     12      1
    43     64      1
    44     12      1
    44     29      1
    44     46      1
    44     52      1
    45     42      1
    45     21      1
    45     47      1
    45     51      1
    45     59      1
    46     44      1
    46     28      1
    46     48      1
    46     65      1
    47     45      1
    47      9      1
    47     39      1
    48     46      1
    48      1      1
    49     41      1
    49     17      1
    49      0      1
    49     50      1
    50     49      1
    50     39      1
    50      0      1
    50     54      1
    50     58      1
    51      7      1
    51     45      1
    51     23      1
    51     52      1
    51     54      1
    52     44      1
    52     51      1
    52     28      1
    53     22      1
    53     17      1
    54     50      1
    54     51      1
    54     25      1
    54     63      1
    55     23      1
    55     24      1
    55     56      1
    56     14      1
    56     55      1
    56      2      1
    56     67      1
    57     16      1
    57     14      1
    57     58      1
    58     50      1
    58     57      1
    58     33      1
    59     11      1
    59     27      1
    59     45      1
    59     65      1
    60     41      1
    60     12      1
    60     36      1
    61     26      1
    61     14      1
    62     11      1
    62      7      1
    62     22      1
    63     18      1
    63     54      1
    64     36      1
    64     16      1
    64     43      1
    65     59      1
    65     33      1
    65     46      1
    66     13      1
    66     42      1
    66     21      1
    67     41      1
    67     56      1
    68     38      1
    68     34      1
    68     30      1
    69     31      1
    69     30      1
