COORD_X_Y 70
 0.530354     2.379
  1.38028   1.75533
  2.01399    2.2561
  2.16997  0.487202
  1.92006   1.02473
  2.73726  0.326842
  1.12934  0.943723
0.0384095  0.841184
  2.89163   1.14072
 0.580748   2.40834
  1.56432   2.08467
  1.28969   1.42724
  1.34897  0.396931
0.0202732   1.37313
   2.5075  0.752286
 0.451466  0.114669
  1.81366  0.615003
 0.151445  0.989144
 0.687777  0.450042
 0.645688   2.18722
  2.32926 0.0808901
  1.30792  0.499146
 0.770875  0.361323
   2.8449  0.565434
 0.731384   2.05296
  0.20378   2.59859
  1.11592   2.86903
 0.925918   1.75627
  2.64039  0.604711
 0.291176   2.76373
 0.355289   2.28439
 0.601046  0.858749
  2.03026   2.21526
  1.95382  0.125599
  2.86248   2.83135
  2.05087 0.0435773
 0.424767   1.63957
 0.752145   2.77799
  1.52836  0.307625
 0.912213  0.461831
0.0780844  0.176518
  2.49094  0.101638
 0.296741   2.14182
   1.5206  0.038868
  1.83368  0.661306
  2.08174   2.69326
  2.50169    0.7395
 0.167262   2.35638
  1.87842   1.27725
 0.835011  0.722781
  1.31187   1.47936
0.0499962   2.77783
  1.19667   2.46951
  1.87843   1.88851
  2.16366  0.794023
 0.829342   1.57627
  2.68329   2.07712
   2.2324   1.65006
 0.664504  0.376733
  1.64765   2.59818
  2.59369  0.122728
  2.23047  0.852248
  1.63925   1.72505
  1.79667   1.17635
  2.15484   1.99827
  1.05338   1.93151
 0.777746   2.43239
   1.4628   2.26971
  2.09826   0.52862
 0.403674  0.722857
LINKS_SOURCE_DESTINATION_DISTANCE 338
     0      1      1
     0      2      1
     0      5      1
     0     29      1
     0     36      1
     0     49      1
     0     53      1
     0     60      1
     1      0      1
     1      4      1
     1      6      1
     1      9      1
     1     12      1
     1     20      1
     1     33      1
     1     47      1
     2      0      1
     2      3      1
     2      8      1
     2      9      1
     2     11      1
     2     15      1
     2     16      1
     2     41      1
     3      2      1
     3      4      1
     3      7      1
     3      8      1
     3     15      1
     3     18      1
     3     35      1
     4      1      1
     4      3      1
     4      5      1
     4      6      1
     4     27      1
     4     28      1
     4     40      1
     5      0      1
     5      4      1
     5      7      1
     5     10      1
     5     13      1
     5     14      1
     5     29      1
     6      1      1
     6      4      1
     6      7      1
     6      9      1
     6     19      1
     6     21      1
     6     24      1
     6     35      1
     6     49      1
     7      5      1
     7      3      1
     7      6      1
     7     10      1
     7     11      1
     7     23      1
     7     31      1
     7     60      1
     7     69      1
     8      3      1
     8      2      1
     8     14      1
     8     17      1
     8     30      1
     8     68      1
     9      1      1
     9      2      1
     9      6      1
     9     29      1
     9     58      1
    10      7      1
    10      5      1
    10     13      1
    10     15      1
    10     16      1
    10     19      1
    10     21      1
    10     22      1
    10     37      1
    10     42      1
    10     43      1
    10     54      1
    10     57      1
    10     64      1
    11      2      1
    11      7      1
    11     12      1
    11     45      1
    11     55      1
    11     65      1
    12     11      1
    12      1      1
    12     13      1
    12     23      1
    12     25      1
    12     31      1
    12     40      1
    13     12      1
    13     10      1
    13      5      1
    13     20      1
    13     32      1
    13     48      1
    14      8      1
    14      5      1
    14     18      1
    14     25      1
    14     36      1
    14     41      1
    15      3      1
    15      2      1
    15     10      1
    15     16      1
    15     17      1
    15     19      1
    15     26      1
    15     43      1
    15     63      1
    16     15      1
    16     10      1
    16      2      1
    16     18      1
    16     36      1
    16     39      1
    16     44      1
    16     47      1
    16     49      1
    16     50      1
    16     60      1
    17      8      1
    17     15      1
    17     46      1
    17     67      1
    18     16      1
    18      3      1
    18     14      1
    18     20      1
    18     41      1
    19      6      1
    19     10      1
    19     15      1
    19     22      1
    19     26      1
    19     34      1
    19     62      1
    20     13      1
    20     18      1
    20      1      1
    20     24      1
    20     33      1
    20     51      1
    20     53      1
    20     54      1
    20     61      1
    21      6      1
    21     10      1
    21     30      1
    21     34      1
    21     51      1
    21     66      1
    22     19      1
    22     10      1
    22     28      1
    22     45      1
    23      7      1
    23     12      1
    23     24      1
    23     27      1
    24     23      1
    24     20      1
    24      6      1
    24     27      1
    24     32      1
    24     44      1
    24     47      1
    24     50      1
    24     58      1
    25     12      1
    25     14      1
    25     32      1
    26     15      1
    26     19      1
    26     30      1
    26     38      1
    27      4      1
    27     24      1
    27     23      1
    27     33      1
    28      4      1
    28     22      1
    28     52      1
    28     65      1
    29      9      1
    29      5      1
    29      0      1
    29     34      1
    29     43      1
    29     45      1
    29     57      1
    30     21      1
    30     26      1
    30      8      1
    31     12      1
    31      7      1
    31     37      1
    31     38      1
    31     58      1
    32     24      1
    32     13      1
    32     25      1
    33      1      1
    33     20      1
    33     27      1
    33     64      1
    34     29      1
    34     21      1
    34     19      1
    34     59      1
    34     67      1
    35      6      1
    35      3      1
    35     39      1
    35     51      1
    35     59      1
    36     14      1
    36      0      1
    36     16      1
    37     31      1
    37     10      1
    37     46      1
    37     54      1
    38     26      1
    38     31      1
    39     35      1
    39     16      1
    39     42      1
    39     46      1
    39     48      1
    40     12      1
    40      4      1
    41     14      1
    41      2      1
    41     18      1
    41     55      1
    41     62      1
    42     10      1
    42     39      1
    42     56      1
    43     15      1
    43     29      1
    43     10      1
    43     44      1
    43     66      1
    44     16      1
    44     24      1
    44     43      1
    44     56      1
    44     61      1
    45     29      1
    45     11      1
    45     22      1
    46     37      1
    46     17      1
    46     39      1
    46     63      1
    47     24      1
    47     16      1
    47      1      1
    48     13      1
    48     39      1
    49      6      1
    49     16      1
    49      0      1
    49     53      1
    50     16      1
    50     24      1
    50     52      1
    51     35      1
    51     21      1
    51     20      1
    51     59      1
    52     28      1
    52     50      1
    52     69      1
    53      0      1
    53     20      1
    53     49      1
    54     10      1
    54     37      1
    54     20      1
    54     61      1
    55     41      1
    55     11      1
    55     67      1
    56     44      1
    56     42      1
    57     29      1
    57     10      1
    58      9      1
    58     31      1
    58     24      1
    59     34      1
    59     35      1
    59     51      1
    59     68      1
    60     16      1
    60      7      1
    60      0      1
    60     63      1
    60     66      1
    61     44      1
    61     20      1
    61     54      1
    62     41      1
    62     19      1
    63     46      1
    63     15      1
    63     60      1
    63     69      1
    64     10      1
    64     33      1
    65     11      1
    65     28      1
    66     60      1
    66     21      1
    66     43      1
    67     17      1
    67     34      1
    67     55      1
    68      8      1
    68     59      1
    69     63      1
    69     52      1
    69      7      1
