COORD_X_Y 70
  1.28352   1.87996
  1.06067    2.3958
  2.95172  0.717872
  1.88624  0.810497
 0.645832   1.27121
  1.04094    1.0674
  2.42913   1.61075
  1.01015  0.591587
  2.10975    0.8996
  1.86656  0.342661
  1.76202   1.52503
  2.08014   2.09222
 0.175158   2.57673
  1.93597   2.84785
  2.27078   1.37654
  1.06757   2.57459
  0.43968   2.34775
   2.7696   2.12452
  2.75094  0.179869
  1.98507   2.55704
  0.63551  0.376331
  2.77791  0.936585
 0.682784   2.32961
  2.28126  0.927669
   2.3784   2.02718
  1.96582  0.679606
 0.801258   2.54784
 0.131561   0.94656
 0.238655   2.33855
  2.54707   1.06525
  1.58827   2.98021
 0.299062   2.59046
  1.18329  0.825451
  1.76936   1.86588
 0.364532   1.35694
   1.5186   1.26316
  1.62639   2.77381
  1.87685  0.403326
 0.233921   2.33464
  1.29141   2.21044
 0.542754   1.62382
  0.54095   1.88272
 0.903409  0.401575
 0.543168   1.17926
 0.266455   0.34303
  2.79213   1.60843
  1.12989   1.55904
 0.868177     1.896
 0.805374  0.723039
  1.00951  0.251806
  2.84543  0.334926
 0.318121   2.55816
 0.467256   2.72788
  1.64754  0.285447
  1.27938   1.19873
  1.61397   1.55849
 0.614547  0.765666
  1.88729  0.536979
  2.67085   1.12131
  1.38609   0.57355
  2.58065  0.112735
  1.63774 0.0056219
 0.242668   2.06469
  1.29908  0.275977
 0.904703   1.53768
  1.05911   2.52471
  2.94657   2.71894
 0.325486  0.186002
  1.59393   0.13433
  2.69692    2.1488
LINKS_SOURCE_DESTINATION_DISTANCE 330
     0      1      1
     0      2      1
     0      4      1
     0      6      1
     0     25      1
     0     37      1
     1      0      1
     1      4      1
     1      6      1
     1     20      1
     1     27      1
     1     32      1
     1     40      1
     1     55      1
     2      0      1
     2      3      1
     2      4      1
     2      6      1
     2      7      1
     2      8      1
     2      9      1
     2     12      1
     2     14      1
     2     16      1
     2     23      1
     2     26      1
     2     30      1
     2     40      1
     2     63      1
     3      2      1
     3      5      1
     3     11      1
     3     15      1
     3     37      1
     3     48      1
     4      2      1
     4      0      1
     4      1      1
     4      5      1
     4     12      1
     4     14      1
     4     22      1
     4     26      1
     4     31      1
     4     47      1
     4     50      1
     5      3      1
     5      4      1
     5      7      1
     5     10      1
     5     53      1
     5     62      1
     6      0      1
     6      1      1
     6      2      1
     6      8      1
     6      9      1
     6     16      1
     6     17      1
     6     21      1
     6     37      1
     6     49      1
     6     54      1
     7      5      1
     7      2      1
     7     10      1
     7     12      1
     7     13      1
     7     16      1
     7     26      1
     8      6      1
     8      2      1
     8     10      1
     8     17      1
     8     18      1
     8     23      1
     8     29      1
     8     31      1
     8     34      1
     8     63      1
     9      2      1
     9      6      1
     9     11      1
     9     17      1
     9     18      1
     9     19      1
     9     29      1
     9     62      1
    10      8      1
    10      5      1
    10      7      1
    10     11      1
    10     19      1
    10     24      1
    10     46      1
    11      9      1
    11      3      1
    11     10      1
    11     14      1
    11     21      1
    11     32      1
    11     39      1
    11     46      1
    12      4      1
    12      2      1
    12      7      1
    12     13      1
    12     19      1
    12     22      1
    12     35      1
    12     43      1
    13      7      1
    13     12      1
    14      2      1
    14      4      1
    14     11      1
    14     15      1
    14     41      1
    14     53      1
    15      3      1
    15     14      1
    15     33      1
    15     45      1
    15     57      1
    16      7      1
    16      2      1
    16      6      1
    16     20      1
    16     28      1
    16     34      1
    17      6      1
    17      8      1
    17      9      1
    18      9      1
    18      8      1
    18     25      1
    18     30      1
    19     10      1
    19      9      1
    19     12      1
    19     41      1
    19     46      1
    19     56      1
    20     16      1
    20      1      1
    20     27      1
    20     44      1
    20     53      1
    21     11      1
    21      6      1
    21     24      1
    21     69      1
    22     12      1
    22      4      1
    22     24      1
    22     41      1
    23      2      1
    23      8      1
    23     30      1
    23     38      1
    23     39      1
    24     21      1
    24     22      1
    24     10      1
    24     28      1
    24     33      1
    24     35      1
    24     36      1
    24     51      1
    24     57      1
    24     67      1
    25      0      1
    25     18      1
    25     27      1
    25     58      1
    26      2      1
    26      4      1
    26      7      1
    26     61      1
    27     20      1
    27     25      1
    27      1      1
    27     31      1
    27     49      1
    28     24      1
    28     16      1
    28     40      1
    28     60      1
    29      8      1
    29      9      1
    29     36      1
    29     38      1
    29     44      1
    29     60      1
    29     67      1
    30     18      1
    30      2      1
    30     23      1
    30     42      1
    31      4      1
    31      8      1
    31     27      1
    31     39      1
    31     47      1
    31     59      1
    31     66      1
    32     11      1
    32      1      1
    33     24      1
    33     15      1
    33     42      1
    33     45      1
    33     65      1
    34     16      1
    34      8      1
    34     43      1
    34     54      1
    34     58      1
    35     24      1
    35     12      1
    35     58      1
    35     66      1
    36     24      1
    36     29      1
    36     49      1
    36     61      1
    37      3      1
    37      6      1
    37      0      1
    38     29      1
    38     23      1
    38     62      1
    39     11      1
    39     23      1
    39     31      1
    39     52      1
    39     55      1
    40     28      1
    40      2      1
    40      1      1
    40     50      1
    40     59      1
    41     19      1
    41     14      1
    41     22      1
    41     50      1
    42     33      1
    42     30      1
    42     51      1
    42     64      1
    42     69      1
    43     34      1
    43     12      1
    43     48      1
    43     68      1
    44     29      1
    44     20      1
    44     45      1
    45     33      1
    45     15      1
    45     44      1
    45     56      1
    46     10      1
    46     11      1
    46     19      1
    47      4      1
    47     31      1
    47     54      1
    47     63      1
    47     67      1
    48      3      1
    48     43      1
    49      6      1
    49     27      1
    49     36      1
    50     41      1
    50      4      1
    50     40      1
    50     64      1
    50     68      1
    51     24      1
    51     42      1
    51     52      1
    52     51      1
    52     39      1
    52     69      1
    53     14      1
    53     20      1
    53      5      1
    54     34      1
    54     47      1
    54      6      1
    55     39      1
    55      1      1
    56     19      1
    56     45      1
    57     24      1
    57     15      1
    57     60      1
    57     65      1
    58     25      1
    58     34      1
    58     35      1
    59     31      1
    59     40      1
    60     28      1
    60     29      1
    60     57      1
    61     36      1
    61     26      1
    62     38      1
    62      9      1
    62      5      1
    63      2      1
    63     47      1
    63      8      1
    64     42      1
    64     50      1
    65     57      1
    65     33      1
    66     35      1
    66     31      1
    67     47      1
    67     24      1
    67     29      1
    68     50      1
    68     43      1
    69     21      1
    69     52      1
    69     42      1
