COORD_X_Y 10
   2.3616  0.593211
  2.28878  0.288379
 0.189751   1.00358
  1.33148    1.4365
  2.91893  0.699075
  1.68579   2.77427
  2.91627   2.20355
  1.54804  0.904932
 0.873979    0.5762
  1.27391    2.4924
LINKS_SOURCE_DESTINATION_DISTANCE 40
     0      1      1
     0      2      1
     0      4      1
     0      6      1
     1      0      1
     1      3      1
     1      5      1
     1      6      1
     1      8      1
     2      0      1
     2      4      1
     2      5      1
     2      7      1
     3      1      1
     3      4      1
     3      5      1
     3      7      1
     4      3      1
     4      0      1
     4      2      1
     4      8      1
     4      9      1
     5      2      1
     5      1      1
     5      3      1
     5      6      1
     6      0      1
     6      1      1
     6      5      1
     6      7      1
     7      6      1
     7      2      1
     7      3      1
     7      8      1
     8      4      1
     8      1      1
     8      7      1
     8      9      1
     9      8      1
     9      4      1
