COORD_X_Y 100
0.0853262   1.39713
  2.79427   2.76661
  1.17003  0.111369
  2.88868  0.940655
  1.88216  0.686013
 0.771651  0.236648
  1.79317   2.17166
  2.65343   2.05192
 0.466526   1.22964
 0.217852   1.02649
 0.664959   1.73057
 0.782343    1.3298
    2.864   2.12728
   1.8601   1.28624
  0.35784   2.18324
  1.94586  0.750033
 0.684201   1.67318
  2.97592   2.28994
 0.837538   2.19451
 0.691724   2.28438
  1.54012   2.19138
  2.77558 0.0534937
 0.935519    2.1447
  1.47189  0.293759
   2.8744   1.05814
 0.666615  0.491189
 0.368581   1.12403
  2.21001   1.61603
  2.82007   1.15035
  1.28502   2.72908
  1.44058  0.101915
  2.76851 0.0685479
  1.36261  0.493225
  2.47477   1.53338
 0.670112   2.90365
0.0658326   2.63025
  1.32709   2.48156
  1.98444   1.83265
0.0844236   1.33748
  1.33024  0.495842
 0.532712   1.72208
  1.97348   1.85082
  2.91288   2.52371
  2.27416  0.864619
  2.93455   0.21335
  2.55683   1.34401
  2.98056  0.494183
  1.08751 0.00364598
  1.97909  0.627696
  1.98119   2.59616
  2.23299   1.87278
 0.273831   2.10839
  2.08358  0.127375
 0.367739   1.28166
  1.15286   1.65909
 0.765869  0.860591
 0.388465  0.697533
  1.96681  0.263722
 0.413573   2.70695
 0.873903  0.895787
 0.137084   1.59789
  2.49454  0.853121
   1.6554   2.88778
 0.174955   2.16623
  1.23666  0.933074
 0.157455   1.40327
   2.3333   2.25843
  2.92556  0.164686
  2.17738  0.567466
  1.64213   1.31933
   1.9328  0.718794
 0.955483   1.67118
  2.74878  0.395607
  2.80105   1.47726
  1.90909   2.34155
  0.88991   1.89729
  2.26881  0.739214
 0.885341   1.20847
 0.265656    1.9259
  2.81229   2.41328
 0.201328  0.467295
 0.607759  0.136721
  1.68025   1.35149
 0.984504   1.63745
  1.71353   1.16426
   2.4352  0.417017
 0.300004     1.922
  1.93999   1.67335
  2.14417  0.143698
0.0852034   2.26877
  1.75869    1.3356
 0.869045   2.99651
  0.34971   1.18145
  1.53351  0.485775
  1.94139  0.945803
 0.743055    1.0227
 0.759806   2.63915
 0.446821  0.610458
  1.52819    2.9487
  2.91911  0.979812
LINKS_SOURCE_DESTINATION_DISTANCE 494
     0      1      1
     0      2      1
     0      4      1
     0      9      1
     0     10      1
     0     12      1
     0     20      1
     0     27      1
     0     70      1
     0     73      1
     0     81      1
     1      0      1
     1      4      1
     1      5      1
     1     10      1
     1     11      1
     1     15      1
     1     19      1
     1     24      1
     1     39      1
     1     44      1
     2      0      1
     2      3      1
     2      6      1
     2     11      1
     2     13      1
     2     16      1
     2     21      1
     2     24      1
     2     80      1
     2     98      1
     3      2      1
     3      5      1
     3      6      1
     3      7      1
     3      8      1
     3     10      1
     3     17      1
     3     22      1
     3     23      1
     3     27      1
     3     37      1
     3     44      1
     3     51      1
     4      1      1
     4      0      1
     4      5      1
     4      6      1
     4     21      1
     4     83      1
     5      1      1
     5      3      1
     5      4      1
     5      7      1
     5      8      1
     5      9      1
     5     20      1
     5     40      1
     5     67      1
     5     80      1
     6      4      1
     6      3      1
     6      2      1
     6      9      1
     6     12      1
     6     26      1
     6     43      1
     6     57      1
     6     59      1
     6     61      1
     6     79      1
     6     92      1
     7      5      1
     7      3      1
     7     11      1
     7     25      1
     7     40      1
     7     41      1
     7     42      1
     7     77      1
     7     90      1
     8      3      1
     8      5      1
     8     29      1
     8     45      1
     8     94      1
     9      0      1
     9      6      1
     9      5      1
     9     13      1
     9     18      1
     9     55      1
     9     62      1
    10      0      1
    10      1      1
    10      3      1
    10     14      1
    10     17      1
    10     18      1
    10     22      1
    10     28      1
    10     85      1
    11      7      1
    11      2      1
    11      1      1
    11     15      1
    11     19      1
    11     20      1
    11     26      1
    11     36      1
    11     58      1
    11     63      1
    12      6      1
    12      0      1
    12     29      1
    12     42      1
    12     46      1
    12     50      1
    12     54      1
    12     99      1
    13      9      1
    13      2      1
    13     14      1
    13     27      1
    13     29      1
    13     31      1
    13     38      1
    13     75      1
    14     10      1
    14     13      1
    14     31      1
    14     46      1
    14     47      1
    14     64      1
    14     96      1
    15     11      1
    15      1      1
    15     16      1
    15     30      1
    15     59      1
    15     66      1
    16      2      1
    16     15      1
    16     30      1
    16     34      1
    17     10      1
    17      3      1
    17     18      1
    17     72      1
    17     87      1
    18     10      1
    18      9      1
    18     17      1
    18     19      1
    18     23      1
    18     57      1
    18     72      1
    19     18      1
    19      1      1
    19     11      1
    19     21      1
    19     32      1
    19     34      1
    19     35      1
    19     60      1
    19     76      1
    19     83      1
    20      0      1
    20      5      1
    20     11      1
    20     28      1
    20     42      1
    20     71      1
    20     84      1
    21     19      1
    21      4      1
    21      2      1
    21     22      1
    21     31      1
    21     35      1
    21     44      1
    21     68      1
    21     91      1
    22     10      1
    22     21      1
    22      3      1
    22     25      1
    22     26      1
    22     45      1
    22     56      1
    22     60      1
    22     85      1
    23     18      1
    23      3      1
    23     41      1
    23     89      1
    24      1      1
    24      2      1
    24     38      1
    24     55      1
    24     72      1
    25      7      1
    25     22      1
    25     33      1
    25     51      1
    26     22      1
    26      6      1
    26     11      1
    26     33      1
    26     38      1
    26     77      1
    27      0      1
    27     13      1
    27      3      1
    27     32      1
    27     49      1
    27     65      1
    27     66      1
    28     10      1
    28     20      1
    28     56      1
    28     64      1
    28     86      1
    28     88      1
    28     93      1
    29     12      1
    29      8      1
    29     13      1
    29     37      1
    29     79      1
    29     91      1
    30     16      1
    30     15      1
    30     52      1
    30     63      1
    30     64      1
    31     13      1
    31     14      1
    31     21      1
    31     36      1
    31     39      1
    31     70      1
    31     74      1
    31     96      1
    32     27      1
    32     19      1
    32     36      1
    32     47      1
    33     26      1
    33     25      1
    34     16      1
    34     19      1
    34     78      1
    35     19      1
    35     21      1
    35     60      1
    35     68      1
    35     69      1
    35     78      1
    36     11      1
    36     32      1
    36     31      1
    36     65      1
    36     98      1
    37      3      1
    37     29      1
    37     74      1
    38     13      1
    38     24      1
    38     26      1
    38     59      1
    38     61      1
    38     76      1
    38     82      1
    39      1      1
    39     31      1
    39     55      1
    40      7      1
    40      5      1
    40     41      1
    40     43      1
    40     76      1
    41     40      1
    41     23      1
    41      7      1
    41     49      1
    41     51      1
    41     73      1
    42     20      1
    42     12      1
    42      7      1
    42     43      1
    42     45      1
    42     49      1
    42     54      1
    42     87      1
    43      6      1
    43     40      1
    43     42      1
    43     52      1
    44      1      1
    44      3      1
    44     21      1
    44     48      1
    44     50      1
    44     53      1
    44     69      1
    44     79      1
    45     22      1
    45     42      1
    45      8      1
    45     46      1
    45     53      1
    46     12      1
    46     45      1
    46     14      1
    46     48      1
    47     14      1
    47     32      1
    47     69      1
    48     46      1
    48     44      1
    48     71      1
    48     74      1
    48     88      1
    49     42      1
    49     27      1
    49     41      1
    50     12      1
    50     44      1
    50     52      1
    50     58      1
    51     25      1
    51      3      1
    51     41      1
    51     53      1
    51     61      1
    52     43      1
    52     50      1
    52     30      1
    52     54      1
    52     63      1
    52     87      1
    53     45      1
    53     51      1
    53     44      1
    53     82      1
    54     52      1
    54     12      1
    54     42      1
    54     73      1
    54     94      1
    55     24      1
    55     39      1
    55      9      1
    55     62      1
    56     28      1
    56     22      1
    56     71      1
    57      6      1
    57     18      1
    58     50      1
    58     11      1
    58     62      1
    59      6      1
    59     38      1
    59     15      1
    60     35      1
    60     19      1
    60     22      1
    60     67      1
    60     68      1
    61     38      1
    61     51      1
    61      6      1
    62     58      1
    62      9      1
    62     55      1
    62     93      1
    63     11      1
    63     52      1
    63     30      1
    63     90      1
    64     30      1
    64     14      1
    64     28      1
    65     27      1
    65     36      1
    65     67      1
    65     95      1
    66     15      1
    66     27      1
    67     60      1
    67     65      1
    67      5      1
    68     21      1
    68     60      1
    68     35      1
    68     77      1
    68     81      1
    68     97      1
    69     47      1
    69     44      1
    69     35      1
    69     84      1
    69     94      1
    69     96      1
    70     31      1
    70      0      1
    71     48      1
    71     20      1
    71     56      1
    71     92      1
    72     24      1
    72     18      1
    72     17      1
    73      0      1
    73     54      1
    73     41      1
    74     31      1
    74     37      1
    74     48      1
    74     75      1
    74     85      1
    74     99      1
    75     74      1
    75     13      1
    75     99      1
    76     38      1
    76     40      1
    76     19      1
    77     26      1
    77     68      1
    77      7      1
    78     34      1
    78     35      1
    79     44      1
    79      6      1
    79     29      1
    79     81      1
    80      5      1
    80      2      1
    81      0      1
    81     79      1
    81     68      1
    82     38      1
    82     53      1
    82     84      1
    83      4      1
    83     19      1
    83     98      1
    84     82      1
    84     20      1
    84     69      1
    84     86      1
    85     22      1
    85     74      1
    85     10      1
    86     28      1
    86     84      1
    87     17      1
    87     52      1
    87     42      1
    87     89      1
    88     28      1
    88     48      1
    88     95      1
    89     23      1
    89     87      1
    90     63      1
    90      7      1
    90     97      1
    91     21      1
    91     29      1
    92     71      1
    92      6      1
    93     62      1
    93     28      1
    94     54      1
    94      8      1
    94     69      1
    95     88      1
    95     65      1
    96     14      1
    96     31      1
    96     69      1
    97     90      1
    97     68      1
    98     83      1
    98     36      1
    98      2      1
    99     12      1
    99     75      1
    99     74      1
