COORD_X_Y 110
  0.44709  0.416376
  1.13578  0.746495
   2.4465   2.92777
  2.26515   1.20282
  1.99051   2.72006
  1.98225   2.51424
   2.5905  0.381028
 0.544773   2.26903
   2.3381   1.78198
   2.5765  0.384764
  1.21174    2.6472
  2.30614  0.838453
   2.2281   2.86617
  0.71609   2.99286
  2.64178   1.09826
 0.696865   2.17842
   1.0527   0.50886
 0.488864    1.6522
 0.206163  0.177485
  2.14942   1.80896
  2.57445   1.58788
  2.05555   2.59713
 0.954624  0.883885
  2.06269  0.686459
0.0226937   2.74459
  1.08894   0.21216
   2.6962   2.80741
 0.405583   1.22315
   2.2915  0.270568
 0.391768   2.04438
 0.563091   0.99788
  2.99057   1.74116
  1.87966   1.52482
  2.88254   2.26371
  2.12663   1.42436
 0.687484   2.51224
 0.458539  0.326038
 0.650507    1.1967
  1.29869   1.83938
 0.878918   1.30252
  2.06629   2.72718
  1.56433   2.52757
    1.062   0.22316
  2.59944   1.72847
  1.51821  0.908291
  2.42493   2.38231
 0.299568   2.01288
 0.802226  0.937061
  2.14274   0.81735
  0.65512   2.39802
  1.29686    1.4666
  1.35658   2.95429
  1.24957  0.043503
  1.96757   2.39812
   1.6475  0.445621
 0.726395   2.31825
  2.04692   2.57621
 0.480519   1.41916
 0.595408   1.67368
  1.08083   2.82678
  1.49054    2.0049
  1.29609   1.72525
  1.81402   2.39333
 0.553551   2.40955
  2.84717   2.30251
  1.95999  0.105067
  2.60743   2.50738
  1.40671   1.01865
  2.20444  0.355372
  2.42658   1.44413
  2.25149   2.78102
 0.549034   1.40551
  1.17633   1.72389
  2.42969   1.69172
  2.60771   1.72537
  2.53326   1.91168
 0.767578  0.238232
  2.34767   2.43476
  2.51982    2.4042
  1.40635   2.46506
  2.51773     1.719
  2.01792   2.98453
 0.609811  0.640049
  2.45391   2.88077
  1.81878   2.41565
 0.801363   2.76562
  2.06619   2.39004
  1.97952   2.05521
  2.04406   2.44466
  1.18492   1.68761
 0.139074    2.9378
 0.879387   2.81447
  2.93757   1.86463
  1.08053   1.06012
  2.80006   1.61925
 0.305274  0.276822
  2.44868   0.41132
  2.15066  0.428331
  2.42658  0.882723
  2.18471   1.00414
  2.92732   2.86121
 0.499007   2.15457
   1.3715   1.07864
 0.448289   2.02611
  2.07694   2.53056
  1.53636   1.51734
 0.325029   2.26891
  2.09726   2.63201
 0.141819   0.03243
  2.41456   1.93989
LINKS_SOURCE_DESTINATION_DISTANCE 536
     0      1      1
     0      4      1
     0      6      1
     0     18      1
     0     49      1
     0     51      1
     0     98      1
     1      0      1
     1      2      1
     1      3      1
     1      4      1
     1      9      1
     1     10      1
     1     11      1
     1     12      1
     1     13      1
     1     14      1
     1     16      1
     1     19      1
     1     20      1
     1     45      1
     2      1      1
     2      4      1
     2      5      1
     2      6      1
     2      7      1
     2      8      1
     2      9      1
     2     10      1
     2     24      1
     2     49      1
     2     69      1
     2     75      1
     3      1      1
     3     11      1
     3     17      1
     3     25      1
     3     26      1
     3     28      1
     3     44      1
     3     93      1
     4      1      1
     4      2      1
     4      0      1
     4      5      1
     4      8      1
     4      9      1
     4     14      1
     4     15      1
     4     23      1
     4     54      1
     5      4      1
     5      2      1
     5      7      1
     5     17      1
     5     32      1
     5     38      1
     5     89      1
     5     90      1
     6      0      1
     6      2      1
     6      7      1
     6     12      1
     6     15      1
     6     27      1
     6     43      1
     6     61      1
     7      2      1
     7      6      1
     7      5      1
     7      8      1
     7     10      1
     7     13      1
     7     19      1
     7     21      1
     7     24      1
     7     28      1
     7     47      1
     7    106      1
     8      2      1
     8      4      1
     8      7      1
     8     13      1
     8     23      1
     8     26      1
     8     29      1
     8     56      1
     8     57      1
     8     66      1
     8     85      1
     9      4      1
     9      1      1
     9      2      1
     9     11      1
     9     14      1
     9     18      1
     9     20      1
     9     23      1
     9     29      1
     9     41      1
     9     44      1
     9     55      1
     9     60      1
     9     79      1
    10      7      1
    10      1      1
    10      2      1
    10     31      1
    10     40      1
    10     50      1
    10     59      1
    10     80      1
    10     99      1
    11      9      1
    11      1      1
    11      3      1
    11     15      1
    11     17      1
    11     20      1
    11     22      1
    11     27      1
    11     36      1
    12      1      1
    12      6      1
    12     16      1
    12     21      1
    12     54      1
    12     64      1
    12     72      1
    12     79      1
    12     81      1
    13      8      1
    13      1      1
    13      7      1
    13     18      1
    13     56      1
    14      4      1
    14      9      1
    14      1      1
    14     22      1
    14     24      1
    14     33      1
    14     35      1
    14     67      1
    14    109      1
    15      4      1
    15      6      1
    15     11      1
    16      1      1
    16     12      1
    16     31      1
    16     34      1
    16     39      1
    16     46      1
    16     58      1
    16     70      1
    16    105      1
    17      5      1
    17      3      1
    17     11      1
    17     25      1
    17     32      1
    17     52      1
    17     99      1
    18      0      1
    18      9      1
    18     13      1
    18     30      1
    18     35      1
    18     47      1
    18     64      1
    19      7      1
    19      1      1
    19     27      1
    19     82      1
    19     87      1
    19     88      1
    20     11      1
    20      1      1
    20      9      1
    20     36      1
    20     52      1
    20     84      1
    21      7      1
    21     12      1
    21     87      1
    22     14      1
    22     11      1
    22     68      1
    22     96      1
    23      4      1
    23      8      1
    23      9      1
    23     66      1
    23     97      1
    24     14      1
    24      2      1
    24      7      1
    24     40      1
    24     73      1
    25      3      1
    25     17      1
    25     34      1
    25     39      1
    25     97      1
    25    100      1
    25    105      1
    26      3      1
    26      8      1
    26     42      1
    26     56      1
    26     60      1
    27     19      1
    27     11      1
    27      6      1
    27     30      1
    27     34      1
    27     37      1
    27     74      1
    27     77      1
    27     81      1
    28      7      1
    28      3      1
    28     33      1
    28     43      1
    28     48      1
    28     68      1
    28     96      1
    29      8      1
    29      9      1
    29     47      1
    29     59      1
    29     62      1
    29     84      1
    30     18      1
    30     27      1
    30     37      1
    31     10      1
    31     16      1
    31     44      1
    31     70      1
    31     84      1
    32      5      1
    32     17      1
    32     38      1
    32     45      1
    33     28      1
    33     14      1
    33     86      1
    34     27      1
    34     16      1
    34     25      1
    34     39      1
    34     52      1
    34     82      1
    34    105      1
    35     14      1
    35     18      1
    35     67      1
    35     85      1
    35     98      1
    35    100      1
    36     20      1
    36     11      1
    36     51      1
    36     59      1
    36     63      1
    37     30      1
    37     27      1
    37     41      1
    37     43      1
    37     48      1
    37     51      1
    37     83      1
    38      5      1
    38     32      1
    38     45      1
    38     60      1
    38     71      1
    39     34      1
    39     16      1
    39     25      1
    39     53      1
    39     90      1
    40     10      1
    40     24      1
    40     41      1
    40     42      1
    40     65      1
    40     69      1
    41      9      1
    41     37      1
    41     40      1
    41     46      1
    41     57      1
    41     63      1
    41     71      1
    42     26      1
    42     40      1
    43     37      1
    43      6      1
    43     28      1
    43     76      1
    44      3      1
    44      9      1
    44     31      1
    44     48      1
    44    101      1
    45     38      1
    45      1      1
    45     32      1
    45     55      1
    45     73      1
    46     16      1
    46     41      1
    46     49      1
    46     54      1
    46     62      1
    47      7      1
    47     29      1
    47     18      1
    47    109      1
    48     28      1
    48     37      1
    48     44      1
    48     50      1
    48     61      1
    48     92      1
    48     95      1
    48    107      1
    49     46      1
    49      2      1
    49      0      1
    49     53      1
    49     68      1
    49     74      1
    49     83      1
    49     88      1
    50     10      1
    50     48      1
    50     58      1
    50     66      1
    51     37      1
    51      0      1
    51     36      1
    52     34      1
    52     17      1
    52     20      1
    52    108      1
    53     39      1
    53     49      1
    53     96      1
    53    103      1
    54     12      1
    54     46      1
    54      4      1
    54     61      1
    54     89      1
    55      9      1
    55     45      1
    55     65      1
    55     99      1
    56     13      1
    56      8      1
    56     26      1
    57     41      1
    57      8      1
    57     95      1
    58     16      1
    58     50      1
    59     29      1
    59     10      1
    59     36      1
    59     67      1
    59     75      1
    60     26      1
    60     38      1
    60      9      1
    61      6      1
    61     54      1
    61     48      1
    61     73      1
    61     86      1
    61     92      1
    62     29      1
    62     46      1
    62     78      1
    63     36      1
    63     41      1
    63     70      1
    63    102      1
    63    106      1
    63    109      1
    64     18      1
    64     12      1
    64     71      1
    65     40      1
    65     55      1
    65     89      1
    66      8      1
    66     23      1
    66     50      1
    66    108      1
    67     35      1
    67     14      1
    67     59      1
    67     78      1
    68     22      1
    68     28      1
    68     49      1
    68     72      1
    68     85      1
    68     91      1
    69      2      1
    69     40      1
    69     97      1
    70     16      1
    70     31      1
    70     63      1
    70     80      1
    71     64      1
    71     38      1
    71     41      1
    71     79      1
    72     68      1
    72     12      1
    72     82      1
    73     24      1
    73     61      1
    73     45      1
    73     94      1
    74     49      1
    74     27      1
    74     76      1
    75      2      1
    75     59      1
    75     77      1
    76     74      1
    76     43      1
    76     83      1
    77     27      1
    77     75      1
    78     67      1
    78     62      1
    79     71      1
    79     12      1
    79      9      1
    79     93      1
    80     10      1
    80     70      1
    80     91      1
    81     12      1
    81     27      1
    81    101      1
    82     34      1
    82     72      1
    82     19      1
    82     91      1
    83     76      1
    83     37      1
    83     49      1
    83    104      1
    84     20      1
    84     29      1
    84     31      1
    84    101      1
    85     68      1
    85     35      1
    85      8      1
    85     88      1
    85    102      1
    86     33      1
    86     61      1
    87     21      1
    87     19      1
    87     92      1
    87     94      1
    88     19      1
    88     49      1
    88     85      1
    89     65      1
    89      5      1
    89     54      1
    90      5      1
    90     39      1
    91     80      1
    91     68      1
    91     82      1
    91     94      1
    92     48      1
    92     61      1
    92     87      1
    93      3      1
    93     79      1
    94     73      1
    94     87      1
    94     91      1
    95     48      1
    95     57      1
    95    103      1
    96     53      1
    96     22      1
    96     28      1
    96    107      1
    97     25      1
    97     69      1
    97     23      1
    97    104      1
    98     35      1
    98      0      1
    99     17      1
    99     10      1
    99     55      1
   100     35      1
   100     25      1
   101     81      1
   101     84      1
   101     44      1
   102     63      1
   102     85      1
   103     95      1
   103     53      1
   104     83      1
   104     97      1
   105     25      1
   105     16      1
   105     34      1
   106     63      1
   106      7      1
   107     96      1
   107     48      1
   108     52      1
   108     66      1
   109     14      1
   109     63      1
   109     47      1
