COORD_X_Y 90
  1.22193   2.30179
   2.1678   2.72428
  2.72497    1.1405
  1.41594  0.685509
  2.09373  0.855217
 0.752781    2.9611
  1.43103   2.03519
  2.35391   2.19797
   1.8787  0.857521
 0.856294   2.25958
  1.82629   2.51943
 0.114238    2.6038
  2.53334   2.53969
  1.88178  0.367568
 0.176991   2.92173
  2.40469   2.10674
 0.619457  0.329896
  1.54606   2.05701
  2.98955   1.61458
  2.78139   1.31176
 0.677403   2.60085
  2.35224  0.871989
 0.371174 0.0601289
  2.91342   2.05926
  2.13114 0.00862907
 0.978632   1.04955
  2.64209   1.07197
 0.882508  0.738201
 0.235175   1.11909
 0.307463   1.11664
 0.784803    2.4545
 0.343643  0.231101
  2.90292   1.15198
  2.30537  0.849735
 0.865654  0.370936
  2.30543  0.308074
  2.44818  0.128021
  1.41825   2.43428
  1.42143   1.90127
  2.40255  0.239858
   1.3721   2.18703
 0.593364   2.62494
  2.95847   2.20718
  1.10501   1.80451
  1.94242   1.30885
  1.17719   2.56372
  1.63192   1.36371
  1.59737   2.33995
 0.995402  0.646949
  0.56374   1.04778
 0.267764   2.78611
  1.77022  0.925974
  1.52315   2.07331
  0.97795   2.29897
  1.10202   0.64434
  2.26625  0.668855
  1.51126   2.85042
 0.587692   2.59721
  2.15316   2.22823
  1.97394  0.636024
 0.389028   1.19744
  2.34636   1.97685
   1.1591   1.14776
  2.60547  0.686993
  2.13242  0.191738
  2.43561   1.57557
  2.17227   2.51216
 0.958006   2.64331
  2.85751  0.714011
  1.33717   1.65225
 0.312042   2.92161
  2.61662   2.03425
  2.14601  0.469145
  1.01494   2.17039
  1.84851   2.33343
 0.830735   0.15355
  2.81749   1.89212
  2.55842   2.65092
  2.34438   1.78797
  2.18114   2.71003
  2.04821   1.90877
  2.22389   1.25036
  2.76171   1.87891
  1.56052    2.2807
  1.90002  0.532675
 0.717189    2.3289
 0.756133   2.02256
   2.9391   1.26442
  2.91177   2.05046
  2.25235   1.20805
LINKS_SOURCE_DESTINATION_DISTANCE 442
     0      1      1
     0      2      1
     0      4      1
     0     10      1
     0     18      1
     0     50      1
     0     81      1
     1      0      1
     1      5      1
     1      7      1
     1      8      1
     1     27      1
     1     62      1
     2      0      1
     2      3      1
     2      4      1
     2      5      1
     2      6      1
     2      7      1
     2     11      1
     2     12      1
     2     17      1
     2     64      1
     2     70      1
     3      2      1
     3      4      1
     3      6      1
     3      8      1
     3      9      1
     3     22      1
     3     23      1
     3     25      1
     3     45      1
     4      2      1
     4      0      1
     4      3      1
     4      6      1
     4     13      1
     4     14      1
     4     19      1
     4     27      1
     4     51      1
     4     60      1
     4     74      1
     5      1      1
     5      2      1
     5     26      1
     5     43      1
     5     61      1
     6      3      1
     6      2      1
     6      4      1
     6      9      1
     6     10      1
     6     11      1
     6     14      1
     6     16      1
     6     17      1
     6     18      1
     6     21      1
     6     26      1
     6     28      1
     6     32      1
     6     43      1
     6     46      1
     6     47      1
     6     48      1
     7      1      1
     7      2      1
     7      8      1
     7     11      1
     7     16      1
     7     24      1
     7     30      1
     7     44      1
     8      3      1
     8      1      1
     8      7      1
     8     12      1
     8     13      1
     8     20      1
     8     28      1
     8     36      1
     8     41      1
     8     45      1
     9      3      1
     9      6      1
     9     13      1
     9     14      1
     9     22      1
     9     26      1
     9     39      1
     9     44      1
     9     55      1
    10      6      1
    10      0      1
    10     15      1
    10     23      1
    10     32      1
    10     39      1
    10     82      1
    11      6      1
    11      7      1
    11      2      1
    11     31      1
    12      8      1
    12      2      1
    12     15      1
    12     23      1
    12     28      1
    12     33      1
    12     49      1
    13      9      1
    13      4      1
    13      8      1
    13     20      1
    13     24      1
    13     30      1
    13     35      1
    13     39      1
    13     73      1
    13     83      1
    14      6      1
    14      4      1
    14      9      1
    14     29      1
    14     50      1
    15     10      1
    15     12      1
    15     17      1
    15     18      1
    15     22      1
    15     29      1
    15     37      1
    15     58      1
    16      7      1
    16      6      1
    16     19      1
    16     87      1
    17     15      1
    17      6      1
    17      2      1
    17     30      1
    18     15      1
    18      6      1
    18      0      1
    18     25      1
    18     33      1
    18     34      1
    18     38      1
    18     41      1
    18     47      1
    18     52      1
    18     68      1
    18     88      1
    19     16      1
    19      4      1
    19     21      1
    19     38      1
    19     61      1
    19     75      1
    20      8      1
    20     13      1
    20     32      1
    20     41      1
    20     78      1
    20     81      1
    21      6      1
    21     19      1
    21     31      1
    21     34      1
    21     58      1
    21     71      1
    22      9      1
    22     15      1
    22      3      1
    22     29      1
    22     54      1
    22     82      1
    23     12      1
    23      3      1
    23     10      1
    23     27      1
    23     40      1
    23     66      1
    23     89      1
    24     13      1
    24      7      1
    24     76      1
    24     77      1
    24     83      1
    25      3      1
    25     18      1
    25     68      1
    25     72      1
    25     87      1
    26      5      1
    26      9      1
    26      6      1
    26     42      1
    26     51      1
    26     56      1
    26     59      1
    26     73      1
    27      4      1
    27     23      1
    27      1      1
    27     57      1
    28      8      1
    28      6      1
    28     12      1
    28     52      1
    28     53      1
    29     14      1
    29     15      1
    29     22      1
    29     45      1
    29     46      1
    29     77      1
    30      7      1
    30     17      1
    30     13      1
    30     40      1
    30     42      1
    30     48      1
    31     11      1
    31     21      1
    31     37      1
    31     56      1
    31     65      1
    32      6      1
    32     10      1
    32     20      1
    32     35      1
    32     44      1
    32     60      1
    32     79      1
    33     12      1
    33     18      1
    33     34      1
    33     46      1
    34     18      1
    34     33      1
    34     21      1
    34     36      1
    34     55      1
    34     66      1
    34     81      1
    35     13      1
    35     32      1
    35     52      1
    35     53      1
    35     85      1
    36      8      1
    36     34      1
    36     80      1
    37     31      1
    37     15      1
    37     42      1
    37     54      1
    37     57      1
    38     18      1
    38     19      1
    39     13      1
    39     10      1
    39      9      1
    39     63      1
    39     74      1
    40     23      1
    40     30      1
    40     43      1
    40     49      1
    40     60      1
    40     69      1
    40     71      1
    40     79      1
    40     86      1
    40     87      1
    41     20      1
    41     18      1
    41      8      1
    42     26      1
    42     30      1
    42     37      1
    43      6      1
    43     40      1
    43      5      1
    43     67      1
    44      9      1
    44      7      1
    44     32      1
    45      3      1
    45     29      1
    45      8      1
    45     65      1
    45     70      1
    46     33      1
    46      6      1
    46     29      1
    46     66      1
    47      6      1
    47     18      1
    47     59      1
    48     30      1
    48      6      1
    48     58      1
    49     40      1
    49     12      1
    49     57      1
    50      0      1
    50     14      1
    50     64      1
    50     74      1
    51     26      1
    51      4      1
    51     65      1
    51     89      1
    52     28      1
    52     35      1
    52     18      1
    53     35      1
    53     28      1
    53     62      1
    53     67      1
    54     22      1
    54     37      1
    54     79      1
    55      9      1
    55     34      1
    55     84      1
    56     26      1
    56     31      1
    56     59      1
    57     27      1
    57     37      1
    57     49      1
    57     72      1
    58     15      1
    58     48      1
    58     21      1
    58     63      1
    58     67      1
    58     85      1
    59     56      1
    59     26      1
    59     47      1
    59     63      1
    59     83      1
    60      4      1
    60     32      1
    60     40      1
    60     61      1
    60     85      1
    61     19      1
    61     60      1
    61      5      1
    62      1      1
    62     53      1
    62     68      1
    62     75      1
    62     76      1
    63     59      1
    63     58      1
    63     39      1
    63     84      1
    64      2      1
    64     50      1
    65     51      1
    65     45      1
    65     31      1
    65     69      1
    65     70      1
    65     78      1
    66     23      1
    66     46      1
    66     34      1
    66     76      1
    67     58      1
    67     43      1
    67     53      1
    68     18      1
    68     25      1
    68     62      1
    68     73      1
    69     40      1
    69     65      1
    70     65      1
    70      2      1
    70     45      1
    70     88      1
    71     40      1
    71     21      1
    72     25      1
    72     57      1
    72     80      1
    73     68      1
    73     26      1
    73     13      1
    73     78      1
    73     84      1
    74      4      1
    74     50      1
    74     39      1
    75     19      1
    75     62      1
    76     24      1
    76     62      1
    76     66      1
    76     86      1
    77     29      1
    77     24      1
    78     65      1
    78     73      1
    78     20      1
    79     32      1
    79     54      1
    79     40      1
    80     36      1
    80     72      1
    81      0      1
    81     34      1
    81     20      1
    82     22      1
    82     10      1
    83     13      1
    83     24      1
    83     59      1
    84     73      1
    84     55      1
    84     63      1
    85     60      1
    85     58      1
    85     35      1
    86     76      1
    86     40      1
    87     16      1
    87     25      1
    87     40      1
    88     18      1
    88     70      1
    89     51      1
    89     23      1
