COORD_X_Y 10
  2.49643   1.29318
 0.912391  0.190709
  2.43184   2.75338
  0.99797   1.52355
 0.661792   2.32762
  2.64671   2.05017
  0.80333   2.68192
  2.31294  0.297933
  2.18906   1.05344
  1.15728   1.13617
LINKS_SOURCE_DESTINATION_DISTANCE 34
     0      1      1
     0      5      1
     0      6      1
     1      0      1
     1      2      1
     1      3      1
     1      4      1
     1      5      1
     1      8      1
     2      1      1
     2      4      1
     2      7      1
     2      9      1
     3      1      1
     3      5      1
     3      7      1
     3      8      1
     4      2      1
     4      1      1
     5      1      1
     5      0      1
     5      3      1
     5      6      1
     6      0      1
     6      5      1
     6      7      1
     6      9      1
     7      6      1
     7      3      1
     7      2      1
     8      1      1
     8      3      1
     9      2      1
     9      6      1
