COORD_X_Y 90
  1.05535   1.21173
 0.762142   1.40242
  1.81015   1.20185
  1.83386  0.731613
 0.992486     2.844
  2.43224    2.6327
 0.328152   1.68672
  1.76651   2.96337
  2.63327   1.21793
  2.44503    2.6386
  1.51696  0.572991
  1.54539  0.755893
  1.58285  0.986927
   2.1909   1.88005
  2.78116   2.87956
  1.09901   1.36953
  1.01804   1.12769
  1.20781   1.71826
  2.60673    1.0756
 0.595849  0.689988
  1.43138   1.19378
  1.29654   1.14133
   1.6406   2.62538
 0.863829   1.47188
 0.582367   1.34494
  1.36585   2.51495
 0.354442   1.12469
 0.422032  0.128986
 0.491595   1.47569
 0.396603   2.86584
  1.63792   2.77681
  2.48612   2.38362
  1.84827   2.85866
  2.79176    1.1867
 0.964154   1.09649
  0.12607    1.2396
 0.548247    1.4058
 0.332323  0.982054
  1.76285     1.472
  1.00756  0.317462
 0.584177 0.0699445
  2.54974  0.522133
 0.568031   1.90008
   2.8441   2.31177
 0.854971    2.3372
 0.989207  0.157539
0.0781189 0.00103548
  0.48515  0.941506
  1.49462   1.44526
  2.26809  0.558247
 0.586018   2.53022
    2.598  0.822467
 0.559556   1.64026
  2.47892  0.300824
  2.42734   2.64272
  2.62036   1.98181
  1.59567   1.15934
 0.394469   2.69989
  2.17591   1.41061
   1.0721   2.22688
  2.39274   2.18042
  1.66494   1.42869
 0.783103   1.00477
  1.65563   1.51844
  1.41366   2.11507
  0.39536  0.788612
  2.04507  0.345175
 0.432289   1.74883
  2.43919   1.69668
   1.4105  0.196414
  2.19679  0.597063
  1.18776   2.10373
  1.79328   2.40954
  2.03377  0.759906
 0.397371   1.19602
  1.67713   2.65469
 0.874106  0.220458
 0.476746   2.47821
  2.61805   1.52596
  1.19077   2.40723
  0.84849   1.17269
  2.01493    1.9611
  1.03767   1.24196
 0.101962   1.83113
  1.24801  0.260672
 0.468459   2.39829
  2.81415   1.89233
  2.55394   1.98897
  1.11633  0.284682
0.0942515   1.54355
LINKS_SOURCE_DESTINATION_DISTANCE 438
     0      1      1
     0      2      1
     0      4      1
     0      9      1
     0     12      1
     0     13      1
     0     14      1
     0     15      1
     0     45      1
     0     62      1
     1      0      1
     1      4      1
     1      5      1
     1      6      1
     1      8      1
     1     10      1
     1     11      1
     1     21      1
     1     23      1
     1     30      1
     2      0      1
     2      3      1
     2      5      1
     2     23      1
     2     33      1
     3      2      1
     3      4      1
     3      5      1
     3      6      1
     3     14      1
     3     25      1
     3     35      1
     3     38      1
     4      3      1
     4      0      1
     4      1      1
     4      6      1
     4     15      1
     4     16      1
     4     51      1
     4     55      1
     5      2      1
     5      1      1
     5      3      1
     5      7      1
     5      9      1
     5     29      1
     5     41      1
     5     53      1
     5     80      1
     6      1      1
     6      4      1
     6      3      1
     6      7      1
     6      8      1
     6      9      1
     6     11      1
     6     19      1
     6     31      1
     6     49      1
     6     55      1
     6     80      1
     7      6      1
     7      5      1
     7     10      1
     7     17      1
     7     24      1
     7     26      1
     7     37      1
     7     47      1
     8      1      1
     8      6      1
     8     10      1
     8     12      1
     8     16      1
     8     19      1
     8     50      1
     9      5      1
     9      0      1
     9      6      1
     9     14      1
     9     20      1
     9     30      1
     9     53      1
    10      7      1
    10      8      1
    10      1      1
    10     11      1
    10     15      1
    10     20      1
    10     21      1
    10     22      1
    10     29      1
    10     34      1
    10     40      1
    10     48      1
    10     62      1
    10     65      1
    10     87      1
    11     10      1
    11      1      1
    11      6      1
    11     12      1
    11     17      1
    11     26      1
    11     31      1
    11     46      1
    11     60      1
    11     82      1
    11     86      1
    11     88      1
    12     11      1
    12      8      1
    12      0      1
    12     13      1
    12     18      1
    12     23      1
    12     35      1
    12     61      1
    12     68      1
    13      0      1
    13     12      1
    13     21      1
    13     28      1
    13     32      1
    13     39      1
    14      9      1
    14      3      1
    14      0      1
    14     27      1
    14     51      1
    14     52      1
    14     66      1
    14     68      1
    15      0      1
    15     10      1
    15      4      1
    15     22      1
    15     41      1
    15     44      1
    15     89      1
    16      4      1
    16      8      1
    16     17      1
    16     18      1
    16     46      1
    16     58      1
    16     67      1
    17      7      1
    17     11      1
    17     16      1
    17     20      1
    17     25      1
    17     27      1
    17     32      1
    17     40      1
    17     42      1
    17     54      1
    17     83      1
    17     85      1
    18     12      1
    18     16      1
    18     36      1
    18     77      1
    18     82      1
    18     89      1
    19      6      1
    19      8      1
    19     26      1
    19     28      1
    19     31      1
    19     37      1
    19     54      1
    20     10      1
    20     17      1
    20      9      1
    20     48      1
    20     72      1
    20     79      1
    21      1      1
    21     13      1
    21     10      1
    21     22      1
    22     10      1
    22     21      1
    22     15      1
    22     45      1
    22     59      1
    22     69      1
    22     78      1
    23      2      1
    23      1      1
    23     12      1
    23     24      1
    23     27      1
    23     38      1
    23     81      1
    23     83      1
    24     23      1
    24      7      1
    24     39      1
    24     53      1
    24     54      1
    24     56      1
    24     66      1
    24     70      1
    25      3      1
    25     17      1
    26     19      1
    26      7      1
    26     11      1
    26     49      1
    26     59      1
    26     70      1
    27     14      1
    27     23      1
    27     17      1
    27     44      1
    27     71      1
    28     13      1
    28     19      1
    28     43      1
    28     55      1
    28     75      1
    28     78      1
    29      5      1
    29     10      1
    29     34      1
    29     82      1
    30      9      1
    30      1      1
    30     33      1
    30     70      1
    31      6      1
    31     11      1
    31     19      1
    31     32      1
    31     36      1
    31     39      1
    31     41      1
    32     17      1
    32     31      1
    32     13      1
    32     76      1
    32     81      1
    33      2      1
    33     30      1
    33     42      1
    34     10      1
    34     29      1
    34     65      1
    35     12      1
    35      3      1
    35     49      1
    36     18      1
    36     31      1
    36     64      1
    36     69      1
    37      7      1
    37     19      1
    37     83      1
    38     23      1
    38      3      1
    38     43      1
    38     74      1
    38     76      1
    38     86      1
    38     88      1
    39     24      1
    39     31      1
    39     13      1
    39     79      1
    39     89      1
    40     10      1
    40     17      1
    40     50      1
    40     77      1
    41      5      1
    41     15      1
    41     31      1
    41     44      1
    41     65      1
    42     17      1
    42     33      1
    42     46      1
    42     47      1
    42     48      1
    42     52      1
    42     58      1
    42     74      1
    43     28      1
    43     38      1
    43     57      1
    43     88      1
    44     27      1
    44     15      1
    44     41      1
    44     56      1
    44     73      1
    45      0      1
    45     22      1
    45     63      1
    45     80      1
    46     11      1
    46     16      1
    46     42      1
    47      7      1
    47     42      1
    48     20      1
    48     42      1
    48     10      1
    49      6      1
    49     26      1
    49     35      1
    49     52      1
    50      8      1
    50     40      1
    50     60      1
    51      4      1
    51     14      1
    51     84      1
    52     14      1
    52     49      1
    52     42      1
    52     60      1
    52     68      1
    53      5      1
    53      9      1
    53     24      1
    53     64      1
    54     19      1
    54     17      1
    54     24      1
    54     61      1
    55     28      1
    55      4      1
    55      6      1
    55     63      1
    56     44      1
    56     24      1
    56     57      1
    57     43      1
    57     56      1
    57     61      1
    57     71      1
    58     42      1
    58     16      1
    58     71      1
    58     72      1
    59     22      1
    59     26      1
    59     63      1
    59     67      1
    60     50      1
    60     11      1
    60     52      1
    61     54      1
    61     57      1
    61     12      1
    61     73      1
    62     10      1
    62      0      1
    62     69      1
    63     59      1
    63     55      1
    63     45      1
    64     36      1
    64     53      1
    65     41      1
    65     10      1
    65     34      1
    65     81      1
    66     14      1
    66     24      1
    67     16      1
    67     59      1
    68     12      1
    68     52      1
    68     14      1
    69     22      1
    69     36      1
    69     62      1
    69     75      1
    69     87      1
    70     24      1
    70     30      1
    70     26      1
    70     76      1
    70     84      1
    71     57      1
    71     58      1
    71     27      1
    72     20      1
    72     58      1
    73     61      1
    73     44      1
    74     38      1
    74     42      1
    75     28      1
    75     69      1
    75     85      1
    76     38      1
    76     32      1
    76     70      1
    77     40      1
    77     18      1
    78     28      1
    78     22      1
    78     84      1
    79     20      1
    79     39      1
    80      6      1
    80      5      1
    80     45      1
    81     32      1
    81     65      1
    81     23      1
    82     18      1
    82     11      1
    82     29      1
    83     37      1
    83     17      1
    83     23      1
    84     78      1
    84     70      1
    84     51      1
    85     75      1
    85     17      1
    86     38      1
    86     11      1
    87     69      1
    87     10      1
    88     38      1
    88     43      1
    88     11      1
    89     18      1
    89     15      1
    89     39      1
