COORD_X_Y 70
  2.33848    1.3379
  2.31339   1.27904
  2.22742   2.65478
  1.93933   1.32365
  0.15626  0.632694
  2.76098   1.79542
  1.12267  0.907854
  2.43772   2.47543
  1.03732    1.4127
  2.34833  0.823735
  1.68082   1.53102
  2.85864   2.96057
  1.57304   2.14418
  2.45535   2.91579
 0.533026   2.45313
   2.8587   1.74695
   1.7419   1.24673
 0.851375   1.66598
 0.548983   2.15235
  1.05167  0.422513
  1.70619   2.95874
 0.506295   1.73955
  1.69818   2.01007
  1.12125   2.45289
  1.91666   1.95337
  1.77009   1.30023
 0.816354   2.72669
   2.5655  0.492743
  1.71589  0.433213
  2.32601   2.26151
 0.365447   1.58106
  1.02859   1.34984
  1.73357   2.71328
  1.92256   1.82273
  1.46609   2.60694
 0.698617  0.303262
  1.55116  0.636696
  2.90924   2.90136
 0.169778   2.76138
  1.51637   2.14362
  2.41442   2.75361
 0.870404 0.0758939
 0.125757   1.36807
  1.78252   2.23888
  2.40781  0.210847
  1.77378   2.59173
  1.59463   1.14193
  1.46433   1.36095
  0.14244   2.21573
 0.690901   1.34933
  2.97446   1.64103
  2.38874  0.090649
   1.7555  0.113589
 0.413701   2.47284
0.0584341   2.11933
  1.90032  0.401511
 0.594839 0.0555992
  2.90886    1.1024
  2.12233   2.64029
  1.62335  0.307612
  1.03244   1.90812
  1.12652   2.45447
  1.99573  0.707718
  2.05408   1.93881
 0.726469   1.93465
  2.39934  0.518655
  2.78048   2.03274
 0.889892   1.78267
 0.761553   1.36847
  1.07175   2.07303
LINKS_SOURCE_DESTINATION_DISTANCE 308
     0      1      1
     0      3      1
     0      4      1
     0     12      1
     0     24      1
     0     33      1
     0     34      1
     0     37      1
     0     54      1
     0     67      1
     0     68      1
     1      0      1
     1      2      1
     1      6      1
     1      7      1
     1      8      1
     1     10      1
     1     17      1
     1     18      1
     1     23      1
     1     26      1
     2      1      1
     2      4      1
     2      5      1
     2      6      1
     2     11      1
     2     14      1
     2     22      1
     3      0      1
     3      4      1
     3      5      1
     3     10      1
     4      3      1
     4      2      1
     4      0      1
     4      7      1
     4     10      1
     4     12      1
     4     16      1
     4     17      1
     4     18      1
     4     28      1
     4     33      1
     4     42      1
     5      2      1
     5      3      1
     5      9      1
     5     11      1
     5     13      1
     5     45      1
     5     50      1
     6      2      1
     6      1      1
     6     16      1
     6     23      1
     6     48      1
     6     58      1
     7      1      1
     7      4      1
     7      8      1
     7     14      1
     7     15      1
     7     18      1
     7     20      1
     7     23      1
     7     28      1
     7     29      1
     7     32      1
     7     50      1
     7     57      1
     7     62      1
     8      7      1
     8      1      1
     8      9      1
     8     26      1
     9      8      1
     9      5      1
     9     13      1
     9     15      1
     9     25      1
     9     51      1
    10      3      1
    10      4      1
    10      1      1
    10     21      1
    10     35      1
    11      5      1
    11      2      1
    11     38      1
    11     46      1
    12      4      1
    12      0      1
    12     27      1
    12     42      1
    12     66      1
    13      9      1
    13      5      1
    13     14      1
    13     20      1
    13     35      1
    14      7      1
    14      2      1
    14     13      1
    14     19      1
    14     26      1
    14     39      1
    15      7      1
    15      9      1
    15     24      1
    15     56      1
    16      4      1
    16      6      1
    16     38      1
    16     51      1
    17      1      1
    17      4      1
    17     19      1
    17     21      1
    17     31      1
    17     39      1
    18      4      1
    18      7      1
    18      1      1
    18     22      1
    18     27      1
    18     32      1
    19     17      1
    19     14      1
    19     56      1
    20     13      1
    20      7      1
    20     28      1
    20     43      1
    20     54      1
    21     10      1
    21     17      1
    21     30      1
    21     33      1
    21     36      1
    22     18      1
    22      2      1
    22     29      1
    22     53      1
    22     59      1
    22     63      1
    23      1      1
    23      6      1
    23      7      1
    23     25      1
    23     49      1
    23     66      1
    24     15      1
    24      0      1
    24     41      1
    25      9      1
    25     23      1
    25     42      1
    26      1      1
    26     14      1
    26      8      1
    26     30      1
    26     34      1
    26     46      1
    26     55      1
    26     58      1
    27     12      1
    27     18      1
    27     31      1
    27     46      1
    27     51      1
    27     57      1
    28     20      1
    28      7      1
    28      4      1
    29     22      1
    29      7      1
    30     26      1
    30     21      1
    30     34      1
    30     49      1
    31     27      1
    31     17      1
    31     37      1
    31     43      1
    31     44      1
    31     55      1
    32     18      1
    32      7      1
    32     65      1
    33     21      1
    33      0      1
    33      4      1
    33     36      1
    33     40      1
    33     45      1
    33     53      1
    34     30      1
    34      0      1
    34     26      1
    34     41      1
    34     52      1
    35     10      1
    35     13      1
    35     68      1
    36     33      1
    36     21      1
    36     52      1
    36     60      1
    36     62      1
    36     67      1
    37      0      1
    37     31      1
    37     49      1
    37     65      1
    38     11      1
    38     16      1
    38     40      1
    38     47      1
    38     55      1
    38     63      1
    39     17      1
    39     14      1
    39     44      1
    39     59      1
    40     33      1
    40     38      1
    40     47      1
    40     64      1
    41     34      1
    41     24      1
    41     58      1
    42     12      1
    42      4      1
    42     25      1
    42     61      1
    43     31      1
    43     20      1
    44     31      1
    44     39      1
    44     50      1
    44     54      1
    45     33      1
    45      5      1
    46     11      1
    46     26      1
    46     27      1
    47     38      1
    47     40      1
    47     48      1
    47     69      1
    48     47      1
    48      6      1
    48     69      1
    49     23      1
    49     30      1
    49     37      1
    50      7      1
    50     44      1
    50      5      1
    50     60      1
    51     16      1
    51     27      1
    51      9      1
    51     64      1
    52     34      1
    52     36      1
    53     33      1
    53     22      1
    54     44      1
    54      0      1
    54     20      1
    55     26      1
    55     38      1
    55     31      1
    56     19      1
    56     15      1
    57      7      1
    57     27      1
    58     26      1
    58      6      1
    58     41      1
    58     61      1
    59     39      1
    59     22      1
    60     50      1
    60     36      1
    61     58      1
    61     42      1
    62      7      1
    62     36      1
    63     38      1
    63     22      1
    63     68      1
    64     51      1
    64     40      1
    65     32      1
    65     37      1
    65     69      1
    66     23      1
    66     12      1
    67     36      1
    67      0      1
    68     63      1
    68     35      1
    68      0      1
    69     47      1
    69     65      1
    69     48      1
