COORD_X_Y 60
  2.20689   1.18848
  0.46753   1.37476
 0.476116   2.13392
0.0194337   2.23822
  2.73186   1.23268
  1.70706    1.4386
 0.630491   2.08272
  1.99549   1.29738
 0.997478  0.559327
  1.71644   2.92655
  2.04258   1.22908
  2.16034   1.61478
 0.372068   2.22574
  1.36792  0.385526
  1.77781   1.33847
  1.09738   1.97568
  2.12171   2.55987
   1.4691    1.0307
  1.54688  0.573683
 0.727082   1.59943
  2.03593  0.178274
 0.489496  0.402264
  1.03205    2.0406
  2.37658   2.22429
  1.55128   1.33643
 0.270571   1.53205
 0.626917  0.524678
   2.2942   2.45315
  1.94927  0.733986
  2.19522   1.70606
 0.876984    2.3567
  0.76294   2.75185
  2.36514  0.334606
  2.45541   2.45316
   1.9724   1.43633
 0.101945  0.596733
 0.520902   1.48997
  1.46697   1.94339
 0.942697   2.59752
  2.88108  0.019862
  2.43764   1.88192
 0.221128  0.975385
 0.312929  0.460125
  2.30119  0.466084
 0.387577   2.53822
  2.15209    2.1985
  1.78171  0.800425
 0.145378     0.909
  2.17476  0.476075
  1.12601  0.589408
  2.86317   1.85381
  2.10639  0.986461
  2.27595   1.34852
  1.00629   2.52283
  0.34303   2.45078
 0.143543   2.07143
 0.150708   1.71418
 0.998962   2.71566
  1.35312 0.0265022
  1.88937   2.95348
LINKS_SOURCE_DESTINATION_DISTANCE 290
     0      1      1
     0      3      1
     0      4      1
     0      5      1
     0      7      1
     0      9      1
     0     11      1
     0     12      1
     0     17      1
     0     27      1
     0     50      1
     0     58      1
     1      0      1
     1      2      1
     1      4      1
     1      6      1
     1      7      1
     1      8      1
     1     18      1
     1     33      1
     1     53      1
     2      1      1
     2      4      1
     2      5      1
     2      6      1
     2      8      1
     2     11      1
     2     12      1
     2     25      1
     2     30      1
     2     43      1
     3      0      1
     3      8      1
     3      9      1
     3     16      1
     4      0      1
     4      2      1
     4      1      1
     4      7      1
     4     13      1
     4     15      1
     4     23      1
     4     24      1
     4     26      1
     4     29      1
     4     36      1
     5      0      1
     5      2      1
     5      6      1
     5     10      1
     5     12      1
     5     13      1
     5     17      1
     5     22      1
     5     27      1
     5     38      1
     5     40      1
     5     44      1
     5     57      1
     6      1      1
     6      5      1
     6      2      1
     6     45      1
     6     55      1
     7      1      1
     7      4      1
     7      0      1
     7     33      1
     7     37      1
     7     52      1
     7     54      1
     8      2      1
     8      1      1
     8      3      1
     8     13      1
     8     22      1
     9      3      1
     9      0      1
     9     10      1
     9     14      1
     9     15      1
     9     19      1
     9     24      1
     9     26      1
     9     28      1
     9     29      1
    10      5      1
    10      9      1
    10     15      1
    10     20      1
    10     31      1
    10     32      1
    10     41      1
    10     52      1
    10     59      1
    11      2      1
    11      0      1
    11     16      1
    11     20      1
    11     34      1
    11     38      1
    11     39      1
    11     49      1
    12      5      1
    12      2      1
    12      0      1
    12     14      1
    12     18      1
    12     30      1
    12     41      1
    13      4      1
    13      5      1
    13      8      1
    13     14      1
    13     20      1
    13     21      1
    13     23      1
    13     25      1
    13     28      1
    13     48      1
    14     12      1
    14      9      1
    14     13      1
    14     26      1
    14     36      1
    15      9      1
    15      4      1
    15     10      1
    15     17      1
    15     21      1
    15     23      1
    16      3      1
    16     11      1
    16     29      1
    16     36      1
    16     37      1
    16     52      1
    16     56      1
    17     15      1
    17      5      1
    17      0      1
    17     19      1
    17     50      1
    18     12      1
    18      1      1
    18     21      1
    19     17      1
    19      9      1
    19     34      1
    20     10      1
    20     13      1
    20     11      1
    20     22      1
    20     35      1
    20     51      1
    21     18      1
    21     13      1
    21     15      1
    22      8      1
    22     20      1
    22      5      1
    22     42      1
    22     43      1
    23     15      1
    23     13      1
    23      4      1
    23     25      1
    24      9      1
    24      4      1
    25      2      1
    25     23      1
    25     13      1
    25     35      1
    26     14      1
    26      9      1
    26      4      1
    26     27      1
    26     31      1
    27      5      1
    27      0      1
    27     26      1
    27     32      1
    27     45      1
    27     47      1
    28      9      1
    28     13      1
    28     30      1
    28     55      1
    29      4      1
    29      9      1
    29     16      1
    29     44      1
    29     46      1
    30      2      1
    30     28      1
    30     12      1
    30     38      1
    30     45      1
    30     51      1
    31     26      1
    31     10      1
    31     56      1
    32     10      1
    32     27      1
    32     49      1
    33      7      1
    33      1      1
    33     39      1
    33     42      1
    34     19      1
    34     11      1
    35     25      1
    35     20      1
    35     47      1
    35     50      1
    36     16      1
    36      4      1
    36     14      1
    36     40      1
    36     42      1
    36     54      1
    37     16      1
    37      7      1
    37     46      1
    37     57      1
    38     11      1
    38     30      1
    38      5      1
    38     44      1
    38     48      1
    39     11      1
    39     33      1
    40     36      1
    40      5      1
    40     43      1
    41     12      1
    41     10      1
    41     53      1
    42     22      1
    42     36      1
    42     33      1
    43     22      1
    43     40      1
    43      2      1
    43     51      1
    43     54      1
    44     29      1
    44     38      1
    44      5      1
    45     30      1
    45      6      1
    45     27      1
    45     58      1
    46     37      1
    46     29      1
    47     35      1
    47     27      1
    48     38      1
    48     13      1
    48     59      1
    49     32      1
    49     11      1
    50      0      1
    50     35      1
    50     17      1
    51     20      1
    51     43      1
    51     30      1
    52      7      1
    52     10      1
    52     16      1
    53     41      1
    53      1      1
    54      7      1
    54     36      1
    54     43      1
    55      6      1
    55     28      1
    56     16      1
    56     31      1
    56     58      1
    57      5      1
    57     37      1
    57     59      1
    58      0      1
    58     56      1
    58     45      1
    59     48      1
    59     10      1
    59     57      1
