COORD_X_Y 100
   2.1339  0.544332
  0.49072  0.105456
 0.691643   1.86372
  1.93244  0.767548
  2.94318   1.20727
   1.3162  0.113278
  1.38743   1.98178
 0.704848   2.40468
  1.42748   1.82519
 0.390407   1.56039
  1.16758   1.65956
  2.26598 0.0229026
  2.63749  0.622481
   1.0731    2.1316
 0.218451   1.65399
0.0985563   1.76205
  2.00768   2.44424
  1.51789   2.48014
  2.42875  0.785487
 0.566806  0.903883
0.0385644   2.15799
  1.26212   2.57219
  2.40297   2.40387
 0.284859 0.0275618
  1.75316   1.69062
  1.47644   2.95651
  2.31046   1.59992
  2.55038 0.0815598
  2.03017  0.700613
  2.52913   1.77286
    2.499   2.43362
  2.34266 0.0763924
  2.93299   1.36685
 0.937775   2.31462
  1.06536  0.125491
  2.41834  0.204689
   1.4466    1.7408
  1.17811   1.90783
  2.69039   2.46096
  1.80263   2.12886
  1.30437  0.145038
  2.81908   1.49037
   2.3742   1.50018
 0.822914  0.241047
  2.61017   2.24524
 0.495501   1.46538
  2.49451   1.21894
  2.46369   2.03275
 0.843521    2.0102
  1.63744   2.54704
  1.11643   2.80418
 0.752077   0.20886
  2.02707  0.150521
  1.60717   2.70847
  1.54224  0.398816
  1.27522  0.773993
 0.609348   2.78134
  2.28476  0.258434
 0.375584  0.340548
 0.107844   1.48991
0.00350949   2.65749
 0.256329  0.712356
  2.29336   1.80451
  1.54273  0.687315
  1.36269   2.39887
  1.79702   2.04866
  1.71992   1.30027
 0.938613   2.96268
   2.4306    1.5528
  2.98612  0.485501
  1.37633   2.84806
 0.868505   2.07115
0.00403137  0.878652
  2.12733  0.973663
 0.316512  0.675019
   1.0641   2.19725
 0.257872   2.18163
   1.0152   1.52348
  2.95714   2.31059
 0.906923 0.0568423
  1.85176  0.712009
   2.8628  0.826335
   2.9596   1.43444
  1.13906  0.518412
  2.38173   2.64092
  0.36718   1.78847
 0.535945   1.14997
 0.480795   2.35382
   1.1423   1.31164
   2.7515  0.184422
  2.63933  0.734814
 0.250548  0.175311
  1.95327   1.02922
 0.980636   2.64477
 0.916739   2.95945
0.00155232   1.73009
   2.3791  0.148964
  1.17969   1.84171
 0.952247    2.5974
  1.82975  0.835076
LINKS_SOURCE_DESTINATION_DISTANCE 498
     0      1      1
     0      5      1
     0      7      1
     0      8      1
     0      9      1
     0     21      1
     0     31      1
     0     75      1
     1      0      1
     1      2      1
     1      4      1
     1      5      1
     1      6      1
     1      7      1
     1      9      1
     1     12      1
     1     39      1
     1     58      1
     1     68      1
     1     99      1
     2      1      1
     2      3      1
     2      4      1
     2      6      1
     2     15      1
     2     49      1
     3      2      1
     3      8      1
     3     11      1
     3     18      1
     3     20      1
     3     23      1
     3     28      1
     3     37      1
     3     40      1
     3     77      1
     3     83      1
     4      2      1
     4      1      1
     4      5      1
     4      6      1
     4      7      1
     4      9      1
     4     10      1
     4     15      1
     4     19      1
     4     30      1
     4     50      1
     4     55      1
     4     82      1
     5      1      1
     5      0      1
     5      4      1
     5      8      1
     5     10      1
     5     11      1
     5     13      1
     5     22      1
     5     27      1
     5     48      1
     5     54      1
     5     61      1
     6      1      1
     6      2      1
     6      4      1
     6     17      1
     6     20      1
     6     37      1
     7      4      1
     7      1      1
     7      0      1
     7     10      1
     7     12      1
     7     14      1
     7     34      1
     8      3      1
     8      0      1
     8      5      1
     8     12      1
     8     16      1
     8     47      1
     8     72      1
     8     94      1
     9      1      1
     9      4      1
     9      0      1
     9     18      1
     9     36      1
     9     38      1
     9     51      1
    10      4      1
    10      7      1
    10      5      1
    10     24      1
    10     40      1
    10     42      1
    10     44      1
    10     63      1
    10     66      1
    10     94      1
    11      3      1
    11      5      1
    11     13      1
    11     14      1
    11     31      1
    12      7      1
    12      8      1
    12      1      1
    12     14      1
    12     15      1
    12     16      1
    12     17      1
    12     51      1
    12     95      1
    13     11      1
    13      5      1
    13     25      1
    13     38      1
    13     39      1
    13     60      1
    13     92      1
    13     93      1
    14      7      1
    14     11      1
    14     12      1
    14     20      1
    14     21      1
    14     43      1
    14     75      1
    15     12      1
    15      4      1
    15      2      1
    15     29      1
    16     12      1
    16      8      1
    16     17      1
    16     22      1
    16     61      1
    16     72      1
    16     80      1
    16     86      1
    17     12      1
    17      6      1
    17     16      1
    17     18      1
    17     19      1
    17     21      1
    17     23      1
    17     91      1
    18     17      1
    18      9      1
    18      3      1
    18     24      1
    18     25      1
    18     46      1
    18     49      1
    18     53      1
    18     84      1
    19     17      1
    19      4      1
    19     30      1
    19     63      1
    19     98      1
    20     14      1
    20      3      1
    20      6      1
    20     26      1
    20     56      1
    20     60      1
    20     91      1
    21     14      1
    21      0      1
    21     17      1
    21     28      1
    21     30      1
    21     32      1
    21     52      1
    21     53      1
    21     59      1
    21     76      1
    21     93      1
    22     16      1
    22      5      1
    22     31      1
    22     33      1
    22     34      1
    22     61      1
    22     95      1
    23     17      1
    23      3      1
    23     24      1
    23     26      1
    23     37      1
    23     44      1
    23     45      1
    23     67      1
    23     78      1
    24     18      1
    24     10      1
    24     23      1
    24     27      1
    24     32      1
    24     45      1
    25     13      1
    25     18      1
    25     35      1
    25     62      1
    25     71      1
    26     20      1
    26     23      1
    26     35      1
    26     70      1
    26     83      1
    27     24      1
    27      5      1
    27     29      1
    27     40      1
    27     59      1
    27     67      1
    28     21      1
    28      3      1
    28     33      1
    28     35      1
    28     51      1
    28     54      1
    28     57      1
    28     89      1
    29     15      1
    29     27      1
    29     36      1
    29     81      1
    29     96      1
    30     19      1
    30     21      1
    30      4      1
    30     69      1
    31      0      1
    31     11      1
    31     22      1
    31     66      1
    31     74      1
    32     21      1
    32     24      1
    32     33      1
    32     41      1
    32     69      1
    32     90      1
    33     32      1
    33     22      1
    33     28      1
    33     42      1
    33     73      1
    33     89      1
    34     22      1
    34      7      1
    34     41      1
    34     44      1
    34     46      1
    34     50      1
    34     68      1
    35     28      1
    35     25      1
    35     26      1
    35     67      1
    36     29      1
    36      9      1
    36     45      1
    36     78      1
    36     91      1
    37      6      1
    37      3      1
    37     23      1
    37     52      1
    37     74      1
    38     13      1
    38      9      1
    38     41      1
    38     58      1
    38     80      1
    38     81      1
    39      1      1
    39     13      1
    39     46      1
    39     56      1
    39     81      1
    39     84      1
    40     10      1
    40      3      1
    40     27      1
    40     47      1
    41     32      1
    41     38      1
    41     34      1
    41     43      1
    41     57      1
    41     62      1
    41     73      1
    41     84      1
    42     33      1
    42     10      1
    42     48      1
    42     49      1
    42     55      1
    42     79      1
    42     90      1
    43     41      1
    43     14      1
    43     63      1
    43     65      1
    43     73      1
    43     87      1
    44     10      1
    44     23      1
    44     34      1
    44     52      1
    44     71      1
    44     86      1
    45     24      1
    45     23      1
    45     36      1
    45     50      1
    45     57      1
    45     65      1
    45     77      1
    45     87      1
    46     18      1
    46     34      1
    46     39      1
    46     47      1
    46     76      1
    47     40      1
    47      8      1
    47     46      1
    47     58      1
    47     93      1
    48     42      1
    48      5      1
    48     66      1
    48     85      1
    48     86      1
    49     42      1
    49      2      1
    49     18      1
    49     54      1
    50     34      1
    50     45      1
    50      4      1
    50     64      1
    51      9      1
    51     12      1
    51     28      1
    52     44      1
    52     37      1
    52     21      1
    52     70      1
    53     21      1
    53     18      1
    54     28      1
    54     49      1
    54      5      1
    55     42      1
    55      4      1
    56     20      1
    56     39      1
    57     28      1
    57     41      1
    57     45      1
    57     72      1
    57     79      1
    58      1      1
    58     38      1
    58     47      1
    59     21      1
    59     27      1
    59     99      1
    60     20      1
    60     13      1
    61     22      1
    61     16      1
    61      5      1
    61     64      1
    61     80      1
    61     97      1
    62     41      1
    62     25      1
    62     76      1
    63     43      1
    63     10      1
    63     19      1
    63     68      1
    63     87      1
    64     61      1
    64     50      1
    64     95      1
    65     45      1
    65     43      1
    66     48      1
    66     10      1
    66     31      1
    67     35      1
    67     23      1
    67     27      1
    67     96      1
    68     34      1
    68      1      1
    68     63      1
    69     30      1
    69     32      1
    69     94      1
    70     52      1
    70     26      1
    70     99      1
    71     25      1
    71     44      1
    71     85      1
    72     16      1
    72     57      1
    72      8      1
    73     33      1
    73     43      1
    73     41      1
    73     89      1
    74     37      1
    74     31      1
    75      0      1
    75     14      1
    75     82      1
    75     97      1
    76     46      1
    76     21      1
    76     62      1
    76     78      1
    76     92      1
    77     45      1
    77      3      1
    78     36      1
    78     76      1
    78     23      1
    79     42      1
    79     57      1
    80     61      1
    80     16      1
    80     38      1
    80     88      1
    81     39      1
    81     38      1
    81     29      1
    82      4      1
    82     75      1
    83      3      1
    83     26      1
    83     96      1
    84     41      1
    84     18      1
    84     39      1
    84     88      1
    85     71      1
    85     48      1
    86     48      1
    86     16      1
    86     44      1
    87     43      1
    87     63      1
    87     45      1
    88     84      1
    88     80      1
    88     98      1
    89     28      1
    89     73      1
    89     33      1
    89     90      1
    90     32      1
    90     42      1
    90     89      1
    91     17      1
    91     20      1
    91     36      1
    92     76      1
    92     13      1
    93     13      1
    93     21      1
    93     47      1
    94     10      1
    94     69      1
    94      8      1
    95     22      1
    95     64      1
    95     12      1
    96     83      1
    96     29      1
    96     67      1
    97     75      1
    97     61      1
    98     88      1
    98     19      1
    99     70      1
    99      1      1
    99     59      1
