COORD_X_Y 100
 0.129251   1.15675
 0.773157  0.487061
 0.564289  0.524088
  2.89627    2.7083
  1.50688   1.33534
  1.81501   1.71967
 0.513103  0.743729
 0.454795   2.35653
  1.21074  0.132125
  1.55808   1.19012
   1.5479  0.937255
 0.574968  0.172786
  2.98891    1.5828
  1.59845  0.345304
  1.15546  0.803915
  2.46151  0.194301
  2.67372   2.65614
  1.94561  0.354157
  2.56047   2.93768
  2.93697   2.21728
  1.61859  0.729809
  2.10256   1.32859
  1.16414   0.86827
 0.292946  0.297896
 0.388996  0.198456
   1.8003  0.828118
  1.84403    2.4962
 0.876263   1.70688
  2.51357  0.711886
 0.511802   2.87414
  1.17298    2.3016
  2.80498   1.43259
  1.55353   1.52858
  2.18366  0.714592
   2.1225   2.80868
  2.92427  0.493611
  1.95225   1.05396
  0.24597      2.14
   2.6705   1.88487
0.0410862   2.66945
   1.9485  0.948446
 0.554738   1.15984
  2.87383  0.675997
  1.48408   2.23593
   2.3751  0.900382
 0.217982   2.04002
  2.48197   1.36396
  1.24235  0.117676
 0.231455   2.32302
  1.72916  0.463428
  2.45138   1.40108
  2.30903  0.371795
 0.926902  0.305208
  2.31256   2.03337
  2.27012  0.317589
 0.430749  0.703332
  2.50139    1.4484
 0.509207   1.83354
  1.05125  0.896053
  1.87163 0.0444142
 0.540026   2.94342
  2.69485   2.64711
  1.37412  0.477451
  2.39997   2.46707
 0.207131    1.1319
  2.82729   1.67693
 0.200056  0.238816
  1.84083   0.87022
  2.63285   1.23343
 0.790422   0.29268
 0.845249    2.9694
 0.950914   2.14657
 0.351938  0.874382
  2.24391   2.05776
  2.12429   1.51566
 0.579808   2.34597
 0.199513  0.540364
  2.45995   1.15447
 0.603174   1.55041
  2.56035   2.71213
  1.97546   1.09152
 0.137823   2.66334
 0.445855  0.227224
  2.56487   1.23832
  2.15259   2.75432
  1.61173   1.91774
  2.03267  0.768993
 0.165132  0.505309
0.0676397   2.35996
   2.7461  0.467572
 0.202287   2.21762
  2.26799   1.53154
 0.234631 0.0331172
  1.19464   2.06127
    2.419   1.82033
 0.311386  0.724723
 0.922465   2.58449
  2.10797   1.86052
  1.74686   1.07742
 0.534089  0.435419
LINKS_SOURCE_DESTINATION_DISTANCE 474
     0      1      1
     0      2      1
     0      5      1
     0      6      1
     0     21      1
     0     39      1
     0     95      1
     1      0      1
     1      3      1
     1      4      1
     1      9      1
     1     14      1
     1     16      1
     1     24      1
     1     45      1
     1     47      1
     2      0      1
     2      7      1
     2      8      1
     2     15      1
     2     22      1
     2     27      1
     2     33      1
     2     36      1
     2     60      1
     3      1      1
     3      4      1
     3      5      1
     3      7      1
     3      8      1
     3     16      1
     3     32      1
     3     50      1
     3     54      1
     3     58      1
     4      3      1
     4      1      1
     4      6      1
     4     10      1
     4     17      1
     4     20      1
     4     30      1
     4     46      1
     4     50      1
     5      0      1
     5      3      1
     5     10      1
     5     25      1
     5     28      1
     5     49      1
     5     66      1
     5     68      1
     5     82      1
     5     87      1
     6      0      1
     6      4      1
     6     12      1
     6     14      1
     6     19      1
     6     22      1
     6     24      1
     6     35      1
     6     38      1
     6     48      1
     7      3      1
     7      2      1
     7      9      1
     7     11      1
     7     13      1
     7     68      1
     8      3      1
     8      2      1
     8     25      1
     8     32      1
     9      1      1
     9      7      1
     9     11      1
     9     12      1
     9     14      1
     9     21      1
     9     29      1
     9     34      1
     9     42      1
     9     45      1
     9     48      1
     9     51      1
     9     65      1
    10      4      1
    10      5      1
    10     15      1
    10     17      1
    10     20      1
    10     36      1
    10     52      1
    10     67      1
    10     89      1
    10     93      1
    11      7      1
    11      9      1
    11     20      1
    11     61      1
    11     69      1
    11     73      1
    11     87      1
    12      6      1
    12      9      1
    12     13      1
    12     18      1
    12     71      1
    13     12      1
    13      7      1
    13     18      1
    13     23      1
    13     34      1
    13     63      1
    14      1      1
    14      6      1
    14      9      1
    14     25      1
    14     35      1
    14     50      1
    14     51      1
    14     78      1
    14     80      1
    15     10      1
    15      2      1
    15     23      1
    15     26      1
    15     37      1
    15     60      1
    15     79      1
    16      1      1
    16      3      1
    16     27      1
    16     28      1
    17      4      1
    17     10      1
    17     19      1
    17     31      1
    17     44      1
    17     80      1
    18     12      1
    18     13      1
    18     44      1
    18     51      1
    18     73      1
    18     79      1
    18     94      1
    19      6      1
    19     17      1
    19     26      1
    19     31      1
    19     38      1
    19     72      1
    19     93      1
    20     11      1
    20      4      1
    20     10      1
    20     27      1
    20     36      1
    20     37      1
    20     59      1
    20     65      1
    20     67      1
    20     74      1
    21      9      1
    21      0      1
    21     53      1
    22      2      1
    22      6      1
    22     29      1
    22     59      1
    22     61      1
    22     62      1
    22     67      1
    22     98      1
    23     13      1
    23     15      1
    23     29      1
    23     53      1
    23     71      1
    23     92      1
    24      6      1
    24      1      1
    24     33      1
    24     70      1
    24     77      1
    24     97      1
    25     14      1
    25      8      1
    25      5      1
    25     30      1
    25     63      1
    26     15      1
    26     19      1
    26     40      1
    26     42      1
    26     59      1
    26     76      1
    27     16      1
    27     20      1
    27      2      1
    27     43      1
    27     73      1
    28      5      1
    28     16      1
    28     40      1
    28     81      1
    28     82      1
    28     94      1
    29     23      1
    29     22      1
    29      9      1
    29     49      1
    29     55      1
    29     64      1
    29     84      1
    29     97      1
    30     25      1
    30      4      1
    30     58      1
    31     17      1
    31     19      1
    31     43      1
    31     76      1
    32      8      1
    32      3      1
    32     42      1
    32     43      1
    32     61      1
    32     69      1
    32     83      1
    33      2      1
    33     24      1
    33     37      1
    33     41      1
    33     56      1
    33     68      1
    34     13      1
    34      9      1
    34     65      1
    34     69      1
    34     75      1
    35      6      1
    35     14      1
    35     54      1
    35     60      1
    35     74      1
    35     89      1
    36      2      1
    36     10      1
    36     20      1
    36     72      1
    36     97      1
    37     33      1
    37     15      1
    37     20      1
    38     19      1
    38      6      1
    38     39      1
    38     46      1
    38     57      1
    38     78      1
    38     84      1
    39      0      1
    39     38      1
    39     41      1
    39     47      1
    39     81      1
    40     28      1
    40     26      1
    40     62      1
    40     92      1
    41     33      1
    41     39      1
    41     53      1
    41     83      1
    41     94      1
    42      9      1
    42     26      1
    42     32      1
    42     57      1
    42     64      1
    43     31      1
    43     32      1
    43     27      1
    43     49      1
    44     17      1
    44     18      1
    44     66      1
    44     85      1
    44     98      1
    45      9      1
    45      1      1
    45     91      1
    45     99      1
    46     38      1
    46      4      1
    46     77      1
    47     39      1
    47      1      1
    47     52      1
    47     76      1
    48      6      1
    48      9      1
    48     75      1
    49      5      1
    49     43      1
    49     29      1
    49     90      1
    50      3      1
    50     14      1
    50      4      1
    50     86      1
    51     18      1
    51      9      1
    51     14      1
    51     81      1
    51     91      1
    52     47      1
    52     10      1
    52     57      1
    53     23      1
    53     41      1
    53     21      1
    53     55      1
    53     62      1
    54      3      1
    54     35      1
    54     93      1
    55     29      1
    55     53      1
    55     56      1
    55     86      1
    55     96      1
    55     99      1
    56     55      1
    56     33      1
    57     42      1
    57     38      1
    57     52      1
    57     88      1
    57     95      1
    58     30      1
    58      3      1
    59     20      1
    59     26      1
    59     22      1
    59     79      1
    60      2      1
    60     15      1
    60     35      1
    61     11      1
    61     32      1
    61     22      1
    61     74      1
    62     40      1
    62     53      1
    62     22      1
    62     70      1
    63     13      1
    63     25      1
    64     42      1
    64     29      1
    64     70      1
    65     20      1
    65      9      1
    65     34      1
    65     96      1
    66      5      1
    66     44      1
    66     78      1
    67     20      1
    67     10      1
    67     22      1
    67     90      1
    67     92      1
    68      7      1
    68      5      1
    68     33      1
    68     90      1
    69     32      1
    69     34      1
    69     11      1
    69     83      1
    69     85      1
    70     64      1
    70     62      1
    70     24      1
    70     86      1
    71     23      1
    71     12      1
    71     91      1
    72     19      1
    72     36      1
    72     96      1
    73     27      1
    73     11      1
    73     18      1
    73     75      1
    74     61      1
    74     35      1
    74     20      1
    75     34      1
    75     73      1
    75     48      1
    75     80      1
    76     26      1
    76     31      1
    76     47      1
    77     46      1
    77     24      1
    78     66      1
    78     38      1
    78     14      1
    78     95      1
    79     18      1
    79     59      1
    79     15      1
    80     14      1
    80     17      1
    80     75      1
    80     88      1
    81     28      1
    81     51      1
    81     39      1
    82     28      1
    82      5      1
    83     41      1
    83     32      1
    83     69      1
    84     29      1
    84     38      1
    85     44      1
    85     69      1
    85     87      1
    86     55      1
    86     70      1
    86     50      1
    87     11      1
    87      5      1
    87     85      1
    88     80      1
    88     57      1
    89     10      1
    89     35      1
    90     49      1
    90     67      1
    90     68      1
    91     51      1
    91     45      1
    91     71      1
    92     67      1
    92     23      1
    92     40      1
    93     54      1
    93     10      1
    93     19      1
    94     28      1
    94     41      1
    94     18      1
    95     78      1
    95      0      1
    95     57      1
    96     72      1
    96     55      1
    96     65      1
    97     36      1
    97     29      1
    97     24      1
    98     22      1
    98     44      1
    99     45      1
    99     55      1
