COORD_X_Y 70
  1.34721    2.2058
  1.31426   1.33447
  2.23182  0.128375
  1.97024   2.64111
  1.28764   2.34089
  2.25393  0.514079
  2.26527   1.36074
  2.29067   2.45311
  2.34127   2.69898
  1.18105   2.96277
  2.74404   1.29211
   2.5824   2.59449
  1.38799   1.34366
  1.08353   1.50073
 0.604535   1.67221
  2.52543   2.53308
 0.784222  0.522233
 0.265511   2.37815
 0.576143  0.723838
  1.60347   2.02858
   1.2537   2.63338
  1.22999   2.68604
  1.99559   2.72973
 0.483568  0.387724
  1.49488   1.23307
  2.39496   1.76994
 0.281466   1.12965
  1.81211   2.87639
 0.530478   2.40304
  1.64388  0.594996
  2.44734   0.16049
  0.58754    1.1987
  2.45817    2.8428
  2.04298  0.824228
  1.10652   1.20938
   1.1121   2.98444
 0.595531   0.40305
 0.476568   1.87888
  1.32277  0.854818
  1.58758   2.99273
 0.485283  0.898878
 0.448279  0.852706
 0.676979  0.473431
 0.147846   2.43166
  1.84535  0.982787
 0.832759  0.245823
  2.90103   1.06584
  2.15416   1.53436
  2.89411  0.167704
 0.156343   0.89719
0.0824915    1.6224
  1.82849   2.97372
 0.888778   2.99575
 0.818165  0.877068
  1.34221  0.207804
  2.00149  0.135815
   1.1754  0.237984
  2.32393   1.16507
 0.505795   1.63676
 0.841534   1.00812
  2.56697  0.451849
  2.24544  0.104335
  1.27183 0.0840297
   1.0543   1.16891
 0.523363   1.56145
 0.542071  0.253711
  0.51398   1.38215
  2.50094   1.08583
  2.39414   2.45306
 0.866594  0.227237
LINKS_SOURCE_DESTINATION_DISTANCE 334
     0      1      1
     0      3      1
     0      4      1
     0      7      1
     0      9      1
     0     19      1
     0     38      1
     1      0      1
     1      2      1
     1      5      1
     1     12      1
     1     15      1
     1     17      1
     1     24      1
     1     25      1
     1     29      1
     1     54      1
     2      1      1
     2      4      1
     2      5      1
     2      8      1
     2     28      1
     2     33      1
     2     34      1
     2     51      1
     3      0      1
     3      4      1
     3      5      1
     3      6      1
     3      8      1
     3     10      1
     3     11      1
     3     42      1
     3     44      1
     4      0      1
     4      2      1
     4      3      1
     4      7      1
     4     21      1
     4     24      1
     4     39      1
     5      3      1
     5      2      1
     5      1      1
     5      6      1
     5      9      1
     5     12      1
     5     13      1
     5     14      1
     5     29      1
     5     32      1
     5     33      1
     5     45      1
     6      3      1
     6      5      1
     6      7      1
     6      9      1
     6     13      1
     6     18      1
     6     41      1
     6     43      1
     6     49      1
     7      0      1
     7      4      1
     7      6      1
     7     10      1
     7     11      1
     7     15      1
     7     17      1
     7     20      1
     7     21      1
     7     53      1
     7     65      1
     8      3      1
     8      2      1
     8     11      1
     8     29      1
     8     31      1
     8     50      1
     9      0      1
     9      6      1
     9      5      1
     9     14      1
     9     19      1
     9     38      1
     9     48      1
    10      7      1
    10      3      1
    10     18      1
    10     25      1
    10     27      1
    10     31      1
    10     64      1
    11      7      1
    11      8      1
    11      3      1
    11     14      1
    11     16      1
    11     23      1
    11     35      1
    12      1      1
    12      5      1
    12     27      1
    12     33      1
    12     34      1
    13      5      1
    13      6      1
    13     20      1
    13     25      1
    13     28      1
    13     43      1
    13     59      1
    14      5      1
    14     11      1
    14      9      1
    14     15      1
    14     16      1
    14     28      1
    14     30      1
    14     42      1
    14     55      1
    14     58      1
    15     14      1
    15      7      1
    15      1      1
    15     46      1
    15     53      1
    15     57      1
    15     62      1
    16     11      1
    16     14      1
    16     32      1
    16     36      1
    16     61      1
    17      1      1
    17      7      1
    17     23      1
    17     26      1
    17     65      1
    17     68      1
    18     10      1
    18      6      1
    18     22      1
    18     55      1
    19      9      1
    19      0      1
    19     21      1
    20      7      1
    20     13      1
    20     22      1
    20     26      1
    20     35      1
    20     44      1
    21      4      1
    21      7      1
    21     19      1
    21     41      1
    22     20      1
    22     18      1
    22     23      1
    22     30      1
    22     39      1
    22     45      1
    23     11      1
    23     22      1
    23     17      1
    24      4      1
    24      1      1
    24     27      1
    24     30      1
    24     37      1
    24     55      1
    25     10      1
    25      1      1
    25     13      1
    25     46      1
    26     17      1
    26     20      1
    26     37      1
    26     51      1
    27     10      1
    27     12      1
    27     24      1
    27     63      1
    27     68      1
    28      2      1
    28     13      1
    28     14      1
    28     31      1
    28     47      1
    29      1      1
    29      8      1
    29      5      1
    30     24      1
    30     22      1
    30     14      1
    30     48      1
    30     50      1
    30     62      1
    31     28      1
    31     10      1
    31      8      1
    31     40      1
    32      5      1
    32     16      1
    32     34      1
    32     42      1
    32     54      1
    32     57      1
    32     69      1
    33      5      1
    33      2      1
    33     12      1
    33     37      1
    33     60      1
    33     66      1
    34      2      1
    34     12      1
    34     32      1
    34     35      1
    34     36      1
    34     67      1
    35     34      1
    35     20      1
    35     11      1
    35     59      1
    36     16      1
    36     34      1
    36     44      1
    37     33      1
    37     24      1
    37     26      1
    38      9      1
    38      0      1
    38     40      1
    38     63      1
    39     22      1
    39      4      1
    39     45      1
    40     38      1
    40     31      1
    41      6      1
    41     21      1
    42      3      1
    42     14      1
    42     32      1
    42     43      1
    42     52      1
    42     56      1
    42     60      1
    43     42      1
    43     13      1
    43      6      1
    43     46      1
    44     20      1
    44      3      1
    44     36      1
    45     22      1
    45     39      1
    45      5      1
    45     47      1
    45     54      1
    45     57      1
    46     25      1
    46     15      1
    46     43      1
    46     49      1
    46     61      1
    47     28      1
    47     45      1
    47     59      1
    47     64      1
    48     30      1
    48      9      1
    48     65      1
    48     67      1
    49     46      1
    49      6      1
    49     68      1
    50     30      1
    50      8      1
    50     58      1
    51      2      1
    51     26      1
    51     52      1
    51     66      1
    52     42      1
    52     51      1
    53     15      1
    53      7      1
    54     45      1
    54     32      1
    54      1      1
    54     56      1
    55     14      1
    55     24      1
    55     18      1
    55     69      1
    56     54      1
    56     42      1
    57     32      1
    57     45      1
    57     15      1
    58     14      1
    58     50      1
    59     47      1
    59     35      1
    59     13      1
    60     42      1
    60     33      1
    61     16      1
    61     46      1
    61     69      1
    62     30      1
    62     15      1
    63     27      1
    63     38      1
    64     47      1
    64     10      1
    64     67      1
    65     48      1
    65     17      1
    65      7      1
    66     51      1
    66     33      1
    67     48      1
    67     34      1
    67     64      1
    68     27      1
    68     49      1
    68     17      1
    69     32      1
    69     61      1
    69     55      1
