COORD_X_Y 60
 0.933895  0.542972
  2.50025    1.3139
 0.262086   0.17405
0.0306254   2.92618
  2.81338  0.973751
 0.934235   1.91849
  1.74004   1.06504
  1.92737 0.0863347
  1.95096   1.29707
  1.90935   1.13813
  2.82906  0.608781
 0.259002   2.79625
  2.35878  0.639313
  2.42588   2.67331
  2.23565   1.69424
  2.25448 0.0242916
  1.40988   2.65665
  1.93232   2.49067
  2.10697   2.62107
  1.63442   2.43835
  2.18732   2.28622
  1.63547   2.77912
  1.69787   2.03415
  1.25393    2.1578
   2.3798  0.983048
  2.60924 0.0735002
 0.573176   2.08218
  2.11188  0.200799
 0.598195    1.9124
 0.446542   2.10479
 0.164887 0.0967668
 0.197382 0.0826362
  2.06902    0.8893
 0.539406  0.394466
  2.65737  0.320179
  2.99717 0.0684469
    2.008   2.82904
 0.672374   2.59895
  1.07277   2.25608
 0.950284  0.847334
   1.4044  0.697562
 0.699434   2.05639
  1.56867   1.12605
  2.89755  0.161218
  1.17534   2.36008
  2.92409  0.684977
  2.65475  0.267011
 0.279778   2.62434
  2.85098   2.62799
  2.41393   1.90721
  2.06096   1.54845
 0.227753   1.86405
 0.699924   2.25081
  1.18317   1.62087
 0.876848  0.442955
  2.00222  0.840808
  1.38919   1.40361
  2.15318   2.78573
  2.34409  0.172645
  1.04384   2.97493
LINKS_SOURCE_DESTINATION_DISTANCE 282
     0      1      1
     0      2      1
     0      4      1
     0      5      1
     0      9      1
     0     10      1
     0     11      1
     0     15      1
     0     19      1
     0     21      1
     0     29      1
     0     37      1
     0     49      1
     1      0      1
     1      5      1
     1      6      1
     1      7      1
     1     11      1
     1     21      1
     1     44      1
     1     58      1
     2      0      1
     2      3      1
     2     14      1
     2     49      1
     2     59      1
     3      2      1
     3      4      1
     3      7      1
     3      8      1
     3      9      1
     3     12      1
     4      3      1
     4      0      1
     4      5      1
     4     10      1
     4     14      1
     4     15      1
     4     17      1
     4     29      1
     4     42      1
     5      1      1
     5      0      1
     5      4      1
     5      6      1
     5      8      1
     5     17      1
     5     19      1
     5     21      1
     5     30      1
     5     38      1
     6      1      1
     6      5      1
     6     10      1
     6     16      1
     6     51      1
     7      3      1
     7      1      1
     7      9      1
     7     12      1
     7     14      1
     7     16      1
     7     23      1
     7     26      1
     7     28      1
     8      3      1
     8      5      1
     8     11      1
     8     12      1
     8     13      1
     8     15      1
     8     40      1
     8     41      1
     8     42      1
     8     46      1
     8     49      1
     9      3      1
     9      7      1
     9      0      1
     9     13      1
     9     17      1
     9     20      1
     9     23      1
     9     25      1
     9     36      1
     9     40      1
     9     57      1
    10      6      1
    10      4      1
    10      0      1
    10     13      1
    10     16      1
    10     18      1
    10     25      1
    10     28      1
    10     53      1
    11      1      1
    11      0      1
    11      8      1
    11     32      1
    12      3      1
    12      8      1
    12      7      1
    12     50      1
    12     53      1
    13      8      1
    13      9      1
    13     10      1
    13     20      1
    13     52      1
    13     54      1
    13     58      1
    14      4      1
    14      7      1
    14      2      1
    14     24      1
    14     26      1
    14     56      1
    15      8      1
    15      4      1
    15      0      1
    15     18      1
    15     22      1
    15     32      1
    15     44      1
    16     10      1
    16      6      1
    16      7      1
    16     29      1
    16     31      1
    16     34      1
    17      9      1
    17      5      1
    17      4      1
    17     27      1
    17     31      1
    17     35      1
    17     54      1
    18     10      1
    18     15      1
    18     20      1
    18     30      1
    18     33      1
    18     35      1
    19      0      1
    19      5      1
    19     36      1
    19     37      1
    19     46      1
    20      9      1
    20     18      1
    20     13      1
    20     24      1
    21      0      1
    21      1      1
    21      5      1
    21     22      1
    21     35      1
    21     47      1
    22     21      1
    22     15      1
    22     41      1
    23      9      1
    23      7      1
    23     26      1
    23     30      1
    23     31      1
    24     20      1
    24     14      1
    24     27      1
    25      9      1
    25     10      1
    25     43      1
    25     54      1
    26     23      1
    26     14      1
    26      7      1
    26     45      1
    27     17      1
    27     24      1
    27     45      1
    27     55      1
    28     10      1
    28      7      1
    28     47      1
    29     16      1
    29      0      1
    29      4      1
    29     38      1
    29     56      1
    30     18      1
    30     23      1
    30      5      1
    30     34      1
    30     48      1
    30     55      1
    30     59      1
    31     23      1
    31     17      1
    31     16      1
    31     33      1
    31     42      1
    32     11      1
    32     15      1
    32     43      1
    32     52      1
    33     31      1
    33     18      1
    33     39      1
    34     16      1
    34     30      1
    35     17      1
    35     18      1
    35     21      1
    35     52      1
    36      9      1
    36     19      1
    36     38      1
    37      0      1
    37     19      1
    37     39      1
    37     48      1
    38     36      1
    38      5      1
    38     29      1
    39     33      1
    39     37      1
    39     40      1
    39     45      1
    40      9      1
    40     39      1
    40      8      1
    41     22      1
    41      8      1
    41     50      1
    42      4      1
    42      8      1
    42     31      1
    42     44      1
    43     25      1
    43     32      1
    44      1      1
    44     42      1
    44     15      1
    44     51      1
    45     26      1
    45     39      1
    45     27      1
    46     19      1
    46      8      1
    46     51      1
    47     21      1
    47     28      1
    48     30      1
    48     37      1
    49      8      1
    49      0      1
    49      2      1
    50     12      1
    50     41      1
    51     46      1
    51     44      1
    51      6      1
    51     57      1
    52     32      1
    52     35      1
    52     13      1
    53     12      1
    53     10      1
    54     17      1
    54     13      1
    54     25      1
    55     30      1
    55     27      1
    56     29      1
    56     14      1
    57     51      1
    57      9      1
    58      1      1
    58     13      1
    59     30      1
    59      2      1
