COORD_X_Y 70
  1.92107   2.99468
  1.71968  0.487372
 0.923563   2.63453
  1.09028  0.560826
  1.20541  0.592961
  2.92586   1.73525
  2.72879    2.6786
   2.4225  0.354912
  1.67769   1.75323
 0.781084   2.75945
  2.07549   1.67257
  2.08475  0.877802
  1.92064   2.88692
 0.990803   2.27125
  2.22545    0.9437
 0.762088   1.99153
   0.6482   1.83714
  2.98535   1.13393
  1.99058   1.22661
  2.03991   1.36549
  1.57518   1.80705
  1.87458  0.285575
0.0281572   1.74799
  2.52789   2.23002
  1.48426   0.60537
  2.66376   1.53045
  0.54581   2.72966
  2.86147  0.546266
  1.34756  0.002628
 0.431626   1.32218
  2.51748   2.25003
 0.809683   1.22145
 0.547211   1.76356
 0.566122  0.865305
  2.05107   1.69765
  2.69012  0.349197
  2.59723   1.25983
  1.64003   1.48864
  2.65219  0.202867
 0.218722  0.755817
 0.251135    1.9769
  1.81339   2.92919
  2.43718   1.77701
  1.87075  0.164983
  2.47803   1.49685
  1.00683   2.27556
 0.724164  0.120888
  2.90275   2.70882
 0.396081   2.97114
 0.527926 0.0739296
 0.527164 0.0923995
  2.97715  0.865904
 0.682199  0.573237
 0.348243  0.348051
 0.327233 0.0152923
  2.34564   1.38386
  2.40983   2.95119
 0.255328   1.90286
 0.876062   2.18041
 0.252639   2.30838
  1.40906   1.62387
 0.730422  0.829715
  2.44086   2.28764
 0.569118   2.52823
   2.0265    1.9167
 0.504546   0.06432
  2.81482  0.233815
  1.29104 0.0022957
  0.42382   1.45741
  1.59809    1.2119
LINKS_SOURCE_DESTINATION_DISTANCE 330
     0      1      1
     0      3      1
     0      4      1
     0      5      1
     0      7      1
     0     11      1
     0     20      1
     0     22      1
     0     32      1
     0     40      1
     1      0      1
     1      2      1
     1      4      1
     1      6      1
     1      9      1
     1     23      1
     1     25      1
     1     27      1
     1     33      1
     2      1      1
     2      5      1
     2     10      1
     2     14      1
     2     15      1
     2     30      1
     3      0      1
     3     10      1
     3     12      1
     3     24      1
     3     29      1
     3     33      1
     3     40      1
     3     51      1
     3     56      1
     3     60      1
     4      1      1
     4      0      1
     4      6      1
     4      8      1
     4     12      1
     4     17      1
     4     24      1
     4     28      1
     4     69      1
     5      2      1
     5      0      1
     5      6      1
     5      7      1
     5      9      1
     5     12      1
     5     13      1
     5     18      1
     5     19      1
     5     30      1
     5     39      1
     6      1      1
     6      5      1
     6      4      1
     6      7      1
     6      9      1
     6     13      1
     6     21      1
     6     50      1
     6     61      1
     7      6      1
     7      5      1
     7      0      1
     7      8      1
     7     11      1
     7     14      1
     7     41      1
     7     42      1
     8      7      1
     8      4      1
     8     10      1
     8     17      1
     8     19      1
     8     20      1
     8     30      1
     9      6      1
     9      1      1
     9      5      1
     9     16      1
     9     39      1
     9     48      1
     9     59      1
    10      3      1
    10      8      1
    10      2      1
    10     15      1
    10     20      1
    10     26      1
    10     29      1
    10     39      1
    10     53      1
    10     66      1
    11      0      1
    11      7      1
    11     27      1
    11     35      1
    12      5      1
    12      3      1
    12      4      1
    12     19      1
    12     22      1
    12     36      1
    12     44      1
    13      5      1
    13      6      1
    13     18      1
    13     21      1
    13     46      1
    14      2      1
    14      7      1
    14     15      1
    14     16      1
    14     31      1
    14     41      1
    15     10      1
    15      2      1
    15     14      1
    15     17      1
    15     22      1
    15     53      1
    15     57      1
    15     64      1
    16     14      1
    16      9      1
    16     23      1
    16     27      1
    16     62      1
    17      4      1
    17     15      1
    17      8      1
    17     26      1
    17     33      1
    17     45      1
    18     13      1
    18      5      1
    18     25      1
    18     36      1
    18     58      1
    19      8      1
    19      5      1
    19     12      1
    19     37      1
    19     62      1
    20      8      1
    20      0      1
    20     10      1
    20     37      1
    20     45      1
    20     65      1
    20     69      1
    21      6      1
    21     13      1
    21     24      1
    21     28      1
    22     12      1
    22     15      1
    22      0      1
    22     37      1
    22     55      1
    22     59      1
    23      1      1
    23     16      1
    23     47      1
    24     21      1
    24      4      1
    24      3      1
    24     28      1
    24     35      1
    24     42      1
    24     49      1
    24     57      1
    25     18      1
    25      1      1
    25     43      1
    26     17      1
    26     10      1
    26     45      1
    26     48      1
    26     50      1
    26     67      1
    27     16      1
    27      1      1
    27     11      1
    28     21      1
    28      4      1
    28     24      1
    28     35      1
    28     43      1
    28     44      1
    28     60      1
    28     63      1
    29     10      1
    29      3      1
    29     68      1
    30      8      1
    30      5      1
    30      2      1
    30     31      1
    30     36      1
    30     58      1
    31     30      1
    31     14      1
    31     32      1
    31     34      1
    31     38      1
    32      0      1
    32     31      1
    32     52      1
    32     54      1
    33      1      1
    33     17      1
    33      3      1
    33     34      1
    34     33      1
    34     31      1
    34     46      1
    35     11      1
    35     24      1
    35     28      1
    35     58      1
    36     30      1
    36     18      1
    36     12      1
    36     38      1
    37     19      1
    37     20      1
    37     22      1
    37     41      1
    37     56      1
    37     66      1
    38     31      1
    38     36      1
    39      9      1
    39     10      1
    39      5      1
    39     66      1
    39     68      1
    40      3      1
    40      0      1
    41      7      1
    41     14      1
    41     37      1
    41     43      1
    42     24      1
    42      7      1
    43     28      1
    43     25      1
    43     41      1
    43     47      1
    43     67      1
    44     28      1
    44     12      1
    44     48      1
    44     60      1
    44     65      1
    45     26      1
    45     20      1
    45     17      1
    46     13      1
    46     34      1
    47     23      1
    47     43      1
    48     44      1
    48      9      1
    48     26      1
    48     49      1
    48     54      1
    48     56      1
    49     24      1
    49     48      1
    49     51      1
    49     59      1
    50     26      1
    50      6      1
    50     52      1
    51      3      1
    51     49      1
    52     32      1
    52     50      1
    53     10      1
    53     15      1
    53     55      1
    53     65      1
    54     48      1
    54     32      1
    55     53      1
    55     22      1
    55     63      1
    56      3      1
    56     37      1
    56     48      1
    57     24      1
    57     15      1
    57     61      1
    57     64      1
    58     18      1
    58     35      1
    58     30      1
    59     49      1
    59     22      1
    59      9      1
    60      3      1
    60     44      1
    60     28      1
    61     57      1
    61      6      1
    62     19      1
    62     16      1
    63     28      1
    63     55      1
    64     15      1
    64     57      1
    64     68      1
    65     44      1
    65     53      1
    65     20      1
    66     10      1
    66     39      1
    66     37      1
    67     43      1
    67     26      1
    68     64      1
    68     39      1
    68     29      1
    69      4      1
    69     20      1
