COORD_X_Y 110
  1.21041   1.64721
  2.91667   2.60963
 0.214216   1.40181
   1.4742   2.79762
  2.87284   2.20622
  2.53923  0.158482
  2.22366   2.68893
  2.69534   1.06822
   1.3963   1.45531
  1.97748   1.60199
  2.67302   2.97074
 0.607877   1.89225
   2.4317   2.91695
 0.970035   1.59069
  1.66524   2.40175
  2.38398  0.266325
 0.185395 0.0932493
 0.786572   1.35458
  2.69904   1.60681
  2.09368   1.78763
  1.59752   1.49632
 0.780015  0.761252
  1.36664   2.80584
  2.63297   2.53089
 0.793795   2.98124
  2.31938   0.03996
  2.66113   2.32533
  2.14583   1.28019
 0.817544   1.31091
 0.863517   2.04282
  1.23516   2.98077
 0.920818   1.68649
 0.135798  0.294979
0.00354571   2.47359
  2.98171   2.41948
  1.91188  0.870895
  1.47618  0.326981
  1.25396   0.56985
  2.21845  0.357254
  1.06227   1.85388
  1.71147   2.65325
 0.483801    1.3797
  2.92575   2.59306
  2.49886  0.567056
 0.645755   2.31473
  1.26383  0.388846
   1.4352   1.62156
 0.789845   2.69554
   2.6243   0.21634
  2.47563  0.573617
  2.39522   1.23902
  1.63062  0.869111
  2.70011    1.1761
  1.06843   2.44623
  1.31104    1.0011
  1.54323  0.602209
0.0454389   1.27564
  1.41459  0.922452
0.0159266  0.703878
  1.96754   1.92293
  2.75683    2.6316
  2.66397   1.32889
  1.14562   2.07591
  1.02664   1.85638
  1.49667  0.593145
 0.981271   1.72106
  2.67707  0.643748
  1.99792   2.31226
 0.665704   2.58002
  1.02169   1.30469
   2.2389  0.856151
0.0587183   1.33761
  2.84455   2.46664
  2.44636   1.82302
  2.61262  0.768033
  2.03344    2.3653
  2.02415   1.02882
  1.85423  0.213146
 0.714117   2.35866
  2.78183  0.328219
  1.62703  0.452193
  2.98255  0.196813
 0.741971   1.20572
  1.04514   1.47455
  1.51634  0.115139
  1.83689  0.463689
  1.39758   2.32384
 0.518624   2.80578
 0.446917   1.21905
  1.53318  0.024633
 0.380706 0.0505659
  0.80137  0.495145
0.0284952   1.68827
  2.93857  0.416392
  1.97431   2.51556
 0.392297   1.63859
  1.57932   2.26868
   2.2735  0.387658
  1.52366   1.08005
 0.963345   1.64274
 0.185481   1.85723
  1.48297    0.4602
  2.01385   2.95022
   2.2971   1.24536
  2.44645   1.98892
 0.807347   2.37415
  2.81481   1.65603
 0.029403   2.76999
  1.62978  0.338934
 0.900834   0.57003
LINKS_SOURCE_DESTINATION_DISTANCE 540
     0      1      1
     0      2      1
     0      4      1
     0      5      1
     0      6      1
     0     15      1
     0     18      1
     0     31      1
     0     45      1
     0     46      1
     1      0      1
     1      3      1
     1      4      1
     1      6      1
     1      9      1
     1     10      1
     1     13      1
     1     19      1
     1     20      1
     1     26      1
     1     47      1
     1     48      1
     1     92      1
     2      0      1
     2      5      1
     2      7      1
     2      8      1
     2      9      1
     2     11      1
     2     15      1
     2     22      1
     2     29      1
     2     39      1
     2     50      1
     2     92      1
     2     94      1
     3      1      1
     3      7      1
     3     18      1
     3     35      1
     3     84      1
     4      1      1
     4      0      1
     4      5      1
     4      6      1
     4      8      1
     4      9      1
     4     11      1
     4     12      1
     4     29      1
     4     52      1
     4     69      1
     4     70      1
     4     74      1
     4     78      1
     4     88      1
     4    103      1
     5      2      1
     5      4      1
     5      0      1
     5     30      1
     5     81      1
     5     82      1
     5     99      1
     5    106      1
     6      1      1
     6      0      1
     6      4      1
     6      7      1
     6     19      1
     6     22      1
     6     23      1
     6     27      1
     7      6      1
     7      2      1
     7      3      1
     7     10      1
     7     14      1
     7     19      1
     7     21      1
     7     46      1
     7     62      1
     7     65      1
     8      4      1
     8      2      1
     8     10      1
     8     21      1
     8     42      1
     8     49      1
     8     59      1
     8     61      1
     8     69      1
     8    105      1
     9      4      1
     9      1      1
     9      2      1
     9     13      1
     9     16      1
     9     40      1
     9     43      1
     9     73      1
    10      1      1
    10      7      1
    10      8      1
    10     11      1
    10     14      1
    10     15      1
    10     17      1
    10     27      1
    10     38      1
    10     39      1
    11      2      1
    11     10      1
    11      4      1
    11     12      1
    11     13      1
    11     16      1
    11     30      1
    11     36      1
    11     48      1
    11     65      1
    12     11      1
    12      4      1
    12     21      1
    12     38      1
    13      9      1
    13     11      1
    13      1      1
    13     18      1
    13     23      1
    13     24      1
    13     25      1
    13     26      1
    13     56      1
    13     85      1
    13    101      1
    14     10      1
    14      7      1
    14     16      1
    14     33      1
    14     37      1
    14     42      1
    14     83      1
    15      0      1
    15      2      1
    15     10      1
    15     17      1
    15     28      1
    15     35      1
    15     46      1
    15     51      1
    15     55      1
    15    106      1
    16     11      1
    16      9      1
    16     14      1
    16     40      1
    16     45      1
    16     58      1
    16     85      1
    16     90      1
    17     15      1
    17     10      1
    17     31      1
    17     32      1
    17     43      1
    17     90      1
    18      3      1
    18      0      1
    18     13      1
    18     20      1
    18     64      1
    18     87      1
    18     93      1
    19      1      1
    19      6      1
    19      7      1
    19     35      1
    19     54      1
    19     82      1
    19     84      1
    19     91      1
    19     93      1
    19     96      1
    20     18      1
    20      1      1
    20     37      1
    20     63      1
    20     67      1
    21      8      1
    21      7      1
    21     12      1
    21     24      1
    21     34      1
    21     60      1
    21     98      1
    22      6      1
    22      2      1
    22     24      1
    22     25      1
    22     26      1
    22     71      1
    22     74      1
    23      6      1
    23     13      1
    23     25      1
    23     32      1
    23     59      1
    23     64      1
    23     68      1
    23     80      1
    23    107      1
    24     22      1
    24     13      1
    24     21      1
    24     28      1
    24     50      1
    25     22      1
    25     23      1
    25     13      1
    25     44      1
    25     49      1
    25     56      1
    25     60      1
    25     61      1
    25     97      1
    26     22      1
    26     13      1
    26      1      1
    26     33      1
    26     37      1
    26     41      1
    26     61      1
    26     67      1
    27      6      1
    27     10      1
    27     28      1
    27     29      1
    27     33      1
    28     24      1
    28     27      1
    28     15      1
    28     39      1
    28     67      1
    28    104      1
    29      2      1
    29     27      1
    29      4      1
    30     11      1
    30      5      1
    30     34      1
    30     48      1
    30     52      1
    30     55      1
    30     74      1
    30     79      1
    31     17      1
    31      0      1
    31     57      1
    31     65      1
    31     80      1
    31     98      1
    31    109      1
    32     17      1
    32     23      1
    32     34      1
    33     14      1
    33     27      1
    33     26      1
    33     58      1
    34     30      1
    34     21      1
    34     32      1
    34     44      1
    34     77      1
    35     19      1
    35      3      1
    35     15      1
    35     36      1
    35     42      1
    35     63      1
    36     11      1
    36     35      1
    36     47      1
    36     54      1
    36     66      1
    36    108      1
    37     14      1
    37     26      1
    37     20      1
    37     41      1
    37     55      1
    38     10      1
    38     12      1
    38     51      1
    38     88      1
    38     91      1
    38     94      1
    39     28      1
    39     10      1
    39      2      1
    39     49      1
    39     76      1
    39     87      1
    40     16      1
    40      9      1
    40     47      1
    40     71      1
    41     37      1
    41     26      1
    41    102      1
    42     14      1
    42      8      1
    42     35      1
    42     53      1
    43     17      1
    43      9      1
    43     62      1
    43     75      1
    43     81      1
    43     85      1
    44     34      1
    44     25      1
    44     59      1
    44    105      1
    45      0      1
    45     16      1
    45     78      1
    46      7      1
    46      0      1
    46     15      1
    46     93      1
    47     36      1
    47      1      1
    47     40      1
    48     30      1
    48      1      1
    48     11      1
    49      8      1
    49     39      1
    49     25      1
    49     72      1
    49     76      1
    49     78      1
    49    104      1
    50     24      1
    50      2      1
    50     53      1
    50     72      1
    51     38      1
    51     15      1
    51     73      1
    52      4      1
    52     30      1
    52     57      1
    52     96      1
    53     42      1
    53     50      1
    53     58      1
    53     72      1
    53     80      1
    53     95      1
    54     19      1
    54     36      1
    54     71      1
    55     37      1
    55     30      1
    55     15      1
    55     83      1
    56     13      1
    56     25      1
    56     69      1
    56     70      1
    57     31      1
    57     52      1
    57     81      1
    57     95      1
    58     53      1
    58     16      1
    58     33      1
    58     73      1
    58    107      1
    59     44      1
    59      8      1
    59     23      1
    59     66      1
    59     86      1
    59     97      1
    59    102      1
    60     21      1
    60     25      1
    61     26      1
    61      8      1
    61     25      1
    61     66      1
    62     43      1
    62      7      1
    62     79      1
    63     35      1
    63     20      1
    63     68      1
    63     75      1
    64     18      1
    64     23      1
    64     79      1
    64     89      1
    65     11      1
    65      7      1
    65     31      1
    66     61      1
    66     36      1
    66     59      1
    67     20      1
    67     28      1
    67     26      1
    68     23      1
    68     63      1
    68     77      1
    69     56      1
    69      4      1
    69      8      1
    70     56      1
    70      4      1
    70     76      1
    71     22      1
    71     54      1
    71     40      1
    71     87      1
    71     89      1
    71    105      1
    72     49      1
    72     50      1
    72     53      1
    72     98      1
    73     51      1
    73      9      1
    73     58      1
    73    100      1
    74      4      1
    74     22      1
    74     30      1
    75     63      1
    75     43      1
    76     70      1
    76     39      1
    76     49      1
    76     86      1
    76     99      1
    77     68      1
    77     34      1
    78     45      1
    78      4      1
    78     49      1
    79     62      1
    79     64      1
    79     30      1
    79     97      1
    79    100      1
    80     53      1
    80     31      1
    80     23      1
    80     82      1
    80     90      1
    81      5      1
    81     43      1
    81     57      1
    82     19      1
    82     80      1
    82      5      1
    83     55      1
    83     14      1
    84      3      1
    84     19      1
    85     16      1
    85     13      1
    85     43      1
    85    108      1
    86     59      1
    86     76      1
    87     18      1
    87     39      1
    87     71      1
    88      4      1
    88     38      1
    89     71      1
    89     64      1
    90     16      1
    90     80      1
    90     17      1
    91     38      1
    91     19      1
    92      2      1
    92      1      1
    93     18      1
    93     19      1
    93     46      1
    94     38      1
    94      2      1
    94     96      1
    95     57      1
    95     53      1
    95    101      1
    96     52      1
    96     19      1
    96     94      1
    97     25      1
    97     79      1
    97     59      1
    97    103      1
    98     21      1
    98     72      1
    98     31      1
    99      5      1
    99     76      1
    99    109      1
   100     73      1
   100     79      1
   100    106      1
   101     13      1
   101     95      1
   102     41      1
   102     59      1
   103      4      1
   103     97      1
   104     28      1
   104     49      1
   105     71      1
   105     44      1
   105      8      1
   106     15      1
   106      5      1
   106    100      1
   107     23      1
   107     58      1
   107    109      1
   108     85      1
   108     36      1
   109    107      1
   109     99      1
   109     31      1
