COORD_X_Y 10
 0.522629  0.307168
  1.64513   1.26902
  1.33289  0.759208
  1.68357   2.84512
 0.600763   0.66796
    2.848   1.25623
  2.51438   1.61141
 0.821331  0.736747
  1.35994   2.02386
 0.487254   1.70826
LINKS_SOURCE_DESTINATION_DISTANCE 32
     0      1      1
     0      3      1
     0      5      1
     0      6      1
     0      7      1
     1      0      1
     1      2      1
     2      1      1
     2      4      1
     2      6      1
     3      0      1
     3      4      1
     3      7      1
     3      8      1
     4      3      1
     4      2      1
     4      5      1
     4      6      1
     4      9      1
     5      0      1
     5      4      1
     6      4      1
     6      2      1
     6      0      1
     6      8      1
     7      3      1
     7      0      1
     8      6      1
     8      3      1
     8      9      1
     9      8      1
     9      4      1
