COORD_X_Y 90
  1.62575   1.78994
  1.27954   1.82386
  2.24921   2.25503
  0.39378   2.53913
  2.52764     1.142
  1.60294   1.08906
 0.156667 0.0739079
   1.8294    2.3297
  2.56102  0.634114
  2.44111   2.61263
  1.24511   1.17995
  2.75997    2.3793
  2.69087   1.26727
  1.16516   0.14312
  1.35218   0.96782
 0.710513   2.63672
 0.417154  0.112095
 0.728812   1.54859
 0.592383  0.612803
  1.44762   1.63997
 0.513401  0.432292
 0.263579   1.00039
  0.79244   1.79733
  2.26573  0.774485
  2.70489  0.541146
 0.611304   1.40762
  1.81827   2.55604
  1.01252   2.40438
  2.10325   1.20448
 0.412084  0.982587
  1.17308   2.70748
  1.21397   1.12169
  2.36854   1.35256
  1.75257  0.183533
  1.78059  0.836733
 0.935584   2.31904
  1.07778   2.40566
 0.728393   2.69439
  2.16817   1.34028
 0.883831     2.301
   2.1248   2.23222
  2.41373   2.44821
  1.15533   2.98744
  1.52605   2.12975
     2.83   2.09371
  2.92366   1.45987
  2.18997   1.47397
 0.262113  0.326171
  2.42852   2.26428
 0.974142   2.03658
 0.997427   1.22038
 0.330492   2.12732
  1.88553   1.71888
  1.00912  0.901029
  2.97889   1.27289
  2.14997   1.62792
  1.15745   2.42075
  1.60468   2.26106
 0.481337  0.125591
 0.831563   1.97232
  1.47393   2.52629
 0.869948   1.68215
  1.80232 0.0898452
   2.5541  0.530789
  1.60996   0.84314
  2.40886   2.81675
  1.58564   1.70202
  1.19525  0.134299
  1.36554   2.15224
  2.08792   2.08433
  2.78943  0.842533
  1.89194   2.05507
  2.32486   1.71654
  2.00242   2.62391
 0.475637 0.00525672
  1.00028   1.34007
  1.80015   2.60132
  1.32671    1.7783
  1.85983   1.45966
  1.99416   1.25367
 0.412953 0.0527301
   2.5035   2.00342
  1.00258  0.650029
  2.14824   2.36868
  1.48242  0.836449
 0.655641  0.925266
  2.23559  0.267234
 0.899665   2.54876
  2.49111   1.72799
 0.278131   0.97375
LINKS_SOURCE_DESTINATION_DISTANCE 434
     0      1      1
     0      2      1
     0      3      1
     0      5      1
     0      6      1
     0     13      1
     0     22      1
     0     33      1
     0     47      1
     0     56      1
     0     63      1
     1      0      1
     1      5      1
     1      6      1
     1      9      1
     1     17      1
     1     38      1
     1     39      1
     1     60      1
     1     79      1
     2      0      1
     2      4      1
     2      7      1
     2     15      1
     2     41      1
     3      0      1
     3      4      1
     3      6      1
     3      8      1
     3      9      1
     3     12      1
     3     15      1
     3     29      1
     3     45      1
     3     57      1
     3     58      1
     3     70      1
     4      3      1
     4      2      1
     4      5      1
     4      8      1
     4     10      1
     4     11      1
     4     86      1
     5      0      1
     5      4      1
     5      1      1
     5      8      1
     5     16      1
     5     19      1
     5     22      1
     5     26      1
     5     41      1
     5     66      1
     5     81      1
     6      3      1
     6      0      1
     6      1      1
     6      7      1
     6      9      1
     6     11      1
     6     13      1
     6     21      1
     6     23      1
     6     26      1
     6     27      1
     6     29      1
     6     30      1
     6     39      1
     6     44      1
     6     53      1
     6     55      1
     6     88      1
     7      6      1
     7      2      1
     7     17      1
     7     21      1
     7     37      1
     7     40      1
     7     71      1
     7     78      1
     8      5      1
     8      3      1
     8      4      1
     8     10      1
     8     16      1
     8     18      1
     8     20      1
     8     31      1
     8     35      1
     8     56      1
     8     59      1
     8     66      1
     8     74      1
     9      3      1
     9      6      1
     9      1      1
     9     10      1
     9     12      1
     9     13      1
     9     15      1
     9     19      1
     9     26      1
     9     73      1
    10      4      1
    10      9      1
    10      8      1
    10     11      1
    10     12      1
    10     32      1
    10     44      1
    11      6      1
    11      4      1
    11     10      1
    11     18      1
    11     49      1
    12      9      1
    12      3      1
    12     10      1
    12     14      1
    12     20      1
    12     50      1
    12     68      1
    12     85      1
    13      6      1
    13      0      1
    13      9      1
    13     14      1
    13     64      1
    14     12      1
    14     13      1
    14     17      1
    14     23      1
    14     29      1
    14     45      1
    14     53      1
    14     59      1
    14     65      1
    14     83      1
    15      2      1
    15      9      1
    15      3      1
    15     27      1
    15     31      1
    15     34      1
    15     42      1
    15     82      1
    15     89      1
    16      8      1
    16      5      1
    16     25      1
    16     28      1
    16     39      1
    16     45      1
    16     47      1
    16     58      1
    17      1      1
    17      7      1
    17     14      1
    17     19      1
    17     24      1
    17     28      1
    17     36      1
    17     40      1
    17     43      1
    17     57      1
    17     69      1
    18      8      1
    18     11      1
    18     46      1
    18     63      1
    19      9      1
    19      5      1
    19     17      1
    19     30      1
    19     36      1
    19     49      1
    19     71      1
    19     74      1
    20     12      1
    20      8      1
    20     25      1
    20     35      1
    20     48      1
    20     80      1
    21      6      1
    21      7      1
    21     24      1
    22      0      1
    22      5      1
    23      6      1
    23     14      1
    23     36      1
    23     38      1
    23     64      1
    23     75      1
    24     21      1
    24     17      1
    24     33      1
    24     43      1
    24     86      1
    24     87      1
    25     20      1
    25     16      1
    25     28      1
    26      6      1
    26      9      1
    26      5      1
    26     27      1
    26     38      1
    26     48      1
    26     70      1
    27     15      1
    27     26      1
    27      6      1
    27     32      1
    27     44      1
    27     47      1
    28     16      1
    28     17      1
    28     25      1
    28     43      1
    29      6      1
    29      3      1
    29     14      1
    29     37      1
    30     19      1
    30      6      1
    30     75      1
    31     15      1
    31      8      1
    31     34      1
    31     85      1
    32     27      1
    32     10      1
    32     52      1
    32     76      1
    33      0      1
    33     24      1
    33     61      1
    34     15      1
    34     31      1
    35      8      1
    35     20      1
    35     49      1
    35     54      1
    36     17      1
    36     19      1
    36     23      1
    36     42      1
    37      7      1
    37     29      1
    38     23      1
    38      1      1
    38     26      1
    38     70      1
    39      6      1
    39      1      1
    39     16      1
    39     40      1
    39     64      1
    40     17      1
    40     39      1
    40      7      1
    40     66      1
    40     81      1
    41      2      1
    41      5      1
    41     51      1
    41     61      1
    42     15      1
    42     36      1
    42     52      1
    42     76      1
    43     28      1
    43     24      1
    43     17      1
    43     48      1
    43     53      1
    44     27      1
    44      6      1
    44     10      1
    44     46      1
    44     52      1
    45     14      1
    45      3      1
    45     16      1
    45     54      1
    46     18      1
    46     44      1
    46     50      1
    47     16      1
    47     27      1
    47      0      1
    47     59      1
    47     84      1
    48     20      1
    48     26      1
    48     43      1
    48     51      1
    48     60      1
    48     62      1
    48     77      1
    49     19      1
    49     11      1
    49     35      1
    49     50      1
    49     55      1
    50     46      1
    50     49      1
    50     12      1
    51     41      1
    51     48      1
    51     72      1
    52     42      1
    52     32      1
    52     44      1
    52     67      1
    52     68      1
    52     77      1
    53     14      1
    53      6      1
    53     43      1
    53     55      1
    53     65      1
    54     45      1
    54     35      1
    54     69      1
    54     73      1
    55     49      1
    55     53      1
    55      6      1
    55     61      1
    56      0      1
    56      8      1
    56     62      1
    57      3      1
    57     17      1
    57     79      1
    58     16      1
    58      3      1
    59     47      1
    59      8      1
    59     14      1
    60     48      1
    60      1      1
    61     55      1
    61     33      1
    61     41      1
    61     72      1
    61     86      1
    62     56      1
    62     48      1
    62     68      1
    62     75      1
    62     80      1
    63     18      1
    63      0      1
    63     67      1
    63     82      1
    64     39      1
    64     13      1
    64     23      1
    65     53      1
    65     14      1
    65     88      1
    66      8      1
    66     40      1
    66      5      1
    66     80      1
    66     84      1
    67     63      1
    67     52      1
    67     77      1
    68     12      1
    68     52      1
    68     62      1
    69     17      1
    69     54      1
    70     26      1
    70     38      1
    70      3      1
    70     87      1
    71      7      1
    71     19      1
    72     51      1
    72     61      1
    73      9      1
    73     54      1
    73     79      1
    74     19      1
    74      8      1
    75     30      1
    75     62      1
    75     23      1
    76     42      1
    76     32      1
    76     78      1
    76     83      1
    76     89      1
    77     48      1
    77     67      1
    77     52      1
    78      7      1
    78     76      1
    78     84      1
    79     73      1
    79      1      1
    79     57      1
    80     62      1
    80     66      1
    80     20      1
    81      5      1
    81     40      1
    81     85      1
    82     15      1
    82     63      1
    83     76      1
    83     14      1
    84     47      1
    84     66      1
    84     78      1
    85     31      1
    85     81      1
    85     12      1
    86     24      1
    86      4      1
    86     61      1
    87     70      1
    87     24      1
    88     65      1
    88      6      1
    89     15      1
    89     76      1
