COORD_X_Y 50
  2.01169   2.93322
  1.77136  0.846977
  1.89157  0.699738
 0.382767  0.632214
   2.8529   2.86536
  2.96622   2.97801
  1.07462   2.35647
  1.92671    2.0965
  1.37594   1.59566
  2.31613   2.47833
  1.61819   2.36093
  2.88689   1.62073
  1.34732    2.3842
  1.38381   2.57133
  1.95902   2.22281
  2.93007   1.82412
 0.349026   2.45331
 0.862425  0.872863
  1.10971   2.48157
 0.226941  0.736382
   1.5884    0.8878
  1.48278  0.430632
 0.386928   2.32752
 0.972754   0.62301
  1.57143  0.986939
  1.00796   2.91447
   1.0936   2.11427
  1.49835  0.894797
 0.971227   2.05896
  2.24173   1.89581
 0.143034   1.94565
  1.37499   1.43757
  2.64498   2.38028
  1.28431   2.77061
  1.69079   1.69844
 0.735523  0.275897
 0.375837   1.16076
  1.82444  0.246217
  1.27991   2.08327
 0.760536  0.601317
  2.94534   2.05846
  2.27634   1.60756
  1.71395   2.15628
  2.89924   1.15622
 0.767033  0.892639
  1.37356  0.558955
 0.330728  0.308374
  2.16306   2.49678
  1.89129   2.33805
 0.384316  0.134765
LINKS_SOURCE_DESTINATION_DISTANCE 238
     0      1      1
     0      4      1
     0      8      1
     0     13      1
     0     18      1
     0     40      1
     1      0      1
     1      2      1
     1      6      1
     1      7      1
     1      8      1
     1     11      1
     1     14      1
     1     46      1
     2      1      1
     2      3      1
     2      4      1
     2      5      1
     2      6      1
     2     14      1
     2     23      1
     2     26      1
     2     29      1
     2     32      1
     2     42      1
     3      2      1
     3      5      1
     3      6      1
     3      7      1
     3      9      1
     3     12      1
     3     15      1
     3     21      1
     3     25      1
     3     36      1
     3     38      1
     3     47      1
     4      2      1
     4      0      1
     4     17      1
     4     31      1
     4     38      1
     5      3      1
     5      2      1
     5     10      1
     5     11      1
     5     12      1
     5     15      1
     5     19      1
     5     20      1
     5     33      1
     6      3      1
     6      2      1
     6      1      1
     6     13      1
     6     19      1
     6     27      1
     6     49      1
     7      1      1
     7      3      1
     7     11      1
     7     21      1
     7     32      1
     8      0      1
     8      1      1
     8      9      1
     8     12      1
     8     13      1
     8     17      1
     8     18      1
     8     21      1
     8     36      1
     8     44      1
     9      8      1
     9      3      1
     9     10      1
     9     20      1
     9     26      1
     9     39      1
     9     41      1
     9     44      1
    10      5      1
    10      9      1
    10     27      1
    10     35      1
    11      5      1
    11      1      1
    11      7      1
    11     22      1
    11     45      1
    12      8      1
    12      5      1
    12      3      1
    12     23      1
    12     34      1
    13      6      1
    13      0      1
    13      8      1
    13     16      1
    14      2      1
    14      1      1
    14     17      1
    14     28      1
    14     35      1
    14     40      1
    15      3      1
    15      5      1
    15     16      1
    15     18      1
    15     25      1
    15     37      1
    15     47      1
    16     13      1
    16     15      1
    16     29      1
    16     30      1
    17     14      1
    17      4      1
    17      8      1
    17     30      1
    17     45      1
    18      8      1
    18      0      1
    18     15      1
    18     20      1
    18     23      1
    19      6      1
    19      5      1
    19     28      1
    19     39      1
    19     40      1
    20     18      1
    20      9      1
    20      5      1
    20     22      1
    21      7      1
    21      3      1
    21      8      1
    21     22      1
    21     24      1
    22     11      1
    22     21      1
    22     20      1
    22     25      1
    22     29      1
    22     30      1
    22     33      1
    22     36      1
    23     12      1
    23     18      1
    23      2      1
    23     24      1
    23     31      1
    24     21      1
    24     23      1
    24     27      1
    25     22      1
    25      3      1
    25     15      1
    25     34      1
    26      9      1
    26      2      1
    26     37      1
    26     44      1
    27      6      1
    27     24      1
    27     10      1
    27     32      1
    28     19      1
    28     14      1
    29      2      1
    29     16      1
    29     22      1
    29     48      1
    30     16      1
    30     22      1
    30     17      1
    30     48      1
    30     49      1
    31      4      1
    31     23      1
    32      2      1
    32     27      1
    32      7      1
    32     34      1
    33     22      1
    33      5      1
    34     25      1
    34     12      1
    34     32      1
    34     42      1
    35     14      1
    35     10      1
    36      3      1
    36      8      1
    36     22      1
    36     39      1
    37     15      1
    37     26      1
    37     43      1
    37     46      1
    37     49      1
    38      4      1
    38      3      1
    39      9      1
    39     19      1
    39     36      1
    39     41      1
    39     42      1
    39     45      1
    40     14      1
    40     19      1
    40      0      1
    41      9      1
    41     39      1
    42     39      1
    42      2      1
    42     34      1
    42     43      1
    43     42      1
    43     37      1
    44     26      1
    44      8      1
    44      9      1
    45     39      1
    45     11      1
    45     17      1
    46     37      1
    46      1      1
    46     47      1
    47     46      1
    47     15      1
    47      3      1
    48     30      1
    48     29      1
    49     30      1
    49      6      1
    49     37      1
