COORD_X_Y 60
 0.983765   1.64232
  2.52726   2.72646
  2.47714    2.8384
   2.7916    2.5147
 0.898085   1.85257
 0.451184   2.77789
  2.95743   2.34228
  1.83033  0.420488
  2.74342  0.486525
   1.3179   1.83762
  1.50057    1.3334
  2.62849   2.57476
  2.99023   2.45441
  0.76691   1.36673
 0.956857  0.835667
  2.99248  0.601284
 0.318965 0.00659137
   1.3008    2.4319
  1.52022 0.0935307
   2.6134   1.67529
  2.09563   2.04504
  1.36199  0.586874
  2.12077   2.10604
   1.6787   1.84915
  1.79513  0.634522
 0.699951   2.89729
  1.83172  0.368883
 0.659117 0.0487414
 0.173862   2.61728
 0.505544    1.8547
  2.62669   0.73956
 0.668063  0.303049
  1.44446   2.55912
  1.00399  0.364578
  1.44724   2.28082
  0.77763  0.861097
  1.42334   2.48735
  2.68253  0.555197
  2.30279  0.614615
  2.88347   1.43405
  1.85524   1.47233
  1.44959  0.694931
  1.57037   2.00318
 0.305313  0.299494
  2.34265   2.65754
 0.128892   1.33441
  2.50749   1.40254
 0.866688   2.71889
 0.829763   1.58115
  1.02813  0.176175
 0.251832  0.946501
  1.04363    0.2858
  2.03284  0.411464
  2.15608   1.59341
 0.694897 0.0545327
  2.83254   2.28351
  1.96464   1.94166
 0.140741   1.59127
 0.297186   1.94972
  1.78376  0.727095
LINKS_SOURCE_DESTINATION_DISTANCE 298
     0      1      1
     0      3      1
     0      4      1
     0      6      1
     0      8      1
     0      9      1
     0     13      1
     0     24      1
     0     51      1
     0     53      1
     0     55      1
     1      0      1
     1      2      1
     1      4      1
     1      5      1
     1      6      1
     1     15      1
     1     16      1
     1     26      1
     1     44      1
     1     54      1
     1     55      1
     2      1      1
     2      4      1
     2     12      1
     2     24      1
     2     29      1
     2     34      1
     2     40      1
     2     58      1
     3      0      1
     3      5      1
     3      7      1
     3      9      1
     3     10      1
     3     12      1
     3     18      1
     3     31      1
     3     50      1
     4      0      1
     4      1      1
     4      2      1
     4     10      1
     4     21      1
     4     38      1
     5      3      1
     5      1      1
     5     14      1
     5     18      1
     5     25      1
     5     32      1
     5     42      1
     5     46      1
     5     50      1
     6      0      1
     6      1      1
     6      7      1
     6     11      1
     6     13      1
     6     25      1
     6     35      1
     7      6      1
     7      3      1
     7      8      1
     7      9      1
     7     11      1
     7     16      1
     7     27      1
     7     28      1
     7     31      1
     7     37      1
     8      0      1
     8      7      1
     8     10      1
     8     16      1
     8     18      1
     8     22      1
     8     35      1
     8     54      1
     9      3      1
     9      0      1
     9      7      1
     9     14      1
     9     19      1
    10      8      1
    10      4      1
    10      3      1
    10     26      1
    10     41      1
    10     44      1
    10     47      1
    10     52      1
    11      7      1
    11      6      1
    11     12      1
    11     13      1
    11     15      1
    11     28      1
    11     33      1
    12     11      1
    12      2      1
    12      3      1
    12     17      1
    12     23      1
    12     43      1
    12     56      1
    13      6      1
    13     11      1
    13      0      1
    13     15      1
    13     19      1
    13     23      1
    13     31      1
    13     33      1
    14      5      1
    14      9      1
    14     20      1
    14     57      1
    15     11      1
    15      1      1
    15     13      1
    15     17      1
    15     30      1
    15     32      1
    15     34      1
    15     46      1
    16      8      1
    16      1      1
    16      7      1
    16     17      1
    16     20      1
    16     25      1
    16     30      1
    17     12      1
    17     16      1
    17     15      1
    17     22      1
    17     48      1
    18      5      1
    18      3      1
    18      8      1
    18     22      1
    19      9      1
    19     13      1
    19     21      1
    19     26      1
    19     28      1
    20     14      1
    20     16      1
    20     27      1
    20     37      1
    20     43      1
    20     52      1
    20     56      1
    21     19      1
    21      4      1
    21     23      1
    21     30      1
    21     40      1
    22      8      1
    22     17      1
    22     18      1
    22     43      1
    22     48      1
    23     12      1
    23     13      1
    23     21      1
    23     39      1
    23     59      1
    24      2      1
    24      0      1
    24     29      1
    24     35      1
    24     36      1
    25      6      1
    25      5      1
    25     16      1
    25     27      1
    25     44      1
    25     45      1
    25     49      1
    25     54      1
    25     57      1
    26      1      1
    26     10      1
    26     19      1
    26     39      1
    26     56      1
    27      7      1
    27     25      1
    27     20      1
    27     36      1
    27     40      1
    27     51      1
    28     11      1
    28     19      1
    28      7      1
    29     24      1
    29      2      1
    29     39      1
    29     41      1
    29     50      1
    30     21      1
    30     16      1
    30     15      1
    30     38      1
    30     45      1
    31      7      1
    31      3      1
    31     13      1
    31     32      1
    31     53      1
    31     59      1
    32      5      1
    32     31      1
    32     15      1
    32     33      1
    32     34      1
    33     32      1
    33     13      1
    33     11      1
    34     15      1
    34      2      1
    34     32      1
    34     46      1
    35     24      1
    35      6      1
    35      8      1
    36     24      1
    36     27      1
    36     42      1
    36     57      1
    37      7      1
    37     20      1
    37     49      1
    38     30      1
    38      4      1
    38     47      1
    38     49      1
    39     26      1
    39     23      1
    39     29      1
    40      2      1
    40     21      1
    40     27      1
    40     58      1
    41     29      1
    41     10      1
    42     36      1
    42      5      1
    42     47      1
    43     12      1
    43     20      1
    43     22      1
    44     25      1
    44     10      1
    44      1      1
    45     30      1
    45     25      1
    46     15      1
    46      5      1
    46     34      1
    47     42      1
    47     10      1
    47     38      1
    48     17      1
    48     22      1
    48     52      1
    49     25      1
    49     38      1
    49     37      1
    50      5      1
    50      3      1
    50     29      1
    51     27      1
    51      0      1
    52     10      1
    52     20      1
    52     48      1
    52     53      1
    53     52      1
    53     31      1
    53      0      1
    54      8      1
    54     25      1
    54      1      1
    55      1      1
    55      0      1
    56     20      1
    56     12      1
    56     26      1
    57     25      1
    57     14      1
    57     36      1
    58     40      1
    58      2      1
    59     23      1
    59     31      1
