COORD_X_Y 10
  1.92257  0.787642
  0.10148  0.239321
  1.09504  0.277214
  2.93771   1.09668
  2.84527  0.692463
   1.4344  0.323983
 0.129976  0.377997
 0.659878  0.880683
 0.210863   2.52888
  1.94322   1.12209
LINKS_SOURCE_DESTINATION_DISTANCE 42
     0      1      1
     0      2      1
     0      5      1
     0      6      1
     0      7      1
     0      9      1
     1      0      1
     1      3      1
     1      4      1
     1      5      1
     1      8      1
     2      0      1
     2      4      1
     2      5      1
     2      6      1
     2      7      1
     3      1      1
     3      4      1
     3      8      1
     4      1      1
     4      2      1
     4      3      1
     4      6      1
     5      2      1
     5      1      1
     5      0      1
     5      9      1
     6      0      1
     6      2      1
     6      4      1
     6      7      1
     6      8      1
     7      2      1
     7      6      1
     7      0      1
     8      6      1
     8      1      1
     8      3      1
     8      9      1
     9      5      1
     9      8      1
     9      0      1
