COORD_X_Y 110
 0.236346   2.07987
  1.50002     1.793
0.00166633 0.0499165
  2.92159   2.29872
   1.9863 0.0121622
  2.67913   1.21805
  1.62951   0.49277
  1.35472   2.79427
  1.20556   1.99294
  1.10843   2.13753
  2.42261  0.121229
 0.598292   1.99457
  2.94584   1.99678
  1.62043  0.399368
 0.924683    2.2666
 0.668949   2.87047
  1.93502  0.580087
  1.64935   1.15354
  2.90507  0.416168
  2.69472   2.08796
  2.41746  0.265532
  2.29956   1.28784
 0.557038   1.50365
  1.61532  0.100495
  2.23754   1.59378
   2.3982  0.958856
  1.02209  0.806632
 0.785758  0.357361
  2.97932   2.24111
  1.28779   1.50312
   2.0834 0.0708177
  2.38089   1.24905
   1.8519   1.50532
 0.590151   2.55337
   2.8392   0.32904
 0.254587   2.82818
 0.309294   1.51279
  2.59825   1.44192
0.0226769   2.38036
  1.68405     2.022
  1.47225   1.78604
  2.99149   1.67464
  1.69941   2.45565
  1.69008    2.1879
 0.353116  0.596457
   2.7166   2.63301
 0.551109  0.142841
  1.64279    1.7711
 0.692151   2.17744
  2.89655   2.51433
 0.855748   2.54995
   2.2538    1.5452
  2.43854   1.55828
 0.180027   2.89441
  1.20466   2.96629
  0.20209   1.96249
 0.294532   2.57788
 0.991993   0.78704
  1.06219   2.39357
  1.07485    2.9229
  1.08041  0.668532
  2.67247   1.99158
 0.600197   2.72458
 0.695261   2.69653
  1.82699   1.18087
 0.366622  0.666724
  2.30491    1.7448
  1.99905   2.89315
  2.14889   1.33991
 0.124627   2.69849
 0.289355   2.52711
  1.11015  0.974409
 0.498049   1.75612
 0.123198   2.29348
 0.483134  0.807863
  2.70598   1.56165
 0.262696   1.67623
  1.23305  0.112146
 0.797797   1.50702
   1.8629   2.84508
  2.63671   1.22562
0.0240418  0.188017
  1.55737   2.98936
  2.69689  0.118223
  1.45258   1.34691
 0.169169  0.208036
 0.098315  0.874909
  2.19648   1.32216
  1.32119  0.593108
  1.06687  0.852404
 0.777005    0.8876
  2.39279  0.433489
  1.80027     1.531
  2.23946   1.93641
  2.45409   2.29898
   2.5313   2.48377
 0.168914   1.19772
    2.858   1.86003
  1.89189  0.108908
  1.75345   2.13004
   1.3228   1.52316
  2.40007   1.90003
 0.270887   2.50474
 0.820157   1.65468
  2.06539   1.22485
  2.90252    2.5584
  2.83251   2.07908
   2.2097  0.139679
 0.870162   2.09476
  1.12241  0.124399
LINKS_SOURCE_DESTINATION_DISTANCE 538
     0      1      1
     0      3      1
     0      4      1
     0      5      1
     0      9      1
     0     12      1
     0     14      1
     0     25      1
     0     63      1
     0    106      1
     1      0      1
     1      2      1
     1      4      1
     1      7      1
     1     19      1
     1     28      1
     1     53      1
     1     92      1
     1    107      1
     2      1      1
     2      5      1
     2      6      1
     2      7      1
     2      9      1
     2     15      1
     2     17      1
     2     33      1
     2     39      1
     2     77      1
     3      0      1
     3      8      1
     3     11      1
     3     13      1
     3     18      1
     3     19      1
     3     21      1
     3     49      1
     3    100      1
     3    104      1
     4      1      1
     4      0      1
     4      5      1
     4      6      1
     4     10      1
     4     17      1
     4     20      1
     4     23      1
     4     24      1
     4     27      1
     4     43      1
     4     72      1
     4     79      1
     4     87      1
     5      2      1
     5      0      1
     5      4      1
     5      7      1
     5      8      1
     5      9      1
     5     28      1
     6      2      1
     6      4      1
     6     12      1
     6     15      1
     6     25      1
     6     31      1
     6     34      1
     6     81      1
     7      2      1
     7      1      1
     7      5      1
     7      8      1
     7     10      1
     7     11      1
     7     14      1
     7     17      1
     7     21      1
     7     23      1
     7     31      1
     7     67      1
     7     70      1
     8      7      1
     8      5      1
     8      3      1
     8     13      1
     8     18      1
     8     32      1
     8     41      1
     8     53      1
     8     90      1
     8     93      1
     8     98      1
     9      0      1
     9      2      1
     9      5      1
     9     10      1
     9     15      1
     9     16      1
     9     23      1
     9     34      1
     9     46      1
     9     55      1
     9     64      1
    10      4      1
    10      7      1
    10      9      1
    10     12      1
    10     18      1
    10     33      1
    10     64      1
    10     65      1
    10     77      1
    10     98      1
    11      7      1
    11      3      1
    11     20      1
    11     22      1
    11     56      1
    11     69      1
    11     80      1
    11     89      1
    11    100      1
    12      0      1
    12      6      1
    12     10      1
    12     20      1
    12     24      1
    12     51      1
    12     90      1
    13      3      1
    13      8      1
    13     30      1
    13     38      1
    14      7      1
    14      0      1
    14     31      1
    14     37      1
    14     72      1
    14     84      1
    15      6      1
    15      9      1
    15      2      1
    15     16      1
    15     32      1
    15     40      1
    15     56      1
    15     65      1
    15     66      1
    15     69      1
    16     15      1
    16      9      1
    16     27      1
    16     33      1
    16     35      1
    16     36      1
    16     45      1
    17      7      1
    17      4      1
    17      2      1
    17     22      1
    17     29      1
    18      3      1
    18     10      1
    18      8      1
    18     19      1
    18     25      1
    18     26      1
    18     29      1
    18     44      1
    18     61      1
    18     86      1
    18     96      1
    19      3      1
    19      1      1
    19     18      1
    19     21      1
    19     62      1
    19     63      1
    19     68      1
    20      4      1
    20     11      1
    20     12      1
    20     32      1
    20     98      1
    21      7      1
    21      3      1
    21     19      1
    21     22      1
    21     34      1
    21     42      1
    21     48      1
    21     50      1
    22     11      1
    22     17      1
    22     21      1
    22     30      1
    22     61      1
    22     73      1
    23      7      1
    23      9      1
    23      4      1
    23     47      1
    24      4      1
    24     12      1
    24     27      1
    24     54      1
    24     56      1
    25     18      1
    25      6      1
    25      0      1
    25     26      1
    25     64      1
    25     68      1
    26     18      1
    26     25      1
    26     42      1
    27     24      1
    27     16      1
    27      4      1
    27     38      1
    27     65      1
    27     85      1
    27    107      1
    27    109      1
    28      5      1
    28      1      1
    28     29      1
    28     35      1
    28     99      1
    29     17      1
    29     28      1
    29     18      1
    29     39      1
    29     67      1
    29     91      1
    30     22      1
    30     13      1
    30     36      1
    30     47      1
    30     49      1
    30     52      1
    30     68      1
    31      7      1
    31      6      1
    31     14      1
    31     75      1
    32      8      1
    32     20      1
    32     15      1
    32     45      1
    32     66      1
    32     69      1
    32     80      1
    32     81      1
    32     83      1
    33      2      1
    33     10      1
    33     16      1
    33     37      1
    33     39      1
    33     43      1
    33     47      1
    33     90      1
    33    108      1
    34      6      1
    34      9      1
    34     21      1
    34     59      1
    34     82      1
    34     83      1
    35     16      1
    35     28      1
    35     41      1
    35     45      1
    35     82      1
    36     16      1
    36     30      1
    36     43      1
    37     33      1
    37     14      1
    37     40      1
    37     54      1
    37     75      1
    37     85      1
    38     27      1
    38     13      1
    39      2      1
    39     29      1
    39     33      1
    39     60      1
    39     62      1
    39     67      1
    39     79      1
    40     15      1
    40     37      1
    40     55      1
    40     58      1
    40     60      1
    41      8      1
    41     35      1
    41     44      1
    41     50      1
    42     26      1
    42     21      1
    42     74      1
    42     95      1
    43      4      1
    43     36      1
    43     33      1
    43     48      1
    43     99      1
    44     18      1
    44     41      1
    44     58      1
    44     73      1
    45     35      1
    45     16      1
    45     32      1
    45     46      1
    46     45      1
    46      9      1
    46     59      1
    47     33      1
    47     23      1
    47     30      1
    47     51      1
    47     70      1
    48     21      1
    48     43      1
    49      3      1
    49     30      1
    49     71      1
    50     21      1
    50     41      1
    50     52      1
    50    104      1
    51     12      1
    51     47      1
    51     52      1
    51     57      1
    51     76      1
    51     89      1
    52     30      1
    52     50      1
    52     51      1
    53      8      1
    53      1      1
    53     54      1
    53     57      1
    53     63      1
    53     88      1
    54     37      1
    54     53      1
    54     24      1
    54     76      1
    54     78      1
    54     93      1
    55     40      1
    55      9      1
    55     60      1
    55     92      1
    55     94      1
    56     24      1
    56     11      1
    56     15      1
    57     51      1
    57     53      1
    58     44      1
    58     40      1
    58     74      1
    58     89      1
    58    103      1
    59     46      1
    59     34      1
    59     87      1
    59    104      1
    59    108      1
    59    109      1
    60     40      1
    60     55      1
    60     39      1
    60     66      1
    60     80      1
    60    101      1
    61     22      1
    61     18      1
    61     96      1
    62     19      1
    62     39      1
    62     71      1
    62     72      1
    63     19      1
    63     53      1
    63      0      1
    63     75      1
    63     93      1
    63     97      1
    64      9      1
    64     10      1
    64     25      1
    64    100      1
    64    105      1
    65     10      1
    65     15      1
    65     27      1
    65     99      1
    66     60      1
    66     15      1
    66     32      1
    66     70      1
    67      7      1
    67     29      1
    67     39      1
    67     92      1
    68     19      1
    68     25      1
    68     30      1
    69     11      1
    69     15      1
    69     32      1
    69     82      1
    69     86      1
    70     47      1
    70      7      1
    70     66      1
    70     78      1
    70     91      1
    70     96      1
    70    103      1
    71     49      1
    71     62      1
    71     78      1
    71     83      1
    72      4      1
    72     62      1
    72     14      1
    73     22      1
    73     44      1
    74     42      1
    74     58      1
    75     37      1
    75     31      1
    75     63      1
    76     54      1
    76     51      1
    77      2      1
    77     10      1
    78     54      1
    78     71      1
    78     70      1
    78     84      1
    79     39      1
    79      4      1
    79     88      1
    79     95      1
    79    106      1
    80     60      1
    80     11      1
    80     32      1
    81     32      1
    81      6      1
    82     34      1
    82     69      1
    82     35      1
    83     34      1
    83     32      1
    83     71      1
    84     78      1
    84     14      1
    85     37      1
    85     27      1
    85    101      1
    86     69      1
    86     18      1
    86     94      1
    86    102      1
    87     59      1
    87      4      1
    87     97      1
    88     79      1
    88     53      1
    89     11      1
    89     58      1
    89     51      1
    89     91      1
    90     33      1
    90      8      1
    90     12      1
    91     70      1
    91     89      1
    91     29      1
    92     55      1
    92     67      1
    92      1      1
    93     63      1
    93      8      1
    93     54      1
    94     86      1
    94     55      1
    95     42      1
    95     79      1
    96     18      1
    96     61      1
    96     70      1
    96    105      1
    97     63      1
    97     87      1
    98     20      1
    98     10      1
    98      8      1
    98    102      1
    99     65      1
    99     28      1
    99     43      1
   100     11      1
   100     64      1
   100      3      1
   100    109      1
   101     60      1
   101     85      1
   102     86      1
   102     98      1
   103     70      1
   103     58      1
   104     50      1
   104     59      1
   104      3      1
   105     64      1
   105     96      1
   106      0      1
   106     79      1
   107     27      1
   107      1      1
   108     59      1
   108     33      1
   109    100      1
   109     59      1
   109     27      1
