COORD_X_Y 200
 0.676782   2.77733
  2.93888  0.634379
0.0376849   2.79273
 0.161431   2.84429
   2.2547   2.97818
  1.92191   2.64832
  2.09964   1.53231
 0.865319 0.0468891
  1.99896   1.60116
  2.38192   2.51947
  2.51291  0.770118
  1.56126   2.76407
 0.820432   1.83055
  1.05501   1.99532
  1.07523  0.608748
 0.568994  0.482647
 0.479859    1.5058
  2.31934   1.28138
  1.33746   0.50659
   2.6659   1.71469
  2.01291  0.228672
  1.02411  0.222561
 0.751618 0.0398846
  1.48694   1.88857
  1.60633  0.828581
 0.419631   2.75792
  2.16146   0.65582
  2.53517   1.31369
 0.915742   0.61599
 0.766356 0.0391924
  1.66986   2.83859
  1.60161   1.12361
  2.12152   1.13362
  1.06215   1.29825
  1.15606   2.05097
  2.32457    1.2393
 0.907026  0.180169
  1.69384   2.19136
  2.29844   1.52051
   2.7571   1.10799
   2.5963   2.41977
  1.13315   2.88206
 0.672084   2.98043
  1.29768   1.23697
 0.075032   1.87809
 0.636504   1.13258
  2.09939  0.834989
   1.2972    2.7351
 0.184588  0.551953
  1.87289   2.60695
  2.36704  0.541629
 0.807118  0.869431
  1.19574   1.65103
  1.81697   1.76719
  2.43669   1.77285
  2.54516   1.62739
  0.66282   1.04749
  2.61336   1.08068
  1.24181   1.64511
  1.40091   1.93108
  2.26206  0.428899
  2.36571    2.9954
  1.79827   1.53629
  2.27619 0.0731742
 0.343025  0.474721
  0.77509  0.936771
  2.17771   2.06583
0.0964226   2.17527
  2.57901   1.43752
  1.80026   0.74712
  2.20117   1.94195
  0.44709  0.416376
  1.13578  0.746495
   2.4465   2.92777
  2.26515   1.20282
  1.99051   2.72006
  1.98225   2.51424
   2.5905  0.381028
 0.544773   2.26903
   2.3381   1.78198
   2.5765  0.384764
  1.21174    2.6472
  2.30614  0.838453
   2.2281   2.86617
  0.71609   2.99286
  2.64178   1.09826
 0.696865   2.17842
   1.0527   0.50886
 0.488864    1.6522
 0.206163  0.177485
  2.14942   1.80896
  2.57445   1.58788
  2.05555   2.59713
 0.954624  0.883885
  2.06269  0.686459
0.0226937   2.74459
  1.08894   0.21216
   2.6962   2.80741
 0.405583   1.22315
   2.2915  0.270568
 0.391768   2.04438
 0.563091   0.99788
  2.99057   1.74116
  1.87966   1.52482
  2.88254   2.26371
  2.12663   1.42436
 0.687484   2.51224
 0.458539  0.326038
 0.650507    1.1967
  1.29869   1.83938
 0.878918   1.30252
  2.06629   2.72718
  1.56433   2.52757
    1.062   0.22316
  2.59944   1.72847
  1.51821  0.908291
  2.42493   2.38231
 0.299568   2.01288
 0.802226  0.937061
  2.14274   0.81735
  0.65512   2.39802
  1.29686    1.4666
  1.35658   2.95429
  1.24957  0.043503
  1.96757   2.39812
   1.6475  0.445621
 0.726395   2.31825
  2.04692   2.57621
 0.480519   1.41916
 0.595408   1.67368
  1.08083   2.82678
  1.49054    2.0049
  1.29609   1.72525
  1.81402   2.39333
 0.553551   2.40955
  2.84717   2.30251
  1.95999  0.105067
  2.60743   2.50738
  1.40671   1.01865
  2.20444  0.355372
  2.42658   1.44413
  2.25149   2.78102
 0.549034   1.40551
  1.17633   1.72389
  2.42969   1.69172
  2.60771   1.72537
  2.53326   1.91168
 0.767578  0.238232
  2.34767   2.43476
  2.51982    2.4042
  1.40635   2.46506
  2.51773     1.719
  2.01792   2.98453
 0.609811  0.640049
  2.45391   2.88077
  1.81878   2.41565
 0.801363   2.76562
  2.06619   2.39004
  1.97952   2.05521
  2.04406   2.44466
  1.18492   1.68761
 0.139074    2.9378
 0.879387   2.81447
  2.93757   1.86463
  1.08053   1.06012
  2.80006   1.61925
 0.305274  0.276822
  2.44868   0.41132
  2.15066  0.428331
  2.42658  0.882723
  2.18471   1.00414
  2.92732   2.86121
 0.499007   2.15457
   1.3715   1.07864
 0.448289   2.02611
  2.07694   2.53056
  1.53636   1.51734
 0.325029   2.26891
  2.09726   2.63201
 0.141819   0.03243
  2.41456   1.93989
  2.96082  0.462839
  1.37399   2.30608
  1.92639  0.678532
  2.79553  0.425689
  1.59594    2.6303
  1.96766   1.71778
  2.75554    1.7503
  2.93721   2.95617
  1.70872   1.30715
  1.90796   1.53363
 0.449862   2.29709
  1.40804   2.36596
  1.41738   1.69718
 0.258566   0.49451
  2.16518  0.184206
    1.935 0.000428173
  1.55938  0.726424
   2.9208  0.301676
  1.47222   1.61606
LINKS_SOURCE_DESTINATION_DISTANCE 398
     0      1      1
     0      2      1
     0      3      1
     0      7      1
     1      0      1
     1      4      1
     1      8      1
     1     26      1
     1    142      1
     2      0      1
     2      9      1
     2     11      1
     2     14      1
     2     17      1
     2     49      1
     2    195      1
     3      0      1
     3     10      1
     3     16      1
     3     38      1
     3     64      1
     4      1      1
     4      5      1
     4     60      1
     4    120      1
     4    164      1
     4    176      1
     5      4      1
     5      6      1
     5     36      1
     6      5      1
     6     54      1
     6     90      1
     6     93      1
     7      0      1
     7     12      1
     7     15      1
     7     48      1
     7     52      1
     8      1      1
     8     21      1
     9      2      1
     9     13      1
     9     20      1
     9     29      1
     9     31      1
     9     32      1
    10      3      1
    10     88      1
    11      2      1
    11    192      1
    12      7      1
    12     25      1
    13      9      1
    13     82      1
    13    113      1
    13    138      1
    14      2      1
    14     35      1
    14     68      1
    15      7      1
    15    109      1
    16      3      1
    16     18      1
    16     23      1
    16     66      1
    17      2      1
    17     19      1
    17     41      1
    17     51      1
    18     16      1
    18     30      1
    18     33      1
    18     50      1
    19     17      1
    19     22      1
    19     37      1
    19    106      1
    19    110      1
    20      9      1
    20     24      1
    20     28      1
    20     95      1
    20    104      1
    21      8      1
    22     19      1
    23     16      1
    23     47      1
    24     20      1
    24     27      1
    25     12      1
    25     63      1
    25     78      1
    26      1      1
    26     40      1
    26     77      1
    26    197      1
    27     24      1
    27     69      1
    27    119      1
    27    167      1
    28     20      1
    28     44      1
    28    175      1
    29      9      1
    29     46      1
    29    140      1
    30     18      1
    30     34      1
    31      9      1
    31     39      1
    31     42      1
    31    157      1
    32      9      1
    32     58      1
    32     61      1
    32     67      1
    33     18      1
    33     70      1
    33    168      1
    34     30      1
    35     14      1
    35     76      1
    35    166      1
    36      5      1
    36     59      1
    37     19      1
    37     96      1
    38      3      1
    38     45      1
    38    116      1
    38    118      1
    38    181      1
    39     31      1
    39     43      1
    39     81      1
    39     83      1
    40     26      1
    40    126      1
    40    170      1
    41     17      1
    42     31      1
    43     39      1
    43     57      1
    43     71      1
    44     28      1
    44    183      1
    45     38      1
    45     65      1
    45     73      1
    46     29      1
    46     75      1
    46     85      1
    46    117      1
    47     23      1
    47    121      1
    48      7      1
    48    147      1
    48    161      1
    49      2      1
    49     56      1
    49     99      1
    50     18      1
    50     53      1
    50     72      1
    50    111      1
    51     17      1
    52      7      1
    52     55      1
    53     50      1
    53     62      1
    53     79      1
    53    124      1
    54      6      1
    54    100      1
    55     52      1
    55     97      1
    56     49      1
    56    159      1
    56    172      1
    57     43      1
    58     32      1
    59     36      1
    59     80      1
    60      4      1
    61     32      1
    61    184      1
    62     53      1
    63     25      1
    63    199      1
    64      3      1
    64     89      1
    65     45      1
    65    125      1
    66     16      1
    67     32      1
    67    178      1
    68     14      1
    68    101      1
    69     27      1
    69    145      1
    70     33      1
    70     74      1
    71     43      1
    71     87      1
    72     50      1
    72    153      1
    72    165      1
    73     45      1
    73    131      1
    74     70      1
    74    102      1
    75     46      1
    76     35      1
    76    196      1
    77     26      1
    77     86      1
    77    154      1
    78     25      1
    78     94      1
    79     53      1
    80     59      1
    80    146      1
    81     39      1
    81    134      1
    81    139      1
    82     13      1
    83     39      1
    83     84      1
    84     83      1
    84    112      1
    85     46      1
    85     92      1
    86     77      1
    86    114      1
    87     71      1
    87    127      1
    87    133      1
    88     10      1
    88     91      1
    88    141      1
    89     64      1
    89    185      1
    90      6      1
    91     88      1
    91    103      1
    92     85      1
    93      6      1
    93    108      1
    93    115      1
    93    174      1
    94     78      1
    94    105      1
    94    135      1
    94    171      1
    95     20      1
    95     98      1
    95    122      1
    96     37      1
    97     55      1
    98     95      1
    98    144      1
    98    186      1
    99     49      1
    99    162      1
   100     54      1
   100    128      1
   100    155      1
   101     68      1
   101    107      1
   102     74      1
   103     91      1
   104     20      1
   104    180      1
   105     94      1
   106     19      1
   107    101      1
   108     93      1
   108    137      1
   108    163      1
   109     15      1
   110     19      1
   110    194      1
   111     50      1
   112     84      1
   113     13      1
   113    129      1
   114     86      1
   114    123      1
   114    130      1
   115     93      1
   116     38      1
   117     46      1
   118     38      1
   118    143      1
   119     27      1
   119    169      1
   120      4      1
   120    136      1
   120    156      1
   121     47      1
   121    149      1
   122     95      1
   123    114      1
   124     53      1
   125     65      1
   125    193      1
   126     40      1
   127     87      1
   127    151      1
   128    100      1
   128    132      1
   129    113      1
   130    114      1
   131     73      1
   132    128      1
   133     87      1
   134     81      1
   134    152      1
   135     94      1
   136    120      1
   137    108      1
   138     13      1
   138    148      1
   139     81      1
   140     29      1
   141     88      1
   142      1      1
   143    118      1
   143    150      1
   144     98      1
   145     69      1
   146     80      1
   147     48      1
   148    138      1
   149    121      1
   149    158      1
   150    143      1
   151    127      1
   151    177      1
   152    134      1
   153     72      1
   154     77      1
   154    160      1
   155    100      1
   156    120      1
   156    182      1
   157     31      1
   158    149      1
   159     56      1
   160    154      1
   160    189      1
   161     48      1
   162     99      1
   162    173      1
   163    108      1
   164      4      1
   165     72      1
   165    187      1
   166     35      1
   167     27      1
   168     33      1
   169    119      1
   170     40      1
   171     94      1
   172     56      1
   173    162      1
   173    179      1
   174     93      1
   175     28      1
   176      4      1
   177    151      1
   178     67      1
   179    173      1
   180    104      1
   181     38      1
   182    156      1
   182    190      1
   183     44      1
   184     61      1
   185     89      1
   185    198      1
   186     98      1
   186    188      1
   187    165      1
   188    186      1
   189    160      1
   189    191      1
   190    182      1
   191    189      1
   192     11      1
   193    125      1
   194    110      1
   195      2      1
   196     76      1
   197     26      1
   198    185      1
   199     63      1
