COORD_X_Y 50
  2.08239   1.06562
 0.217373  0.817535
  1.75212   2.12125
0.0261023   1.19322
  2.28565   1.09341
  1.40879   1.88699
  1.64494   1.33563
  1.40779   1.70412
 0.766349   2.68437
  2.98495   1.06542
   2.8781  0.982038
 0.487124   1.81253
 0.488844   0.86656
  1.03719   1.11042
  1.35156   2.08416
  0.68475  0.249527
 0.558018  0.434822
   1.4358   2.28005
 0.686925    2.2181
  1.43734   0.94682
  1.93657   1.82382
  2.56693   1.65588
 0.380289   1.67784
  2.52832   1.51614
  1.86127   2.62931
 0.451208  0.610963
  1.17144   1.31218
 0.859685  0.534966
0.0723815  0.770003
  1.29302   1.55781
  1.16592   1.73835
  1.16302   2.78057
  1.20545   1.32136
  2.31923  0.794786
  1.76138 0.0994544
  2.36597   1.41732
   1.9932 0.0776651
   1.6132   2.95952
  1.87112   1.47336
  1.95235   1.05844
  2.66381   1.81445
  2.31212  0.473722
  1.71621  0.694565
   2.2076   2.52053
   1.2992  0.487018
  2.23367   1.69153
  2.14441   2.13894
  1.41882  0.254567
  1.57718 0.0656846
  1.67826    1.9628
LINKS_SOURCE_DESTINATION_DISTANCE 98
     0      1      1
     0      4      1
     0     10      1
     1      0      1
     1      2      1
     1      6      1
     1     11      1
     1     16      1
     1     27      1
     1     35      1
     2      1      1
     2      3      1
     3      2      1
     3      5      1
     3      9      1
     3     14      1
     4      0      1
     4      7      1
     4      8      1
     4     28      1
     5      3      1
     5     22      1
     5     30      1
     6      1      1
     6     15      1
     7      4      1
     7     41      1
     8      4      1
     9      3      1
     9     38      1
    10      0      1
    10     12      1
    10     13      1
    10     18      1
    10     20      1
    10     46      1
    11      1      1
    11     24      1
    11     39      1
    11     48      1
    12     10      1
    12     19      1
    13     10      1
    14      3      1
    14     29      1
    15      6      1
    15     25      1
    15     36      1
    16      1      1
    16     17      1
    17     16      1
    17     21      1
    17     45      1
    18     10      1
    18     37      1
    19     12      1
    20     10      1
    20     23      1
    20     32      1
    21     17      1
    22      5      1
    22     43      1
    22     47      1
    23     20      1
    23     33      1
    24     11      1
    24     49      1
    25     15      1
    25     26      1
    25     31      1
    26     25      1
    26     34      1
    26     40      1
    27      1      1
    28      4      1
    29     14      1
    29     42      1
    30      5      1
    30     44      1
    31     25      1
    32     20      1
    33     23      1
    34     26      1
    35      1      1
    36     15      1
    37     18      1
    38      9      1
    39     11      1
    40     26      1
    41      7      1
    42     29      1
    43     22      1
    44     30      1
    45     17      1
    46     10      1
    47     22      1
    48     11      1
    49     24      1
