COORD_X_Y 80
  2.43449  0.849733
  2.43296   2.97064
   1.5424    1.8213
  1.33889  0.121017
  1.29793   1.21061
  2.81742   2.05666
 0.322601   1.50876
  1.95028   1.07564
 0.639256   1.25603
  1.87788    2.4405
 0.980711  0.921679
  0.92825   1.06803
  2.24487   2.36811
  2.61288   2.49333
0.0851837    2.8628
  1.71262   1.42025
  2.86381  0.424097
  2.90295   1.16198
  2.12639   2.20326
  1.12635   2.28082
  0.54993  0.433518
0.0737118    1.0983
 0.928938   2.19436
  1.89953  0.993441
 0.290885   1.50502
  2.28213  0.077496
 0.750655   2.46316
 0.552053   2.24823
 0.392918    2.2648
   1.6086   2.62553
  2.32419    2.1791
   1.4345  0.987055
  2.59007   2.91922
  2.15908   1.28073
 0.277476   1.78674
  1.48788  0.931512
  1.71672   1.34742
   1.5594   1.86285
  2.79284   1.10731
  2.21448   2.95272
  1.58644   1.67676
  1.86866   2.65526
 0.701377   2.97566
  1.47697   1.07005
 0.103483  0.518995
  2.39042   2.54648
  2.42378    1.4106
 0.748149   1.44281
  0.23526   1.08012
0.0770522   1.25005
  1.17737  0.967682
  1.13289   1.84802
   2.4552   2.89926
 0.748856 0.0288754
0.0995185    1.8109
  2.80279  0.182261
 0.373272   1.14197
  1.99775  0.228754
  2.61773   2.82946
 0.234164     2.987
   1.0445   2.53498
  2.33199   2.96599
  2.00333  0.279175
   2.0306   1.84417
  1.72381   1.85419
  1.37816   2.89669
 0.279381  0.746513
  1.40364   2.20291
 0.619766   2.24149
  2.30174  0.383261
  1.98438   2.11118
  1.12387  0.418842
  1.94149   1.56925
 0.355979   2.31553
  2.19209  0.148905
  2.79555   2.04387
   2.0897   1.36707
  2.49285   1.69651
 0.412771    2.4922
  2.76304   1.38433
LINKS_SOURCE_DESTINATION_DISTANCE 158
     0      1      1
     0      3      1
     0      5      1
     0     69      1
     1      0      1
     1      2      1
     2      1      1
     2      6      1
     2      8      1
     2     26      1
     2     59      1
     3      0      1
     3      4      1
     4      3      1
     4      9      1
     4     20      1
     5      0      1
     5     57      1
     6      2      1
     6      7      1
     6     24      1
     6     30      1
     7      6      1
     7     10      1
     7     11      1
     7     13      1
     8      2      1
     8     16      1
     8     40      1
     8     55      1
     9      4      1
     9     14      1
     9     23      1
     9     45      1
     9     79      1
    10      7      1
    10     17      1
    10     35      1
    10     48      1
    11      7      1
    11     12      1
    11     33      1
    12     11      1
    12     73      1
    13      7      1
    13     15      1
    13     21      1
    13     25      1
    13     28      1
    14      9      1
    14     27      1
    14     38      1
    15     13      1
    15     22      1
    16      8      1
    16     18      1
    16     34      1
    16     39      1
    16     49      1
    17     10      1
    17     19      1
    17     43      1
    17     54      1
    18     16      1
    19     17      1
    19     29      1
    20      4      1
    21     13      1
    21     64      1
    22     15      1
    23      9      1
    23     65      1
    24      6      1
    24     36      1
    25     13      1
    25     32      1
    25     47      1
    26      2      1
    26     42      1
    26     62      1
    27     14      1
    27     44      1
    28     13      1
    28     66      1
    29     19      1
    29     67      1
    30      6      1
    30     31      1
    30     52      1
    30     58      1
    30     61      1
    31     30      1
    32     25      1
    33     11      1
    33     37      1
    33     68      1
    34     16      1
    35     10      1
    36     24      1
    36     46      1
    36     53      1
    37     33      1
    38     14      1
    38     41      1
    38     76      1
    39     16      1
    39     74      1
    40      8      1
    40     51      1
    40     75      1
    41     38      1
    41     78      1
    42     26      1
    43     17      1
    44     27      1
    44     77      1
    45      9      1
    46     36      1
    47     25      1
    48     10      1
    48     50      1
    49     16      1
    49     56      1
    49     72      1
    50     48      1
    51     40      1
    52     30      1
    53     36      1
    54     17      1
    55      8      1
    56     49      1
    56     60      1
    57      5      1
    57     71      1
    58     30      1
    59      2      1
    60     56      1
    60     63      1
    61     30      1
    62     26      1
    62     70      1
    63     60      1
    64     21      1
    65     23      1
    66     28      1
    67     29      1
    68     33      1
    69      0      1
    70     62      1
    71     57      1
    72     49      1
    73     12      1
    74     39      1
    75     40      1
    76     38      1
    77     44      1
    78     41      1
    79      9      1
