COORD_X_Y 30
 0.273731  0.937826
 0.418925    1.1671
  1.42971   0.80044
 0.343497 0.0754011
 0.508861  0.532111
  1.38292   1.79554
  1.39562   2.26474
 0.771723   1.03766
  1.71232   2.12369
  1.86699  0.294901
  2.20107     1.819
  2.37789   2.21735
   1.2814   1.68699
  1.39484   1.95089
  1.33023  0.992768
  1.94821  0.147407
0.00591033   2.79177
   1.5619   2.16961
 0.182012   1.30753
    1.883   1.44665
 0.274335  0.828721
 0.616163   2.45964
  2.99525   1.04835
  2.48283  0.603984
  1.46686   1.36164
  1.48243  0.791725
  0.51986   1.22434
  1.62414   1.56727
 0.804625  0.567648
 0.175605   2.36718
LINKS_SOURCE_DESTINATION_DISTANCE 58
     0      1      1
     0      2      1
     0      4      1
     0      9      1
     0     14      1
     1      0      1
     1      3      1
     1      5      1
     1      6      1
     2      0      1
     3      1      1
     3      7      1
     4      0      1
     4     13      1
     5      1      1
     6      1      1
     6      8      1
     6     11      1
     6     29      1
     7      3      1
     8      6      1
     8     20      1
     8     27      1
     9      0      1
     9     10      1
     9     12      1
    10      9      1
    11      6      1
    12      9      1
    12     21      1
    12     22      1
    13      4      1
    13     15      1
    14      0      1
    14     19      1
    14     23      1
    14     25      1
    15     13      1
    15     16      1
    15     17      1
    16     15      1
    16     18      1
    17     15      1
    18     16      1
    19     14      1
    20      8      1
    21     12      1
    21     26      1
    22     12      1
    22     24      1
    22     28      1
    23     14      1
    24     22      1
    25     14      1
    26     21      1
    27      8      1
    28     22      1
    29      6      1
