COORD_X_Y 300
 0.761512  0.305469
  2.63078   0.44315
 0.748252   2.93506
 0.208763   2.86375
  1.31785  0.111223
  2.16199   2.58596
  0.34052   0.73107
  1.98348   1.63011
 0.137805   1.26824
  1.08321   1.40386
  2.28234   2.88788
  2.11524    2.4253
  1.11522   1.57835
 0.774455   1.62582
 0.709093   1.07308
 0.933077   2.43756
  2.63877   2.83946
 0.417185   2.55344
  2.58225   1.19063
  1.19295   1.13058
  1.15246    1.5854
  1.87325 0.0418854
   2.5681  0.274908
 0.818157   2.57206
 0.418265  0.178905
  1.65485   2.53497
  2.17367    2.9346
  2.34153    2.6748
  1.77412  0.420895
  1.47141    1.2297
  1.57775  0.540688
  2.21708   1.85283
  1.52427   1.47079
 0.764079   1.41623
  1.73137   1.30436
  2.41601   2.56688
  1.23936  0.837494
  2.45056   1.75028
 0.571805  0.424208
 0.403715   2.42423
  1.30877   1.10711
  2.90079   1.01059
  2.87417   2.70506
  1.29412  0.480311
  2.25972   1.24425
    2.385   2.73858
 0.285496  0.745689
  1.43982    1.6172
  2.06494   2.82144
 0.247642  0.597884
  2.14699  0.411988
  2.57488   2.97459
 0.210104   1.54487
  2.21336   2.55191
  2.44624   2.18807
  1.46751   1.63466
  2.52957  0.498176
 0.288133   1.89902
    1.399   1.87624
  1.20331   1.80848
0.0696632 0.00851721
   1.6368  0.781888
 0.858026    2.9691
  2.77522   1.85799
  2.05986 0.0820079
  2.45223   2.78312
  1.29204   0.82511
 0.510181  0.908759
  1.98694   2.86287
   1.4777   2.70678
 0.614719   2.66127
  2.27964   0.69474
  2.87543    1.6875
 0.757776   2.17889
  1.12997   0.54516
  2.63758      1.22
  2.37119   2.24826
 0.727633  0.184628
  0.63092  0.732296
 0.365159   2.25007
  2.20378  0.568245
 0.408187   2.01137
 0.751127   1.17832
  1.01045 0.0132301
  1.48119   2.23055
 0.216525   2.55117
 0.261072   2.75801
   2.7105   1.86682
 0.945648   2.87585
 0.182194  0.891995
 0.443756   2.32203
 0.468624  0.835857
  1.59675   1.15863
 0.481577   2.66072
  2.99327   0.36888
  2.42681   1.61806
 0.670762   1.72629
  1.38113   2.78628
  2.68859    1.2791
 0.443567   2.10703
  0.18136   2.85359
 0.975464   2.40559
  2.93304   2.67251
  1.01016    2.7323
 0.784485  0.533881
  1.07688  0.990508
 0.428464  0.922689
  2.38456   2.91235
  0.29538   1.22886
 0.280247   2.23958
  2.40891   0.57313
 0.202662       2.1
  1.76402   2.15276
 0.954041  0.606368
  1.41288   2.25454
  1.55878  0.363366
  2.93282     1.125
 0.226674   1.42635
  2.27667   1.05466
  2.30491   2.46648
  1.78855  0.909833
 0.762512   1.12509
0.0452573  0.972833
 0.546514   1.45819
 0.928426    1.6924
  1.94776   2.79069
  1.11824   2.70376
1.65561e-05   1.49209
 0.789475   1.53116
  1.91812  0.727379
0.0358825  0.567409
0.0364111   2.06173
 0.608784   2.11994
  1.87289  0.780979
  2.75597   2.41427
  1.65497   2.54456
  2.30828   1.99644
  1.73196   2.18977
  1.42403   1.35024
 0.782779  0.425274
 0.166106   1.94811
  1.45583 0.0301155
  2.21383   1.96779
  2.35075   0.31325
 0.588062   2.88542
0.0334989   1.08787
  2.83237   1.91796
  2.85009   2.00672
  2.88845   2.05519
  2.68392   1.55608
 0.529693   2.76655
 0.036226   1.53946
  1.38948   2.94431
 0.500073  0.880508
  1.47031    1.9476
   2.1417   2.33659
  1.90915   2.37443
  2.47709  0.490813
 0.454386   1.88722
  1.33716    0.1149
  2.85156   1.14963
   1.0914   2.68408
  2.82861    2.8821
    2.586   2.00046
  1.61048   1.08821
   1.3054   2.09435
  1.83639    2.2504
  1.40825   1.90019
 0.424512  0.611446
  2.07996   2.07762
  1.92721   1.87887
  1.17843   1.00836
  2.25422   2.87647
   1.6756  0.319406
 0.952381   1.68554
   0.9351  0.620437
 0.635558   2.87553
  1.52741   2.62408
  2.91288   2.96784
  2.38229  0.880213
0.0727779  0.196137
 0.727498  0.260371
0.0853467   1.04051
  2.53165   0.38006
 0.892827  0.882722
 0.208743  0.874863
0.00975974   2.21293
 0.818903 0.0285665
  1.84983   1.64006
  2.74025   2.25721
 0.846345  0.846041
  1.95866  0.545198
  1.48169   1.27172
  1.93472   1.81206
  2.98929  0.336535
  2.11814  0.699871
   1.5898   2.54529
 0.240366   1.15565
  2.10021    1.4647
 0.227787   1.91035
 0.437821  0.399909
 0.328662   1.31703
  1.23696   1.12614
  1.01866   2.32306
 0.165942   0.93852
 0.670858   2.49302
  2.09585   2.82994
 0.967622   1.03312
  2.92237  0.777987
  2.64499   1.56898
 0.748576   2.23705
 0.521131   1.37571
 0.428468 0.0933806
 0.408392    2.8704
  1.54412   1.82788
  2.44064  0.917185
  2.29402   1.61404
  2.79019   2.82096
  2.87815     1.306
 0.618119   2.08635
  2.99594   1.14591
 0.766134  0.908571
  2.71665     1.822
  2.59745    2.5203
 0.434353   1.83048
  0.31737  0.763301
  1.70945    2.5948
  1.75101   2.37416
  1.86089  0.151276
  2.53638  0.937277
 0.796299   2.41032
  2.49845   2.28522
  1.06495  0.157347
  2.76714   1.57784
 0.989951  0.804168
 0.853799  0.487912
   2.6984  0.341711
 0.699036   1.48781
  1.03826   2.88908
 0.828736   2.46952
     1.29   1.27601
  1.54752  0.533739
   1.0265  0.278433
  1.51623   1.59499
 0.405533   1.44941
  2.21569  0.599905
 0.835334   2.79066
  1.66329   1.55776
 0.887057   2.01043
  0.68763   1.97204
  1.88208   1.59443
  2.01682   2.61294
 0.126122   1.52692
 0.999554   2.59576
 0.615816   1.49896
 0.646612   1.23239
  1.89049  0.968244
 0.786993  0.292253
  1.19076 0.0673764
0.0761069   1.62994
 0.742655  0.544039
 0.283693  0.577097
  1.52622   2.17861
  2.13277    2.7065
  2.65383   2.60138
  1.61504   0.10989
  1.78032   2.01339
  0.85758   2.05866
  2.80019   1.34244
  1.74249  0.983394
  1.99559   2.44155
 0.573014   2.15163
   1.8228   1.66767
  2.64664  0.243643
 0.954822   2.28339
  2.90036   1.41264
 0.944742   1.78444
  1.67462  0.955951
  1.92984  0.798584
  2.54556    2.7297
  2.70322  0.806202
 0.174917   1.77683
  2.30688   1.94214
  1.40227   1.90779
  2.10986   1.03425
  2.46006    1.4547
   1.3877  0.892748
   2.2035   2.30162
  2.01981   2.25659
  2.15766  0.324461
  1.09364  0.671777
  2.62138   1.84292
  1.27179   1.51573
  1.86737   1.12174
  1.22372   1.18832
 0.636934  0.333943
  2.59775  0.851461
 0.623952  0.219958
 0.442525   2.21351
   0.4713   1.79515
LINKS_SOURCE_DESTINATION_DISTANCE 598
     0      1      1
     0      3      1
     0      4      1
     0     14      1
     0    109      1
     1      0      1
     1      2      1
     1      6      1
     1     10      1
     1    125      1
     1    169      1
     1    193      1
     2      1      1
     2      9      1
     2     71      1
     2    124      1
     3      0      1
     3      8      1
     3     16      1
     3     22      1
     3     25      1
     4      0      1
     4      5      1
     4      7      1
     4     23      1
     4     57      1
     4    218      1
     5      4      1
     5    104      1
     5    147      1
     5    161      1
     5    228      1
     6      1      1
     6     31      1
     7      4      1
     7     15      1
     7     17      1
     8      3      1
     8     41      1
     8     50      1
     9      2      1
     9     11      1
     9     13      1
     9     49      1
     9     62      1
     9    128      1
     9    267      1
    10      1      1
    10     12      1
    10     37      1
    10     92      1
    11      9      1
    12     10      1
    12     32      1
    12     33      1
    12    154      1
    13      9      1
    13     18      1
    13     19      1
    14      0      1
    14     34      1
    14    176      1
    14    223      1
    15      7      1
    15     20      1
    15     40      1
    15     44      1
    15     48      1
    15    150      1
    16      3      1
    16     21      1
    16     29      1
    16     30      1
    17      7      1
    17     70      1
    17     73      1
    18     13      1
    18     24      1
    18     54      1
    18     81      1
    18     84      1
    18    269      1
    19     13      1
    19     38      1
    19     55      1
    19     56      1
    19     64      1
    19    185      1
    20     15      1
    20     26      1
    20     36      1
    20    111      1
    20    181      1
    21     16      1
    21     67      1
    21    283      1
    22      3      1
    22     28      1
    23      4      1
    23     27      1
    23     66      1
    23    101      1
    23    103      1
    24     18      1
    24    100      1
    24    289      1
    25      3      1
    25     69      1
    25     75      1
    25     79      1
    26     20      1
    26     43      1
    27     23      1
    27     35      1
    27    206      1
    28     22      1
    29     16      1
    29     76      1
    29    165      1
    29    219      1
    30     16      1
    30     60      1
    30    151      1
    31      6      1
    31     39      1
    31     45      1
    32     12      1
    32     42      1
    32    108      1
    32    201      1
    32    292      1
    33     12      1
    33     80      1
    33    107      1
    33    134      1
    34     14      1
    34    180      1
    35     27      1
    35    121      1
    36     20      1
    37     10      1
    38     19      1
    38     46      1
    38    144      1
    38    270      1
    39     31      1
    39    184      1
    40     15      1
    40     58      1
    40     77      1
    40     97      1
    40    105      1
    40    235      1
    41      8      1
    41     51      1
    41    200      1
    41    277      1
    42     32      1
    43     26      1
    43    102      1
    43    189      1
    44     15      1
    44     47      1
    44     53      1
    44     59      1
    44     61      1
    44    153      1
    44    179      1
    45     31      1
    46     38      1
    46     78      1
    46    266      1
    47     44      1
    47     90      1
    47    138      1
    48     15      1
    49      9      1
    49     52      1
    49     98      1
    50      8      1
    51     41      1
    51     96      1
    52     49      1
    52    273      1
    53     44      1
    53    113      1
    54     18      1
    54     68      1
    54     74      1
    54    110      1
    54    242      1
    55     19      1
    55     82      1
    55    119      1
    55    164      1
    55    291      1
    56     19      1
    56    172      1
    57      4      1
    57     95      1
    58     40      1
    58    281      1
    59     44      1
    59    112      1
    60     30      1
    60     63      1
    60     91      1
    61     44      1
    61    222      1
    62      9      1
    62     86      1
    63     60      1
    63    137      1
    64     19      1
    64     65      1
    64     72      1
    64    122      1
    65     64      1
    66     23      1
    67     21      1
    67     85      1
    67    118      1
    67    254      1
    68     54      1
    68    152      1
    69     25      1
    70     17      1
    70     83      1
    71      2      1
    71    167      1
    72     64      1
    72     87      1
    72     93      1
    72    186      1
    73     17      1
    73    106      1
    73    208      1
    74     54      1
    74    207      1
    75     25      1
    76     29      1
    76    129      1
    76    130      1
    76    190      1
    76    294      1
    77     40      1
    77     94      1
    78     46      1
    78    198      1
    78    276      1
    78    285      1
    79     25      1
    79    158      1
    79    213      1
    80     33      1
    80    133      1
    81     18      1
    81    139      1
    81    168      1
    81    199      1
    82     55      1
    82     89      1
    82    157      1
    82    162      1
    82    177      1
    82    248      1
    83     70      1
    84     18      1
    84     88      1
    84    141      1
    84    191      1
    84    264      1
    85     67      1
    85    143      1
    85    194      1
    85    272      1
    86     62      1
    86    117      1
    86    244      1
    87     72      1
    87    202      1
    88     84      1
    89     82      1
    89    240      1
    90     47      1
    91     60      1
    92     10      1
    92    155      1
    92    279      1
    93     72      1
    93    116      1
    93    135      1
    93    226      1
    94     77      1
    94     99      1
    94    120      1
    95     57      1
    95    136      1
    95    280      1
    96     51      1
    96    163      1
    97     40      1
    97    126      1
    97    131      1
    97    182      1
    97    195      1
    98     49      1
    98    220      1
    99     94      1
    99    171      1
   100     24      1
   100    115      1
   100    166      1
   100    221      1
   101     23      1
   102     43      1
   102    299      1
   103     23      1
   104      5      1
   104    227      1
   105     40      1
   105    252      1
   106     73      1
   106    140      1
   106    203      1
   106    230      1
   107     33      1
   107    146      1
   108     32      1
   108    114      1
   108    183      1
   109      0      1
   109    178      1
   110     54      1
   111     20      1
   111    259      1
   112     59      1
   113     53      1
   113    197      1
   113    215      1
   114    108      1
   115    100      1
   116     93      1
   116    243      1
   116    298      1
   117     86      1
   117    196      1
   118     67      1
   118    132      1
   118    148      1
   119     55      1
   119    123      1
   119    265      1
   120     94      1
   121     35      1
   122     64      1
   122    127      1
   122    295      1
   123    119      1
   124      2      1
   125      1      1
   126     97      1
   126    142      1
   126    250      1
   127    122      1
   127    211      1
   128      9      1
   128    247      1
   129     76      1
   129    236      1
   129    253      1
   130     76      1
   131     97      1
   132    118      1
   132    160      1
   133     80      1
   133    192      1
   134     33      1
   135     93      1
   135    286      1
   136     95      1
   136    149      1
   137     63      1
   138     47      1
   139     81      1
   139    212      1
   140    106      1
   141     84      1
   141    229      1
   142    126      1
   142    156      1
   143     85      1
   143    145      1
   144     38      1
   144    293      1
   145    143      1
   146    107      1
   146    159      1
   146    214      1
   147      5      1
   148    118      1
   148    234      1
   149    136      1
   150     15      1
   150    251      1
   150    268      1
   151     30      1
   151    188      1
   152     68      1
   152    204      1
   153     44      1
   154     12      1
   155     92      1
   156    142      1
   157     82      1
   157    187      1
   158     79      1
   158    173      1
   159    146      1
   159    257      1
   160    132      1
   161      5      1
   161    238      1
   161    246      1
   161    256      1
   162     82      1
   163     96      1
   163    258      1
   164     55      1
   164    175      1
   165     29      1
   165    170      1
   166    100      1
   167     71      1
   167    205      1
   168     81      1
   169      1      1
   169    261      1
   170    165      1
   171     99      1
   171    174      1
   171    263      1
   172     56      1
   173    158      1
   174    171      1
   175    164      1
   175    217      1
   176     14      1
   176    245      1
   177     82      1
   178    109      1
   179     44      1
   180     34      1
   181     20      1
   182     97      1
   182    209      1
   182    241      1
   183    108      1
   184     39      1
   184    275      1
   185     19      1
   185    224      1
   186     72      1
   187    157      1
   187    210      1
   188    151      1
   189     43      1
   189    233      1
   190     76      1
   191     84      1
   192    133      1
   193      1      1
   194     85      1
   194    231      1
   195     97      1
   196    117      1
   197    113      1
   197    296      1
   198     78      1
   199     81      1
   200     41      1
   200    225      1
   201     32      1
   202     87      1
   203    106      1
   203    260      1
   204    152      1
   205    167      1
   206     27      1
   207     74      1
   208     73      1
   208    249      1
   209    182      1
   209    216      1
   210    187      1
   211    127      1
   212    139      1
   212    262      1
   213     79      1
   214    146      1
   215    113      1
   216    209      1
   216    278      1
   217    175      1
   218      4      1
   218    274      1
   219     29      1
   220     98      1
   220    297      1
   221    100      1
   221    282      1
   222     61      1
   223     14      1
   224    185      1
   224    232      1
   224    237      1
   225    200      1
   226     93      1
   227    104      1
   228      5      1
   228    239      1
   229    141      1
   230    106      1
   231    194      1
   232    224      1
   233    189      1
   234    148      1
   234    255      1
   235     40      1
   236    129      1
   237    224      1
   238    161      1
   239    228      1
   240     89      1
   241    182      1
   242     54      1
   243    116      1
   244     86      1
   244    287      1
   245    176      1
   246    161      1
   247    128      1
   248     82      1
   249    208      1
   250    126      1
   251    150      1
   252    105      1
   253    129      1
   254     67      1
   255    234      1
   255    288      1
   256    161      1
   257    159      1
   257    271      1
   258    163      1
   259    111      1
   260    203      1
   261    169      1
   262    212      1
   263    171      1
   264     84      1
   265    119      1
   266     46      1
   267      9      1
   268    150      1
   268    284      1
   269     18      1
   270     38      1
   271    257      1
   272     85      1
   273     52      1
   274    218      1
   275    184      1
   276     78      1
   277     41      1
   277    290      1
   278    216      1
   279     92      1
   280     95      1
   281     58      1
   282    221      1
   283     21      1
   284    268      1
   285     78      1
   286    135      1
   287    244      1
   288    255      1
   289     24      1
   290    277      1
   291     55      1
   292     32      1
   293    144      1
   294     76      1
   295    122      1
   296    197      1
   297    220      1
   298    116      1
   299    102      1
