COORD_X_Y 90
  1.82336   2.68255
  2.86509   1.79475
  1.84078   1.78611
   1.3316   2.91164
  1.54293    2.4038
 0.153981   2.33342
  2.26568  0.283213
  1.90704  0.441082
 0.106824   1.96805
  2.38587   2.08527
  2.79409  0.555867
 0.459301   2.77495
  1.59559   2.99308
  1.38558   1.06322
  2.09444   1.48284
  2.17495   2.73188
  1.04755   2.25369
  1.46272   0.66006
  0.21034   2.38249
  1.68343  0.671871
   2.3362 0.0285957
 0.991453   2.37305
  2.43825   1.08738
  1.77981   2.89496
 0.519179   2.26077
  1.48761  0.238705
  0.13676  0.367591
 0.778642   1.09922
  1.70441  0.836632
 0.219625   1.78176
0.0655739  0.271062
   2.6884   1.67274
 0.314678  0.189478
  1.85435   2.50024
  2.04938    1.8113
  1.90729  0.942868
0.0383306  0.307571
  2.98918   1.91583
  0.95848   1.90014
 0.352913   1.85446
   2.5064   2.46988
  1.47212  0.351869
  1.83794   1.34952
  1.07369   2.35694
  1.07189  0.369979
  1.75385   1.11583
  1.47269  0.359205
  1.58886  0.493196
   2.2576   0.45602
 0.933191  0.251212
  2.97106  0.516372
  2.89312   2.15678
  1.53782   2.02608
  1.81256     2.004
  2.15788  0.110858
 0.576863  0.842005
  2.56713   2.56417
  1.10591   2.27146
 0.416118   2.12173
  2.66114   2.27425
  2.80526   2.49063
 0.442243  0.903074
 0.857827   1.34687
 0.617987   2.26915
   2.4869   2.68544
  2.64871  0.669788
  2.74472   1.37407
  1.07002  0.604824
 0.948647   1.49311
 0.590082   1.99102
  1.41011    2.8826
  1.52676   2.21322
  1.98507   2.60647
  1.85555  0.698606
  2.06777   1.00613
 0.720989   1.01308
 0.706408   1.06053
 0.902367    1.7444
  1.38943   2.34058
 0.778745  0.929839
  1.45245    1.3976
 0.812563   1.90826
  1.16887   2.01813
  2.52534    0.5595
   1.5374  0.528238
  2.67157  0.752244
  1.89963  0.977177
  2.64662   1.44219
  1.44332   2.40706
  2.93599   1.13622
LINKS_SOURCE_DESTINATION_DISTANCE 178
     0      1      1
     0      2      1
     0      3      1
     0      4      1
     0     20      1
     0     23      1
     0     34      1
     0     36      1
     1      0      1
     1     45      1
     1     71      1
     2      0      1
     2      7      1
     2      8      1
     2     22      1
     2     54      1
     3      0      1
     3      5      1
     3     85      1
     4      0      1
     4     14      1
     4     27      1
     4     56      1
     5      3      1
     5      6      1
     5     11      1
     5     19      1
     5     38      1
     5     63      1
     6      5      1
     6     12      1
     7      2      1
     7     15      1
     7     89      1
     8      2      1
     8      9      1
     8     10      1
     8     13      1
     8     44      1
     9      8      1
    10      8      1
    10     31      1
    10     79      1
    11      5      1
    11     21      1
    11     35      1
    11     40      1
    11     66      1
    12      6      1
    13      8      1
    13     17      1
    13     41      1
    14      4      1
    14     16      1
    15      7      1
    15     25      1
    16     14      1
    16     26      1
    17     13      1
    17     18      1
    17     24      1
    18     17      1
    19      5      1
    19     39      1
    19     49      1
    19     53      1
    20      0      1
    20     81      1
    21     11      1
    21     33      1
    21     61      1
    22      2      1
    22     29      1
    22     43      1
    23      0      1
    23     30      1
    24     17      1
    25     15      1
    25     88      1
    26     16      1
    26     28      1
    26     32      1
    27      4      1
    27     42      1
    27     80      1
    28     26      1
    28     48      1
    29     22      1
    29     60      1
    30     23      1
    30     50      1
    31     10      1
    31     67      1
    32     26      1
    32     51      1
    32     70      1
    33     21      1
    33     78      1
    34      0      1
    34     55      1
    35     11      1
    35     72      1
    36      0      1
    36     37      1
    36     59      1
    37     36      1
    37     69      1
    38      5      1
    38     62      1
    39     19      1
    39     47      1
    39     65      1
    40     11      1
    41     13      1
    42     27      1
    43     22      1
    43     52      1
    44      8      1
    45      1      1
    45     46      1
    45     64      1
    46     45      1
    46     75      1
    47     39      1
    47     83      1
    48     28      1
    48     77      1
    48     86      1
    49     19      1
    50     30      1
    51     32      1
    52     43      1
    52     76      1
    53     19      1
    53     58      1
    53     82      1
    54      2      1
    55     34      1
    55     57      1
    55     74      1
    56      4      1
    57     55      1
    58     53      1
    59     36      1
    60     29      1
    61     21      1
    62     38      1
    62     68      1
    62     73      1
    63      5      1
    63     87      1
    64     45      1
    65     39      1
    66     11      1
    67     31      1
    67     84      1
    68     62      1
    69     37      1
    70     32      1
    71      1      1
    72     35      1
    73     62      1
    74     55      1
    75     46      1
    76     52      1
    77     48      1
    78     33      1
    79     10      1
    80     27      1
    81     20      1
    82     53      1
    83     47      1
    84     67      1
    85      3      1
    86     48      1
    87     63      1
    88     25      1
    89      7      1
