COORD_X_Y 80
 0.670941  0.852745
 0.729608   2.89748
  2.75264   2.38246
  1.08121   2.85792
  1.29598   1.00803
  1.04562   1.84518
 0.176696  0.615613
  2.61069  0.762818
  1.84609   1.05834
  1.75455   2.14739
  1.18613  0.894944
 0.943367   1.77847
  2.65386   1.40682
 0.907634  0.099391
  1.81469   2.10646
  1.44386   2.70702
 0.484845   2.86564
 0.721164  0.746587
  0.54288   2.17463
   1.3944   2.72559
   1.7396   2.74774
  1.38442   2.73156
  2.56213  0.624486
  1.70731   2.29593
  1.09685   1.43155
   1.1746   2.72531
  0.81967   1.20373
 0.853049   1.26232
  2.06173  0.239884
 0.857189   2.64526
  1.80948  0.425311
  2.60125   1.70894
 0.882819   2.51612
 0.318634    1.7749
  1.14138   1.35237
 0.907951   1.58708
  2.62476   1.41584
  2.79841   2.90127
  1.33084   2.12468
  1.04782   2.63019
  2.97412  0.988063
  2.38774   1.43106
   2.7416   2.52355
  1.39812   1.61923
   2.9376   2.50483
0.0961664    2.3439
 0.732671   1.35909
   1.3022   1.71114
  1.13558   1.56907
  2.46217   1.05245
 0.783555   2.85331
  2.68663  0.204561
  2.50761  0.360239
  2.11548 0.0307838
  2.17272  0.628647
  1.37915  0.751234
  2.03898   2.03806
  2.32043  0.704911
   1.6665   1.28567
0.0307602  0.977364
  2.19961   1.14215
  1.04174   1.16325
  1.56281   2.68938
  1.13168    2.4567
  2.76091   2.67181
 0.585266   1.18533
  2.93494  0.604905
  2.96122  0.504074
 0.919872   2.47593
  1.81916   1.17607
  2.43108   2.32393
  2.30606  0.733418
 0.275387   1.14832
  2.78195  0.112424
 0.804648    1.6826
   1.2996   1.92671
  2.83289   2.18108
  2.04182   2.03401
  2.22261   1.03565
 0.138567   2.59564
LINKS_SOURCE_DESTINATION_DISTANCE 158
     0      1      1
     0     17      1
     0     21      1
     0     52      1
     1      0      1
     1      2      1
     1      3      1
     1      5      1
     1      6      1
     1      7      1
     1      8      1
     1     10      1
     1     20      1
     1     28      1
     1     46      1
     2      1      1
     2      4      1
     2     50      1
     3      1      1
     3     14      1
     3     37      1
     3     56      1
     4      2      1
     4     27      1
     4     30      1
     5      1      1
     6      1      1
     6      9      1
     6     26      1
     6     38      1
     7      1      1
     7     19      1
     7     23      1
     7     72      1
     7     75      1
     8      1      1
     8     15      1
     8     24      1
     9      6      1
     9     31      1
     9     36      1
     9     70      1
    10      1      1
    10     11      1
    10     12      1
    10     43      1
    10     62      1
    11     10      1
    11     13      1
    12     10      1
    12     18      1
    12     78      1
    13     11      1
    13     51      1
    14      3      1
    14     16      1
    15      8      1
    15     34      1
    16     14      1
    16     71      1
    17      0      1
    17     29      1
    17     67      1
    18     12      1
    18     22      1
    18     59      1
    19      7      1
    19     45      1
    20      1      1
    21      0      1
    21     25      1
    21     47      1
    22     18      1
    22     44      1
    22     60      1
    23      7      1
    23     35      1
    23     39      1
    23     74      1
    24      8      1
    24     42      1
    25     21      1
    25     32      1
    25     33      1
    25     73      1
    26      6      1
    27      4      1
    28      1      1
    29     17      1
    29     48      1
    30      4      1
    31      9      1
    31     64      1
    32     25      1
    33     25      1
    33     53      1
    34     15      1
    34     49      1
    35     23      1
    36      9      1
    36     40      1
    37      3      1
    37     57      1
    38      6      1
    39     23      1
    39     41      1
    40     36      1
    41     39      1
    41     61      1
    42     24      1
    42     63      1
    43     10      1
    44     22      1
    44     58      1
    44     65      1
    45     19      1
    46      1      1
    47     21      1
    48     29      1
    49     34      1
    49     55      1
    49     68      1
    50      2      1
    50     54      1
    51     13      1
    52      0      1
    52     77      1
    53     33      1
    54     50      1
    54     69      1
    55     49      1
    56      3      1
    57     37      1
    58     44      1
    59     18      1
    59     66      1
    60     22      1
    61     41      1
    62     10      1
    63     42      1
    64     31      1
    65     44      1
    66     59      1
    67     17      1
    68     49      1
    69     54      1
    69     79      1
    70      9      1
    71     16      1
    71     76      1
    72      7      1
    73     25      1
    74     23      1
    75      7      1
    76     71      1
    77     52      1
    78     12      1
    79     69      1
