COORD_X_Y 10
  2.71946  0.401188
  2.43401   2.38575
  1.15472   2.01458
  1.38217   2.73741
 0.649659   2.91959
  2.80979   1.31195
    2.006   1.84391
 0.642693  0.400709
  1.71887   2.67781
  2.03289  0.685722
LINKS_SOURCE_DESTINATION_DISTANCE 18
     0      1      1
     0      2      1
     1      0      1
     1      4      1
     2      0      1
     2      3      1
     3      2      1
     4      1      1
     4      5      1
     4      8      1
     5      4      1
     5      6      1
     6      5      1
     6      7      1
     7      6      1
     8      4      1
     8      9      1
     9      8      1
