COORD_X_Y 90
  1.69411  0.762944
  2.16388  0.630965
 0.800691   1.50725
  1.87957   2.02929
  1.50435   1.75166
  2.60348  0.569476
  0.47496   1.20351
 0.545737  0.585066
  2.49755   1.36412
 0.551911   1.95988
  2.82768  0.328579
 0.853244   1.04764
 0.247108   1.48956
  1.13937   1.69676
  1.45214  0.401061
  2.73468  0.237723
 0.334136   1.89366
  1.59693  0.238649
  1.32066   1.13185
   2.9251    1.5315
 0.978786    1.0228
0.0801017   2.73248
 0.619821   0.53012
 0.119665   2.58673
  2.36969   2.33985
 0.333926   1.39121
  2.14572   2.82849
  2.70255   2.24303
  1.38105  0.799484
 0.985378   2.99339
   2.6655  0.959696
 0.291355   1.23897
0.0268116  0.627654
  2.15731 0.0153244
  1.54193   2.37385
 0.203803    1.9258
 0.882702     1.046
  0.25725   2.47328
  2.56291   2.70792
   1.9794    2.5153
 0.525693  0.366947
  1.16182   2.98604
  1.22609   1.94822
  0.97677   1.01474
 0.599318  0.727553
 0.100134  0.779318
  1.63381    1.5173
 0.434113  0.619415
  2.17556   0.64281
  1.36863   1.04113
  1.98874   2.02461
  1.86339   2.82498
  2.10009   1.31927
  1.75336   1.86327
 0.585822   2.00038
 0.413169  0.979743
  2.60615   1.92611
   1.2514   2.56951
 0.956596   2.20564
  1.63347   2.28269
 0.583149   1.93379
 0.700547   2.72368
  2.17763   1.30631
  2.34385  0.179521
   2.9086    1.9248
0.0728667  0.400133
  2.08843  0.849445
  0.63639   1.45547
 0.734089   2.55605
 0.186317  0.721006
   1.0038   1.95474
  2.31336  0.297662
 0.239888  0.381959
  1.71677  0.342217
  1.38786    2.5271
  2.32379   2.24379
 0.371819   2.49252
  1.07958   0.92208
  1.24083  0.431036
  1.01108  0.776155
  2.95116   1.56372
  1.94021   2.47312
   1.0976   1.35232
  2.98278   2.47927
  1.39597   2.91273
  1.18531   1.55893
  1.71163  0.980342
 0.718669  0.973675
  2.91461   1.33775
  1.44333   1.18289
LINKS_SOURCE_DESTINATION_DISTANCE 178
     0      1      1
     0      2      1
     0      4      1
     0      6      1
     0     12      1
     1      0      1
     1      5      1
     1     25      1
     1     80      1
     2      0      1
     2      3      1
     2     18      1
     2     51      1
     3      2      1
     3     19      1
     3     38      1
     3     41      1
     4      0      1
     4     10      1
     4     16      1
     4     17      1
     4     33      1
     5      1      1
     5     11      1
     5     15      1
     5     59      1
     6      0      1
     6      7      1
     7      6      1
     7      8      1
     7     14      1
     7     20      1
     7     73      1
     8      7      1
     8      9      1
     9      8      1
     9     69      1
     9     77      1
    10      4      1
    10     26      1
    11      5      1
    11     21      1
    12      0      1
    12     13      1
    12     43      1
    12     62      1
    12     85      1
    13     12      1
    14      7      1
    14     65      1
    15      5      1
    15     67      1
    16      4      1
    16     23      1
    16     45      1
    17      4      1
    17     22      1
    18      2      1
    18     30      1
    18     52      1
    19      3      1
    19     28      1
    19     29      1
    20      7      1
    20     40      1
    21     11      1
    21     31      1
    21     58      1
    22     17      1
    22     39      1
    23     16      1
    23     24      1
    23     42      1
    23     88      1
    24     23      1
    24     35      1
    25      1      1
    25     27      1
    26     10      1
    26     54      1
    26     55      1
    26     56      1
    27     25      1
    27     72      1
    28     19      1
    28     34      1
    28     36      1
    28     37      1
    29     19      1
    29     50      1
    29     61      1
    29     71      1
    30     18      1
    30     32      1
    31     21      1
    31     82      1
    32     30      1
    32     60      1
    32     81      1
    33      4      1
    33     44      1
    33     47      1
    34     28      1
    35     24      1
    35     70      1
    36     28      1
    37     28      1
    38      3      1
    38     63      1
    39     22      1
    39     75      1
    39     78      1
    40     20      1
    40     48      1
    40     53      1
    41      3      1
    42     23      1
    43     12      1
    43     46      1
    43     86      1
    44     33      1
    44     74      1
    45     16      1
    45     49      1
    46     43      1
    46     79      1
    47     33      1
    48     40      1
    49     45      1
    49     66      1
    50     29      1
    51      2      1
    51     87      1
    52     18      1
    52     57      1
    53     40      1
    54     26      1
    55     26      1
    55     76      1
    56     26      1
    56     68      1
    57     52      1
    58     21      1
    59      5      1
    59     84      1
    60     32      1
    61     29      1
    62     12      1
    63     38      1
    63     64      1
    64     63      1
    65     14      1
    66     49      1
    67     15      1
    68     56      1
    69      9      1
    70     35      1
    71     29      1
    72     27      1
    73      7      1
    74     44      1
    74     83      1
    75     39      1
    76     55      1
    77      9      1
    78     39      1
    79     46      1
    79     89      1
    80      1      1
    81     32      1
    82     31      1
    83     74      1
    84     59      1
    85     12      1
    86     43      1
    87     51      1
    88     23      1
    89     79      1
