COORD_X_Y 10
  1.94305   2.86192
 0.793657   2.29729
 0.909643   1.49814
 0.162757  0.864579
  2.46366   1.49598
 0.180421   2.72755
  2.60311  0.838134
 0.178208   1.49853
  1.13824   2.32481
  1.90848   2.83683
LINKS_SOURCE_DESTINATION_DISTANCE 18
     0      1      1
     0      2      1
     0      8      1
     1      0      1
     2      0      1
     2      3      1
     2      4      1
     3      2      1
     4      2      1
     4      5      1
     4      6      1
     4      9      1
     5      4      1
     5      7      1
     6      4      1
     7      5      1
     8      0      1
     9      4      1
