COORD_X_Y 30
  2.83745 0.0344874
 0.653787   2.60974
  1.00386   2.54924
   1.1228  0.450345
  1.41731   2.00494
  2.09376  0.917369
  2.26856   1.08916
 0.514103  0.527224
 0.962112   1.66152
 0.571064  0.221536
 0.102577   2.10138
  2.01505   1.76492
 0.387067  0.313885
 0.939454  0.501174
  2.36979  0.808488
  0.17485   2.23545
  1.89742   2.75286
  1.16823   1.04341
  1.74517   1.49618
  2.69651  0.192586
  2.03096   2.56441
  2.73772   0.17843
  1.65591  0.991413
  2.32263   1.96773
 0.123838   1.68854
 0.694985   2.56287
  1.87675  0.200379
  1.32015   0.65684
  2.89944   1.32153
 0.286825  0.744678
LINKS_SOURCE_DESTINATION_DISTANCE 58
     0      1      1
     0      4      1
     0     17      1
     1      0      1
     1      2      1
     1      3      1
     1      5      1
     1     15      1
     2      1      1
     2      9      1
     2     29      1
     3      1      1
     3      7      1
     3     26      1
     4      0      1
     4      6      1
     4     11      1
     4     16      1
     5      1      1
     6      4      1
     6     20      1
     7      3      1
     7      8      1
     7     10      1
     8      7      1
     9      2      1
    10      7      1
    10     24      1
    10     25      1
    11      4      1
    11     12      1
    11     14      1
    12     11      1
    12     13      1
    13     12      1
    14     11      1
    14     18      1
    15      1      1
    15     19      1
    16      4      1
    17      0      1
    17     22      1
    17     23      1
    18     14      1
    19     15      1
    20      6      1
    20     21      1
    21     20      1
    21     28      1
    22     17      1
    23     17      1
    24     10      1
    25     10      1
    26      3      1
    26     27      1
    27     26      1
    28     21      1
    29      2      1
