COORD_X_Y 90
  1.67185   1.36695
  2.20731   1.47723
  2.17866   2.18458
0.0583239   2.22673
  2.62839   2.39426
  1.54929  0.490356
  2.31135   1.58071
 0.994433   1.58477
 0.945642   2.52273
  2.02886   2.46411
  2.97482   2.93189
  1.06894   2.74723
   2.6116  0.807216
   2.4228   2.00559
  2.44667   2.71071
   2.1897   2.10738
 0.247199  0.288303
  1.63008   1.48359
   2.4011  0.638038
   2.5741   1.16737
  1.52676   1.34659
  1.27216   2.68371
  2.93847   1.15993
  1.68991   2.26352
  2.89743  0.213169
 0.304234  0.132407
  2.11224   1.17538
  1.15571  0.872039
 0.317349   1.63203
   2.5708   2.30834
  1.71017   1.63744
 0.735578   2.33718
  1.45278   2.16051
  2.24711   1.46235
  2.06336   1.04569
 0.980495   2.90155
  1.13636   2.88736
 0.849323  0.216417
  2.66396   1.95957
 0.754814   2.03255
   1.8471  0.964611
 0.485976   2.45356
   1.0647   1.76841
  2.41698   1.34304
  2.20354   1.26049
  1.42609   1.61236
  1.33076    1.4896
  1.86867   1.29317
 0.715203   1.80998
 0.684749  0.750518
   2.7628  0.794647
 0.188893   1.73312
 0.368083    1.4453
  2.47052   2.88423
  2.62958   2.88686
  1.89598   1.21402
  1.43782   2.81236
 0.287555   2.87202
  2.08181  0.230136
 0.804352   2.66313
  2.95687   0.96661
 0.166082   1.22868
  1.22467   2.29391
 0.295575   1.73182
  0.53194   1.85596
  1.10706   2.86985
 0.394643   1.45957
  1.06324   1.37143
  1.23113   1.44751
  1.18888   2.19287
  2.79173  0.534197
  2.99471    2.8207
   2.8102   1.34615
  2.40464   2.10613
 0.315981   1.99827
   1.6884   2.39934
  1.70774   1.31675
  2.52304   1.31018
 0.996407   1.40207
 0.110394  0.517771
 0.899425   2.83786
0.0799152  0.103339
  1.50969   1.77512
  2.47132  0.117626
  2.02131   1.07569
  1.94401  0.859114
  1.23024   1.93153
 0.483951   2.26123
 0.313221   2.68744
0.0430755  0.789033
LINKS_SOURCE_DESTINATION_DISTANCE 178
     0      1      1
     0      2      1
     0      4      1
     0      8      1
     0     11      1
     0     14      1
     0     71      1
     1      0      1
     1      3      1
     1      7      1
     2      0      1
     2      6      1
     2      9      1
     3      1      1
     3      5      1
     3     27      1
     3     34      1
     3     56      1
     4      0      1
     4     39      1
     5      3      1
     5     16      1
     6      2      1
     6     25      1
     6     31      1
     6     49      1
     6     52      1
     7      1      1
     7     10      1
     8      0      1
     9      2      1
     9     15      1
     9     24      1
     9     43      1
     9     66      1
     9     86      1
    10      7      1
    10     13      1
    10     30      1
    10     32      1
    10     50      1
    10     89      1
    11      0      1
    11     12      1
    11     28      1
    11     65      1
    12     11      1
    12     17      1
    12     26      1
    13     10      1
    13     18      1
    13     19      1
    13     21      1
    13     23      1
    13     33      1
    14      0      1
    14     20      1
    15      9      1
    15     68      1
    16      5      1
    16     22      1
    16     48      1
    17     12      1
    17     45      1
    18     13      1
    18     35      1
    18     79      1
    19     13      1
    19     47      1
    19     54      1
    19     63      1
    19     72      1
    20     14      1
    20     60      1
    20     78      1
    21     13      1
    21     42      1
    21     73      1
    22     16      1
    23     13      1
    23     40      1
    24      9      1
    24     57      1
    25      6      1
    25     62      1
    26     12      1
    26     85      1
    27      3      1
    27     29      1
    27     37      1
    27     76      1
    28     11      1
    28     59      1
    29     27      1
    30     10      1
    30     36      1
    31      6      1
    31     38      1
    31     51      1
    31     61      1
    32     10      1
    33     13      1
    33     64      1
    34      3      1
    35     18      1
    36     30      1
    37     27      1
    37     44      1
    38     31      1
    38     41      1
    39      4      1
    40     23      1
    40     69      1
    41     38      1
    42     21      1
    43      9      1
    44     37      1
    44     46      1
    44     67      1
    45     17      1
    45     58      1
    46     44      1
    47     19      1
    48     16      1
    49      6      1
    50     10      1
    51     31      1
    51     53      1
    51     74      1
    52      6      1
    52     82      1
    53     51      1
    54     19      1
    54     55      1
    55     54      1
    55     81      1
    56      3      1
    57     24      1
    58     45      1
    58     83      1
    59     28      1
    60     20      1
    60     77      1
    61     31      1
    62     25      1
    62     70      1
    62     75      1
    63     19      1
    64     33      1
    65     11      1
    65     84      1
    66      9      1
    67     44      1
    68     15      1
    69     40      1
    70     62      1
    71      0      1
    72     19      1
    72     87      1
    73     21      1
    74     51      1
    75     62      1
    76     27      1
    77     60      1
    78     20      1
    78     80      1
    79     18      1
    80     78      1
    80     88      1
    81     55      1
    82     52      1
    83     58      1
    84     65      1
    85     26      1
    86      9      1
    87     72      1
    88     80      1
    89     10      1
