COORD_X_Y 40
   1.9665   2.89312
 0.647433    2.1331
 0.968185   2.49522
 0.681625   2.28554
 0.750374    1.7603
  1.64424  0.653287
  2.82411   1.33555
  1.41613   2.96185
 0.808718   2.93686
  0.24875    1.7421
  2.29791    1.2193
  2.50185   2.11812
  1.09616   2.68738
  2.39375  0.680667
 0.989175  0.891817
  1.58246   1.78793
  2.70864   2.84733
 0.794745   0.17433
  1.82675 0.0721944
 0.898478   1.58082
  1.06873   2.73503
  2.60886  0.680337
  2.43192   1.00333
 0.425826  0.405555
  2.51605   1.09186
  1.84231  0.403447
  1.65983   1.99765
 0.665953   1.55294
 0.846663  0.197161
  2.70367 0.0535511
  2.44965   1.14996
  2.84814   1.00995
   2.8084   1.67498
 0.368006   1.31978
 0.554068   1.58614
   1.8959  0.954704
 0.427046  0.198083
  2.02936    2.2663
  2.30852   2.35449
  1.97178  0.520852
LINKS_SOURCE_DESTINATION_DISTANCE 78
     0      1      1
     0      3      1
     0     11      1
     0     15      1
     0     23      1
     0     27      1
     0     38      1
     1      0      1
     1      2      1
     1      4      1
     1      9      1
     1     13      1
     1     32      1
     2      1      1
     2      5      1
     2      6      1
     2     10      1
     3      0      1
     4      1      1
     4      7      1
     4     20      1
     4     24      1
     5      2      1
     6      2      1
     6      8      1
     6     14      1
     7      4      1
     7     29      1
     8      6      1
     8     12      1
     9      1      1
    10      2      1
    11      0      1
    11     18      1
    11     19      1
    12      8      1
    12     35      1
    13      1      1
    13     16      1
    13     17      1
    14      6      1
    15      0      1
    16     13      1
    16     36      1
    17     13      1
    17     21      1
    17     22      1
    18     11      1
    19     11      1
    19     25      1
    19     26      1
    19     30      1
    20      4      1
    20     31      1
    20     39      1
    21     17      1
    21     33      1
    22     17      1
    23      0      1
    23     34      1
    24      4      1
    25     19      1
    26     19      1
    27      0      1
    27     28      1
    27     37      1
    28     27      1
    29      7      1
    30     19      1
    31     20      1
    32      1      1
    33     21      1
    34     23      1
    35     12      1
    36     16      1
    37     27      1
    38      0      1
    39     20      1
