COORD_X_Y 100
  2.56883   1.52108
0.00290771  0.444692
  1.05914  0.160397
  2.76747  0.360091
  2.99714  0.518168
  0.95106   1.15739
  0.97083   1.87777
 0.430945   1.33875
  2.09031   1.98759
  1.64884   1.34044
  2.62943   1.77284
 0.707087   1.43284
  1.91435   2.89401
  2.62808   2.88156
 0.670528   1.51375
  2.49731   2.10125
  1.71232   1.68084
 0.521129   2.06913
  2.52211   2.54746
  2.97489  0.933425
  2.93131   2.75466
  1.87884   2.15829
  1.39554   2.65084
 0.524532   1.48048
  1.84093     2.598
 0.182595   2.51262
 0.509097   1.93391
0.0403877  0.373235
 0.694768  0.531079
 0.764111   2.12297
  0.36141 0.0525101
   2.5259  0.122791
  2.69431   2.72889
  2.38792  0.581611
  2.30161  0.381011
  1.38285   1.31369
  2.88214   1.65123
  1.53414    2.8059
 0.548002   1.78149
   2.3914   1.44073
  2.62508  0.962613
  1.41114   1.91002
  1.05974   1.05474
  1.04528   2.52022
   2.2132   1.57367
 0.945639   1.64289
  2.23798   1.56754
 0.328666    2.7151
   1.1779   1.96674
  1.22193   2.30179
   2.1678   2.72428
  2.72497    1.1405
  1.41594  0.685509
  2.09373  0.855217
 0.752781    2.9611
  1.43103   2.03519
  2.35391   2.19797
   1.8787  0.857521
 0.856294   2.25958
  1.82629   2.51943
 0.114238    2.6038
  2.53334   2.53969
  1.88178  0.367568
 0.176991   2.92173
  2.40469   2.10674
 0.619457  0.329896
  1.54606   2.05701
  2.98955   1.61458
  2.78139   1.31176
 0.677403   2.60085
  2.35224  0.871989
 0.371174 0.0601289
  2.91342   2.05926
  2.13114 0.00862907
 0.978632   1.04955
  2.64209   1.07197
 0.882508  0.738201
 0.235175   1.11909
 0.307463   1.11664
 0.784803    2.4545
 0.343643  0.231101
  2.90292   1.15198
  2.30537  0.849735
 0.865654  0.370936
  2.30543  0.308074
  2.44818  0.128021
  1.41825   2.43428
  1.42143   1.90127
  2.40255  0.239858
   1.3721   2.18703
 0.593364   2.62494
  2.95847   2.20718
  1.10501   1.80451
  1.94242   1.30885
  1.17719   2.56372
  1.63192   1.36371
  1.59737   2.33995
 0.995402  0.646949
  0.56374   1.04778
 0.267764   2.78611
LINKS_SOURCE_DESTINATION_DISTANCE 198
     0      1      1
     0      2      1
     0      4      1
     0      9      1
     0     14      1
     0     15      1
     0     21      1
     0     25      1
     0     36      1
     0     39      1
     0     67      1
     1      0      1
     1      3      1
     1      6      1
     1     20      1
     2      0      1
     2     12      1
     2     18      1
     2     34      1
     2     42      1
     2     47      1
     3      1      1
     3      5      1
     3     11      1
     3     13      1
     3     71      1
     4      0      1
     5      3      1
     5      7      1
     5     10      1
     5     24      1
     6      1      1
     6      8      1
     6     37      1
     7      5      1
     8      6      1
     8     17      1
     8     35      1
     9      0      1
     9     27      1
    10      5      1
    10     52      1
    10     97      1
    11      3      1
    11     94      1
    12      2      1
    12     16      1
    12     19      1
    12     29      1
    13      3      1
    13     28      1
    13     38      1
    13     48      1
    14      0      1
    14     53      1
    15      0      1
    15     57      1
    15     66      1
    15     72      1
    16     12      1
    16     22      1
    16     65      1
    16     91      1
    17      8      1
    17     74      1
    18      2      1
    19     12      1
    20      1      1
    20     23      1
    20     30      1
    20     46      1
    20     70      1
    21      0      1
    21     26      1
    22     16      1
    22     45      1
    23     20      1
    23     44      1
    23     73      1
    24      5      1
    24     64      1
    24     80      1
    25      0      1
    26     21      1
    26     84      1
    27      9      1
    28     13      1
    28     33      1
    28     51      1
    29     12      1
    29     31      1
    29     32      1
    29     43      1
    29     88      1
    30     20      1
    30     61      1
    30     83      1
    31     29      1
    31     41      1
    32     29      1
    32     49      1
    32     62      1
    32     63      1
    33     28      1
    33     40      1
    34      2      1
    34     56      1
    34     58      1
    34     60      1
    35      8      1
    36      0      1
    36     79      1
    36     81      1
    37      6      1
    38     13      1
    39      0      1
    39     87      1
    40     33      1
    41     31      1
    41     76      1
    42      2      1
    43     29      1
    43     55      1
    44     23      1
    44     54      1
    45     22      1
    46     20      1
    47      2      1
    47     50      1
    48     13      1
    49     32      1
    50     47      1
    51     28      1
    51     59      1
    51     69      1
    51     78      1
    52     10      1
    53     14      1
    54     44      1
    55     43      1
    55     90      1
    56     34      1
    56     92      1
    57     15      1
    58     34      1
    58     85      1
    58     98      1
    59     51      1
    60     34      1
    61     30      1
    62     32      1
    63     32      1
    64     24      1
    65     16      1
    65     68      1
    66     15      1
    67      0      1
    68     65      1
    68     77      1
    68     96      1
    69     51      1
    70     20      1
    71      3      1
    71     86      1
    72     15      1
    73     23      1
    73     75      1
    73     89      1
    74     17      1
    75     73      1
    75     93      1
    76     41      1
    77     68      1
    78     51      1
    79     36      1
    79     82      1
    80     24      1
    80     99      1
    81     36      1
    82     79      1
    83     30      1
    84     26      1
    85     58      1
    86     71      1
    87     39      1
    88     29      1
    89     73      1
    90     55      1
    90     95      1
    91     16      1
    92     56      1
    93     75      1
    94     11      1
    95     90      1
    96     68      1
    97     10      1
    98     58      1
    99     80      1
