COORD_X_Y 15
  2.12126  0.360443
   1.9319    2.6221
  2.81813   2.33497
 0.658831  0.258906
  1.07255   2.64721
  0.28827   1.09115
  2.93449   1.26546
  2.76178   1.15727
  2.62567   2.20784
 0.426199   2.39439
 0.326013  0.638654
  2.33824   2.13607
0.00540855  0.774386
  1.11467   2.72101
  1.44911   2.70791
LINKS_SOURCE_DESTINATION_DISTANCE 54
     0      1      1
     0      2      1
     0      7      1
     0      8      1
     0      9      1
     1      0      1
     1      3      1
     1      4      1
     2      0      1
     2      4      1
     2      5      1
     2      6      1
     2     11      1
     3      1      1
     3      9      1
     3     10      1
     3     11      1
     4      1      1
     4      2      1
     4      5      1
     4      6      1
     4      7      1
     4      8      1
     4     14      1
     5      4      1
     5      2      1
     6      4      1
     6      2      1
     6      8      1
     6     12      1
     6     13      1
     7      4      1
     7      0      1
     8      0      1
     8      4      1
     8      6      1
     8     10      1
     9      0      1
     9      3      1
     9     12      1
    10      3      1
    10      8      1
    10     13      1
    11      3      1
    11      2      1
    11     14      1
    12      6      1
    12      9      1
    13      6      1
    13     10      1
    13     14      1
    14     11      1
    14      4      1
    14     13      1
