COORD_X_Y 90
 0.253711   0.51398
  1.38215   2.50094
  1.08583   2.39414
  2.45306  0.866594
 0.227237   1.86953
  1.41174   2.53111
 0.153534   2.98755
  2.90177   2.44149
  1.57749 0.0459453
  2.31098   1.34991
 0.614802   2.93449
  2.38363  0.625248
 0.939506   1.92213
  2.41861   2.93191
 0.507717   1.28712
  2.44909   1.56496
  1.68408   2.98622
 0.157791   1.39188
  2.08018   1.84045
  1.12744 0.0746784
  1.96048    1.4182
  2.45005  0.951227
  1.26956  0.367253
  2.96696   1.74523
  1.54312   2.64611
  1.06759    1.4735
 0.364349  0.611583
  2.77965   1.55874
  1.68307  0.119211
  2.32704    1.0909
 0.308787  0.315259
  2.39036   2.92679
 0.791943   2.63439
  2.61089    2.0073
  1.42184   1.46703
  1.30515   2.94161
  1.00271   1.12134
  1.13126   1.92636
  2.67039    2.7158
 0.302109   2.99423
  2.21549  0.953582
 0.736498   1.80161
  1.57977  0.359825
 0.294408   2.87313
 0.362266   1.62687
 0.206715  0.933581
  2.79485   2.93785
  2.29197  0.191011
  2.56069   1.33384
 0.105477  0.455523
  2.40409   1.57016
 0.116787   1.99561
  2.43777   1.97258
 0.175714  0.521583
 0.555545   2.06752
 0.391512  0.354976
  1.40313   2.24939
  2.82426   1.19385
  2.52026   2.92684
   0.2073    1.1161
  2.54494   1.28955
 0.994847   1.69122
 0.270563   2.39791
  1.01728  0.614276
   1.4417  0.929012
  1.56858    2.4943
  1.88687   1.72588
   0.3436  0.739239
  1.93066   2.60919
 0.839915    1.4759
0.0591445  0.772553
  2.62669   2.49683
  1.25049  0.334347
   1.5487    1.9079
   1.2498  0.529749
  1.47576   2.48193
  2.29777   2.33194
  2.39152   1.24817
  1.68166   1.52709
  2.40755   2.37674
 0.449754   1.47711
 0.539738   2.43403
0.0187942   2.38293
 0.232768   2.90099
 0.955982  0.668231
  1.04077  0.798174
 0.937118   1.03078
 0.349179 0.00270744
  2.11861  0.797388
  1.86483  0.447883
LINKS_SOURCE_DESTINATION_DISTANCE 178
     0      1      1
     0      3      1
     0      4      1
     0     12      1
     0     13      1
     1      0      1
     1      2      1
     2      1      1
     2      7      1
     2     21      1
     2     26      1
     2     75      1
     3      0      1
     3      6      1
     3      9      1
     3     10      1
     3     32      1
     3     39      1
     3     74      1
     4      0      1
     4      5      1
     4     11      1
     4     22      1
     4     29      1
     5      4      1
     5     34      1
     5     46      1
     5     58      1
     5     64      1
     6      3      1
     6     23      1
     7      2      1
     7      8      1
     7     20      1
     7     60      1
     7     68      1
     8      7      1
     9      3      1
     9     16      1
     9     19      1
     9     33      1
    10      3      1
    10     40      1
    10     67      1
    10     76      1
    11      4      1
    11     25      1
    12      0      1
    12     17      1
    12     66      1
    13      0      1
    13     14      1
    13     53      1
    14     13      1
    14     15      1
    14     43      1
    15     14      1
    16      9      1
    16     24      1
    16     36      1
    16     70      1
    17     12      1
    17     18      1
    17     35      1
    17     77      1
    18     17      1
    18     71      1
    19      9      1
    20      7      1
    20     31      1
    20     56      1
    21      2      1
    21     30      1
    22      4      1
    22     45      1
    23      6      1
    23     47      1
    24     16      1
    24     63      1
    25     11      1
    25     28      1
    26      2      1
    26     27      1
    27     26      1
    28     25      1
    29      4      1
    29     44      1
    29     49      1
    30     21      1
    30     78      1
    31     20      1
    31     42      1
    32      3      1
    33      9      1
    33     57      1
    33     59      1
    33     73      1
    34      5      1
    34     79      1
    35     17      1
    35     38      1
    35     85      1
    36     16      1
    36     37      1
    36     72      1
    37     36      1
    38     35      1
    38     41      1
    38     55      1
    39      3      1
    40     10      1
    40     69      1
    41     38      1
    42     31      1
    43     14      1
    43     52      1
    44     29      1
    44     61      1
    45     22      1
    46      5      1
    46     54      1
    47     23      1
    47     48      1
    48     47      1
    48     50      1
    49     29      1
    50     48      1
    50     51      1
    51     50      1
    52     43      1
    52     82      1
    53     13      1
    53     80      1
    54     46      1
    54     81      1
    55     38      1
    56     20      1
    57     33      1
    58      5      1
    59     33      1
    60      7      1
    61     44      1
    61     62      1
    62     61      1
    63     24      1
    64      5      1
    64     65      1
    64     88      1
    65     64      1
    66     12      1
    67     10      1
    67     89      1
    68      7      1
    69     40      1
    69     83      1
    70     16      1
    71     18      1
    72     36      1
    73     33      1
    74      3      1
    74     84      1
    75      2      1
    76     10      1
    77     17      1
    77     86      1
    78     30      1
    79     34      1
    79     87      1
    80     53      1
    81     54      1
    82     52      1
    83     69      1
    84     74      1
    85     35      1
    86     77      1
    87     79      1
    88     64      1
    89     67      1
