COORD_X_Y 70
 0.309961   1.00935
 0.605637   2.83132
  0.52645   1.24428
  2.53955  0.835346
  2.88152  0.169592
0.0203474   1.13854
 0.600475  0.584516
 0.351557  0.561712
 0.615899   1.27125
  2.57493   1.77077
  2.22538  0.551721
  1.43236   2.76986
  2.48083   1.23125
  2.20801   1.59033
   1.8839   1.33571
 0.136962  0.896971
  2.46849  0.974398
   2.2708   1.14479
 0.760223  0.261102
0.0835797  0.506471
  2.97042 0.0655793
  2.10752  0.986918
  2.83076   2.22687
  1.22005  0.720587
  2.29206   2.73196
  2.44016   1.05904
 0.573261  0.392965
  1.35111  0.221246
  1.63716   1.49996
 0.942739   1.73609
   1.8095   1.74123
   2.0868    2.7181
 0.156801   1.94172
   1.3268  0.797337
  2.32091   2.55691
  1.08974   2.99355
  1.06498   2.47158
  2.98038   1.78122
 0.170628  0.819437
  2.98426  0.636282
  1.98759  0.738023
  2.57877   1.21446
  1.72566   2.57171
  1.54952  0.542303
  2.05876   2.62221
  1.22155   1.82901
  2.92588    1.6496
  1.18599 0.0512077
  1.86389  0.487976
  2.32459  0.342352
 0.473805   2.86566
  2.47932  0.637819
  0.42184   1.57721
  1.66346 0.0355706
  1.05467   1.49948
  2.97106   2.41424
  1.33992   2.27761
  2.60465   1.71477
  2.53403   1.10178
  1.98838   2.55141
  1.99963   1.05361
  1.53485   1.25243
  2.77436   2.83018
   1.3026   1.58036
 0.146641  0.307032
  2.47794   2.82975
  2.60222   2.02531
  1.67114   1.00082
 0.705347  0.333857
  2.14362  0.829717
LINKS_SOURCE_DESTINATION_DISTANCE 138
     0      1      1
     0      3      1
     0      6      1
     0     30      1
     1      0      1
     1      2      1
     1      5      1
     1     14      1
     1     27      1
     1     38      1
     2      1      1
     2     12      1
     2     17      1
     3      0      1
     3      4      1
     3      7      1
     3     37      1
     4      3      1
     4     11      1
     4     16      1
     5      1      1
     5     43      1
     6      0      1
     6      8      1
     6     34      1
     6     41      1
     7      3      1
     7      9      1
     7     26      1
     8      6      1
     8     13      1
     8     22      1
     8     24      1
     8     36      1
     9      7      1
     9     10      1
     9     20      1
    10      9      1
    10     15      1
    10     68      1
    11      4      1
    11     31      1
    12      2      1
    12     29      1
    12     35      1
    13      8      1
    14      1      1
    14     32      1
    14     61      1
    15     10      1
    15     21      1
    15     33      1
    15     42      1
    16      4      1
    16     18      1
    16     28      1
    17      2      1
    18     16      1
    18     19      1
    18     25      1
    18     51      1
    19     18      1
    19     48      1
    19     49      1
    19     65      1
    20      9      1
    20     39      1
    20     67      1
    21     15      1
    21     23      1
    22      8      1
    23     21      1
    23     56      1
    24      8      1
    24     64      1
    25     18      1
    25     44      1
    26      7      1
    27      1      1
    27     55      1
    28     16      1
    28     40      1
    28     47      1
    29     12      1
    30      0      1
    31     11      1
    32     14      1
    32     60      1
    33     15      1
    33     46      1
    33     53      1
    34      6      1
    35     12      1
    35     52      1
    36      8      1
    36     58      1
    37      3      1
    37     45      1
    38      1      1
    38     54      1
    39     20      1
    40     28      1
    41      6      1
    42     15      1
    43      5      1
    43     69      1
    44     25      1
    45     37      1
    46     33      1
    46     62      1
    47     28      1
    48     19      1
    48     57      1
    49     19      1
    49     50      1
    49     66      1
    50     49      1
    51     18      1
    52     35      1
    52     63      1
    53     33      1
    54     38      1
    55     27      1
    56     23      1
    56     59      1
    57     48      1
    58     36      1
    59     56      1
    60     32      1
    61     14      1
    62     46      1
    63     52      1
    64     24      1
    65     19      1
    66     49      1
    67     20      1
    68     10      1
    69     43      1
