COORD_X_Y 25
 0.107752   2.87992
 0.331976   1.96927
 0.931032   1.43497
 0.515698   2.76743
   2.9412  0.909458
 0.144813   1.61837
  2.55762   1.97524
  1.68602   1.16534
 0.679804   0.11679
  2.27015   0.89763
  2.02202   2.73731
 0.205507   1.94472
  1.94366   1.78837
  2.70735   1.21372
 0.424825   2.50741
 0.932978   1.90462
    0.718  0.624563
  2.10747   0.18933
 0.854788  0.667199
  2.43138     2.207
   0.4661   1.46351
  2.40212   1.43842
  2.86619   2.93779
 0.618573   1.41195
  2.86381  0.324722
LINKS_SOURCE_DESTINATION_DISTANCE 48
     0      1      1
     0      2      1
     0      6      1
     0      7      1
     0      9      1
     1      0      1
     1      3      1
     1      5      1
     2      0      1
     2     24      1
     3      1      1
     3      4      1
     4      3      1
     4     12      1
     4     14      1
     5      1      1
     6      0      1
     7      0      1
     7      8      1
     7     10      1
     7     11      1
     7     16      1
     8      7      1
     8     17      1
     9      0      1
     9     15      1
    10      7      1
    11      7      1
    11     13      1
    12      4      1
    12     21      1
    13     11      1
    14      4      1
    14     19      1
    14     20      1
    15      9      1
    15     18      1
    16      7      1
    17      8      1
    18     15      1
    19     14      1
    19     22      1
    20     14      1
    21     12      1
    22     19      1
    22     23      1
    23     22      1
    24      2      1
