COORD_X_Y 15
 0.764966   1.77139
  1.32091   1.86078
  0.73766   2.61315
  1.14277   1.58512
  1.13244   1.94029
  2.57764    1.6351
  1.07312   1.87708
 0.136536  0.365024
  1.60432   2.85231
  1.96379  0.135511
 0.189905 0.0516711
  2.92389  0.456447
  1.49674   1.92682
  1.79017   2.36282
0.0724717   1.20076
LINKS_SOURCE_DESTINATION_DISTANCE 28
     0      1      1
     0     11      1
     1      0      1
     1      2      1
     1      7      1
     1      8      1
     1     10      1
     1     14      1
     2      1      1
     2      3      1
     2      5      1
     2      6      1
     2     12      1
     3      2      1
     3      4      1
     4      3      1
     5      2      1
     6      2      1
     7      1      1
     8      1      1
     8      9      1
     9      8      1
    10      1      1
    11      0      1
    12      2      1
    12     13      1
    13     12      1
    14      1      1
