COORD_X_Y 65
  1.08092   2.74958
  2.69851   1.69168
  1.56551   1.16589
 0.530557   2.01304
   1.5875   1.18461
 0.619071   1.08924
  0.30228   2.76404
  2.16473    1.6793
  0.73326   1.42108
  1.37389  0.518156
 0.831367    2.6908
  1.26298  0.226544
  2.41161   1.91712
  1.99713   2.27318
  2.98716  0.394381
 0.529718   0.39754
  1.50256   2.69475
  1.93138  0.815851
 0.896949   2.12467
 0.210483 0.0104053
  1.76237   2.65277
 0.933893   1.05891
  1.96317   1.07294
 0.526972   0.75587
 0.289099  0.905978
 0.663517   2.98323
  1.22848   1.72039
  1.45912   2.06105
 0.658327  0.980991
  2.63977   1.51327
   2.4932 0.0958329
  2.05668 0.0496976
 0.302318   2.56626
   1.6775    0.5263
  1.65739   2.34494
  1.97749  0.338002
  2.11981  0.228039
   1.3589   2.36252
  2.32751   1.87226
  2.31005  0.729979
  2.87763  0.578205
  1.84573   1.46112
 0.351199   0.61964
  2.21205   1.96451
 0.276635   1.09143
  1.93386  0.487622
  1.91229   1.64557
  1.28184  0.834715
  2.67179   2.71461
  2.51743 0.0206508
  1.98178   2.19732
  2.59793   1.52568
  2.35438    1.5101
  1.07105    1.5496
   1.3576   2.20569
  2.57072  0.798911
 0.453322   2.76003
 0.689242   2.83937
  2.42098  0.864852
  2.19851   1.89348
0.00763868  0.841123
   2.4013 0.0620306
 0.585901  0.398342
  0.30812   1.39913
  1.71077   0.73219
LINKS_SOURCE_DESTINATION_DISTANCE 128
     0      1      1
     0      3      1
     0     36      1
     0     64      1
     1      0      1
     1      2      1
     1      6      1
     1      9      1
     1     14      1
     1     61      1
     2      1      1
     2      4      1
     2     45      1
     3      0      1
     3      5      1
     3     24      1
     3     39      1
     3     46      1
     4      2      1
     4     42      1
     5      3      1
     5      8      1
     5     10      1
     6      1      1
     6      7      1
     6     15      1
     7      6      1
     7     17      1
     7     32      1
     8      5      1
     8     29      1
     9      1      1
     9     12      1
     9     20      1
    10      5      1
    10     11      1
    10     41      1
    11     10      1
    11     13      1
    11     16      1
    11     53      1
    12      9      1
    12     33      1
    12     37      1
    12     52      1
    13     11      1
    13     27      1
    13     35      1
    13     44      1
    14      1      1
    14     18      1
    15      6      1
    15     22      1
    16     11      1
    16     19      1
    16     23      1
    16     47      1
    16     59      1
    17      7      1
    17     26      1
    18     14      1
    18     54      1
    19     16      1
    20      9      1
    20     21      1
    20     28      1
    21     20      1
    22     15      1
    23     16      1
    23     49      1
    24      3      1
    24     25      1
    25     24      1
    25     30      1
    26     17      1
    26     31      1
    27     13      1
    28     20      1
    29      8      1
    30     25      1
    30     34      1
    31     26      1
    31     43      1
    31     51      1
    32      7      1
    32     38      1
    33     12      1
    33     50      1
    34     30      1
    35     13      1
    36      0      1
    36     56      1
    37     12      1
    37     40      1
    38     32      1
    39      3      1
    40     37      1
    41     10      1
    42      4      1
    43     31      1
    43     48      1
    44     13      1
    45      2      1
    46      3      1
    46     60      1
    47     16      1
    47     55      1
    47     58      1
    48     43      1
    49     23      1
    50     33      1
    51     31      1
    52     12      1
    53     11      1
    54     18      1
    55     47      1
    56     36      1
    56     57      1
    56     63      1
    57     56      1
    57     62      1
    58     47      1
    59     16      1
    60     46      1
    61      1      1
    62     57      1
    63     56      1
    64      0      1
