COORD_X_Y 700
  1.76847 0.0189939
0.00116514  0.348725
  1.41474   1.48761
  2.51962  0.730644
  1.57714    1.6173
  2.59882   2.15314
  2.30021 0.0753596
  2.42584   1.63129
  2.17005   1.41368
  1.86111  0.406692
 0.842482   1.06574
  2.64725    1.7748
  2.74233   2.07737
  1.57973   2.12161
  0.64951  0.361399
 0.598892  0.269661
  1.64297  0.940157
  1.44575  0.779924
 0.241148  0.650336
  1.64205  0.112796
  2.81724  0.725529
  1.42067  0.276907
0.0441082   1.14553
  2.63099   2.41194
  2.09854   1.77804
  1.69895  0.832526
  2.40362  0.828498
 0.907999   2.43005
 0.131461    2.1222
  1.00272   1.62232
  2.03741   1.68982
 0.183042   1.94236
  1.45387   1.82587
  0.27836   2.09291
  1.14126   1.72765
   1.8627   1.77449
  2.31328    1.5463
   1.2958   1.36282
 0.936464   1.00161
  2.15441  0.401087
  1.66438   2.76109
  1.88535   2.62472
 0.775411   2.07587
  1.51008   1.63228
 0.747056   1.13935
 0.347194   2.37606
 0.554806   1.40316
  1.32165   2.31749
  2.03121   1.92877
  2.93258   2.94318
  1.90586  0.346105
 0.869414   2.23929
  2.15696   2.65932
  1.88081   2.78782
  1.41306   2.14483
  1.99523  0.720742
  2.54089     1.943
  2.20299  0.181462
  1.90523   1.52479
  2.50595   1.39112
 0.142726   1.16708
  1.08582  0.459143
  1.14587  0.233596
  2.06628  0.167547
  2.60385   1.08065
  2.99673    2.9157
 0.789678   1.67661
  2.20457   1.95855
 0.118167   1.37083
  2.08052   2.70287
  1.43394    2.3675
  2.89081    1.1074
 0.645594  0.301494
 0.450161   1.54429
 0.657679   2.53547
 0.288632   2.20955
 0.619642   2.61079
  2.41036   1.92655
  1.25014   0.34453
  2.82909    2.6356
  1.63998  0.117011
  1.15428   1.32998
 0.882209   2.67422
  2.35947   2.57764
  2.46416  0.679272
   2.5021   2.71882
  2.89987   2.89318
  1.51528   1.20364
 0.465868  0.245408
  2.98195   1.43211
  1.44084 0.0350017
   2.9901   1.77943
  1.80107  0.328769
0.0645206 0.0554012
  2.11094  0.693341
 0.477353   1.78148
  1.21763   1.56337
  2.60228   2.06374
  1.10181  0.843442
  1.71138   2.54616
  1.08157   2.81562
  2.92252   1.11048
   1.8196   1.65968
   1.7008   1.24018
  1.46805     0.118
  1.79903  0.113463
  2.28048  0.992744
  1.57977   2.50432
  1.41383  0.807433
  2.19096    2.3698
  1.72173   1.30752
  2.47064   1.34095
  2.35125 0.00902737
  2.64069 0.0511136
  1.07939   1.91302
  1.58276   2.32051
  1.73728   1.33294
  2.04586   2.93881
 0.732225  0.190109
  2.79404   1.14156
     1.99  0.295558
 0.273074   1.55185
  1.39053 0.0116377
  2.88222  0.969881
   2.4601   1.54774
  1.00557   2.27354
  2.73289   1.94066
   2.9947    1.6722
   1.2328    2.6154
  2.31443   1.85834
 0.632126   1.67825
  1.20213  0.133839
  1.95096  0.168175
 0.168128   2.69431
  1.90536  0.427936
  2.71718   2.88476
0.0679029   1.45585
 0.667409 0.0873003
  2.18416   2.81388
 0.413687   1.04851
 0.629295   1.32117
   1.6584   1.69844
  1.65045   2.46382
 0.226515   2.31761
  1.84874  0.676755
0.0876414  0.815683
 0.529608  0.658096
 0.577279   2.30794
   1.9233     1.004
 0.644583   1.14545
  0.82881  0.662659
  2.95785   1.34974
  1.75372  0.322737
  1.79055   1.11317
  1.76798  0.263456
  1.47787  0.551835
   1.2005  0.982867
 0.258267   2.14011
  2.73759    2.1424
  2.78304   1.50203
  1.51864   1.37812
  1.96319   1.62935
  1.26255   2.07643
 0.464205  0.141588
   2.1841   2.50979
  1.25278   1.52944
  0.45267   2.68581
  1.16399   2.77246
   1.0126  0.991822
 0.641867   2.70696
 0.513985   2.64483
  2.41166  0.642894
 0.910875 0.0381249
  1.80258   2.15402
 0.239411   1.49096
0.0276635   1.08603
    2.414   2.01606
  2.69902   2.96029
  2.50642    1.1912
  2.39154   0.51384
 0.986774  0.466067
  2.11953 0.0446037
  1.45991  0.762341
  2.79898   2.52784
  1.92622   1.26886
  1.26693   2.83825
 0.834265   2.69143
  2.86354   0.52822
  2.75723   0.63967
  1.61437  0.235708
  2.21983   1.56186
 0.846417   1.23181
  1.63361  0.397876
  1.72981   2.67388
  2.26557   1.78988
  1.57058  0.979433
  1.31239  0.204577
  2.30338   2.00104
  2.43833   2.54203
 0.652604   2.05739
   1.2745  0.186745
 0.691386  0.568382
  1.22594 0.0860771
  2.67636  0.124329
  2.68461   2.91551
  0.76919    1.5112
 0.479456   1.49227
  1.82706   0.41827
  1.00492   2.10587
 0.465642   1.65327
  2.03251    2.4881
 0.804853   1.69762
 0.941333   1.47745
 0.529684  0.918047
  0.04188    1.1412
  2.95998    1.9705
 0.164484   2.66121
  2.75062   1.32171
0.0538159     1.492
 0.422231   1.34814
  1.80275  0.074088
  2.81424  0.341574
  2.40246   2.72506
  2.04224   1.32733
  2.77193   1.83685
  2.30301   1.30567
  2.96836    1.2155
  1.98729   1.75416
  2.38922   1.12247
 0.820382 0.0595845
  2.94682   2.58527
 0.480209   0.19579
 0.901146  0.774682
 0.191202  0.560985
 0.878021   2.55016
  2.34011  0.655349
  2.13257    2.9328
  2.24187   1.17579
  0.77703  0.177754
  2.67366  0.509378
  2.40619   2.77897
 0.364412   2.75695
  1.11643   1.10774
  2.61143  0.185884
  2.54091   2.69695
 0.111065   2.97147
  2.63379   1.14533
 0.522771   1.88227
  2.93877  0.526348
  1.00118   2.54562
  2.59042   1.57417
 0.416451   1.94585
  2.87873   2.74015
 0.515538  0.877894
 0.860847   0.45679
 0.677941  0.312576
  1.00029    2.9199
  1.12223  0.119092
  2.11888   1.91449
  1.45331  0.492691
 0.503149   1.32184
 0.944458   2.16802
 0.222962  0.188923
  2.96387   1.51762
 0.340423   2.96563
 0.903031   1.17529
 0.777979  0.557234
 0.950133   2.56333
  1.28276   0.47197
   1.0849 0.0325276
 0.264798   1.20877
 0.722951   2.19282
   2.1639   1.52602
  1.24317   2.08884
   1.7911   2.25243
    2.696  0.194518
  2.70093   1.20598
  1.30648   1.09371
 0.459963   1.79994
  2.02886   1.24629
   1.1512    1.2597
  2.47363   1.41551
  2.99461 0.00596619
 0.483705   2.66937
  2.86697   1.97048
 0.113867   2.74472
  2.36666  0.756744
  2.53742   2.58828
 0.775342 0.0829854
  2.19652    2.5137
  2.16644  0.881737
  2.72015   2.83478
  1.42646   1.76057
  1.86944  0.114159
  2.04996   1.63161
  2.87393     1.276
  1.06788   1.89825
  0.85748   1.45553
  1.93161   2.67406
  2.88837  0.238885
   2.3141  0.855162
 0.504757  0.419627
  2.84022  0.142098
  1.27114  0.363433
  1.77708   1.60342
 0.673624   1.65848
  2.39621     2.257
 0.841381  0.599412
  2.49534  0.339011
  1.42389   1.55482
 0.809878   1.97827
  2.11501   2.42003
 0.603386  0.526658
   1.0824   1.88225
  1.51768   2.76318
  1.63513   1.51454
 0.817169   1.13057
  2.61219   1.50518
   2.3823   2.50308
 0.825163   1.38941
 0.946567   2.70556
   1.1012  0.507566
  2.72705  0.977944
 0.633344   1.49264
  2.34603   1.69158
  0.30859   2.38028
 0.680214    2.1882
  2.80648  0.933924
 0.493668   1.78201
  2.22729   2.21375
 0.560321  0.316504
  1.68418  0.644178
  2.43235   1.98843
 0.532513   2.43183
  2.25207  0.718103
  0.19763  0.811592
  2.29151   1.28617
  2.88317  0.473126
  2.69162   1.63716
 0.598774   1.40601
  1.61709   2.77207
 0.763146   0.36233
  1.82392   2.07377
  2.73246   1.71285
  2.47896   1.54276
  2.49894   0.80562
 0.805518  0.566356
 0.724114  0.435418
 0.366803   2.49081
 0.411377  0.145167
  1.93357   2.25685
  2.10429      0.69
  1.96871  0.945372
 0.248651    2.6582
  0.19377   1.45846
  1.19692   1.25909
  1.10136   2.69367
  1.60304  0.748037
0.0577731   1.20264
 0.974574  0.745307
 0.125403   2.41092
 0.441672  0.428223
  1.29368   2.55333
  2.78056 0.0543268
  2.56231   2.39467
  1.58684   1.70195
  2.14759   1.80668
  1.79723 0.0654406
  2.24266   1.29669
  2.54549  0.319778
   1.6116   0.32977
  1.68552   1.27409
   1.1321  0.413175
  1.81146  0.363557
 0.019725   2.08121
 0.722221    1.7396
 0.623013   2.64922
  2.76121   2.00767
 0.842104   1.76497
  1.72154   1.77545
  1.70782  0.572577
  2.30375  0.478331
  1.10637   0.14044
  2.70619   1.79348
  1.91633    2.4977
   1.4117   1.05034
  1.84281   2.78142
 0.854372  0.417985
 0.745497   1.08148
   2.9267  0.372731
 0.119347  0.861657
 0.393209  0.154733
  1.09783   1.98707
 0.157805   0.76333
 0.852718   2.56497
 0.101625  0.269283
  1.97351   1.89637
  2.91057  0.933275
  2.78228  0.855449
  2.45006   0.48502
 0.662616 0.0574235
   1.5095  0.821039
  1.36551   2.06931
 0.368955  0.314252
 0.689349   2.24268
  1.47973   2.62983
  2.97088   1.43749
  2.49546   2.96884
   1.3946    1.9785
  1.84702   1.26631
  2.18555   1.67966
 0.674206   1.89697
  1.20453   1.96347
  2.31559  0.946265
  1.07859  0.707423
  1.30626  0.732135
  2.70253  0.604958
  2.51018  0.762075
  2.20689   2.25023
  1.43564  0.244649
 0.286836   1.32443
  1.80143   1.88891
 0.654449   2.45407
  2.27259   2.66157
 0.896844   2.52467
   0.1378  0.102749
  2.72848   1.22578
  1.50017   2.80429
  2.67855   2.38943
 0.399412      1.36
  1.87467   1.01457
  1.00027   1.12238
  1.94268  0.304142
  1.93381   2.42516
 0.759866    1.8264
 0.121369   2.04704
  2.75941  0.279898
  1.71481   0.21268
 0.453962  0.736736
   2.9034   2.35135
 0.506179   1.92655
  1.06239   2.10227
  2.00265   2.08229
  2.55936  0.923941
   2.5658   1.47759
  2.84373   2.87008
  1.91752   0.75193
  2.46594  0.666994
 0.758781    1.4121
  1.94526   1.64342
  2.44305   2.07193
 0.855037  0.321187
  0.19971   1.70144
  1.48905   1.34114
  1.17834   1.22749
  2.19635  0.616402
  1.48803  0.776303
  2.54288   1.38119
  1.14544   2.98835
  1.44899   2.42131
  2.10831   2.69214
  2.69427 0.00392628
  1.12635    2.5169
   1.1259  0.277836
  1.16181   1.04721
  1.47386   1.69062
  2.88151   2.61978
  1.98851  0.979204
  2.16383   1.69418
  1.70463  0.730725
  1.92952  0.153681
 0.380928   1.66934
  1.48566  0.247426
  1.14494  0.578823
  0.61702   2.35696
  1.23968  0.702349
  2.00751   1.26163
  2.09463   0.54312
  2.23998 0.0795692
 0.128318   2.16364
 0.465455  0.573496
 0.349117   0.63685
 0.350918  0.571666
 0.329971   1.99412
 0.670542   1.04962
   2.2481   2.78933
  1.28954   0.10898
 0.617806 0.0318354
  1.68369  0.693658
  1.75765  0.998946
  1.32432   2.69917
  1.84463   2.99177
  2.94904   1.28034
  1.63413   1.68521
  1.93857  0.341536
  2.06681  0.639635
   1.9787  0.783311
   2.6638   2.84492
  2.35287    1.6424
 0.237381   1.71266
  2.67556   2.38355
  1.06268   1.23337
 0.862952   2.55762
  2.94827   1.68027
 0.530543   1.66333
 0.245837   2.18246
0.0523378    2.7962
  2.45903   2.47614
 0.501868  0.444286
  2.92845   1.56579
  1.25256  0.721168
  1.32065   1.12781
  1.86502   2.04554
  1.29938  0.709558
  1.05286   1.64144
  1.01462   1.64649
  2.97726 0.0810316
  1.76843   2.69712
  2.77022   2.22181
  2.81972   2.94207
  1.14076   1.79559
  2.21561   0.79186
  2.01091   2.78037
  2.55087   2.54201
 0.517624  0.433855
  1.26986  0.307031
  1.54926   2.13096
  1.87846 0.0537204
  1.06065  0.459359
  1.35446   2.54473
  2.68452   2.39089
  2.75195  0.763532
 0.555951  0.555623
  2.32836    2.8659
 0.391497  0.246602
  1.06989   2.28918
  2.14963    2.4068
 0.999757   2.86946
  2.27663  0.919667
  2.19326  0.298151
  1.88059   2.57503
  2.71643   1.08657
  1.43779   2.37788
  2.63349   0.63822
   2.4156   1.28722
  1.99655 0.0996361
  1.41703   2.30175
   1.7025    1.3595
  1.45368   2.79204
  2.37545   2.27803
 0.211771  0.320922
  1.32298  0.628388
0.00416027   1.15394
0.0722871   2.27388
  2.27288   2.09961
 0.175542   1.55847
  2.39364   1.79933
 0.229112   0.58234
  2.73327   1.28614
   1.8624  0.794829
 0.830139   1.86727
  1.20235   1.39175
 0.716793   2.45062
  1.95047   1.52156
  1.35961  0.113218
  2.39824    2.0296
 0.598818   2.18775
  2.23028   2.32778
  2.93135  0.962843
  2.33621  0.608943
  1.84595   1.94534
  2.06866   2.14054
  1.78778   2.01699
  2.94932   1.31752
  2.36234   2.00936
  1.48785   0.65303
 0.532199   1.55291
 0.970463  0.921416
  2.22142  0.612836
 0.333654   1.71835
0.00713932  0.307447
  2.78193  0.504594
 0.130235   1.73687
  1.85109   2.03729
0.00577759    2.2517
  1.75205   2.79265
  1.03988   1.26355
  1.15887   2.49496
  2.71724  0.122463
  2.42738   1.64343
 0.141009    1.1757
 0.770205    1.3754
  1.80319   2.75222
  2.80022   1.52871
  1.95036   2.21363
  2.77416  0.275234
    2.511   2.99056
  1.02475  0.495986
  2.01428   1.15786
  1.88467  0.560472
  2.16036  0.243091
  1.85757  0.800674
 0.564056   1.91716
  2.72289   2.82961
 0.590093  0.172265
  1.45415   2.78061
 0.339934   1.25293
  1.47173  0.912457
 0.126094   2.59267
  1.92735    2.7916
  1.40765   1.82962
 0.901155   2.36443
 0.479394  0.106093
  1.20495  0.401982
  1.82518  0.769483
 0.468308     1.929
  2.83749  0.578067
  1.91502   2.25624
  2.07842   1.45321
 0.745082   1.47083
  2.35433  0.158021
  0.46362   2.10415
  2.21491  0.585705
 0.555575  0.277622
  2.03638  0.157898
  2.22535   1.27407
 0.499992   2.28336
  2.54491  0.469549
   1.3311   1.45851
 0.187572   2.08352
   1.4363    2.0857
  1.18393  0.384937
  1.21902   2.17171
  2.95697   1.74815
  2.17306  0.702037
  2.78568   1.61721
  1.79915  0.911502
  2.63839   1.38921
  1.66424   1.06656
  1.83824   1.06847
  2.99433   1.50162
  2.68597   2.40827
  2.28127  0.576999
 0.281888  0.183738
  2.26993 0.0677695
  1.09026     1.983
 0.931896  0.602659
 0.501056   2.82739
 0.911319   2.44669
  2.57879  0.456315
  1.96526  0.927017
 0.227523   2.32819
  1.20599   2.40577
 0.852941   1.05075
  1.43833   2.55497
  2.32454  0.434772
  1.71138  0.833144
  0.73642  0.150235
 0.322774   2.94883
  2.18801 0.0477508
  0.67298   1.69025
  0.84229  0.310757
 0.394404      2.22
 0.248097  0.954799
 0.536238   1.24965
   1.0774   2.97434
  2.47714   2.95047
  1.20019  0.059147
  2.45174   1.39909
 0.490397   2.57465
  2.57557   1.60374
  1.44943   2.78315
 0.346486   1.25833
 0.432695   2.82406
 0.155835  0.574982
  2.77276   2.22919
 0.383528   2.51854
 0.338117   2.75873
  1.88785  0.737363
  0.92101   2.32295
  1.55332   1.69138
  2.81395   2.89585
  2.28999  0.325807
  1.10496   2.28725
 0.183267   1.36242
 0.898988   1.43508
  1.48361   1.12412
 0.692953   2.67212
  2.02836   1.23229
  1.87895    2.8121
  2.59898   2.23168
   2.6929  0.192436
  2.32473   2.39755
 0.675994   2.01056
  2.00506   1.56422
  2.58175   2.94429
 0.599838   1.45242
  1.30473   1.64772
 0.402421   2.60765
  1.39834   1.97148
LINKS_SOURCE_DESTINATION_DISTANCE 1398
     0      1      1
     0      3      1
     0     25      1
     0     46      1
     0    140      1
     0    566      1
     1      0      1
     1      2      1
     1     29      1
     1     62      1
     1    368      1
     2      1      1
     2      7      1
     2     10      1
     2     12      1
     2     15      1
     2     32      1
     2     37      1
     2    246      1
     2    328      1
     3      0      1
     3      4      1
     3      5      1
     3     20      1
     3     43      1
     3     71      1
     3     84      1
     3    114      1
     3    465      1
     4      3      1
     4     13      1
     4    411      1
     5      3      1
     5      6      1
     5      9      1
     5     11      1
     5     28      1
     5    440      1
     5    600      1
     6      5      1
     6      8      1
     6     49      1
     6     94      1
     7      2      1
     7     14      1
     7     18      1
     7     27      1
     7     48      1
     7     63      1
     7    198      1
     8      6      1
     8     58      1
     8    214      1
     8    285      1
     9      5      1
     9     50      1
     9    414      1
     9    468      1
    10      2      1
    10     16      1
    10     45      1
    10    226      1
    11      5      1
    11    517      1
    12      2      1
    12     23      1
    12     38      1
    12     56      1
    12    195      1
    12    232      1
    12    332      1
    12    345      1
    12    392      1
    12    478      1
    13      4      1
    13    609      1
    13    632      1
    14      7      1
    14     91      1
    14    128      1
    14    136      1
    14    225      1
    14    235      1
    15      2      1
    15     41      1
    15     51      1
    16     10      1
    16     17      1
    16     19      1
    16     21      1
    16    205      1
    16    601      1
    17     16      1
    17     31      1
    17    174      1
    17    398      1
    17    441      1
    17    522      1
    18      7      1
    18     35      1
    18    124      1
    18    490      1
    19     16      1
    19     22      1
    20      3      1
    20     24      1
    21     16      1
    21    156      1
    21    265      1
    21    280      1
    21    379      1
    22     19      1
    22     34      1
    22     90      1
    22    113      1
    23     12      1
    23     30      1
    23     42      1
    23    219      1
    23    587      1
    24     20      1
    24     26      1
    24     52      1
    24    101      1
    24    189      1
    25      0      1
    25     92      1
    25    257      1
    25    628      1
    26     24      1
    26    102      1
    26    503      1
    26    606      1
    27      7      1
    27    103      1
    27    117      1
    27    203      1
    27    304      1
    28      5      1
    28     73      1
    28    131      1
    28    160      1
    28    644      1
    29      1      1
    29     57      1
    29     74      1
    29    127      1
    29    449      1
    30     23      1
    30    459      1
    30    617      1
    31     17      1
    31     33      1
    31     40      1
    31     80      1
    31    173      1
    31    229      1
    31    236      1
    31    281      1
    31    442      1
    32      2      1
    32     67      1
    32     77      1
    32    166      1
    32    181      1
    32    652      1
    33     31      1
    33     36      1
    33     68      1
    33    176      1
    33    220      1
    34     22      1
    34     47      1
    34    175      1
    34    325      1
    34    355      1
    35     18      1
    35     81      1
    35    158      1
    35    288      1
    36     33      1
    36    428      1
    36    502      1
    37      2      1
    37     39      1
    37    165      1
    37    178      1
    38     12      1
    38     85      1
    38    129      1
    39     37      1
    39    317      1
    39    430      1
    40     31      1
    40     53      1
    40     54      1
    40     95      1
    40     99      1
    40    157      1
    40    230      1
    41     15      1
    41     44      1
    41    286      1
    42     23      1
    42     75      1
    42    106      1
    42    108      1
    42    139      1
    42    201      1
    42    289      1
    43      3      1
    43    105      1
    43    296      1
    44     41      1
    44    109      1
    44    362      1
    44    378      1
    44    588      1
    45     10      1
    45     89      1
    45    204      1
    46      0      1
    46    254      1
    46    274      1
    47     34      1
    47    154      1
    47    413      1
    48      7      1
    48     64      1
    48    298      1
    48    366      1
    49      6      1
    49     69      1
    49     79      1
    50      9      1
    50     65      1
    50     66      1
    51     15      1
    51    152      1
    51    222      1
    51    267      1
    51    446      1
    52     24      1
    52     55      1
    52    137      1
    52    293      1
    52    482      1
    53     40      1
    53     60      1
    53     70      1
    53     83      1
    53    170      1
    53    185      1
    53    312      1
    54     40      1
    54     97      1
    55     52      1
    55     59      1
    55     61      1
    55    613      1
    56     12      1
    56     93      1
    56    125      1
    57     29      1
    57    197      1
    57    557      1
    58      8      1
    58    260      1
    58    309      1
    58    359      1
    58    525      1
    59     55      1
    59    112      1
    59    145      1
    59    341      1
    59    670      1
    60     53      1
    60     87      1
    61     55      1
    61     86      1
    61    460      1
    62      1      1
    62     78      1
    63      7      1
    63     72      1
    63    130      1
    63    360      1
    63    420      1
    64     48      1
    64    184      1
    65     50      1
    65    297      1
    65    499      1
    65    696      1
    66     50      1
    66    364      1
    67     32      1
    67    200      1
    67    315      1
    67    485      1
    67    542      1
    67    616      1
    68     33      1
    68    543      1
    69     49      1
    70     53      1
    70    135      1
    70    466      1
    71      3      1
    71     96      1
    71    153      1
    71    216      1
    71    405      1
    72     63      1
    72    121      1
    73     28      1
    73     82      1
    73    100      1
    73    143      1
    73    193      1
    73    319      1
    74     29      1
    74     76      1
    74    572      1
    75     42      1
    75     88      1
    75    155      1
    75    239      1
    75    338      1
    76     74      1
    77     32      1
    77    111      1
    77    144      1
    78     62      1
    78    126      1
    78    382      1
    79     49      1
    80     31      1
    80    324      1
    80    456      1
    80    536      1
    81     35      1
    81    199      1
    81    271      1
    81    651      1
    82     73      1
    83     53      1
    83    370      1
    84      3      1
    84    115      1
    84    258      1
    84    343      1
    84    422      1
    84    656      1
    85     38      1
    85    526      1
    86     61      1
    86    110      1
    86    141      1
    86    531      1
    87     60      1
    87    168      1
    88     75      1
    88    519      1
    88    675      1
    89     45      1
    89    303      1
    90     22      1
    90    432      1
    91     14      1
    91    146      1
    91    159      1
    91    182      1
    91    388      1
    92     25      1
    92    180      1
    93     56      1
    93     98      1
    93    132      1
    93    394      1
    93    455      1
    94      6      1
    94    164      1
    94    597      1
    95     40      1
    95    228      1
    95    322      1
    95    380      1
    95    633      1
    95    669      1
    96     71      1
    96    192      1
    96    277      1
    96    512      1
    96    594      1
    97     54      1
    97    107      1
    97    299      1
    98     93      1
    98    122      1
    99     40      1
    99    335      1
   100     73      1
   100    104      1
   101     24      1
   101    134      1
   102     26      1
   102    116      1
   102    627      1
   103     27      1
   103    244      1
   103    259      1
   103    367      1
   104    100      1
   104    206      1
   104    264      1
   105     43      1
   105    167      1
   105    187      1
   106     42      1
   106    568      1
   107     97      1
   107    119      1
   107    188      1
   108     42      1
   108    242      1
   108    276      1
   108    290      1
   108    357      1
   108    407      1
   108    605      1
   109     44      1
   109    118      1
   109    150      1
   109    162      1
   109    331      1
   109    691      1
   110     86      1
   110    149      1
   110    243      1
   110    284      1
   111     77      1
   111    120      1
   112     59      1
   112    147      1
   113     22      1
   113    123      1
   113    148      1
   113    172      1
   114      3      1
   114    177      1
   114    698      1
   115     84      1
   115    209      1
   115    477      1
   116    102      1
   116    133      1
   117     27      1
   117    223      1
   117    352      1
   118    109      1
   118    210      1
   118    262      1
   118    618      1
   119    107      1
   119    142      1
   119    186      1
   120    111      1
   120    191      1
   120    369      1
   120    471      1
   120    550      1
   121     72      1
   121    556      1
   122     98      1
   122    340      1
   122    347      1
   122    387      1
   123    113      1
   123    416      1
   123    662      1
   124     18      1
   124    161      1
   124    215      1
   124    270      1
   124    577      1
   125     56      1
   125    138      1
   126     78      1
   126    419      1
   127     29      1
   127    602      1
   128     14      1
   128    279      1
   129     38      1
   129    171      1
   130     63      1
   130    537      1
   130    595      1
   131     28      1
   131    183      1
   131    218      1
   131    224      1
   132     93      1
   132    445      1
   133    116      1
   134    101      1
   134    151      1
   135     70      1
   135    383      1
   136     14      1
   136    579      1
   137     52      1
   137    301      1
   138    125      1
   138    406      1
   139     42      1
   139    642      1
   140      0      1
   140    256      1
   141     86      1
   141    252      1
   141    295      1
   142    119      1
   143     73      1
   144     77      1
   145     59      1
   145    163      1
   145    333      1
   146     91      1
   147    112      1
   147    653      1
   148    113      1
   148    196      1
   148    408      1
   149    110      1
   149    190      1
   149    327      1
   149    625      1
   150    109      1
   150    179      1
   150    268      1
   150    510      1
   151    134      1
   151    240      1
   151    361      1
   151    497      1
   151    541      1
   152     51      1
   153     71      1
   153    221      1
   154     47      1
   154    385      1
   154    533      1
   155     75      1
   156     21      1
   156    425      1
   156    431      1
   157     40      1
   157    640      1
   158     35      1
   158    202      1
   158    535      1
   159     91      1
   159    330      1
   160     28      1
   160    249      1
   160    489      1
   161    124      1
   161    231      1
   161    418      1
   162    109      1
   162    241      1
   163    145      1
   164     94      1
   164    169      1
   164    208      1
   164    300      1
   165     37      1
   165    272      1
   165    381      1
   165    437      1
   166     32      1
   167    105      1
   167    321      1
   167    479      1
   167    500      1
   168     87      1
   168    217      1
   168    273      1
   169    164      1
   170     53      1
   171    129      1
   171    227      1
   171    255      1
   172    113      1
   173     31      1
   174     17      1
   174    207      1
   174    339      1
   175     34      1
   175    238      1
   175    373      1
   176     33      1
   176    233      1
   176    427      1
   176    637      1
   177    114      1
   177    374      1
   178     37      1
   178    194      1
   178    211      1
   179    150      1
   179    250      1
   179    390      1
   179    404      1
   180     92      1
   181     32      1
   182     91      1
   183    131      1
   183    336      1
   184     64      1
   184    658      1
   185     53      1
   186    119      1
   186    248      1
   186    314      1
   187    105      1
   187    237      1
   188    107      1
   189     24      1
   190    149      1
   190    213      1
   190    586      1
   190    667      1
   191    120      1
   192     96      1
   193     73      1
   194    178      1
   195     12      1
   195    294      1
   196    148      1
   196    349      1
   197     57      1
   198      7      1
   198    261      1
   198    650      1
   199     81      1
   199    212      1
   199    278      1
   199    450      1
   199    470      1
   199    592      1
   199    671      1
   200     67      1
   200    473      1
   201     42      1
   201    283      1
   202    158      1
   203     27      1
   203    386      1
   203    529      1
   203    573      1
   204     45      1
   205     16      1
   205    247      1
   205    266      1
   205    308      1
   205    484      1
   205    507      1
   206    104      1
   206    365      1
   206    498      1
   207    174      1
   207    275      1
   208    164      1
   209    115      1
   209    612      1
   209    641      1
   210    118      1
   210    544      1
   210    567      1
   211    178      1
   212    199      1
   213    190      1
   213    463      1
   214      8      1
   214    547      1
   215    124      1
   215    664      1
   216     71      1
   216    353      1
   217    168      1
   217    263      1
   217    291      1
   217    624      1
   218    131      1
   219     23      1
   219    666      1
   220     33      1
   221    153      1
   221    316      1
   221    424      1
   221    527      1
   222     51      1
   222    578      1
   223    117      1
   223    311      1
   223    389      1
   223    516      1
   224    131      1
   224    409      1
   225     14      1
   226     10      1
   227    171      1
   227    350      1
   228     95      1
   228    245      1
   228    377      1
   229     31      1
   229    302      1
   229    399      1
   230     40      1
   230    472      1
   231    161      1
   231    251      1
   232     12      1
   232    234      1
   233    176      1
   233    697      1
   234    232      1
   234    464      1
   234    528      1
   235     14      1
   235    448      1
   236     31      1
   237    187      1
   237    354      1
   237    384      1
   237    639      1
   238    175      1
   238    253      1
   238    318      1
   239     75      1
   239    461      1
   239    538      1
   240    151      1
   241    162      1
   241    518      1
   242    108      1
   242    269      1
   242    396      1
   243    110      1
   244    103      1
   244    397      1
   244    436      1
   245    228      1
   246      2      1
   247    205      1
   247    287      1
   247    444      1
   247    565      1
   248    186      1
   248    342      1
   248    515      1
   249    160      1
   250    179      1
   250    307      1
   250    638      1
   251    231      1
   252    141      1
   252    554      1
   252    693      1
   253    238      1
   254     46      1
   254    453      1
   255    171      1
   255    292      1
   256    140      1
   257     25      1
   258     84      1
   258    630      1
   259    103      1
   260     58      1
   261    198      1
   261    423      1
   262    118      1
   263    217      1
   264    104      1
   264    532      1
   265     21      1
   266    205      1
   266    282      1
   266    400      1
   267     51      1
   267    443      1
   268    150      1
   269    242      1
   269    540      1
   270    124      1
   270    329      1
   270    344      1
   271     81      1
   271    494      1
   272    165      1
   272    434      1
   273    168      1
   274     46      1
   274    539      1
   275    207      1
   275    395      1
   276    108      1
   277     96      1
   278    199      1
   278    326      1
   279    128      1
   279    680      1
   280     21      1
   280    320      1
   281     31      1
   282    266      1
   282    561      1
   283    201      1
   283    648      1
   284    110      1
   284    306      1
   284    692      1
   285      8      1
   285    629      1
   286     41      1
   286    305      1
   286    310      1
   286    403      1
   287    247      1
   288     35      1
   289     42      1
   290    108      1
   291    217      1
   292    255      1
   292    438      1
   292    458      1
   293     52      1
   293    604      1
   294    195      1
   295    141      1
   295    337      1
   296     43      1
   296    401      1
   297     65      1
   298     48      1
   299     97      1
   299    346      1
   300    164      1
   301    137      1
   302    229      1
   302    313      1
   303     89      1
   304     27      1
   305    286      1
   306    284      1
   306    363      1
   307    250      1
   308    205      1
   309     58      1
   310    286      1
   311    223      1
   311    576      1
   311    685      1
   312     53      1
   312    323      1
   312    351      1
   312    451      1
   313    302      1
   314    186      1
   314    551      1
   315     67      1
   315    511      1
   316    221      1
   317     39      1
   317    415      1
   317    636      1
   318    238      1
   318    570      1
   319     73      1
   320    280      1
   320    426      1
   321    167      1
   321    581      1
   321    622      1
   321    659      1
   322     95      1
   323    312      1
   323    334      1
   324     80      1
   324    356      1
   324    681      1
   325     34      1
   326    278      1
   326    663      1
   327    149      1
   327    358      1
   328      2      1
   329    270      1
   329    495      1
   330    159      1
   331    109      1
   331    534      1
   332     12      1
   333    145      1
   333    412      1
   333    447      1
   334    323      1
   334    348      1
   335     99      1
   336    183      1
   336    375      1
   337    295      1
   337    376      1
   337    615      1
   338     75      1
   338    668      1
   339    174      1
   339    599      1
   340    122      1
   341     59      1
   341    454      1
   342    248      1
   343     84      1
   343    591      1
   343    619      1
   344    270      1
   344    435      1
   345     12      1
   345    553      1
   346    299      1
   346    486      1
   347    122      1
   348    334      1
   348    481      1
   348    501      1
   349    196      1
   349    372      1
   349    623      1
   350    227      1
   350    371      1
   351    312      1
   352    117      1
   353    216      1
   354    237      1
   354    492      1
   355     34      1
   356    324      1
   357    108      1
   357    402      1
   357    695      1
   358    327      1
   358    504      1
   359     58      1
   359    475      1
   359    559      1
   359    626      1
   360     63      1
   361    151      1
   361    493      1
   361    569      1
   362     44      1
   363    306      1
   363    393      1
   364     66      1
   364    391      1
   365    206      1
   366     48      1
   367    103      1
   368      1      1
   368    491      1
   369    120      1
   370     83      1
   371    350      1
   372    349      1
   373    175      1
   374    177      1
   375    336      1
   375    513      1
   376    337      1
   377    228      1
   377    549      1
   377    607      1
   378     44      1
   379     21      1
   380     95      1
   381    165      1
   381    476      1
   382     78      1
   383    135      1
   383    488      1
   384    237      1
   385    154      1
   385    469      1
   385    673      1
   386    203      1
   386    483      1
   386    678      1
   387    122      1
   387    506      1
   387    563      1
   387    679      1
   388     91      1
   389    223      1
   390    179      1
   390    417      1
   390    674      1
   391    364      1
   391    474      1
   391    634      1
   392     12      1
   393    363      1
   393    467      1
   393    487      1
   394     93      1
   394    580      1
   395    275      1
   395    421      1
   396    242      1
   396    439      1
   397    244      1
   397    509      1
   398     17      1
   399    229      1
   399    457      1
   400    266      1
   400    610      1
   401    296      1
   401    508      1
   402    357      1
   402    496      1
   403    286      1
   403    410      1
   404    179      1
   404    433      1
   405     71      1
   406    138      1
   407    108      1
   408    148      1
   409    224      1
   409    429      1
   409    649      1
   410    403      1
   411      4      1
   412    333      1
   413     47      1
   414      9      1
   415    317      1
   416    123      1
   417    390      1
   418    161      1
   419    126      1
   420     63      1
   420    608      1
   421    395      1
   421    546      1
   422     84      1
   423    261      1
   423    452      1
   424    221      1
   424    560      1
   425    156      1
   426    320      1
   427    176      1
   428     36      1
   429    409      1
   430     39      1
   430    524      1
   430    661      1
   431    156      1
   431    585      1
   431    621      1
   432     90      1
   433    404      1
   433    520      1
   434    272      1
   435    344      1
   436    244      1
   436    521      1
   437    165      1
   438    292      1
   439    396      1
   440      5      1
   440    643      1
   441     17      1
   441    611      1
   442     31      1
   443    267      1
   444    247      1
   445    132      1
   446     51      1
   447    333      1
   448    235      1
   449     29      1
   450    199      1
   451    312      1
   452    423      1
   453    254      1
   454    341      1
   454    593      1
   455     93      1
   455    462      1
   456     80      1
   457    399      1
   458    292      1
   458    564      1
   459     30      1
   460     61      1
   461    239      1
   461    514      1
   461    614      1
   462    455      1
   463    213      1
   463    689      1
   464    234      1
   464    505      1
   464    545      1
   465      3      1
   465    562      1
   466     70      1
   466    480      1
   467    393      1
   467    523      1
   468      9      1
   469    385      1
   470    199      1
   471    120      1
   472    230      1
   472    682      1
   473    200      1
   474    391      1
   475    359      1
   476    381      1
   477    115      1
   478     12      1
   479    167      1
   480    466      1
   481    348      1
   481    677      1
   482     52      1
   483    386      1
   484    205      1
   485     67      1
   485    645      1
   486    346      1
   486    690      1
   487    393      1
   488    383      1
   488    660      1
   489    160      1
   490     18      1
   491    368      1
   491    530      1
   491    655      1
   492    354      1
   493    361      1
   494    271      1
   495    329      1
   496    402      1
   497    151      1
   497    548      1
   498    206      1
   499     65      1
   500    167      1
   500    583      1
   501    348      1
   501    584      1
   502     36      1
   502    676      1
   503     26      1
   504    358      1
   505    464      1
   506    387      1
   507    205      1
   508    401      1
   509    397      1
   510    150      1
   511    315      1
   511    603      1
   512     96      1
   513    375      1
   514    461      1
   515    248      1
   516    223      1
   516    620      1
   517     11      1
   518    241      1
   519     88      1
   520    433      1
   521    436      1
   521    555      1
   522     17      1
   523    467      1
   523    631      1
   523    647      1
   523    672      1
   524    430      1
   525     58      1
   526     85      1
   526    589      1
   527    221      1
   527    558      1
   528    234      1
   529    203      1
   530    491      1
   531     86      1
   532    264      1
   533    154      1
   534    331      1
   534    665      1
   535    158      1
   536     80      1
   537    130      1
   538    239      1
   539    274      1
   539    552      1
   540    269      1
   541    151      1
   542     67      1
   543     68      1
   544    210      1
   545    464      1
   546    421      1
   547    214      1
   548    497      1
   549    377      1
   549    575      1
   550    120      1
   551    314      1
   551    574      1
   552    539      1
   553    345      1
   554    252      1
   555    521      1
   556    121      1
   557     57      1
   558    527      1
   558    694      1
   559    359      1
   560    424      1
   561    282      1
   562    465      1
   562    582      1
   563    387      1
   563    571      1
   564    458      1
   565    247      1
   565    596      1
   566      0      1
   567    210      1
   568    106      1
   569    361      1
   570    318      1
   571    563      1
   572     74      1
   573    203      1
   574    551      1
   575    549      1
   576    311      1
   577    124      1
   577    590      1
   577    635      1
   578    222      1
   579    136      1
   580    394      1
   581    321      1
   582    562      1
   583    500      1
   584    501      1
   585    431      1
   586    190      1
   586    598      1
   587     23      1
   588     44      1
   589    526      1
   590    577      1
   591    343      1
   592    199      1
   593    454      1
   593    646      1
   594     96      1
   595    130      1
   596    565      1
   597     94      1
   598    586      1
   599    339      1
   600      5      1
   601     16      1
   602    127      1
   603    511      1
   604    293      1
   605    108      1
   606     26      1
   606    687      1
   607    377      1
   608    420      1
   608    654      1
   609     13      1
   610    400      1
   611    441      1
   611    657      1
   612    209      1
   613     55      1
   614    461      1
   615    337      1
   615    683      1
   616     67      1
   617     30      1
   618    118      1
   619    343      1
   620    516      1
   621    431      1
   622    321      1
   623    349      1
   624    217      1
   625    149      1
   626    359      1
   627    102      1
   628     25      1
   629    285      1
   630    258      1
   631    523      1
   632     13      1
   633     95      1
   634    391      1
   635    577      1
   636    317      1
   637    176      1
   638    250      1
   639    237      1
   640    157      1
   641    209      1
   642    139      1
   643    440      1
   644     28      1
   645    485      1
   646    593      1
   647    523      1
   648    283      1
   649    409      1
   650    198      1
   651     81      1
   652     32      1
   653    147      1
   654    608      1
   655    491      1
   656     84      1
   657    611      1
   658    184      1
   659    321      1
   659    699      1
   660    488      1
   661    430      1
   662    123      1
   663    326      1
   664    215      1
   665    534      1
   665    684      1
   666    219      1
   667    190      1
   668    338      1
   669     95      1
   670     59      1
   671    199      1
   672    523      1
   673    385      1
   673    686      1
   674    390      1
   674    688      1
   675     88      1
   676    502      1
   677    481      1
   678    386      1
   679    387      1
   680    279      1
   681    324      1
   682    472      1
   683    615      1
   684    665      1
   685    311      1
   686    673      1
   687    606      1
   688    674      1
   689    463      1
   690    486      1
   691    109      1
   692    284      1
   693    252      1
   694    558      1
   695    357      1
   696     65      1
   697    233      1
   698    114      1
   699    659      1
