COORD_X_Y 65
 0.274205   1.06605
  1.81967   2.75882
  1.71674   2.50482
  1.95293     1.437
   1.5052   1.72533
 0.243632   2.62748
 0.446186   1.47712
 0.190853  0.574009
  1.02459   2.02149
  2.98918  0.208097
  2.87856  0.552063
  1.15416  0.509264
  2.33141   2.70082
 0.985807   2.53028
  1.30285  0.128284
  1.22638   1.95876
  0.34235   2.09523
 0.760553   2.03745
  1.01625    1.4706
 0.578573   1.82977
  1.21446   1.48503
  2.85889   2.63226
 0.022708  0.655434
 0.462835  0.500059
  2.59443   1.13671
  1.89862  0.994098
  2.76368   1.08528
  1.44457  0.252238
 0.445634   1.85929
  1.75258  0.466256
 0.252088   1.02437
  2.73588  0.520107
 0.119726  0.685302
 0.830987   2.93322
 0.144103  0.936917
  2.93354    1.2477
  1.92643  0.683698
 0.598536   1.45429
 0.271643   1.56555
   2.0031  0.337838
  1.74248   2.14118
  1.70254   1.16813
0.0928926   1.43532
   1.2942  0.405611
     2.79   0.89963
 0.239262   2.23916
 0.832587  0.518427
 0.890364  0.958511
   1.8794    1.2063
  2.17408   1.42859
 0.479475   2.29341
  2.54692    2.9943
  1.78833   2.72546
  2.24785  0.538497
 0.769332   1.91612
  2.91319  0.292536
  2.97432   1.37454
  2.87327   1.41538
  2.66703  0.126418
 0.407809   1.55087
0.0146456   2.22373
  2.24096   2.34293
  1.81915   1.66998
  2.13369   1.52494
  1.46136   1.25641
LINKS_SOURCE_DESTINATION_DISTANCE 128
     0      1      1
     0      2      1
     0      4      1
     0     11      1
     0     25      1
     0     40      1
     0     58      1
     1      0      1
     1      6      1
     1      9      1
     1     12      1
     1     24      1
     1     31      1
     1     33      1
     1     62      1
     2      0      1
     2      3      1
     2      5      1
     2     23      1
     3      2      1
     4      0      1
     4     54      1
     5      2      1
     5      7      1
     6      1      1
     6      8      1
     6     43      1
     6     57      1
     7      5      1
     7     17      1
     8      6      1
     8     14      1
     8     16      1
     8     41      1
     9      1      1
     9     10      1
     9     18      1
    10      9      1
    10     26      1
    11      0      1
    11     13      1
    11     21      1
    11     53      1
    12      1      1
    13     11      1
    13     15      1
    13     34      1
    13     44      1
    14      8      1
    14     20      1
    15     13      1
    15     29      1
    15     48      1
    16      8      1
    16     51      1
    17      7      1
    17     19      1
    17     22      1
    17     60      1
    18      9      1
    18     27      1
    18     32      1
    18     52      1
    19     17      1
    20     14      1
    21     11      1
    22     17      1
    22     36      1
    23      2      1
    23     30      1
    23     47      1
    23     61      1
    24      1      1
    25      0      1
    25     28      1
    26     10      1
    27     18      1
    27     39      1
    27     49      1
    27     55      1
    28     25      1
    28     35      1
    29     15      1
    29     38      1
    30     23      1
    30     37      1
    31      1      1
    32     18      1
    33      1      1
    34     13      1
    35     28      1
    36     22      1
    37     30      1
    37     42      1
    38     29      1
    38     45      1
    38     46      1
    39     27      1
    40      0      1
    41      8      1
    42     37      1
    43      6      1
    44     13      1
    44     50      1
    44     56      1
    45     38      1
    46     38      1
    47     23      1
    48     15      1
    49     27      1
    50     44      1
    51     16      1
    52     18      1
    53     11      1
    54      4      1
    54     59      1
    54     63      1
    55     27      1
    55     64      1
    56     44      1
    57      6      1
    58      0      1
    59     54      1
    60     17      1
    61     23      1
    62      1      1
    63     54      1
    64     55      1
