COORD_X_Y 700
  2.59961   1.30914
 0.308435   2.41669
  0.66436    2.1839
  2.46235   2.66269
  1.82559   2.93582
0.0946513  0.549244
 0.218139   1.21867
   1.5046   1.16123
 0.320004  0.488368
 0.112443   0.34258
   0.2458  0.830478
   1.1172   1.75369
 0.335245  0.559936
   2.4863   0.57482
 0.840805  0.153228
  2.74456   1.44962
  2.78481     1.693
 0.843052  0.674059
  1.56206     1.797
 0.997702  0.622052
 0.240196  0.762843
  1.29117   2.43094
 0.131156   1.47738
  2.89862   1.94028
  2.86499  0.580689
  1.66886    1.7969
  1.75929   2.91018
  1.14458   1.08993
 0.714223   1.11128
  1.19044   2.13736
 0.126377  0.197311
 0.541749  0.708428
 0.770863  0.114789
  2.54387   2.67064
  1.50558   1.06014
 0.113061   1.03494
0.00285087   1.83267
 0.688432  0.514888
 0.584784  0.839805
 0.849786  0.533276
  2.83735 0.0603704
  2.55975  0.684367
  1.31184    2.7155
  2.89458  0.252184
  2.89666   1.09072
0.0548969    2.3999
  1.31781   2.76621
 0.787943  0.788243
  1.94756   1.00651
 0.579627   1.57264
 0.435381   2.31637
0.0385827   2.22739
 0.653408   0.52034
  1.92372  0.347986
 0.159953   2.40912
 0.413691   2.57319
  2.04597   2.86855
  2.27057   1.51707
  2.72933 0.0359142
  2.40198   2.70316
  0.58141  0.763698
  1.14375   2.74665
  1.22589    2.2516
  1.35313   1.00082
  2.40448   2.02471
  2.31057  0.381015
 0.375211   1.80782
  1.68023   2.83259
  0.73449  0.766768
  1.70797  0.181938
  1.66919   1.57343
  0.25832   1.42143
  1.44363  0.337864
 0.987914   2.79412
  1.13581  0.140321
  1.11293   2.07768
 0.569196   2.72566
  1.35787   2.21102
 0.341128   0.04938
 0.358713   2.26225
  2.91695   1.55656
    1.319   2.26799
  2.95261  0.270844
  1.38122  0.912957
  1.19297   1.22758
 0.546206    1.5779
 0.223057  0.486782
  2.09809   2.38412
 0.349152  0.919895
  2.29134   2.12295
 0.596188   2.30949
 0.742321  0.927815
  2.86106  0.486132
 0.593994    1.2946
  1.69131  0.398821
 0.530419   1.80443
 0.723609   2.54772
   2.9122    1.2589
  2.06447   2.48579
  2.79085   2.74208
    1.569   2.05918
  2.29225  0.980046
  1.13516  0.772946
   1.1618   2.54515
 0.301694   2.90037
  1.76355   1.72229
  2.72767   1.63481
 0.621688   1.17042
  1.60511   1.35369
  1.58337   1.88091
   1.7126   0.38412
 0.231226   2.75982
  2.02215   1.74682
  2.81945   2.61372
 0.677183 0.0656304
  2.62542  0.489562
  1.46565   1.12788
  2.17698   1.76756
  1.66265   0.76398
0.0809551  0.426793
  2.18398    2.8888
 0.642713  0.550547
 0.751044   2.61877
 0.852228   1.60699
  2.95158    1.3669
  1.74367 0.0181321
  2.28614   1.30019
  2.30591  0.470196
  1.90059   1.49331
 0.861516  0.863201
 0.660039   1.98902
 0.590299   1.83014
  1.33089   2.67043
   2.3315   1.48088
  1.47067   2.98472
  1.50805  0.266468
 0.813919  0.951944
  1.80364     2.288
  2.29711  0.975951
  1.87304  0.429288
  2.00313   2.27849
  2.78828   1.95226
  0.54044 0.0355387
  2.39191   1.45713
0.0617904   1.88126
 0.224217   1.32912
  2.44627   2.40874
  2.11116   2.52324
  2.93775   1.44892
 0.561103   1.98499
  2.33817   2.15003
  1.32253    2.9359
  2.01623   1.24976
  2.98641  0.761779
  1.88395  0.751994
0.00855148  0.109407
0.0769631   2.67233
  1.95951   0.73961
  1.67784 0.0277489
 0.496803  0.384695
   0.7808   1.75349
  2.21333   2.19989
  1.68579   2.09239
  2.22712   2.64064
  1.76012  0.942149
  2.97028   1.01731
   2.5714  0.648497
  1.00871   1.58124
  2.66764   1.55672
  2.84999   0.97825
   2.7085   1.23011
  1.27243    1.2397
  1.18372   1.75219
  1.86361  0.802128
  1.81457   1.50322
  1.48382   1.61278
  2.41918   1.03243
  1.92611   2.80495
0.0813185   2.57022
 0.905819   2.38631
  1.99177   1.24354
 0.908005  0.290392
 0.496294  0.545847
  2.87807  0.131569
  2.32812   1.56642
  1.17468   2.88883
 0.406442   0.60975
  2.26898    1.4018
 0.134558   1.11613
 0.691012  0.765137
 0.200134  0.167416
  1.46961  0.375448
  2.46298   1.05196
 0.313248   2.89366
 0.399857   0.03195
 0.499473   2.92959
0.0790909   1.67659
 0.452245   1.95741
  1.75271  0.730578
  0.42381   2.02006
   2.0479   2.52446
0.0128252   2.08084
 0.921539   2.08152
  2.54653   1.05504
  2.05683   2.39573
 0.173369   1.16145
 0.477962   0.14841
  2.99805   2.78857
   1.2405    1.4071
  2.73115  0.666003
 0.600718    1.0737
  2.75863   2.77288
  1.86038  0.324521
  1.52174  0.959833
 0.377997   1.90148
  1.27671  0.422001
  2.00307   1.77053
 0.317031   2.38691
  2.18405     1.065
 0.589353   1.75813
0.00648782   2.48348
  1.56862   1.52794
  0.55156  0.322669
 0.119462   2.34548
  1.57377  0.856754
  1.55254   2.80855
  1.70427  0.679276
  2.71143  0.743361
  1.52006   1.24615
 0.670162    2.0353
 0.203507      1.05
  2.10264  0.445503
  0.51149   2.56721
  0.54592  0.800631
   1.2493   2.54382
 0.917312  0.678656
 0.514028   2.52605
   2.6989   1.40591
  1.91932  0.225374
  1.85139   1.69836
  2.97313   1.42691
 0.641318   2.76925
 0.707446  0.851359
  1.60025 0.0621286
 0.454822   2.29847
 0.149526   2.05612
  2.16029   1.09079
  2.95238  0.374552
0.0547175   2.44456
    1.029  0.586659
  2.52688   1.36121
  2.96803   1.24141
  1.01151   2.57657
  2.24427   2.22988
 0.914196   2.41623
  1.10983   2.79208
 0.592249   1.86058
  1.45045    1.3577
 0.885257   2.10447
  1.14224   1.27614
  2.88577  0.314788
  1.48542   1.53459
 0.865342   1.26618
 0.741614  0.139715
  1.29491   2.95511
  1.44754    2.7227
  1.03171   2.18608
  1.17305    1.3277
  1.31494  0.188851
  1.18715  0.199972
  0.67427 0.0276669
  2.52442   1.74975
  2.16768  0.564686
  1.01767  0.948005
 0.114548   1.22333
 0.596314   2.34641
  1.19352   1.71162
  2.25871  0.433167
  1.37775   1.34886
  2.62822   1.72149
  2.80347   2.41111
 0.573558   1.87052
   2.4932    2.9757
 0.644883 0.00077136
  2.85738  0.219069
 0.623981 0.0490673
  2.11307  0.903891
  2.49654  0.537179
  2.91156  0.121152
   2.3074  0.173222
0.0855285  0.890111
  1.47104   0.56881
 0.603272   1.44452
  2.44011   1.22898
  1.89151   1.29447
  2.75825  0.688064
  2.77994  0.154924
  1.80089  0.887931
 0.477071   2.61683
 0.668925   1.27654
  1.97352   2.49945
  1.21464   2.96682
   2.8613  0.494203
0.0929353   2.28936
  1.99148    1.9602
  1.77243    2.6788
  1.62618  0.197617
  2.48127    2.5673
  2.19521   1.86842
 0.795177  0.516002
  1.09652  0.276031
 0.192472 0.0623291
0.00967807   2.97633
  1.87067   2.03161
  1.95075   1.79195
  1.70339   2.88681
  2.42599   1.30845
  1.59047   1.87765
  1.83466  0.876448
  1.71907   1.21109
  2.96131   1.51086
 0.842544  0.328822
   1.7717   2.22532
 0.480013  0.373683
  1.86736   1.12718
  2.50658   2.14481
 0.158503   2.36837
  2.96004   2.60632
 0.766873   2.75333
  1.65965   2.40272
  2.20292   2.90644
  2.74016   2.58894
  1.96225 0.0653443
 0.720936   1.81008
  2.23142  0.757015
 0.757904  0.112804
  2.48052   1.13419
 0.948278  0.571528
  2.16495   2.83413
  2.75808   1.51263
  1.13917   1.18917
  1.78813  0.739549
  2.17769     2.211
   1.8599  0.460374
 0.189938    2.4806
  2.13148   1.28941
 0.530094   2.20153
 0.546598 0.00850726
 0.292138   2.54588
  1.19692  0.099818
 0.781994   1.31021
 0.634631   2.98232
  1.36515   2.96279
  1.51506   1.79305
  1.37573   1.33333
  1.70875  0.608102
  1.53951 0.0811575
  2.43941   1.11104
   1.4918    1.8633
 0.191833  0.950999
  2.30855 0.0536148
 0.165982   1.86876
  2.84126   2.46405
  1.54393    2.5509
  0.22613   2.81987
 0.813029  0.886948
  1.35216   1.43126
 0.595878   2.10097
  2.29604   2.72804
0.00125755   2.00374
   2.7989   1.39252
 0.539933  0.426266
  1.57547   1.43161
  1.17704   2.69333
   1.0688 0.0731833
  1.50684   1.56912
  2.32875    1.2649
  0.89397   2.17252
  1.73643    1.0357
  2.50846   1.04242
   2.7081   2.47243
  2.79258   1.41433
  1.29034   1.52607
  1.66167   2.60006
 0.392346  0.320417
 0.133607   1.97919
  2.05797   2.14639
  2.47685   2.65036
  1.66284   2.07009
  2.28854   1.31681
  2.97193  0.376058
  2.93807   2.62401
  2.84108   1.61673
 0.437363  0.844724
 0.610803   2.06177
 0.179935   1.27261
  2.83491   1.29821
  1.82711  0.702325
   1.4579   2.43263
0.0545023   1.72638
  2.00107   1.87028
  2.93902  0.933771
  1.70612   1.63748
  2.70766  0.728832
  1.25278   1.66601
  1.64206   1.87892
  1.44672   1.49592
 0.368193   2.39681
 0.565405    2.8077
 0.982082   1.05425
  1.73701   1.57425
 0.601817  0.987232
 0.330121  0.934479
  1.02158   2.07213
  2.12495   1.96952
  0.79035   2.86241
  0.63341  0.860182
  0.41158   2.30369
  1.60616   1.59326
  2.18103  0.062574
  0.23373  0.483325
  0.81045   2.72361
  1.12351  0.428538
  1.05945   2.26961
 0.961053  0.308354
  1.04423  0.521222
  1.48999   2.85837
 0.694965   1.18217
    1.918     2.184
  2.22095   2.66384
 0.600735   1.25831
  1.38333  0.353049
  2.65772  0.717012
  1.27345   1.35234
  1.35271   2.43446
  1.13165   2.97637
  1.28212   2.77809
0.0679837   2.84753
 0.534317   1.32891
 0.633765   1.26202
  2.34336   2.99343
  0.21727   2.38025
 0.556476   1.61766
  2.43133  0.737772
 0.754404   1.21652
 0.957799   1.49111
 0.169884   2.40976
  2.50197   2.09514
  0.65082   2.46213
 0.434338   2.43807
  1.65708   2.67894
 0.649759   2.80186
 0.932575   2.22655
0.0824232   2.38249
  2.53767   1.05596
  1.46404  0.884957
  0.23966   2.98295
  2.18946  0.664811
  2.47675   2.93495
  2.76046   1.53067
  2.75518   1.58341
  2.47488   1.08992
 0.758151 0.0521822
 0.296965  0.337042
  1.28423  0.210624
 0.741003   2.32022
  2.21919  0.344255
  2.99198  0.672684
  1.63215   1.58477
 0.221994   1.11957
  2.82056  0.202332
 0.108893   1.65415
  0.85936    2.8668
  2.74021  0.818113
 0.442199   1.93904
  2.03729  0.181339
  1.86782  0.776461
   1.4408   1.06996
  2.06779   1.37888
  2.81166    1.5698
   2.8978   2.27139
  1.62363   1.59741
 0.251867       2.5
  2.14817    1.9586
  2.44745   1.10581
  2.63109   2.14961
  1.44805   2.87556
 0.561517  0.930741
 0.881956   2.09733
  1.29163   1.57141
  1.23119   2.83265
  1.75276   2.39536
 0.526308  0.088464
  1.67693   1.85628
 0.766558  0.384699
  2.17719    2.7874
  2.51757   1.56473
 0.579472   1.35269
  2.20756   1.19003
  2.97659   2.16053
0.0865468    2.6603
  2.48707   2.88846
  2.24841    1.5817
   2.5886   2.48474
  1.25383  0.915359
  2.18561  0.643959
  1.45339   2.35348
  1.41937   2.93288
  1.76301   2.26939
  1.10975    1.5037
    2.431  0.783754
  1.45449  0.125759
  1.31796   1.54161
  2.30917   1.89673
  1.01956   0.19254
 0.764232   0.94484
   2.7186   2.77732
  1.37207   2.18651
 0.366408   2.82267
  2.23876   2.52921
  1.98955   1.06029
   2.2564   2.06127
  1.20724   2.71488
  2.37924  0.498709
 0.873947  0.926189
  1.55704    2.0491
0.0829678   2.74434
   2.8202   1.87844
 0.344382  0.108463
 0.895748   1.87673
  2.42355   2.07445
  1.25133   2.90062
  2.84919  0.371294
 0.939514  0.329668
  2.29216   2.34421
 0.347568    1.9221
  1.16138  0.292729
 0.200305   2.16011
  2.76107  0.426643
  2.80773   2.13767
  1.15408 0.0631384
  2.92935  0.116074
 0.466817   2.33387
 0.682932   2.50633
 0.286543   2.90144
  2.96852    1.1107
  1.29612  0.741986
 0.864614  0.760766
 0.388614   2.11228
  1.21671   1.53948
  2.68864  0.497911
 0.129324   2.21588
 0.803308   2.90272
  2.17888   1.50142
 0.550768   2.57885
  1.12306   1.43407
 0.163518  0.829643
 0.774716 0.0637548
  1.24247   1.83493
  1.56591   1.78766
  2.16813   1.14105
 0.703797  0.822008
  1.88588  0.669947
  2.74047  0.520623
  2.65038   1.28422
  1.71939  0.888451
 0.909636  0.333656
 0.774187   1.84477
   2.8117   2.28933
  1.62829   2.77006
  2.51219  0.523125
  1.54403   2.15665
 0.394015  0.619502
 0.788837   2.07526
 0.231332   2.17402
  2.53024   1.94784
  1.00461  0.857427
 0.348507   2.14708
  2.06749   1.11336
  2.71395   1.80592
  2.71088   1.22137
 0.933378   2.19819
  2.70555   2.17023
    2.391   2.57773
  1.35524 0.0285094
  1.06264   2.56444
  1.84579   2.74165
  2.94783   0.66771
  2.97299   2.15843
  1.18571   2.07108
  1.72884   1.12706
 0.359377   1.51545
 0.139945   2.41836
 0.719547  0.332714
  0.66061  0.125082
 0.621928   2.26714
  1.68187   2.50129
   2.7822   1.75886
  1.81368   1.63088
  0.59071   2.88767
  1.69029  0.933239
 0.288831   2.97517
  1.34031   1.55788
  2.89305   1.55716
   2.2506   1.44251
  1.63083   2.54383
0.0872847   0.61757
  1.32103   0.40865
  2.81127  0.421157
  2.60784 0.0495465
 0.496585  0.910397
  2.43244   1.96455
 0.526012  0.715833
  1.60843   2.60135
  0.43437    2.3737
 0.724162   2.76673
  1.12424   2.63554
  2.58421   1.68024
  1.29251   1.47043
   1.0582     2.408
  2.84204   1.74105
  2.38349   1.14618
  1.56131  0.573266
  2.30224   2.82091
 0.527877   1.15857
  1.14154   1.19289
  2.42945   2.15901
   2.0983 0.0718547
  2.69083   2.39082
   1.1553   2.89219
0.0568823 0.00208807
 0.805444    1.7856
 0.279456   1.44541
 0.782985  0.855055
  2.30162   1.70008
  2.58107  0.340273
 0.584837   1.34623
 0.268089  0.456746
  2.70387   2.68409
  2.28184   1.84263
  1.41387  0.982291
  1.92634   2.40929
  1.85141   2.62789
   1.8813  0.704392
  2.69925   1.20627
  1.28904  0.292311
  1.12186   2.50222
   2.4461   1.96498
   2.6329 0.0568249
  2.78462    2.7872
  1.57548   1.06852
  1.38325  0.922927
  2.82353 0.0498407
 0.792223   2.10548
  2.31855  0.317768
  2.95255  0.624624
  1.23002   1.14469
 0.147563   2.65068
  2.34698  0.179831
   1.4921   2.81273
  1.23196   1.42821
  1.20473   1.93826
  2.14139   1.28794
  1.53878  0.679389
  2.59401   1.78344
  2.75597   2.46462
 0.153314  0.833187
  1.74721   1.96105
   2.5085   2.00335
  1.92295   1.23651
 0.197636   2.15828
    1.437  0.505216
  2.66175  0.772579
  1.72278  0.520672
 0.881642  0.521511
  1.99978  0.608013
 0.871828  0.221504
  2.55297   1.85912
  1.98245  0.487018
  2.85507   2.45046
 0.280893   2.93454
 0.460232   1.87977
  2.80907   2.97072
  2.88384   2.31713
  1.19009   0.55045
  2.99665  0.493666
 0.426971   1.39855
  2.97292   1.79886
  1.07205   2.25748
 0.188613   2.87415
  1.53853   1.80654
  1.42361   2.17804
   2.6623  0.356766
  2.13806  0.638049
  1.83112   2.84708
 0.885606 0.0578434
  1.37934   1.48993
 0.452578   1.56564
  2.20896  0.413478
  1.49584  0.246268
LINKS_SOURCE_DESTINATION_DISTANCE 1398
     0      1      1
     0      2      1
     0      3      1
     0      5      1
     0      9      1
     0     43      1
     0    236      1
     1      0      1
     1      7      1
     1     11      1
     1     23      1
     1    284      1
     1    632      1
     2      0      1
     2      6      1
     2     31      1
     2     90      1
     2    119      1
     2    664      1
     3      0      1
     3      4      1
     3     15      1
     3     67      1
     3    111      1
     4      3      1
     4      8      1
     4    286      1
     4    545      1
     5      0      1
     5    263      1
     6      2      1
     6     25      1
     6    108      1
     6    209      1
     7      1      1
     7     10      1
     7     12      1
     7     14      1
     7     24      1
     7     64      1
     7    331      1
     7    369      1
     8      4      1
     8     21      1
     8     32      1
     9      0      1
     9     20      1
     9     34      1
     9     77      1
     9     83      1
     9     85      1
     9     91      1
    10      7      1
    10     17      1
    10     18      1
    10     26      1
    10     35      1
    10     57      1
    10    337      1
    11      1      1
    11     13      1
    11     16      1
    11    227      1
    12      7      1
    12     74      1
    12    117      1
    12    484      1
    13     11      1
    13     22      1
    13     28      1
    13     56      1
    13     82      1
    13    192      1
    13    206      1
    14      7      1
    14     51      1
    15      3      1
    15     86      1
    15    116      1
    15    513      1
    15    520      1
    16     11      1
    16     46      1
    16    101      1
    16    162      1
    16    172      1
    16    204      1
    17     10      1
    17     36      1
    17    109      1
    18     10      1
    18     19      1
    18    449      1
    19     18      1
    19     38      1
    19     39      1
    19     55      1
    19    254      1
    19    383      1
    20      9      1
    20     65      1
    20    241      1
    21      8      1
    21     41      1
    22     13      1
    22     37      1
    22     61      1
    22     76      1
    22    248      1
    23      1      1
    23     27      1
    24      7      1
    24     33      1
    24     45      1
    24     53      1
    24     87      1
    24     88      1
    24     97      1
    24    122      1
    24    296      1
    24    329      1
    24    523      1
    24    689      1
    25      6      1
    25    291      1
    26     10      1
    26     29      1
    26     62      1
    26    152      1
    27     23      1
    27     30      1
    27     47      1
    27     72      1
    27     79      1
    27    258      1
    27    270      1
    27    338      1
    28     13      1
    28    436      1
    29     26      1
    29     48      1
    29    154      1
    29    156      1
    29    188      1
    30     27      1
    30     42      1
    30    183      1
    30    444      1
    31      2      1
    31     69      1
    31    105      1
    31    120      1
    31    628      1
    31    685      1
    32      8      1
    32     98      1
    32    193      1
    32    226      1
    32    234      1
    33     24      1
    33    100      1
    33    165      1
    34      9      1
    34     49      1
    34     75      1
    35     10      1
    36     17      1
    36    466      1
    37     22      1
    37     94      1
    37    134      1
    37    285      1
    37    647      1
    38     19      1
    38     50      1
    38    107      1
    38    176      1
    38    184      1
    38    232      1
    39     19      1
    39     40      1
    39     66      1
    39    164      1
    40     39      1
    40     44      1
    40    307      1
    40    394      1
    41     21      1
    41    197      1
    41    233      1
    42     30      1
    42     52      1
    42     59      1
    42    390      1
    43      0      1
    44     40      1
    44     81      1
    44    118      1
    44    121      1
    44    314      1
    45     24      1
    45     60      1
    46     16      1
    46    442      1
    47     27      1
    47     54      1
    47     68      1
    47     84      1
    47    141      1
    47    145      1
    47    367      1
    48     29      1
    48     71      1
    48    104      1
    49     34      1
    49     92      1
    49    163      1
    49    332      1
    49    408      1
    50     38      1
    50    171      1
    50    253      1
    50    333      1
    50    492      1
    51     14      1
    51     95      1
    51    574      1
    52     42      1
    52    224      1
    53     24      1
    53     89      1
    54     47      1
    54    214      1
    54    419      1
    55     19      1
    55     63      1
    55    478      1
    55    487      1
    56     13      1
    56     58      1
    56    113      1
    56    246      1
    57     10      1
    57     78      1
    57    317      1
    57    519      1
    58     56      1
    59     42      1
    59     70      1
    59     73      1
    59    136      1
    59    179      1
    59    507      1
    59    516      1
    60     45      1
    60    114      1
    60    517      1
    60    549      1
    61     22      1
    62     26      1
    62     80      1
    62    149      1
    62    366      1
    62    462      1
    63     55      1
    63     93      1
    63    510      1
    64      7      1
    64    382      1
    65     20      1
    65    159      1
    65    220      1
    66     39      1
    67      3      1
    67    251      1
    67    347      1
    67    357      1
    67    497      1
    68     47      1
    68    299      1
    69     31      1
    69    115      1
    69    294      1
    69    373      1
    70     59      1
    70    144      1
    70    147      1
    71     48      1
    71    110      1
    72     27      1
    72    106      1
    73     59      1
    73    437      1
    74     12      1
    74     99      1
    75     34      1
    75    378      1
    75    575      1
    75    629      1
    76     22      1
    76    185      1
    76    250      1
    77      9      1
    77    423      1
    78     57      1
    78     96      1
    78    103      1
    78    425      1
    79     27      1
    79    133      1
    79    282      1
    79    375      1
    79    488      1
    79    553      1
    79    675      1
    80     62      1
    81     44      1
    81    124      1
    81    129      1
    81    247      1
    81    453      1
    82     13      1
    82    140      1
    83      9      1
    83    112      1
    83    309      1
    84     47      1
    84    231      1
    84    288      1
    84    529      1
    85      9      1
    85    128      1
    86     15      1
    86    102      1
    87     24      1
    87    151      1
    87    350      1
    88     24      1
    88    150      1
    88    279      1
    89     53      1
    89    318      1
    90      2      1
    90    158      1
    91      9      1
    91    125      1
    91    138      1
    91    491      1
    92     49      1
    92    139      1
    92    157      1
    92    268      1
    92    379      1
    92    439      1
    93     63      1
    93    132      1
    93    169      1
    93    640      1
    94     37      1
    94    315      1
    94    635      1
    95     51      1
    95    198      1
    96     78      1
    96    143      1
    96    178      1
    97     24      1
    97    123      1
    98     32      1
    98    182      1
    98    252      1
    98    261      1
    99     74      1
    99    131      1
    99    493      1
    99    641      1
   100     33      1
   100    280      1
   100    289      1
   101     16      1
   101    137      1
   101    237      1
   102     86      1
   102    191      1
   102    199      1
   102    216      1
   102    387      1
   102    418      1
   103     78      1
   103    127      1
   103    181      1
   104     48      1
   104    155      1
   105     31      1
   105    311      1
   105    398      1
   105    624      1
   106     72      1
   106    638      1
   107     38      1
   108      6      1
   108    142      1
   108    230      1
   108    455      1
   109     17      1
   109    170      1
   109    213      1
   110     71      1
   111      3      1
   111    203      1
   111    300      1
   111    313      1
   112     83      1
   112    126      1
   112    579      1
   113     56      1
   113    195      1
   113    342      1
   113    354      1
   113    524      1
   114     60      1
   114    130      1
   114    577      1
   115     69      1
   115    429      1
   116     15      1
   116    539      1
   117     12      1
   118     44      1
   118    222      1
   118    412      1
   118    597      1
   118    603      1
   119      2      1
   120     31      1
   120    174      1
   121     44      1
   121    208      1
   121    242      1
   122     24      1
   122    328      1
   122    377      1
   122    623      1
   123     97      1
   123    194      1
   123    265      1
   123    339      1
   123    571      1
   124     81      1
   124    340      1
   124    385      1
   125     91      1
   125    153      1
   126    112      1
   126    276      1
   126    650      1
   127    103      1
   127    217      1
   128     85      1
   128    148      1
   128    405      1
   129     81      1
   130    114      1
   130    167      1
   130    207      1
   130    256      1
   130    262      1
   130    308      1
   131     99      1
   131    389      1
   132     93      1
   132    235      1
   132    312      1
   132    567      1
   132    652      1
   133     79      1
   134     37      1
   134    135      1
   134    168      1
   135    134      1
   135    173      1
   135    613      1
   136     59      1
   136    547      1
   136    656      1
   137    101      1
   137    406      1
   137    537      1
   138     91      1
   138    205      1
   138    414      1
   139     92      1
   139    511      1
   140     82      1
   140    570      1
   141     47      1
   141    146      1
   141    673      1
   142    108      1
   142    409      1
   143     96      1
   143    391      1
   144     70      1
   144    275      1
   144    473      1
   145     47      1
   145    166      1
   145    345      1
   145    361      1
   146    141      1
   146    202      1
   146    223      1
   147     70      1
   147    177      1
   148    128      1
   149     62      1
   149    175      1
   149    221      1
   149    298      1
   149    692      1
   150     88      1
   150    186      1
   151     87      1
   151    160      1
   151    180      1
   151    189      1
   151    201      1
   151    327      1
   152     26      1
   152    304      1
   153    125      1
   153    380      1
   153    614      1
   154     29      1
   154    330      1
   154    397      1
   155    104      1
   155    200      1
   155    225      1
   155    381      1
   156     29      1
   156    187      1
   156    255      1
   156    443      1
   157     92      1
   157    468      1
   158     90      1
   158    266      1
   158    422      1
   159     65      1
   159    161      1
   159    295      1
   159    323      1
   160    151      1
   160    269      1
   160    277      1
   160    678      1
   161    159      1
   161    190      1
   161    215      1
   161    271      1
   161    581      1
   161    625      1
   161    699      1
   162     16      1
   162    259      1
   162    399      1
   162    642      1
   163     49      1
   164     39      1
   165     33      1
   165    686      1
   166    145      1
   166    211      1
   166    272      1
   166    476      1
   166    526      1
   167    130      1
   168    134      1
   168    301      1
   169     93      1
   169    482      1
   169    489      1
   170    109      1
   170    413      1
   171     50      1
   171    542      1
   172     16      1
   173    135      1
   174    120      1
   174    527      1
   175    149      1
   175    481      1
   176     38      1
   176    257      1
   176    433      1
   176    485      1
   176    534      1
   177    147      1
   177    559      1
   178     96      1
   178    239      1
   179     59      1
   180    151      1
   180    281      1
   180    415      1
   180    630      1
   181    103      1
   182     98      1
   183     30      1
   183    210      1
   183    427      1
   184     38      1
   184    371      1
   184    400      1
   185     76      1
   186    150      1
   186    343      1
   186    451      1
   186    587      1
   187    156      1
   187    573      1
   187    580      1
   188     29      1
   189    151      1
   189    358      1
   190    161      1
   191    102      1
   192     13      1
   192    679      1
   193     32      1
   193    196      1
   193    319      1
   193    483      1
   194    123      1
   195    113      1
   196    193      1
   197     41      1
   197    302      1
   197    336      1
   197    384      1
   198     95      1
   199    102      1
   199    243      1
   200    155      1
   200    212      1
   200    353      1
   200    395      1
   201    151      1
   202    146      1
   202    551      1
   203    111      1
   204     16      1
   205    138      1
   205    346      1
   205    617      1
   206     13      1
   206    469      1
   207    130      1
   208    121      1
   208    688      1
   209      6      1
   209    287      1
   209    348      1
   209    590      1
   210    183      1
   210    292      1
   211    166      1
   211    238      1
   211    240      1
   212    200      1
   212    264      1
   212    459      1
   213    109      1
   213    278      1
   213    626      1
   214     54      1
   214    219      1
   214    267      1
   214    460      1
   215    161      1
   215    218      1
   215    320      1
   216    102      1
   216    669      1
   217    127      1
   217    229      1
   218    215      1
   218    633      1
   219    214      1
   219    660      1
   220     65      1
   220    697      1
   221    149      1
   222    118      1
   222    355      1
   223    146      1
   223    245      1
   223    316      1
   224     52      1
   225    155      1
   225    228      1
   225    356      1
   225    363      1
   226     32      1
   226    538      1
   227     11      1
   228    225      1
   228    297      1
   228    386      1
   229    217      1
   229    290      1
   229    368      1
   230    108      1
   230    578      1
   231     84      1
   232     38      1
   232    636      1
   232    649      1
   233     41      1
   233    283      1
   234     32      1
   234    360      1
   234    430      1
   235    132      1
   235    518      1
   235    615      1
   235    670      1
   236      0      1
   236    249      1
   236    480      1
   237    101      1
   237    260      1
   238    211      1
   238    273      1
   239    178      1
   239    610      1
   240    211      1
   240    600      1
   241     20      1
   241    344      1
   242    121      1
   242    244      1
   243    199      1
   244    242      1
   244    352      1
   244    464      1
   245    223      1
   245    303      1
   246     56      1
   247     81      1
   247    416      1
   248     22      1
   248    589      1
   249    236      1
   249    374      1
   249    550      1
   250     76      1
   250    500      1
   250    644      1
   251     67      1
   251    634      1
   252     98      1
   252    274      1
   253     50      1
   253    310      1
   253    421      1
   253    540      1
   254     19      1
   255    156      1
   256    130      1
   257    176      1
   257    446      1
   257    558      1
   258     27      1
   258    546      1
   259    162      1
   260    237      1
   261     98      1
   262    130      1
   262    447      1
   262    525      1
   263      5      1
   264    212      1
   264    595      1
   265    123      1
   265    364      1
   266    158      1
   267    214      1
   267    522      1
   268     92      1
   268    506      1
   269    160      1
   269    467      1
   269    565      1
   270     27      1
   270    305      1
   270    543      1
   271    161      1
   271    293      1
   272    166      1
   272    324      1
   272    561      1
   273    238      1
   273    477      1
   273    663      1
   274    252      1
   274    448      1
   275    144      1
   275    376      1
   276    126      1
   277    160      1
   277    693      1
   278    213      1
   278    471      1
   279     88      1
   279    362      1
   279    505      1
   280    100      1
   280    322      1
   281    180      1
   282     79      1
   283    233      1
   283    514      1
   284      1      1
   284    470      1
   284    515      1
   285     37      1
   285    334      1
   285    479      1
   285    544      1
   286      4      1
   286    417      1
   287    209      1
   287    359      1
   287    426      1
   288     84      1
   289    100      1
   289    349      1
   290    229      1
   291     25      1
   291    411      1
   291    690      1
   292    210      1
   292    392      1
   293    271      1
   293    335      1
   293    410      1
   293    612      1
   294     69      1
   294    684      1
   295    159      1
   296     24      1
   297    228      1
   297    441      1
   298    149      1
   298    306      1
   298    401      1
   299     68      1
   299    504      1
   300    111      1
   301    168      1
   302    197      1
   303    245      1
   304    152      1
   305    270      1
   306    298      1
   307     40      1
   307    388      1
   307    431      1
   308    130      1
   309     83      1
   309    370      1
   310    253      1
   310    326      1
   311    105      1
   311    365      1
   311    557      1
   312    132      1
   313    111      1
   314     44      1
   314    372      1
   314    601      1
   315     94      1
   315    325      1
   315    396      1
   316    223      1
   316    393      1
   317     57      1
   317    321      1
   317    475      1
   318     89      1
   318    533      1
   319    193      1
   320    215      1
   320    341      1
   321    317      1
   321    428      1
   321    508      1
   322    280      1
   322    667      1
   323    159      1
   324    272      1
   325    315      1
   326    310      1
   327    151      1
   327    438      1
   328    122      1
   328    499      1
   329     24      1
   330    154      1
   331      7      1
   332     49      1
   333     50      1
   334    285      1
   335    293      1
   336    197      1
   337     10      1
   338     27      1
   339    123      1
   340    124      1
   340    351      1
   341    320      1
   342    113      1
   342    535      1
   342    560      1
   342    568      1
   343    186      1
   343    432      1
   343    541      1
   344    241      1
   345    145      1
   345    463      1
   346    205      1
   347     67      1
   348    209      1
   349    289      1
   349    583      1
   350     87      1
   351    340      1
   351    490      1
   352    244      1
   353    200      1
   354    113      1
   355    222      1
   356    225      1
   356    661      1
   357     67      1
   358    189      1
   358    465      1
   359    287      1
   359    435      1
   360    234      1
   360    665      1
   361    145      1
   361    486      1
   362    279      1
   362    472      1
   363    225      1
   363    402      1
   363    458      1
   363    461      1
   364    265      1
   364    618      1
   365    311      1
   366     62      1
   367     47      1
   368    229      1
   368    556      1
   369      7      1
   369    616      1
   370    309      1
   370    586      1
   371    184      1
   372    314      1
   373     69      1
   374    249      1
   374    403      1
   375     79      1
   376    275      1
   377    122      1
   377    452      1
   377    620      1
   378     75      1
   379     92      1
   379    619      1
   380    153      1
   380    456      1
   380    503      1
   381    155      1
   381    512      1
   382     64      1
   382    696      1
   383     19      1
   384    197      1
   385    124      1
   385    407      1
   385    681      1
   386    228      1
   386    404      1
   387    102      1
   388    307      1
   388    424      1
   389    131      1
   389    637      1
   390     42      1
   391    143      1
   392    292      1
   392    643      1
   393    316      1
   393    420      1
   394     40      1
   395    200      1
   396    315      1
   396    658      1
   397    154      1
   398    105      1
   398    627      1
   399    162      1
   399    501      1
   400    184      1
   400    576      1
   400    588      1
   401    298      1
   402    363      1
   403    374      1
   404    386      1
   405    128      1
   406    137      1
   407    385      1
   407    434      1
   408     49      1
   408    659      1
   409    142      1
   410    293      1
   411    291      1
   412    118      1
   412    502      1
   413    170      1
   413    676      1
   414    138      1
   414    602      1
   415    180      1
   415    668      1
   416    247      1
   416    454      1
   416    662      1
   417    286      1
   417    593      1
   418    102      1
   419     54      1
   420    393      1
   420    440      1
   420    698      1
   421    253      1
   422    158      1
   423     77      1
   423    474      1
   424    388      1
   425     78      1
   426    287      1
   427    183      1
   428    321      1
   428    445      1
   429    115      1
   430    234      1
   430    605      1
   431    307      1
   432    343      1
   433    176      1
   434    407      1
   434    562      1
   435    359      1
   435    645      1
   436     28      1
   437     73      1
   437    569      1
   437    653      1
   438    327      1
   438    648      1
   439     92      1
   440    420      1
   441    297      1
   442     46      1
   443    156      1
   443    457      1
   444     30      1
   444    494      1
   444    607      1
   445    428      1
   446    257      1
   447    262      1
   447    450      1
   448    274      1
   448    496      1
   449     18      1
   450    447      1
   450    563      1
   451    186      1
   452    377      1
   453     81      1
   453    498      1
   454    416      1
   455    108      1
   455    582      1
   455    596      1
   456    380      1
   457    443      1
   458    363      1
   458    599      1
   459    212      1
   460    214      1
   460    552      1
   461    363      1
   461    594      1
   461    609      1
   461    622      1
   462     62      1
   463    345      1
   464    244      1
   465    358      1
   466     36      1
   466    621      1
   467    269      1
   468    157      1
   469    206      1
   470    284      1
   470    509      1
   471    278      1
   471    531      1
   472    362      1
   473    144      1
   474    423      1
   475    317      1
   476    166      1
   477    273      1
   477    521      1
   478     55      1
   478    528      1
   478    530      1
   479    285      1
   480    236      1
   481    175      1
   482    169      1
   483    193      1
   484     12      1
   485    176      1
   486    361      1
   487     55      1
   488     79      1
   489    169      1
   490    351      1
   490    495      1
   491     91      1
   492     50      1
   493     99      1
   494    444      1
   495    490      1
   496    448      1
   497     67      1
   498    453      1
   498    671      1
   499    328      1
   499    554      1
   500    250      1
   501    399      1
   502    412      1
   503    380      1
   504    299      1
   505    279      1
   505    687      1
   506    268      1
   506    631      1
   507     59      1
   507    655      1
   508    321      1
   509    470      1
   510     63      1
   510    694      1
   511    139      1
   512    381      1
   513     15      1
   514    283      1
   515    284      1
   516     59      1
   517     60      1
   517    536      1
   517    657      1
   518    235      1
   519     57      1
   520     15      1
   520    532      1
   521    477      1
   522    267      1
   523     24      1
   524    113      1
   525    262      1
   525    555      1
   526    166      1
   526    572      1
   527    174      1
   528    478      1
   529     84      1
   530    478      1
   531    471      1
   531    591      1
   532    520      1
   533    318      1
   534    176      1
   535    342      1
   536    517      1
   536    598      1
   537    137      1
   538    226      1
   538    564      1
   539    116      1
   539    566      1
   540    253      1
   541    343      1
   542    171      1
   543    270      1
   544    285      1
   545      4      1
   545    584      1
   546    258      1
   547    136      1
   547    548      1
   548    547      1
   549     60      1
   550    249      1
   550    695      1
   551    202      1
   552    460      1
   552    654      1
   553     79      1
   553    611      1
   554    499      1
   555    525      1
   556    368      1
   557    311      1
   558    257      1
   559    177      1
   560    342      1
   561    272      1
   562    434      1
   563    450      1
   564    538      1
   565    269      1
   566    539      1
   567    132      1
   568    342      1
   569    437      1
   570    140      1
   570    606      1
   571    123      1
   572    526      1
   573    187      1
   574     51      1
   574    639      1
   575     75      1
   576    400      1
   577    114      1
   577    646      1
   577    682      1
   578    230      1
   579    112      1
   580    187      1
   580    604      1
   581    161      1
   582    455      1
   583    349      1
   583    674      1
   584    545      1
   584    585      1
   585    584      1
   585    592      1
   586    370      1
   587    186      1
   588    400      1
   589    248      1
   590    209      1
   591    531      1
   591    608      1
   592    585      1
   593    417      1
   594    461      1
   595    264      1
   596    455      1
   597    118      1
   598    536      1
   599    458      1
   600    240      1
   601    314      1
   602    414      1
   603    118      1
   604    580      1
   605    430      1
   606    570      1
   607    444      1
   608    591      1
   609    461      1
   609    677      1
   610    239      1
   611    553      1
   612    293      1
   613    135      1
   614    153      1
   615    235      1
   616    369      1
   617    205      1
   618    364      1
   619    379      1
   620    377      1
   621    466      1
   622    461      1
   623    122      1
   624    105      1
   625    161      1
   625    680      1
   626    213      1
   626    651      1
   627    398      1
   628     31      1
   629     75      1
   630    180      1
   631    506      1
   632      1      1
   633    218      1
   634    251      1
   635     94      1
   636    232      1
   637    389      1
   637    672      1
   638    106      1
   639    574      1
   640     93      1
   640    691      1
   641     99      1
   642    162      1
   643    392      1
   643    683      1
   644    250      1
   645    435      1
   646    577      1
   646    666      1
   647     37      1
   648    438      1
   649    232      1
   650    126      1
   651    626      1
   652    132      1
   653    437      1
   654    552      1
   655    507      1
   656    136      1
   657    517      1
   658    396      1
   659    408      1
   660    219      1
   661    356      1
   662    416      1
   663    273      1
   664      2      1
   665    360      1
   666    646      1
   667    322      1
   668    415      1
   669    216      1
   670    235      1
   671    498      1
   672    637      1
   673    141      1
   674    583      1
   675     79      1
   676    413      1
   677    609      1
   678    160      1
   679    192      1
   680    625      1
   681    385      1
   682    577      1
   683    643      1
   684    294      1
   685     31      1
   686    165      1
   687    505      1
   688    208      1
   689     24      1
   690    291      1
   691    640      1
   692    149      1
   693    277      1
   694    510      1
   695    550      1
   696    382      1
   697    220      1
   698    420      1
   699    161      1
