COORD_X_Y 110
 0.468269   2.40008
  1.90096  0.633003
  0.55035  0.757016
 0.292918   2.35935
 0.637737  0.219075
  1.91773   1.29784
 0.533579   1.70715
   2.1957   1.55949
  1.85386   1.39954
  1.29675    2.2076
  1.19306   0.09421
  1.42697  0.549339
 0.499253 0.0451965
 0.669961   2.55334
   2.2304   2.05286
  1.47691   2.09006
  2.57192   1.08558
 0.522145   2.71577
  1.25778   0.20118
 0.263546   2.74945
  1.51893   2.17978
  1.13769   2.39243
  2.99361  0.794174
  2.05765  0.801285
  0.37383   0.49825
  2.18003   1.61118
  2.02401   2.12257
  2.56288 0.0503537
  2.66666    2.2707
  1.96326   2.17244
 0.108431   1.42739
  0.85084  0.795657
  1.11554   2.12065
 0.507932   2.73339
 0.544182    1.8195
 0.727978   1.18887
  2.09999     1.199
 0.122704 0.0201154
  1.33804   2.39722
 0.676188   2.41355
  1.48678    2.0873
  1.26602   2.52665
  1.67666   1.91726
    1.216   2.79928
 0.565699   1.37922
   2.3697   2.91954
  1.84685  0.896625
  2.50963   1.31477
  1.84437   1.99112
  2.22277    2.9206
  2.86392   1.30406
  2.94399    1.3959
  1.10161   2.19809
  1.17446   1.17906
  2.43438   1.54435
  2.38586  0.940412
 0.261184   1.34063
   2.4493   1.38338
  1.09909   1.39314
 0.790775   1.55276
  1.56415   1.36371
  2.86848   2.75993
  2.61845   1.24686
  0.16339   1.23455
  2.11881   1.90853
  2.83641   1.88133
 0.979337   2.97858
   1.0635    1.6625
  1.28219  0.366267
  1.56897  0.453526
  1.43047   2.19174
  2.88766   1.01843
  1.00148  0.574576
  1.21886  0.773397
  1.73037  0.968308
  1.28331  0.421516
  2.65701   1.71617
 0.913977   1.41341
  2.87008   2.93831
  2.03145   1.76422
   1.8837   1.87083
 0.794697   2.30075
  1.39621   2.31893
  2.89987  0.245017
 0.528231   1.78286
  1.13088   1.78666
  1.80143  0.758713
   2.6817   1.86582
  2.86172   1.66795
 0.380883   2.18148
  1.23777  0.456604
  2.24086  0.694511
 0.662807    1.2113
  2.67364   1.79465
  1.72292   1.30795
   2.0763   2.97002
 0.910414   2.59444
  2.60668   1.06838
  1.27634   2.98208
 0.226609    1.2863
  0.15396  0.683104
  2.49556   2.30267
  2.03112  0.623105
  2.78439   1.04544
  1.23109    2.9861
  1.41579   2.68222
  1.57947   1.20933
  2.34088   1.69549
  2.99323  0.322443
  2.85635  0.707279
LINKS_SOURCE_DESTINATION_DISTANCE 218
     0      1      1
     0      3      1
     0     15      1
     0     27      1
     0     99      1
     1      0      1
     1      2      1
     1      4      1
     1      5      1
     1      6      1
     1      7      1
     1     11      1
     1     12      1
     1     30      1
     2      1      1
     2      8      1
     2     17      1
     3      0      1
     3     26      1
     3     40      1
     3     49      1
     4      1      1
     4     14      1
     5      1      1
     5     16      1
     5     55      1
     5     66      1
     5     72      1
     6      1      1
     7      1      1
     7     10      1
     8      2      1
     8      9      1
     8     23      1
     8     59      1
     9      8      1
     9     71      1
     9     87      1
    10      7      1
    10    102      1
    11      1      1
    11     13      1
    11     20      1
    11     21      1
    11     43      1
    12      1      1
    12     53      1
    12     61      1
    13     11      1
    13     29      1
    13     34      1
    13     35      1
    13     56      1
    14      4      1
    14     19      1
    14     28      1
    14     60      1
    14    105      1
    15      0      1
    15     52      1
    16      5      1
    17      2      1
    17     18      1
    17     38      1
    17     78      1
    18     17      1
    18     42      1
    18     85      1
    18     98      1
    18    107      1
    19     14      1
    20     11      1
    20     22      1
    20     36      1
    20     45      1
    21     11      1
    21     24      1
    21     37      1
    22     20      1
    22     41      1
    22     93      1
    23      8      1
    24     21      1
    24     25      1
    24     81      1
    25     24      1
    25     33      1
    26      3      1
    26     32      1
    26    100      1
    27      0      1
    27     47      1
    28     14      1
    28     31      1
    28     44      1
    28     79      1
    29     13      1
    30      1      1
    30     84      1
    31     28      1
    31     67      1
    32     26      1
    32     51      1
    32     68      1
    32     73      1
    33     25      1
    33     39      1
    33     57      1
    34     13      1
    35     13      1
    35     54      1
    36     20      1
    36     77      1
    37     21      1
    38     17      1
    38     70      1
    39     33      1
    39     50      1
    40      3      1
    41     22      1
    41     64      1
    42     18      1
    42     46      1
    42    108      1
    43     11      1
    43     89      1
    44     28      1
    45     20      1
    46     42      1
    46     48      1
    47     27      1
    47     58      1
    47     62      1
    48     46      1
    49      3      1
    49     96      1
    50     39      1
    50     80      1
    51     32      1
    52     15      1
    52     65      1
    53     12      1
    53     91      1
    54     35      1
    55      5      1
    55     92      1
    56     13      1
    57     33      1
    58     47      1
    59      8      1
    60     14      1
    60     75      1
    60     83      1
    61     12      1
    61     63      1
    62     47      1
    62     94      1
    62    109      1
    63     61      1
    63     97      1
    64     41      1
    65     52      1
    65     69      1
    66      5      1
    67     31      1
    68     32      1
    68     90      1
    69     65      1
    69     74      1
    70     38      1
    70     76      1
    71      9      1
    72      5      1
    73     32      1
    73     88      1
    74     69      1
    75     60      1
    76     70      1
    76    106      1
    77     36      1
    78     17      1
    78     86      1
    78    103      1
    79     28      1
    80     50      1
    80     82      1
    81     24      1
    82     80      1
    83     60      1
    84     30      1
    85     18      1
    86     78      1
    86    101      1
    87      9      1
    88     73      1
    89     43      1
    90     68      1
    91     53      1
    92     55      1
    92     95      1
    93     22      1
    94     62      1
    95     92      1
    96     49      1
    97     63      1
    98     18      1
    99      0      1
   100     26      1
   101     86      1
   102     10      1
   103     78      1
   103    104      1
   104    103      1
   105     14      1
   106     76      1
   107     18      1
   108     42      1
   109     62      1
