COORD_X_Y 800
  2.77809   2.90877
 0.539386   2.78599
 0.599107   2.61253
  1.87147   2.32965
  1.14981  0.465511
 0.514164  0.695903
 0.978096   1.08026
  1.81723   2.27357
  2.47272   1.11926
 0.255207 0.0858813
  2.65986   1.12159
  2.83096   2.04346
  2.81779  0.822922
  2.08579  0.653541
  1.65701  0.630222
  2.08851   1.06955
  2.08613   1.57334
0.0940614   1.19565
  2.35764   2.28524
  2.76848  0.169363
 0.837668   1.91823
  2.51111  0.987344
  1.30557   2.64235
  1.52136  0.955321
 0.900703   1.94883
  1.18788   2.74868
  2.46173  0.734116
  1.36262  0.816487
 0.895764   1.12375
  2.30649   2.57499
 0.728657   2.00615
  2.92924   1.85751
  1.49013    2.8247
  2.95083   1.22354
  1.60731  0.642772
 0.861131   1.17022
  2.19398   2.16377
  1.40505  0.112528
   1.9561   2.38372
0.0801442   1.71528
  2.04757   2.24829
  2.11336   2.41096
  0.42948  0.690598
  2.51299   2.04751
  2.15478   1.20743
  1.95004  0.693537
  1.43864  0.791481
  2.31849   1.08906
  2.04674  0.364463
  2.80918  0.880772
 0.829153   1.52927
  2.43218 0.0491116
  1.78805  0.146788
 0.576509  0.644232
 0.917586   1.53393
  1.94247   2.60214
 0.960335   2.14931
 0.742026   1.00817
  1.60145  0.913324
  1.11421  0.620595
 0.218981   1.64035
 0.607707   1.81064
 0.720289   1.76137
 0.967551   2.65197
  2.33012  0.697396
 0.831356   1.64332
  2.24299  0.466443
  0.51908   2.25946
  2.85442   2.53355
  1.18438   1.98742
  2.68875   1.56743
 0.112302   2.58419
  2.02067   2.51456
  2.98715   2.28483
 0.714527   1.58734
  1.83831   1.97167
 0.746601   2.15486
  1.84941  0.835649
 0.891073   1.19446
  1.62247  0.445792
  1.06024   1.49517
 0.118233  0.277526
  2.53128 0.0663671
 0.711667   1.06233
  1.54326   2.38925
  1.35947  0.930826
 0.627976   0.25392
 0.903944   2.89359
 0.660065 0.0115679
  1.16876   2.61106
 0.153963 0.0696396
 0.715461    2.3239
  1.34916   1.65138
 0.938046   2.95918
   1.7075  0.816471
  2.91281   1.57563
  2.09882   1.35117
  1.87629  0.967633
  2.63966   2.89588
  1.16924  0.613835
  1.93293  0.227033
  2.84743  0.436995
  1.39931  0.166368
  1.96353   1.88499
  2.32919  0.329939
   1.1984   2.23573
  2.33485   2.19317
  0.35139   1.02249
0.0722223   1.15529
 0.435731   2.47457
 0.845753  0.147157
 0.382936   1.87163
  2.26831    1.9176
 0.499145  0.304763
 0.284942  0.338077
 0.304938   2.92065
  2.61009  0.296808
  1.66823   2.88085
  1.41232   2.32326
  2.06016   1.50738
  1.39647   1.79519
  2.57832    1.7296
 0.597881   1.49959
  2.42825   2.27998
 0.496185   2.08415
 0.348169    1.6784
  2.99301   1.55575
  2.19656  0.381648
  2.48812   0.48864
 0.276782    1.9297
  1.28592   2.77748
 0.849533    1.7525
  1.63425   2.51013
 0.801649   2.74291
  1.19019   1.84784
 0.361796   1.97977
 0.406318   1.91636
 0.686655   1.55776
  1.27534   1.68675
  1.39271   2.47059
 0.275897   1.00938
  1.16925   0.87221
  1.05095   1.74619
  2.94953   1.26266
  2.19437 0.0389478
0.0250736   2.85361
  2.93196   1.42529
 0.979606   2.35162
 0.876616  0.333051
  1.11329  0.405315
  1.92531   1.57699
  1.87747   1.23068
  1.01867   1.95287
  2.86634   1.34416
  1.34683   1.12296
  2.66534   2.58194
 0.835584   2.58783
  1.12025   2.11311
  1.14465   1.92039
  2.52974   1.09396
  1.42071   2.59216
   2.8533   2.08535
 0.705772  0.526571
   2.6829   2.91308
0.0235038  0.467357
  2.49406   2.18931
  1.27056   1.66083
  2.26079  0.348722
  2.80161  0.968548
   2.8772  0.855046
 0.262215   1.95408
 0.490128  0.463599
  1.36807   1.65739
  2.51142  0.500837
  0.95641   1.58229
 0.916449   2.89869
  2.87189   2.37297
  0.92114   2.33206
  1.60964   1.12847
 0.153302    1.6134
  2.52302  0.383502
 0.117487   1.81643
    1.046   1.29109
  2.32974   2.68051
  2.05702  0.950723
  2.28151  0.161519
  2.56892   2.99091
 0.882057  0.243594
 0.875087   1.43953
  2.51144   2.06647
 0.654688  0.519892
  1.54735   1.18606
  2.25389  0.582535
 0.419564   1.42654
0.0340418    2.7107
  1.02175   0.32118
  1.58139   1.88941
0.0166713   2.65027
 0.313442  0.655788
  1.37056   0.46516
 0.978637  0.159853
 0.791748  0.386683
  2.00384  0.741889
  2.05168   0.92242
  1.82378    2.7259
 0.767708   2.51181
  1.54632   2.94194
0.00944918   0.54134
  2.45479   1.38629
  1.28758   1.07233
 0.870357   2.31701
 0.877288   1.55511
0.0512548   2.54152
  2.65717   1.90011
 0.220923  0.120381
  2.24915   2.21846
 0.362913   2.95048
  1.37772   1.94192
 0.837031   1.17011
  1.49835  0.415386
0.00622821   2.36857
0.0102267    1.8669
 0.110732  0.461521
 0.648997   1.06382
  1.28473   1.66241
  2.03711  0.910518
  1.86326   1.58846
  2.80585   2.91122
 0.960752   2.47548
  2.54847   2.20213
 0.329651 0.0190805
 0.343628  0.990559
0.0972045    1.2908
 0.257296   1.00846
  2.28194  0.482159
  2.60078   1.89987
 0.673161   1.53251
 0.717726  0.880829
 0.398287 0.0260248
  1.98281   2.37027
  1.66955   2.21433
 0.862382    2.0474
  1.81973   2.23212
  2.92293   1.98204
 0.507345  0.817723
  0.24919  0.272447
 0.598461   2.38939
 0.315055  0.661288
  2.42073   2.91145
  1.09842  0.427437
 0.488409  0.338661
  1.79155   1.00744
  2.83525   2.52397
  2.52371   0.73192
  2.09488   2.70344
  2.88097   2.39455
  1.24035  0.584812
  1.26485   1.25693
  1.67181  0.164602
  2.91629  0.762254
 0.997195   2.83599
  2.08263   1.64308
 0.689222   1.58746
 0.711251    2.8719
    1.288  0.290383
  2.46896   2.30611
   2.1429  0.604123
  1.64275  0.810744
 0.652597  0.160852
 0.214644   2.91275
 0.150448  0.474062
 0.482209    1.8133
  0.80267   2.32307
    1.651   1.41239
   2.0999    2.8531
  2.38289  0.382595
  1.31058   1.77072
 0.347376   0.42909
  2.18368   2.35952
 0.249113  0.436097
 0.276513  0.323412
  1.38834   1.72142
  2.75232   1.23089
  2.23836  0.170708
  2.15693 0.0741671
 0.624899   1.00213
  0.40641   1.47446
 0.534476   1.70731
  2.66972  0.738501
  2.76652    1.5463
0.0344366   2.65406
  2.39067   2.82174
   1.7662    1.0519
  2.39917   2.19967
  2.41568    0.4611
  2.58469   1.76114
  2.19912   2.31247
  2.95956   1.48449
  2.63596  0.266802
  1.96332   2.57422
 0.984456   2.12062
  1.68016  0.189202
  1.99442 0.0459924
 0.818708  0.833511
 0.306784  0.983478
  1.00474   1.26035
 0.606524  0.667324
   2.6157   1.29937
  1.86767  0.983777
 0.740282   2.64366
  2.82328   0.31381
  2.49679   1.65982
 0.293298   2.06992
  1.11127   1.93874
 0.857424   0.28764
 0.847614 0.0732735
0.00700058   2.26311
  2.23003   1.48199
  2.59643    2.6953
 0.943116    1.8968
 0.998422   1.53446
 0.296994   2.82748
0.0792656   1.62754
  2.70213   2.64216
 0.757864  0.456418
  2.81205    2.0412
   1.7342    2.5017
  2.09163  0.913728
 0.365218  0.199741
  2.92138   2.81663
  2.14235   2.92753
 0.144984   2.55362
  1.47497   1.89074
  0.94844    1.6955
  2.66845   1.35995
  1.59569   2.85013
  1.72186   2.62312
0.0770964  0.643892
 0.883926 0.0639291
  1.14111  0.931759
 0.627585  0.903095
  2.75445   1.25866
  2.79579   1.18298
 0.892294   2.35239
  1.08298    2.2574
 0.415273   2.37952
  1.47271   0.32811
    2.061    2.2299
  1.08237   2.26461
 0.731589  0.259717
  2.14189   1.91886
 0.475809   1.64834
  2.24677   1.71887
  1.80704   0.96124
  1.54185   2.89357
 0.549219   1.29144
 0.256474   1.46841
  1.07932   2.51544
  1.17082   1.25539
  1.70555   0.20542
 0.809473  0.614361
  1.02269   2.89626
  2.86495  0.167388
  2.91331   1.04576
  2.01488   2.15785
 0.242287   2.31541
  1.10759   1.05974
  1.47453  0.765457
 0.189447   0.90051
  2.95542   1.77667
  2.58661  0.234541
 0.402886  0.669703
 0.794465   1.51196
 0.500842   1.44986
  2.39816  0.421568
  2.77475  0.156691
 0.566844   2.17633
  1.85397  0.342634
  1.89706   2.94049
  1.85748   1.71771
  0.43775  0.688693
  1.05703   2.54702
  1.64815   1.32788
  2.15562  0.387094
  1.54177   2.24472
  2.51643  0.836322
  2.16453   1.71343
 0.387012  0.673946
 0.660805  0.763353
  2.50119   2.17303
 0.278965   2.57224
 0.985483   2.15704
  1.52276     1.923
 0.989116  0.452668
  2.53614   1.17565
  0.59724   1.74791
  1.21224   2.97588
  2.82164  0.862767
 0.649817  0.535187
  1.39433   1.16256
  1.09399   2.95627
  2.84489   2.23675
 0.575038   2.30418
    1.262  0.430323
 0.563357   1.18766
 0.555112  0.485606
 0.485433   1.84023
  0.71302   1.79685
  2.08835   2.89011
 0.162061   1.31426
 0.539262   2.90938
  1.67052    1.2755
 0.745904   2.61888
 0.513589  0.505944
  1.12528   1.87879
  2.34896   2.64531
  2.42876   1.37054
  1.66228   1.32792
  1.30323 0.00280269
    1.577   2.20764
 0.741456  0.623919
  2.93101   1.25407
  2.47604   2.89459
 0.808495    1.2623
  2.07532  0.828084
  1.31764   1.93914
  2.39331  0.594622
  2.22024   2.29321
  2.62878   1.21674
  2.04699   2.61607
  2.60366   1.34802
  2.05056   1.64942
 0.243166  0.863472
 0.633507   0.18167
  2.74456   1.99712
  1.57855    1.9265
 0.207458  0.767108
  0.61405   2.77748
 0.893835  0.629871
 0.735825   1.07026
  1.75679   1.53979
  2.73635   1.41711
  2.49775  0.445704
  1.70456   2.28363
  1.51544   2.16647
 0.433916   2.34721
  1.06944   1.27214
 0.256365   1.78426
  2.27614   1.40345
0.0455143   2.49339
 0.234784   1.61957
 0.311299   1.85136
  2.95394   1.95623
  2.96177   0.71561
 0.280517   0.83648
 0.330155   2.55003
  1.94479   2.61878
 0.774036   1.53357
  2.05127   1.94816
  1.05635   2.18931
  1.81735   2.39815
  1.44899   1.81033
  1.10151   2.26638
  2.26755 0.0379647
   2.7699   2.20264
  2.76892   1.55275
  1.88936   1.18276
  1.30044  0.956007
  2.51762  0.896905
  2.46792   1.69611
 0.354047   1.00111
 0.778908   2.83394
  0.69582   2.09274
   1.7728   2.28493
 0.146407   1.60787
  1.83978   2.56463
  1.91804     2.324
  2.16877  0.955404
   1.9826  0.144419
  1.99559   1.31032
0.0149361  0.156147
  1.04855  0.449894
 0.908781  0.641799
  1.62165  0.105953
  2.66797   1.92566
  1.45007   1.35957
  1.83757  0.194184
  2.48234   1.52456
  1.90756   2.28501
  2.12179   2.15106
  2.79267   2.77913
  1.99929  0.954009
 0.315041     2.504
  1.76072  0.197782
 0.367551   2.43145
  1.89647  0.347165
 0.636728   1.76013
  1.36708    1.7891
  1.70404   2.57406
  1.45331   1.37059
 0.407739   2.53346
  2.73815   2.76676
  2.12321    1.9556
 0.154232    2.8237
 0.934934   1.54948
  2.49501   2.46176
  2.90681   2.90238
  1.56389   0.12847
 0.147549    2.1401
 0.393175   1.99141
 0.105072   2.53606
  2.24976   2.05026
 0.943585  0.486707
  1.93832   2.63764
 0.984283   1.20525
  1.81298  0.519812
 0.995649   1.84623
 0.566767   2.90521
 0.784643   1.93114
  1.80103    2.2191
  2.58115   1.18321
  1.65427   2.36461
 0.360869   1.18673
  1.90357   2.13438
 0.366454  0.288044
  1.81825   2.60506
  1.63452    1.6373
  1.51761   1.18016
 0.562209  0.618239
 0.184221   1.85504
   2.5527   2.71894
  1.74832  0.355492
 0.833921 0.0479925
  2.83679   1.25506
 0.189255   2.90686
  2.74875   2.80563
  1.45039   1.52744
 0.406712    1.1797
  2.42425  0.415684
 0.751957  0.287341
  2.41471   1.23804
  1.98839   1.72281
  2.38545  0.884505
  1.71669   2.44516
 0.113997  0.801697
  1.35508   1.48012
  1.88004    2.9519
  0.66698   2.21788
  1.57458   1.33319
 0.949023    2.7406
 0.685672   2.46868
  0.31524  0.569447
  1.88644  0.949945
  1.35255 0.0208561
  1.32587   2.86459
 0.212004   1.07454
  2.53839   1.34955
  1.46374  0.821889
  2.71526   2.55177
   2.2044   2.45973
  1.49237   1.33236
  2.83974 0.0775008
  2.32598  0.158465
0.0245603   2.32456
  2.64074 0.0503662
  2.76426  0.253894
  0.16282   2.51001
  2.92689   1.45806
  1.37943   2.26417
  2.14364   2.38478
  1.28376 0.00760034
  2.77626   2.87127
0.00627344  0.521484
 0.793892  0.250048
 0.581047   2.32393
  2.72981   1.92719
  1.57242    2.3284
 0.533025  0.185675
  2.25644    2.1251
  0.52544    1.4497
  1.91801  0.302245
 0.746561   2.66861
 0.312353  0.835545
  2.77454  0.151394
  2.95409   2.06301
 0.192987  0.303902
  1.44196   1.48212
 0.425375   1.49911
  2.90301   1.05528
  2.35365   1.97717
 0.716439   1.70817
 0.575456   2.83793
  2.33936   1.01667
  2.14962   2.98177
  1.74957  0.558986
  2.39572  0.518332
  1.85946   2.94829
 0.297511   2.87911
  1.73818   2.50493
 0.446839  0.843191
 0.243794  0.318543
  1.18043  0.985003
  2.76421   2.10495
 0.602088   1.45865
   2.1969   1.67466
 0.332406   2.50836
  2.14105   1.38423
  1.35614  0.374086
  1.08728  0.993355
  2.99294   2.19772
 0.522346   2.91708
 0.925954   1.58598
 0.782674   1.61727
 0.814404   2.18567
  2.13892  0.543341
  1.79732     1.095
 0.610055   1.15231
  1.06671  0.360153
   1.6527  0.713492
  1.65297   2.70151
  1.56011   2.55072
 0.444407   2.32996
  1.30629 0.0783901
  1.79073   1.98821
  1.26175   2.00378
  2.49056  0.917517
 0.641171  0.721904
 0.930479   1.72978
 0.742186   1.86509
  1.01689   2.76992
0.0683608  0.426793
   1.0217   2.25988
 0.555535    1.6119
   2.6276  0.189343
  1.16043   2.56291
 0.334658   2.58149
  2.57319   2.26344
  2.64165   0.91326
  2.88167    2.5691
  0.75506   1.18681
  1.09263  0.356686
 0.328138     1.989
  2.45728   2.57948
  2.84459   1.86878
 0.607558   2.00786
 0.165573   2.95921
  1.26117   1.95061
  2.35728   1.32683
  2.93614   2.17015
  1.22954   1.75284
  2.71105   2.47875
  1.49329  0.973428
  2.47975   0.35005
  2.90241   1.69256
  2.83757  0.179809
  2.78059  0.644764
  1.19015     1.981
  1.97406   1.10651
  1.06616   2.24076
 0.932796    1.6603
  2.19547   1.05786
  2.31961   2.26145
  1.39359   2.35202
   1.9479    2.8909
   1.8117   1.55774
 0.605747   2.47087
  2.24952  0.231359
  2.92581  0.594858
    1.902   1.21915
 0.403147  0.378785
 0.921869  0.970917
   1.7276   1.00782
 0.733725   1.32505
  1.22981   1.01138
  1.50754   1.66164
 0.134396  0.554629
  2.90922  0.258009
  2.25439   2.10911
 0.367604   1.04603
  1.94185    2.6345
 0.619404 0.0150434
 0.755476   1.32855
 0.269164   2.69637
  1.24669   1.43996
  1.02478   1.46829
  1.33476   1.45543
  2.65742  0.797568
   1.5553  0.274843
  1.39162 0.0239211
  1.31631   2.41012
  2.34266   2.98903
  2.35749   2.74528
 0.126959   2.66144
  2.79096  0.164086
  1.61833 0.0476583
  1.39372  0.348328
  2.61239   1.93244
  2.72472   2.51417
  1.44905   2.65674
   2.9322   2.18881
  2.61558   2.52088
 0.967123   1.85493
  1.64662   1.75907
 0.225089   1.82568
  2.47965   1.76617
 0.100681   1.27175
  1.78355  0.356269
 0.330501    2.7749
  2.39533  0.352622
 0.980738  0.947905
  1.11014   1.66769
 0.814379    2.1727
 0.251492    2.4984
  1.21922    2.9019
  2.69864   0.71852
 0.803253   1.97522
 0.789198  0.561041
  1.53539  0.397289
 0.215923  0.980757
  2.55835  0.324332
 0.092338  0.162014
  2.59288  0.314335
  2.32209   2.32065
  1.52628   1.32393
  2.62371 0.0854091
  1.39391   2.80463
 0.547678   0.64014
  2.93884   1.91587
   2.7872  0.342742
 0.141798   1.67159
  2.68993   1.58923
  1.28811  0.531681
  1.79813 0.0709128
  1.09979   2.80188
  1.66092  0.753492
 0.406491  0.630944
 0.747241   2.57377
  2.63076   2.35293
  1.23761    1.5369
 0.855318   2.43754
 0.685672   2.84549
  1.38399  0.432926
  2.08939   1.64467
  2.85578   1.68957
   0.2493   2.49206
  2.50871   2.20076
 0.787147   0.27204
 0.806239  0.295911
  1.21803  0.277372
 0.788766   2.64692
  1.89672   1.37403
  1.56721   1.35551
  1.32694   1.69657
  1.69256  0.581976
  2.63498  0.122172
  2.56359   1.93313
 0.559483   1.38363
   1.9208    1.2264
 0.322145  0.570014
 0.664033   0.70586
   2.7731   1.82663
  1.29976   0.94537
  1.26262   1.37596
  1.48563   2.60783
 0.519606   2.39336
  1.02202   1.25793
  2.22019   2.23351
 0.753472    1.8752
  1.34181   2.99224
 0.110444    2.5763
  2.00515  0.199285
  2.26137   2.53588
  2.79858   2.22138
    2.549   1.16476
  1.30726   1.65341
 0.337654  0.587303
  1.23045   2.32102
 0.517145   1.71396
 0.849594 0.0130662
  1.72037   1.89193
  1.47819   1.33955
  2.59263   2.79637
   2.9026   1.96062
   2.9784   2.91971
  2.12746  0.549737
  1.13806   2.16689
  2.17694   2.09861
 0.728908  0.416261
  2.10387   2.23428
  1.26013   1.59638
  2.48043  0.402981
  2.10492  0.667675
  2.56342  0.876976
 0.481111   2.68913
 0.223831  0.555365
 0.778296   1.15983
  2.72744   2.57866
 0.424764    1.1503
  2.73204   1.36403
 0.875974   1.06933
LINKS_SOURCE_DESTINATION_DISTANCE 1598
     0      1      1
     0      5      1
     0     29      1
     0     33      1
     0    116      1
     0    135      1
     1      0      1
     1      2      1
     1     39      1
     1     93      1
     1    187      1
     1    304      1
     2      1      1
     2      3      1
     2    146      1
     3      2      1
     3      4      1
     3     10      1
     3     11      1
     3     13      1
     3     21      1
     3     43      1
     3     57      1
     3     80      1
     3    170      1
     3    232      1
     3    506      1
     4      3      1
     4     26      1
     4    115      1
     4    286      1
     5      0      1
     5      6      1
     5      7      1
     5     20      1
     5     37      1
     5     55      1
     5     63      1
     5    493      1
     5    571      1
     5    652      1
     6      5      1
     6     15      1
     6     84      1
     6    101      1
     6    108      1
     6    355      1
     6    420      1
     7      5      1
     7      8      1
     7      9      1
     7     12      1
     7     27      1
     7     31      1
     7    380      1
     8      7      1
     8     14      1
     8     19      1
     8     47      1
     8     60      1
     8    138      1
     8    291      1
     8    600      1
     9      7      1
     9     41      1
     9     66      1
     9     99      1
     9    324      1
     9    339      1
    10      3      1
    10     17      1
    10     23      1
    10    121      1
    10    145      1
    11      3      1
    11     18      1
    11     28      1
    11     35      1
    11    368      1
    12      7      1
    12    183      1
    12    542      1
    12    726      1
    13      3      1
    13    328      1
    14      8      1
    14     24      1
    14     64      1
    14    111      1
    14    353      1
    14    627      1
    15      6      1
    15     16      1
    15     68      1
    15     74      1
    15    394      1
    15    415      1
    15    679      1
    16     15      1
    16     22      1
    16     25      1
    16    417      1
    16    643      1
    17     10      1
    17    320      1
    18     11      1
    18     44      1
    18     82      1
    18    120      1
    18    180      1
    18    292      1
    18    527      1
    19      8      1
    19     52      1
    19    114      1
    19    400      1
    19    491      1
    19    629      1
    20      5      1
    20     54      1
    20     81      1
    20    137      1
    20    273      1
    21      3      1
    21     40      1
    21    124      1
    21    654      1
    22     16      1
    22    126      1
    22    266      1
    22    541      1
    23     10      1
    23     42      1
    23    210      1
    24     14      1
    24     69      1
    24     79      1
    24     90      1
    24    359      1
    24    375      1
    24    772      1
    25     16      1
    25     48      1
    25    175      1
    25    240      1
    25    281      1
    26      4      1
    26     32      1
    26     34      1
    26    194      1
    26    653      1
    27      7      1
    27     30      1
    27    203      1
    27    310      1
    27    404      1
    28     11      1
    28     58      1
    28    463      1
    28    588      1
    28    594      1
    29      0      1
    29    122      1
    29    269      1
    30     27      1
    30     71      1
    30    316      1
    30    318      1
    30    507      1
    30    516      1
    30    769      1
    31      7      1
    31     38      1
    31     56      1
    31    329      1
    31    621      1
    32     26      1
    32     67      1
    32    314      1
    32    367      1
    32    534      1
    32    650      1
    33      0      1
    33     73      1
    33     85      1
    33    150      1
    33    457      1
    33    537      1
    33    696      1
    34     26      1
    34     36      1
    34     53      1
    34    103      1
    35     11      1
    35     45      1
    36     34      1
    36     49      1
    36     50      1
    36     96      1
    36    174      1
    36    202      1
    37      5      1
    37    307      1
    37    640      1
    37    771      1
    38     31      1
    38     62      1
    38     77      1
    38    107      1
    38    200      1
    38    221      1
    38    551      1
    39      1      1
    39    219      1
    39    237      1
    39    290      1
    39    532      1
    40     21      1
    40     46      1
    41      9      1
    41     98      1
    42     23      1
    42     51      1
    42    275      1
    42    389      1
    42    599      1
    43      3      1
    43     92      1
    43    106      1
    43    129      1
    43    261      1
    44     18      1
    44    297      1
    44    379      1
    44    388      1
    45     35      1
    46     40      1
    46    119      1
    46    169      1
    46    352      1
    46    531      1
    47      8      1
    47    406      1
    48     25      1
    48    279      1
    48    289      1
    48    714      1
    49     36      1
    49    260      1
    49    300      1
    49    421      1
    50     36      1
    50    118      1
    50    153      1
    50    258      1
    51     42      1
    51     76      1
    51    582      1
    52     19      1
    52    294      1
    52    775      1
    53     34      1
    53     70      1
    53     86      1
    53    496      1
    53    695      1
    54     20      1
    55      5      1
    55    161      1
    56     31      1
    56     97      1
    57      3      1
    57    125      1
    57    154      1
    57    158      1
    57    218      1
    57    280      1
    57    540      1
    58     28      1
    58     59      1
    58     61      1
    58     72      1
    58     88      1
    58    139      1
    58    224      1
    58    264      1
    58    464      1
    59     58      1
    59    133      1
    59    176      1
    60      8      1
    60    207      1
    60    333      1
    60    481      1
    61     58      1
    61    285      1
    61    530      1
    62     38      1
    62    112      1
    62    199      1
    62    211      1
    62    220      1
    63      5      1
    63    102      1
    63    172      1
    63    413      1
    63    783      1
    64     14      1
    64     65      1
    64     83      1
    64    171      1
    64    278      1
    65     64      1
    65     78      1
    65    162      1
    65    190      1
    66      9      1
    66     94      1
    66    306      1
    66    484      1
    66    554      1
    66    655      1
    66    742      1
    67     32      1
    67    345      1
    68     15      1
    68    123      1
    68    134      1
    68    387      1
    68    401      1
    68    636      1
    68    674      1
    68    758      1
    69     24      1
    69     75      1
    69    141      1
    69    660      1
    70     53      1
    70    601      1
    71     30      1
    71    234      1
    72     58      1
    72    109      1
    73     33      1
    73    100      1
    73    110      1
    73    452      1
    73    647      1
    73    690      1
    74     15      1
    74     89      1
    74    167      1
    75     69      1
    75    348      1
    75    411      1
    75    518      1
    76     51      1
    77     38      1
    78     65      1
    78    104      1
    79     24      1
    79    325      1
    79    335      1
    79    671      1
    80      3      1
    80    748      1
    81     20      1
    82     18      1
    82     87      1
    82    148      1
    83     64      1
    83    189      1
    83    195      1
    83    254      1
    83    514      1
    84      6      1
    84    143      1
    84    209      1
    84    256      1
    84    559      1
    85     33      1
    85    113      1
    85    782      1
    86     53      1
    86     91      1
    86    117      1
    86    140      1
    86    299      1
    86    382      1
    86    587      1
    87     82      1
    87    206      1
    87    259      1
    87    262      1
    87    366      1
    88     58      1
    88    205      1
    88    272      1
    88    416      1
    88    477      1
    88    616      1
    89     74      1
    89     95      1
    89    128      1
    90     24      1
    90    204      1
    90    338      1
    90    579      1
    91     86      1
    91    179      1
    91    184      1
    91    186      1
    91    565      1
    92     43      1
    92    215      1
    93      1      1
    93    136      1
    93    617      1
    93    678      1
    94     66      1
    94    152      1
    94    160      1
    94    436      1
    94    441      1
    94    466      1
    95     89      1
    95    163      1
    95    495      1
    96     36      1
    96    168      1
    97     56      1
    97    243      1
    97    642      1
    98     41      1
    99      9      1
    99    196      1
    99    296      1
    99    445      1
    99    701      1
   100     73      1
   100    644      1
   101      6      1
   101    185      1
   101    301      1
   101    364      1
   102     63      1
   102    105      1
   102    131      1
   102    147      1
   102    336      1
   103     34      1
   103    159      1
   103    412      1
   103    795      1
   104     78      1
   104    365      1
   104    381      1
   105    102      1
   106     43      1
   106    315      1
   106    376      1
   107     38      1
   107    439      1
   108      6      1
   108    253      1
   109     72      1
   109    227      1
   110     73      1
   110    155      1
   111     14      1
   111    591      1
   112     62      1
   112    317      1
   113     85      1
   113    149      1
   113    156      1
   113    265      1
   113    573      1
   114     19      1
   114    130      1
   115      4      1
   115    248      1
   115    282      1
   115    295      1
   115    326      1
   116      0      1
   116    193      1
   116    247      1
   116    455      1
   117     86      1
   117    308      1
   117    646      1
   118     50      1
   118    235      1
   118    750      1
   119     46      1
   119    236      1
   119    312      1
   119    479      1
   120     18      1
   120    144      1
   121     10      1
   121    226      1
   122     29      1
   122    127      1
   122    341      1
   122    524      1
   123     68      1
   123    424      1
   123    458      1
   124     21      1
   124    302      1
   125     57      1
   125    263      1
   125    431      1
   126     22      1
   126    340      1
   127    122      1
   127    472      1
   128     89      1
   128    447      1
   129     43      1
   129    132      1
   130    114      1
   130    685      1
   131    102      1
   131    283      1
   132    129      1
   133     59      1
   133    270      1
   133    747      1
   134     68      1
   134    423      1
   134    732      1
   135      0      1
   136     93      1
   136    429      1
   137     20      1
   137    731      1
   138      8      1
   139     58      1
   139    228      1
   139    276      1
   139    370      1
   140     86      1
   140    142      1
   140    166      1
   141     69      1
   141    214      1
   141    334      1
   141    595      1
   141    787      1
   142    140      1
   142    217      1
   142    331      1
   142    361      1
   142    391      1
   142    560      1
   143     84      1
   143    271      1
   143    517      1
   143    576      1
   144    120      1
   144    191      1
   144    476      1
   145     10      1
   145    165      1
   146      2      1
   147    102      1
   147    151      1
   147    216      1
   148     82      1
   148    245      1
   148    313      1
   148    794      1
   149    113      1
   149    225      1
   150     33      1
   150    157      1
   150    712      1
   151    147      1
   151    208      1
   151    635      1
   152     94      1
   152    201      1
   152    274      1
   152    597      1
   153     50      1
   153    287      1
   154     57      1
   154    164      1
   155    110      1
   155    173      1
   155    430      1
   155    536      1
   156    113      1
   156    620      1
   157    150      1
   157    298      1
   158     57      1
   159    103      1
   159    618      1
   160     94      1
   160    177      1
   160    192      1
   160    454      1
   160    628      1
   161     55      1
   161    343      1
   161    386      1
   161    471      1
   161    497      1
   162     65      1
   162    242      1
   163     95      1
   164    154      1
   164    244      1
   164    490      1
   164    717      1
   165    145      1
   166    140      1
   166    383      1
   166    385      1
   166    523      1
   167     74      1
   167    323      1
   168     96      1
   168    257      1
   168    347      1
   169     46      1
   169    319      1
   170      3      1
   170    181      1
   170    222      1
   171     64      1
   171    515      1
   172     63      1
   172    667      1
   173    155      1
   174     36      1
   174    510      1
   174    568      1
   175     25      1
   176     59      1
   176    178      1
   176    251      1
   176    578      1
   177    160      1
   177    182      1
   177    277      1
   178    176      1
   178    197      1
   178    249      1
   179     91      1
   179    238      1
   179    311      1
   179    593      1
   180     18      1
   181    170      1
   182    177      1
   183     12      1
   183    736      1
   184     91      1
   184    369      1
   184    603      1
   185    101      1
   185    188      1
   185    284      1
   186     91      1
   187      1      1
   187    763      1
   188    185      1
   188    357      1
   188    398      1
   188    723      1
   189     83      1
   189    231      1
   190     65      1
   190    483      1
   190    604      1
   191    144      1
   191    213      1
   192    160      1
   193    116      1
   193    715      1
   194     26      1
   194    342      1
   194    356      1
   195     83      1
   195    198      1
   195    438      1
   195    561      1
   196     99      1
   196    212      1
   196    492      1
   197    178      1
   198    195      1
   198    309      1
   198    614      1
   199     62      1
   199    410      1
   200     38      1
   200    288      1
   201    152      1
   201    230      1
   201    460      1
   202     36      1
   203     27      1
   204     90      1
   204    223      1
   205     88      1
   206     87      1
   206    482      1
   206    555      1
   206    791      1
   207     60      1
   208    151      1
   208    332      1
   208    602      1
   209     84      1
   210     23      1
   211     62      1
   211    691      1
   212    196      1
   212    402      1
   212    461      1
   213    191      1
   213    776      1
   214    141      1
   214    229      1
   214    704      1
   214    735      1
   214    767      1
   215     92      1
   216    147      1
   216    374      1
   217    142      1
   217    465      1
   218     57      1
   218    428      1
   218    683      1
   219     39      1
   219    305      1
   219    446      1
   220     62      1
   220    724      1
   221     38      1
   221    746      1
   222    170      1
   223    204      1
   223    233      1
   224     58      1
   224    327      1
   224    330      1
   225    149      1
   225    580      1
   226    121      1
   226    246      1
   226    303      1
   226    432      1
   226    733      1
   227    109      1
   228    139      1
   228    239      1
   229    214      1
   229    241      1
   230    201      1
   231    189      1
   231    422      1
   232      3      1
   232    255      1
   233    223      1
   233    710      1
   234     71      1
   235    118      1
   236    119      1
   236    592      1
   236    598      1
   237     39      1
   237    509      1
   238    179      1
   239    228      1
   239    397      1
   240     25      1
   241    229      1
   241    349      1
   241    688      1
   242    162      1
   242    250      1
   243     97      1
   243    520      1
   243    797      1
   244    164      1
   244    362      1
   245    148      1
   245    716      1
   246    226      1
   246    252      1
   246    673      1
   247    116      1
   247    739      1
   248    115      1
   248    512      1
   249    178      1
   249    268      1
   249    462      1
   249    605      1
   249    641      1
   250    242      1
   250    377      1
   251    176      1
   252    246      1
   253    108      1
   254     83      1
   254    546      1
   254    753      1
   255    232      1
   255    662      1
   256     84      1
   256    267      1
   257    168      1
   258     50      1
   258    321      1
   259     87      1
   259    363      1
   260     49      1
   261     43      1
   261    344      1
   262     87      1
   262    405      1
   262    459      1
   263    125      1
   263    350      1
   263    502      1
   264     58      1
   265    113      1
   265    585      1
   266     22      1
   266    354      1
   267    256      1
   267    548      1
   267    786      1
   268    249      1
   268    390      1
   268    487      1
   268    611      1
   268    658      1
   268    663      1
   269     29      1
   270    133      1
   270    572      1
   271    143      1
   271    378      1
   272     88      1
   272    780      1
   273     20      1
   273    371      1
   273    549      1
   274    152      1
   274    749      1
   275     42      1
   275    590      1
   275    684      1
   276    139      1
   277    177      1
   278     64      1
   279     48      1
   280     57      1
   281     25      1
   282    115      1
   282    293      1
   282    744      1
   283    131      1
   284    185      1
   284    426      1
   285     61      1
   286      4      1
   287    153      1
   287    399      1
   288    200      1
   289     48      1
   289    489      1
   290     39      1
   291      8      1
   291    395      1
   291    418      1
   292     18      1
   293    282      1
   293    360      1
   294     52      1
   294    427      1
   295    115      1
   296     99      1
   297     44      1
   297    425      1
   298    157      1
   298    456      1
   299     86      1
   299    322      1
   300     49      1
   300    498      1
   301    101      1
   301    393      1
   302    124      1
   303    226      1
   304      1      1
   304    396      1
   305    219      1
   306     66      1
   306    751      1
   307     37      1
   307    586      1
   308    117      1
   308    668      1
   309    198      1
   310     27      1
   310    337      1
   311    179      1
   312    119      1
   312    414      1
   312    499      1
   313    148      1
   313    358      1
   314     32      1
   315    106      1
   315    440      1
   315    451      1
   315    538      1
   315    756      1
   316     30      1
   317    112      1
   317    607      1
   318     30      1
   318    505      1
   319    169      1
   320     17      1
   320    697      1
   321    258      1
   321    648      1
   322    299      1
   323    167      1
   323    346      1
   323    474      1
   324      9      1
   324    741      1
   325     79      1
   325    622      1
   326    115      1
   326    433      1
   326    707      1
   327    224      1
   327    372      1
   327    504      1
   327    608      1
   328     13      1
   328    469      1
   329     31      1
   330    224      1
   330    633      1
   331    142      1
   331    680      1
   332    208      1
   333     60      1
   333    435      1
   334    141      1
   334    526      1
   334    692      1
   335     79      1
   336    102      1
   336    444      1
   336    468      1
   337    310      1
   338     90      1
   339      9      1
   340    126      1
   340    470      1
   341    122      1
   341    392      1
   341    740      1
   342    194      1
   343    161      1
   343    798      1
   344    261      1
   344    443      1
   344    503      1
   345     67      1
   346    323      1
   346    408      1
   346    562      1
   346    575      1
   347    168      1
   348     75      1
   349    241      1
   349    351      1
   349    409      1
   350    263      1
   350    403      1
   351    349      1
   352     46      1
   352    606      1
   353     14      1
   353    434      1
   354    266      1
   354    637      1
   355      6      1
   356    194      1
   356    453      1
   356    681      1
   357    188      1
   358    313      1
   359     24      1
   359    485      1
   360    293      1
   361    142      1
   361    525      1
   361    558      1
   362    244      1
   362    478      1
   362    513      1
   363    259      1
   364    101      1
   365    104      1
   365    626      1
   365    722      1
   366     87      1
   367     32      1
   368     11      1
   368    373      1
   369    184      1
   369    649      1
   370    139      1
   371    273      1
   371    448      1
   371    467      1
   372    327      1
   372    563      1
   373    368      1
   374    216      1
   375     24      1
   375    694      1
   375    728      1
   376    106      1
   376    675      1
   377    250      1
   377    574      1
   378    271      1
   378    494      1
   379     44      1
   379    407      1
   380      7      1
   381    104      1
   381    384      1
   381    419      1
   382     86      1
   383    166      1
   384    381      1
   385    166      1
   386    161      1
   387     68      1
   387    442      1
   387    784      1
   388     44      1
   388    778      1
   389     42      1
   389    437      1
   390    268      1
   391    142      1
   391    533      1
   392    341      1
   392    475      1
   393    301      1
   394     15      1
   394    450      1
   395    291      1
   395    508      1
   396    304      1
   397    239      1
   397    501      1
   398    188      1
   399    287      1
   399    792      1
   400     19      1
   401     68      1
   401    630      1
   402    212      1
   403    350      1
   404     27      1
   404    670      1
   405    262      1
   405    581      1
   405    682      1
   406     47      1
   407    379      1
   408    346      1
   408    566      1
   409    349      1
   410    199      1
   411     75      1
   412    103      1
   413     63      1
   413    550      1
   414    312      1
   414    725      1
   415     15      1
   416     88      1
   416    657      1
   417     16      1
   417    480      1
   418    291      1
   419    381      1
   420      6      1
   421     49      1
   422    231      1
   423    134      1
   424    123      1
   424    631      1
   425    297      1
   426    284      1
   426    519      1
   427    294      1
   428    218      1
   429    136      1
   429    589      1
   429    793      1
   430    155      1
   431    125      1
   432    226      1
   433    326      1
   433    584      1
   434    353      1
   435    333      1
   436     94      1
   437    389      1
   437    686      1
   438    195      1
   438    522      1
   439    107      1
   440    315      1
   440    639      1
   441     94      1
   441    449      1
   441    521      1
   441    766      1
   442    387      1
   443    344      1
   444    336      1
   444    664      1
   445     99      1
   445    567      1
   446    219      1
   447    128      1
   448    371      1
   449    441      1
   449    677      1
   449    700      1
   450    394      1
   451    315      1
   452     73      1
   452    488      1
   453    356      1
   453    473      1
   454    160      1
   455    116      1
   456    298      1
   457     33      1
   457    656      1
   458    123      1
   459    262      1
   459    529      1
   460    201      1
   461    212      1
   462    249      1
   462    539      1
   463     28      1
   464     58      1
   465    217      1
   465    583      1
   466     94      1
   467    371      1
   467    720      1
   468    336      1
   469    328      1
   469    698      1
   470    340      1
   470    486      1
   470    761      1
   471    161      1
   472    127      1
   473    453      1
   474    323      1
   474    556      1
   475    392      1
   476    144      1
   477     88      1
   477    729      1
   478    362      1
   478    754      1
   479    119      1
   480    417      1
   480    511      1
   481     60      1
   482    206      1
   483    190      1
   483    625      1
   484     66      1
   484    545      1
   484    702      1
   485    359      1
   485    500      1
   485    759      1
   486    470      1
   487    268      1
   488    452      1
   489    289      1
   489    552      1
   490    164      1
   491     19      1
   491    557      1
   492    196      1
   493      5      1
   494    378      1
   494    760      1
   495     95      1
   496     53      1
   497    161      1
   497    547      1
   498    300      1
   499    312      1
   499    553      1
   500    485      1
   501    397      1
   502    263      1
   503    344      1
   504    327      1
   504    610      1
   505    318      1
   506      3      1
   507     30      1
   507    727      1
   508    395      1
   508    721      1
   509    237      1
   510    174      1
   510    564      1
   511    480      1
   512    248      1
   513    362      1
   514     83      1
   514    535      1
   515    171      1
   515    730      1
   516     30      1
   516    632      1
   516    651      1
   516    770      1
   517    143      1
   517    577      1
   518     75      1
   519    426      1
   520    243      1
   520    669      1
   521    441      1
   521    676      1
   522    438      1
   523    166      1
   523    777      1
   524    122      1
   525    361      1
   525    528      1
   525    661      1
   525    666      1
   526    334      1
   527     18      1
   527    543      1
   528    525      1
   528    569      1
   529    459      1
   529    544      1
   530     61      1
   530    672      1
   531     46      1
   532     39      1
   533    391      1
   533    689      1
   534     32      1
   534    615      1
   535    514      1
   536    155      1
   537     33      1
   538    315      1
   539    462      1
   540     57      1
   540    659      1
   541     22      1
   542     12      1
   543    527      1
   544    529      1
   545    484      1
   545    596      1
   546    254      1
   547    497      1
   547    645      1
   548    267      1
   548    687      1
   548    738      1
   549    273      1
   549    709      1
   550    413      1
   551     38      1
   552    489      1
   552    699      1
   553    499      1
   554     66      1
   555    206      1
   556    474      1
   557    491      1
   558    361      1
   559     84      1
   560    142      1
   560    623      1
   561    195      1
   561    570      1
   562    346      1
   563    372      1
   563    708      1
   564    510      1
   565     91      1
   566    408      1
   567    445      1
   568    174      1
   569    528      1
   569    609      1
   570    561      1
   570    619      1
   571      5      1
   572    270      1
   573    113      1
   574    377      1
   575    346      1
   576    143      1
   577    517      1
   578    176      1
   579     90      1
   580    225      1
   581    405      1
   582     51      1
   583    465      1
   584    433      1
   585    265      1
   586    307      1
   587     86      1
   588     28      1
   588    612      1
   589    429      1
   589    665      1
   590    275      1
   591    111      1
   592    236      1
   593    179      1
   594     28      1
   595    141      1
   596    545      1
   597    152      1
   598    236      1
   599     42      1
   599    734      1
   600      8      1
   601     70      1
   602    208      1
   602    613      1
   603    184      1
   604    190      1
   604    634      1
   605    249      1
   605    773      1
   606    352      1
   607    317      1
   608    327      1
   609    569      1
   609    718      1
   610    504      1
   610    743      1
   611    268      1
   612    588      1
   613    602      1
   613    781      1
   614    198      1
   615    534      1
   615    757      1
   616     88      1
   617     93      1
   617    624      1
   617    706      1
   618    159      1
   619    570      1
   620    156      1
   621     31      1
   622    325      1
   623    560      1
   624    617      1
   624    779      1
   624    785      1
   625    483      1
   626    365      1
   627     14      1
   628    160      1
   628    711      1
   629     19      1
   629    638      1
   630    401      1
   631    424      1
   631    765      1
   632    516      1
   633    330      1
   634    604      1
   635    151      1
   636     68      1
   637    354      1
   638    629      1
   639    440      1
   640     37      1
   640    705      1
   641    249      1
   642     97      1
   643     16      1
   644    100      1
   644    745      1
   645    547      1
   646    117      1
   646    703      1
   647     73      1
   648    321      1
   649    369      1
   650     32      1
   651    516      1
   652      5      1
   653     26      1
   654     21      1
   655     66      1
   656    457      1
   657    416      1
   657    790      1
   658    268      1
   659    540      1
   660     69      1
   661    525      1
   662    255      1
   663    268      1
   664    444      1
   664    693      1
   665    589      1
   665    755      1
   666    525      1
   667    172      1
   668    308      1
   669    520      1
   669    752      1
   670    404      1
   671     79      1
   672    530      1
   673    246      1
   674     68      1
   675    376      1
   676    521      1
   677    449      1
   678     93      1
   679     15      1
   680    331      1
   681    356      1
   681    764      1
   682    405      1
   683    218      1
   683    799      1
   684    275      1
   685    130      1
   686    437      1
   687    548      1
   688    241      1
   689    533      1
   690     73      1
   691    211      1
   692    334      1
   693    664      1
   694    375      1
   695     53      1
   696     33      1
   697    320      1
   698    469      1
   699    552      1
   700    449      1
   700    762      1
   701     99      1
   701    796      1
   702    484      1
   703    646      1
   703    713      1
   704    214      1
   705    640      1
   706    617      1
   707    326      1
   707    719      1
   708    563      1
   709    549      1
   710    233      1
   711    628      1
   712    150      1
   713    703      1
   714     48      1
   715    193      1
   716    245      1
   717    164      1
   718    609      1
   718    737      1
   719    707      1
   720    467      1
   721    508      1
   722    365      1
   722    768      1
   723    188      1
   724    220      1
   725    414      1
   726     12      1
   727    507      1
   728    375      1
   729    477      1
   730    515      1
   730    789      1
   731    137      1
   732    134      1
   733    226      1
   734    599      1
   735    214      1
   736    183      1
   737    718      1
   738    548      1
   739    247      1
   740    341      1
   741    324      1
   742     66      1
   743    610      1
   744    282      1
   745    644      1
   746    221      1
   747    133      1
   748     80      1
   749    274      1
   750    118      1
   751    306      1
   752    669      1
   753    254      1
   754    478      1
   755    665      1
   756    315      1
   757    615      1
   758     68      1
   759    485      1
   760    494      1
   761    470      1
   762    700      1
   763    187      1
   764    681      1
   765    631      1
   766    441      1
   767    214      1
   768    722      1
   769     30      1
   770    516      1
   771     37      1
   771    774      1
   772     24      1
   773    605      1
   774    771      1
   775     52      1
   776    213      1
   777    523      1
   778    388      1
   779    624      1
   780    272      1
   781    613      1
   782     85      1
   782    788      1
   783     63      1
   784    387      1
   785    624      1
   786    267      1
   787    141      1
   788    782      1
   789    730      1
   790    657      1
   791    206      1
   792    399      1
   793    429      1
   794    148      1
   795    103      1
   796    701      1
   797    243      1
   798    343      1
   799    683      1
