COORD_X_Y 250
  1.68377   2.27936
  2.87233   0.46838
  2.65197  0.541345
  1.14372  0.657445
  2.29699  0.279644
  2.88282   1.35526
  1.56597    2.1623
 0.635978  0.779143
  2.99957   2.29131
  1.12685   0.43843
 0.671785   1.37758
  2.95058   2.78358
   1.8997   1.40523
 0.977771  0.190677
  2.88012   2.75216
 0.408107   2.83585
   1.5898   1.27958
  1.88685   2.49548
  2.69778  0.374131
  2.90808  0.895925
  2.22093   2.59028
  2.06165   1.74245
 0.133937   2.45787
  2.02591   1.94972
 0.420868   2.33236
 0.947302   1.86634
   1.7009   2.29344
  2.39819  0.416751
 0.490522   1.81783
 0.787996   2.49394
  2.05488  0.463977
  2.24552    0.6965
  2.64299    1.9741
  2.85671   1.23538
0.0809181   1.16659
  2.71818   2.09822
  2.59037  0.760872
  2.47633    1.3003
 0.206616     2.612
 0.177977  0.118518
  1.33737   1.41127
 0.933059   2.75168
  1.17546   2.49308
  2.50161  0.102339
 0.507355   2.47036
  1.11802  0.514891
  1.53494   2.77677
 0.435394   2.53389
 0.987906   2.96684
 0.591798  0.934943
  2.63679  0.660897
0.0193303   2.23039
 0.626447   2.51037
   2.4714   2.06911
 0.152149  0.719258
 0.741169  0.360303
   1.1983  0.650041
  2.04566   2.55735
0.0130085   2.82085
 0.981486   2.55902
  1.75198    1.3524
  1.09465   2.22973
 0.267389   2.83434
 0.202129  0.737632
  1.52178  0.190521
  2.97266  0.249885
  1.96612 0.0180041
  1.12198  0.555542
  1.64642  0.097342
 0.329453   2.98786
  2.27605  0.605399
  2.01684   1.87861
   2.7307   1.10606
    1.817   2.68903
  2.42668   1.73073
  2.28406   1.42261
  2.19422   1.67154
 0.847025   2.12051
 0.481607   1.60126
0.0689439 0.0370744
 0.548994   1.50301
  0.49908   1.14912
  2.89907   2.47442
 0.166134    1.1136
  1.41699  0.884026
  2.44455   2.38709
  1.73045  0.424608
  2.46822   2.59904
 0.604817   2.38321
  2.29409   1.02966
  1.41219   2.37628
  2.40111   2.93867
 0.275026 0.0821128
 0.827239   1.64573
 0.457552   2.35709
  1.53202  0.942977
  1.05819  0.240739
 0.858512   1.54543
  2.77448   2.84902
  1.41159   1.99369
 0.610391  0.406194
    2.545   2.99532
  2.12227   2.92832
  1.30854   1.79114
  2.19748     2.719
 0.302272   1.32669
  1.18614   1.25234
 0.963404   2.28435
 0.321821   1.01142
 0.742473   2.86938
 0.359154   1.51904
    2.669 0.0344229
  1.34204  0.922478
0.0178599  0.721066
  2.42488   1.80174
 0.219422  0.962083
  1.77664   1.40807
  1.98025   2.38385
0.0751441    2.0071
  1.21306   1.61063
  0.79495   2.19942
 0.782276   2.01681
  2.89389   1.59545
  1.90465  0.654553
 0.531038   1.20039
 0.340063    1.8507
  2.48714   1.15935
  1.89932    1.2553
  2.30308   0.50708
  1.37521   2.29252
  2.34245   1.38241
  1.44549   2.92838
  2.09958   2.48782
 0.713018   2.85485
  2.19631   1.90035
  2.78418  0.789903
  1.61038  0.172617
  2.82088   2.25469
   1.3531   1.41042
  1.67406  0.775123
  1.46756   1.21329
  2.60146   1.38074
0.0823402   2.89341
 0.436745   2.95378
  1.98029   2.03271
  1.59153  0.964495
   1.9245  0.743216
   2.7137  0.372201
  2.78128   2.36184
 0.653624   1.18052
  1.02367  0.602484
  2.75724   1.50754
 0.682661  0.538699
  1.82765   2.21881
  1.87811   2.35071
  1.48037   2.77307
 0.308402    1.6444
   2.8775   1.69799
  2.89884  0.361578
  2.85674    1.3936
 0.409368   0.81359
 0.435494  0.989176
 0.994436  0.905407
   1.0628   2.73646
  1.81339   2.33323
  2.20576  0.592054
 0.331698   1.76067
 0.822749  0.727837
  1.08657   1.46914
  1.57383   1.83567
 0.798206   1.04307
  2.41955   1.23222
  2.16038  0.923839
  2.59667  0.470746
  1.46953   2.11681
  2.38569  0.524392
 0.386072  0.994337
  1.45185   1.52817
 0.571081   1.11106
  2.35078   2.22359
  1.90873    1.8773
  1.66332   2.43377
  2.57947   1.42512
  1.39522  0.437429
  2.94304    2.7412
  0.26177   1.64494
  1.84062   1.82349
  2.09928   2.70256
   2.1945   1.51341
 0.927906   1.99066
  2.49777   2.47253
 0.365286   1.67429
 0.341728   2.70321
  2.68486   1.43635
  2.10416  0.716882
  2.30691   2.21145
 0.999295   2.35922
  2.67206   2.43457
 0.765652   1.06281
  2.81707  0.439264
  1.15258    1.7623
  1.49063   1.36293
  2.45849   2.79823
  2.49925    0.2668
 0.734558   1.42575
  2.97589   1.57643
  2.76743  0.872484
  0.37634    1.7433
 0.454228   1.36637
  1.70425   2.53965
 0.809111   2.92813
  1.34758  0.806906
  1.82094   1.48875
0.0929719   2.53839
  1.70443    1.4449
  1.72262  0.609691
   2.6938  0.121707
 0.705359  0.560775
  2.99925   1.82283
 0.683826  0.428962
  1.86239  0.301609
 0.982894   2.81576
  1.25086   1.76809
  0.44886   1.15033
  2.35384    1.5407
  1.93339   1.57367
  2.59038   2.27947
  2.02623   2.77897
  2.62614   1.84398
  1.92057   1.29636
 0.920405   2.14492
 0.442224   1.51192
  2.56728   0.85526
   2.1541   1.43331
 0.825426   2.01867
 0.421216  0.740284
  1.87822    1.6564
  2.24401   1.97023
0.0171975   1.53368
   2.4104   1.25548
  1.09822  0.478343
  2.53967   2.99679
  1.62444   1.21676
 0.813103   2.09302
  2.54131  0.490123
  1.70216   0.94974
  1.57551  0.178782
 0.529023   2.96358
  2.54501   2.87956
  2.35358   2.44978
LINKS_SOURCE_DESTINATION_DISTANCE 498
     0      1      1
     0      6      1
     0     56      1
     1      0      1
     1      2      1
     1      4      1
     1      5      1
     1     12      1
     1     14      1
     1     30      1
     1     47      1
     1     66      1
     1    140      1
     2      1      1
     2      3      1
     2     18      1
     2     35      1
     2     78      1
     2    107      1
     3      2      1
     3      9      1
     3     13      1
     3     25      1
     3     31      1
     3     77      1
     4      1      1
     4      8      1
     4     28      1
     4     43      1
     4     52      1
     4    151      1
     5      1      1
     5      7      1
     5     21      1
     6      0      1
     6     10      1
     6     53      1
     6     86      1
     7      5      1
     7     17      1
     7     33      1
     7    182      1
     7    209      1
     8      4      1
     8    159      1
     8    180      1
     8    221      1
     8    230      1
     9      3      1
     9     46      1
     9    137      1
     9    142      1
    10      6      1
    10     11      1
    10     26      1
    10    115      1
    10    152      1
    11     10      1
    11     64      1
    12      1      1
    12     27      1
    13      3      1
    13     19      1
    13     20      1
    13     23      1
    13     45      1
    13     48      1
    14      1      1
    14     15      1
    14     16      1
    14     63      1
    14    213      1
    15     14      1
    15     29      1
    15     87      1
    15    154      1
    16     14      1
    16     24      1
    16     34      1
    16     58      1
    16    131      1
    16    192      1
    17      7      1
    17     71      1
    17     90      1
    17    187      1
    18      2      1
    18     22      1
    18     54      1
    19     13      1
    19     32      1
    19     69      1
    19    229      1
    20     13      1
    20     37      1
    20     81      1
    21      5      1
    21     42      1
    21    145      1
    22     18      1
    22    155      1
    22    173      1
    22    208      1
    23     13      1
    24     16      1
    24     41      1
    25      3      1
    25    212      1
    26     10      1
    26     51      1
    27     12      1
    27     38      1
    27     59      1
    27     68      1
    27    177      1
    28      4      1
    28     40      1
    29     15      1
    29    108      1
    30      1      1
    30    122      1
    31      3      1
    31     39      1
    31     65      1
    32     19      1
    33      7      1
    33     91      1
    34     16      1
    34     36      1
    34     70      1
    34     83      1
    34     93      1
    34    112      1
    35      2      1
    35     60      1
    35    126      1
    35    158      1
    36     34      1
    36     99      1
    36    123      1
    36    162      1
    37     20      1
    37     49      1
    37     95      1
    37    106      1
    37    166      1
    38     27      1
    39     31      1
    39    147      1
    40     28      1
    40     50      1
    40     62      1
    41     24      1
    41     44      1
    42     21      1
    42    179      1
    43      4      1
    43     55      1
    43     76      1
    43     94      1
    43    157      1
    44     41      1
    44    149      1
    45     13      1
    45     75      1
    46      9      1
    46     61      1
    46     84      1
    46    120      1
    46    144      1
    46    210      1
    47      1      1
    47    117      1
    48     13      1
    48    150      1
    49     37      1
    49    100      1
    50     40      1
    50    119      1
    51     26      1
    51     67      1
    51     79      1
    51     92      1
    52      4      1
    52    105      1
    53      6      1
    54     18      1
    54    161      1
    55     43      1
    55     57      1
    55    135      1
    56      0      1
    56    110      1
    57     55      1
    57     80      1
    57    111      1
    58     16      1
    58     74      1
    58    172      1
    58    193      1
    59     27      1
    60     35      1
    60    101      1
    60    194      1
    61     46      1
    61     98      1
    62     40      1
    62     96      1
    63     14      1
    64     11      1
    65     31      1
    65     88      1
    65    114      1
    65    206      1
    66      1      1
    66     72      1
    67     51      1
    67    125      1
    68     27      1
    69     19      1
    69     73      1
    70     34      1
    71     17      1
    71     89      1
    72     66      1
    73     69      1
    74     58      1
    74    217      1
    75     45      1
    75    121      1
    76     43      1
    76    103      1
    77      3      1
    77    235      1
    78      2      1
    78     82      1
    79     51      1
    79     97      1
    80     57      1
    80    116      1
    80    215      1
    81     20      1
    81     85      1
    81    204      1
    82     78      1
    82    133      1
    83     34      1
    83    216      1
    84     46      1
    85     81      1
    86      6      1
    87     15      1
    88     65      1
    88    167      1
    89     71      1
    89    109      1
    89    186      1
    90     17      1
    90    160      1
    90    195      1
    90    244      1
    91     33      1
    91    175      1
    92     51      1
    92    174      1
    93     34      1
    94     43      1
    95     37      1
    95    102      1
    95    183      1
    96     62      1
    96    198      1
    97     79      1
    98     61      1
    99     36      1
   100     49      1
   100    104      1
   100    113      1
   101     60      1
   102     95      1
   102    132      1
   103     76      1
   103    163      1
   104    100      1
   105     52      1
   105    139      1
   106     37      1
   106    227      1
   107      2      1
   107    134      1
   107    168      1
   108     29      1
   108    130      1
   109     89      1
   110     56      1
   110    136      1
   111     57      1
   112     34      1
   112    231      1
   113    100      1
   113    170      1
   114     65      1
   114    146      1
   114    165      1
   115     10      1
   115    118      1
   116     80      1
   117     47      1
   118    115      1
   118    129      1
   118    218      1
   118    223      1
   118    232      1
   119     50      1
   119    143      1
   120     46      1
   120    124      1
   120    200      1
   121     75      1
   121    127      1
   122     30      1
   122    171      1
   123     36      1
   123    243      1
   124    120      1
   124    128      1
   125     67      1
   126     35      1
   127    121      1
   127    169      1
   128    124      1
   128    176      1
   128    189      1
   129    118      1
   129    138      1
   130    108      1
   130    164      1
   131     16      1
   131    141      1
   132    102      1
   133     82      1
   133    196      1
   134    107      1
   134    248      1
   135     55      1
   136    110      1
   136    205      1
   136    233      1
   137      9      1
   137    184      1
   138    129      1
   139    105      1
   139    148      1
   139    191      1
   140      1      1
   141    131      1
   142      9      1
   143    119      1
   144     46      1
   145     21      1
   146    114      1
   147     39      1
   148    139      1
   148    197      1
   149     44      1
   149    185      1
   149    214      1
   150     48      1
   150    153      1
   151      4      1
   152     10      1
   152    156      1
   152    219      1
   152    238      1
   153    150      1
   154     15      1
   155     22      1
   156    152      1
   157     43      1
   157    222      1
   158     35      1
   159      8      1
   159    201      1
   160     90      1
   160    211      1
   161     54      1
   162     36      1
   163    103      1
   164    130      1
   165    114      1
   165    178      1
   165    181      1
   165    190      1
   166     37      1
   167     88      1
   168    107      1
   168    203      1
   169    127      1
   170    113      1
   171    122      1
   172     58      1
   172    188      1
   173     22      1
   173    202      1
   174     92      1
   175     91      1
   176    128      1
   177     27      1
   178    165      1
   179     42      1
   180      8      1
   181    165      1
   182      7      1
   183     95      1
   184    137      1
   185    149      1
   186     89      1
   187     17      1
   187    237      1
   188    172      1
   189    128      1
   189    207      1
   190    165      1
   191    139      1
   192     16      1
   193     58      1
   193    199      1
   193    228      1
   194     60      1
   194    234      1
   194    245      1
   195     90      1
   196    133      1
   197    148      1
   198     96      1
   199    193      1
   200    120      1
   201    159      1
   202    173      1
   203    168      1
   204     81      1
   204    225      1
   205    136      1
   205    224      1
   206     65      1
   207    189      1
   208     22      1
   209      7      1
   209    220      1
   210     46      1
   211    160      1
   212     25      1
   213     14      1
   213    226      1
   214    149      1
   215     80      1
   216     83      1
   217     74      1
   218    118      1
   219    152      1
   220    209      1
   221      8      1
   221    240      1
   222    157      1
   223    118      1
   223    239      1
   224    205      1
   225    204      1
   226    213      1
   227    106      1
   228    193      1
   229     19      1
   229    242      1
   230      8      1
   230    249      1
   231    112      1
   232    118      1
   233    136      1
   233    241      1
   234    194      1
   234    236      1
   235     77      1
   235    246      1
   236    234      1
   237    187      1
   238    152      1
   239    223      1
   240    221      1
   241    233      1
   242    229      1
   243    123      1
   244     90      1
   245    194      1
   246    235      1
   246    247      1
   247    246      1
   248    134      1
   249    230      1
