COORD_X_Y 800
  2.80225  0.164524
  1.38702   1.40922
  2.87596   2.18851
 0.249243   2.89501
  1.54714   1.09642
  2.26256   0.39379
  2.72884   2.52754
  2.19911   2.56985
  1.65241   2.82778
 0.437407  0.937486
  2.19611   2.70205
  2.23082   1.50664
 0.437973   2.15071
  1.11456   2.54782
  1.32539    1.8685
 0.535482   0.52586
 0.172725   2.22733
  1.59065    2.9235
  2.29082   2.23211
  1.22262    1.2996
  2.34181   2.36112
  2.99481  0.299781
   0.9843    2.8447
  0.60663  0.707678
  1.72421  0.389486
  1.09983   0.10161
  2.93854   1.91229
  2.07247   1.82175
  2.66221  0.870655
  2.09181   1.97722
  1.33872   2.59589
 0.192482    0.7247
  2.23858  0.231541
  1.42718   1.72907
  1.66687   0.52688
  1.85326   2.15362
   1.5315   0.17248
 0.194709   2.69943
  2.97162   1.47877
  1.59889   1.08079
  1.31766  0.175895
 0.645478   2.11055
 0.546328 0.0516825
  2.98606   2.91505
  1.22957   1.14088
  1.23723  0.957705
  2.13562  0.372942
  2.63995   1.57199
  2.76606   1.70244
  2.65285  0.723879
 0.450427   2.59876
  1.98086   2.95406
 0.601344   1.63471
  2.93524   1.04741
  1.02889  0.805373
 0.874084   2.62645
  2.12525   1.05167
  2.14188  0.977276
 0.551113    1.0288
0.0898528   1.74241
  2.07778   1.52977
 0.969538   1.08388
  2.99754  0.667274
  2.26661   0.51176
   1.6226   1.16996
  2.33898   2.35678
  1.72327   1.42207
  0.36843  0.504324
   2.5416   1.45923
  2.61127   1.50957
 0.432363   2.48043
  2.47056   2.09084
 0.555624  0.857645
  1.40804   2.78471
 0.600009   1.94444
  1.37125   2.41465
  2.48285  0.423986
    2.417   1.70293
  2.11039   0.54834
  1.17555   2.67412
 0.899979   1.62579
   2.7462   2.43932
  1.61727   2.31464
  2.83252   1.90138
  1.60318    2.4095
  2.25892   2.86955
   2.2958   1.95027
  2.05706  0.202529
  2.15615   2.26506
 0.238809   1.24856
  2.08814   2.84461
   1.2925   1.23604
  1.07134   2.91586
  1.75797   2.69957
  1.20329   2.52512
  2.27423    1.2174
 0.555963   1.33273
  2.18684  0.650852
  2.14449   1.19564
  0.24144   2.33266
  1.07721   2.64305
0.0339355   1.88895
 0.992456  0.497586
  1.14171  0.697064
  1.19744  0.492446
  1.61108   2.65925
  1.63876   2.19255
  1.28656   1.19298
 0.773743   2.19895
  1.17864 0.0449076
  2.50196   2.43778
 0.257479  0.341349
  1.16464    2.8392
  1.97709   1.53129
  1.35334  0.496047
  1.24906   1.00368
  1.52506   1.83048
  2.29053    1.8748
 0.417886  0.436175
  2.44743   2.13029
  1.61132    2.3878
  1.46793   1.20426
 0.642939   1.46117
 0.389339  0.914808
 0.667485   1.61809
  2.62069  0.750519
  2.80548   1.71394
  1.96422   1.86499
 0.813703   2.16395
 0.171878  0.102904
  1.06853   1.70682
  2.02893   1.37226
  2.36692   1.65443
  1.48325 0.0261764
 0.591644  0.541639
 0.584334    1.1314
  1.65941   1.67967
  2.66356  0.646107
 0.346653   1.18995
  2.97455   1.07199
 0.552563   2.32908
  1.13138   2.32454
  2.09537   2.27888
   1.2728   1.07774
  2.70563    2.7635
  1.53999   1.10128
  2.76254   1.26222
 0.853442   1.07856
  2.06064  0.441816
   1.7629   2.91504
  1.63253   1.53797
   2.6042  0.837549
  2.37312   2.67902
  2.01066   2.79975
  2.07154   1.51028
 0.396181  0.330984
  1.99649   0.64884
 0.539155   2.61765
   1.7578   2.07702
  0.77133   1.67184
  2.51562   2.05756
  2.13116   2.29948
  1.91927   1.12768
  1.39861   2.77227
  2.23146   1.15448
  1.98499    2.9423
  1.92776   1.10479
   2.9339   2.84354
 0.127489    2.9758
  2.75839   2.46135
  2.08504   1.99311
   2.0477  0.878745
   2.1865   2.04978
 0.805365  0.914279
0.0114084  0.432211
   2.7957   2.39483
  0.17684  0.181846
  1.64591    1.6129
  1.23223    1.2146
   1.3714  0.559089
 0.126572  0.729381
 0.600948   1.66506
  2.66273  0.557663
  1.37302   2.38163
  1.32312   2.48509
  2.20667   2.69998
    1.704  0.718838
  2.00792   1.63329
  2.88679 0.0664255
  1.00633  0.100098
  2.82876    1.1275
  2.61025   1.75164
  2.07261    2.9024
 0.334726   1.71819
 0.516944   2.11413
  2.71495  0.659349
 0.110089   2.08949
  1.45726   1.78549
  1.84735  0.487797
  1.42213  0.390969
  1.47617   2.77402
  1.89573   1.84962
  2.92923   2.93754
  2.71117   2.24594
  2.32266   2.93768
  2.52502   1.06594
  1.63616  0.829966
  1.79318   1.55302
 0.514299   1.08024
  2.81924   1.82271
  1.89362   2.39266
  2.35714   1.42604
  2.97402   2.45973
0.0868848  0.871405
0.0794124   2.78133
  2.92231   2.14194
 0.661385   2.84664
  1.15204  0.229097
 0.429604   1.65044
 0.260354   2.46655
   1.4402   1.73342
 0.451948  0.250127
 0.306194   0.40395
  2.36581  0.665107
  1.76806   2.50782
   1.1811  0.965765
  2.35867  0.397445
  2.69269    2.8534
  2.79027   2.65996
  2.19164   1.77358
  1.94155  0.726338
  2.72342   0.33455
  0.90319   1.41159
 0.579282   2.69499
  1.99356   0.55698
  2.95643  0.819125
   1.9972  0.988918
 0.389178   2.68668
  1.94003   2.63808
 0.804465   2.15492
 0.814999   2.79194
 0.943863  0.332236
 0.579366  0.623663
   2.2996  0.282493
  2.92188   2.48565
  2.03391   1.64178
  0.58535  0.637383
  1.25249   1.09747
  1.35882  0.461772
  2.37634    2.2401
 0.683223    1.4915
  2.30655   1.27962
  2.04541   2.53948
 0.937599   1.05326
  2.46112   2.91276
  2.48295  0.781102
  1.89965   2.14445
  2.03688    2.2317
  2.24831  0.702926
   1.4972   1.78329
 0.747818   2.62193
  1.50403   1.20837
 0.365825   2.67876
  2.13137   1.69054
  1.70274   1.30701
  2.21953   2.45972
  2.26192   2.02271
   2.1452  0.301734
  2.12877   1.57843
  1.59885  0.597948
  2.90793   2.81345
  2.73657   2.07031
  1.33897   1.17892
 0.916025   1.02634
  2.80129   1.93706
  1.85505    2.8395
  1.16246  0.616618
  2.20474  0.725989
  1.49127  0.151962
  2.04342  0.667143
  1.59959   2.94089
 0.484704  0.693554
  2.01628   2.23248
  2.86942  0.855149
  2.48992   1.79319
 0.686332   1.80732
0.0586185   1.40544
  2.18156   1.48443
  1.91865   1.29676
  1.39255   2.68935
 0.620929  0.280156
  1.99382   1.52222
  2.60707  0.178397
   1.8346   2.47101
  1.94501  0.995257
  2.94904   2.90771
    0.905   0.27104
  2.19478   2.70637
 0.882219  0.306053
  1.12183   2.35977
  2.14369 0.0223075
 0.523894   1.87151
  1.36976  0.595469
  1.34645  0.186488
  1.70765     2.549
  2.41792   2.71814
 0.241899   2.17617
 0.852467   2.09264
 0.074117   2.97446
  2.60826   2.06691
  1.71274   2.29683
  1.16556   2.31064
 0.940842   2.77564
  2.11501  0.658893
 0.517965   2.72064
  2.37101   2.36659
  2.92822   1.04314
  2.18702   1.51451
  2.77243  0.958942
  1.29465  0.811207
  1.12922  0.594247
  2.08062   2.60114
   1.0882   2.96902
  2.13506   1.90434
  1.67667   1.59977
  2.05752   1.76344
   2.9256   1.76795
  2.99196  0.455741
    2.166  0.365414
  1.30313   2.84521
  2.28833   1.85054
 0.149848   1.48668
 0.702347    1.6902
  1.20072   1.58982
  2.17601   2.34657
  1.93692  0.289157
   0.8523  0.349551
  1.62112   2.54676
    1.009   1.33285
  1.15217   2.98536
 0.905974   1.61439
  1.12919   1.23301
  2.56198   2.47318
 0.381895  0.601827
 0.416905   2.38962
  2.14614   1.94749
  1.33368   1.31398
  2.09987   2.34037
 0.974897  0.112535
 0.158965   2.40929
  1.92513   2.21984
   2.6448  0.541217
 0.773046 0.0997354
  2.86722 0.0743271
  2.32756   1.68674
  1.68765   2.43328
  1.98187   2.76664
  1.89136   2.86178
  2.05839   1.12351
  2.90328    2.7649
 0.595568  0.595519
  1.91186   2.66368
0.0581569  0.666856
  2.37754  0.408359
  1.64595  0.500239
  2.35092   1.35381
 0.443631  0.112499
  1.14205   1.02325
  1.74203  0.200399
 0.288611    2.8933
   1.2145   2.09258
   1.6603   2.95144
 0.675931   1.84357
   1.8137   1.43616
  2.67469   2.60424
  1.42605   1.55435
  1.24625   1.82197
  2.61882  0.881631
  1.27543   2.42536
 0.475144   1.24198
 0.828487  0.177924
  1.28291  0.899508
 0.162739   2.77434
 0.131236   1.75687
  1.08343   1.91235
  1.29411  0.535578
  2.76819   1.50526
  2.33775   2.39441
  2.83278  0.808416
  2.18642 0.0732946
  2.21167  0.937947
  2.17631    2.7204
  2.27366   2.96199
 0.426729    2.1373
 0.458511  0.438253
 0.389802   2.96249
 0.404996  0.338274
 0.478833  0.940567
   1.2592 0.0334145
 0.573334   2.69525
 0.386558   1.41476
 0.154812   1.00821
  2.19463  0.409582
 0.279122   1.80701
  2.14298   1.27553
  1.55685  0.312322
  2.09461   2.25156
  1.09955   1.51494
  2.60405   1.29939
  2.48176   0.37219
  0.75406   2.26082
  1.15385  0.717301
 0.213111   2.91865
 0.208928  0.586014
   2.5767   2.97148
  2.78439   1.16236
  2.41612   1.14731
  1.76935  0.574268
 0.301271   1.55659
  1.90291   2.75195
  2.26673   2.88599
 0.901559   2.77919
  2.30958   2.15452
  1.23709  0.482408
  1.77863   2.55109
  2.14922   2.07139
  2.96045   1.90561
  1.90188   2.97938
  2.32814   1.64426
  2.33737  0.707966
  2.17412   2.74091
  1.17936   1.06443
  2.85304   0.50596
  1.74089   1.45274
  1.20533   1.56469
   1.0159   1.27582
  1.40944   2.57375
 0.343526   1.39375
   1.1442   2.92887
  1.35799   2.28153
 0.608827   1.21328
  2.36484   2.05104
  1.02438   2.67739
   0.1598   2.38432
 0.873284   2.31604
  1.23979   2.73446
  1.84446  0.707533
  1.65663  0.413474
  2.77656  0.615173
  1.29278  0.711579
 0.281948   1.35744
 0.342176   2.01098
  1.69984   2.43227
  2.03682  0.323606
 0.830063   2.08373
0.0202057   1.75216
  1.12396   2.93817
  2.03355   1.73391
0.0387145   2.75724
 0.833117   2.59635
0.0952518   0.47258
 0.195355   1.01336
  2.82733   2.51211
 0.594292  0.644296
   1.6316     1.135
  1.23221  0.980644
  2.96026  0.651815
  2.50611   1.32633
 0.276789   2.73344
 0.595101   2.49756
  1.84388  0.269958
  1.27395   2.15643
 0.496717    2.5707
  2.16034   1.99985
 0.289232  0.913977
 0.899832   2.39671
  2.03923  0.648766
  2.87694   2.05675
 0.156007   1.15899
 0.240964   2.33551
 0.606844   2.46661
 0.457556   2.88778
 0.118124   1.54213
0.0420674   2.19458
  2.06899   2.71562
 0.989672  0.666748
  1.09908  0.575636
 0.141156   2.07773
 0.817354   2.51518
0.0107962 0.0216985
  1.20472   2.14688
 0.502674  0.328078
   2.1848  0.517591
  1.81607  0.320148
 0.010078    2.2552
  2.80693   1.89923
  1.87727   1.89919
 0.817377   1.01699
  2.48472   2.26888
 0.505315   2.55906
  1.64065   0.86458
  2.26099   0.37188
0.0805115    1.4223
  2.96001   2.51172
  2.73595   1.72535
  2.33181  0.575424
 0.906195   1.80393
  1.44126   2.10162
  1.43964   2.53864
 0.150928   1.97169
   1.5376   1.11888
  1.71553    2.3349
  2.04152   2.00481
  1.80258  0.189853
 0.424541   1.12028
 0.356766   1.94772
 0.188105   1.49703
 0.396881  0.570472
  1.86271    2.4321
  1.31995   2.02973
  1.82725   2.73479
  1.61478  0.338605
  2.91843   2.90512
  2.68079 0.0715945
 0.339198   1.20793
  2.03734   2.67056
 0.467757    2.4783
 0.869667   0.14918
  0.54257   2.32675
  1.80862   2.19667
  1.12424   1.00224
 0.954627   1.67393
  2.64246   2.02991
 0.660272   2.57985
  1.80314   2.91574
  1.56619  0.369719
  1.94889    1.2661
  1.36181   1.48456
  0.56456  0.291088
 0.560635   2.81301
  2.84689   1.88289
 0.543388   1.63519
   2.5209 0.0193266
  2.61585   2.19584
0.0855094   1.32225
  2.92472   2.93338
  1.29361 0.00846377
  2.18949   1.05734
 0.664395  0.543537
 0.402975   2.55431
  2.72966 0.0109621
 0.962679  0.910244
  1.66875  0.495512
  2.03931   1.08274
 0.653354  0.187173
  1.91268   2.87922
  2.18474  0.784862
  1.60148  0.511597
 0.912802  0.676644
  1.72936   2.92367
 0.819384   1.99158
  0.84807   1.19162
  1.16553   1.34427
  2.62331   1.65529
  1.64624  0.395771
  2.77932   1.57886
  2.42993    1.5676
  2.84239    2.5574
 0.910453  0.520471
   2.6233   1.25995
  1.09088   0.86704
 0.827696   1.52224
  1.96248   2.72166
  2.82537   2.43393
  2.55602   1.41459
   1.4928   2.06019
  2.52097   1.16178
  2.29275    1.9331
  2.02594   2.09782
  2.32247   0.32757
 0.538059   1.02675
  2.34974   2.61873
 0.462205  0.304182
  2.00531   2.35826
 0.945036   2.67054
  1.94177  0.621417
  1.40378  0.821339
 0.339286  0.011188
  2.19814   1.24078
  1.49861   2.45365
  2.89283  0.915827
   1.1222   1.42442
  0.79413   1.30503
   2.6986    1.7036
  2.64568   2.82862
 0.673848  0.862308
  2.87775   1.41986
 0.962598   2.33718
 0.631342   2.75357
   2.5271   1.82078
  0.27296   1.05712
0.0522532   1.07394
  2.28566  0.682893
 0.742372  0.831494
  2.64829  0.996479
  0.12487   1.46632
  2.58667  0.509757
 0.397886   1.43499
  1.45635   0.64241
 0.252839  0.206535
  1.61892   1.49801
  1.43463  0.981408
 0.580864  0.693802
  2.31155   2.46195
  1.38001   2.01198
  1.30224  0.448742
  2.93909    1.2672
  1.80751   1.73043
  1.36317   2.78771
  2.55795  0.880709
  1.74701   1.84455
  1.73463   2.95677
   1.2782   2.89254
  1.41573   1.33904
  2.43243   1.54675
  2.07998   1.66636
  1.50562  0.240936
  2.22319   2.20238
  1.69616   1.02875
  2.35342   2.54543
  2.95428   2.21206
 0.779239   2.72483
  1.15734    1.4516
  1.54876   1.68046
  1.57204   1.11795
  1.04304   1.76543
 0.367267   2.16998
 0.779708   2.35231
  0.15337     1.104
 0.115467   2.14428
   1.1004   0.51012
  1.71385  0.703535
 0.111972   1.08111
  1.14182  0.894209
 0.640719  0.229781
 0.779601  0.154415
  2.14646  0.865581
  1.08723   1.53473
 0.605744   1.83679
  1.23543   1.60547
  1.36181  0.502416
  2.53312 0.0127213
  1.46082  0.594264
 0.824594   0.17339
  2.00709   1.23298
0.0488308   1.28195
  2.81257  0.974165
  1.65906   1.39541
  1.26622  0.524501
  2.29445   1.97318
  1.77972   1.99568
  2.31612  0.575374
  1.20804   2.41753
  1.57608   1.91145
 0.818221   1.43665
  1.46525  0.498152
  2.72988   0.53081
 0.559875    1.7796
  2.07143   2.94392
  2.94435  0.710752
  2.32765   1.40927
  1.82776   1.29238
  2.20634  0.123266
  0.56109   0.40306
  0.64407  0.315305
 0.437856   2.54354
  1.87018   1.89683
  2.00675  0.966933
 0.735859   2.23813
  2.69693    1.2096
  1.25954   1.57485
  1.95429  0.111601
 0.911782    2.8023
  2.52181   1.85892
  1.83331   1.20652
 0.363323  0.174464
  1.54966  0.662802
 0.943101   2.14985
  2.20528   2.02326
  1.70262   1.75792
 0.561772   2.96403
 0.906072  0.475568
   1.5787  0.579441
  2.85555 0.0412036
   0.1665    1.6518
  2.57641   1.31224
  1.52636   1.94125
  1.47037   1.84337
   2.2594   0.11572
  1.63036   1.90485
  1.27338  0.151078
   1.2382   1.53414
  1.89629    1.5143
  2.98759   1.25439
  1.16204   1.74292
 0.894823  0.664553
 0.393691    2.3197
  1.37156  0.233104
  2.70885   2.77387
  1.57646  0.351752
 0.493949   1.94545
  2.69259   1.99549
  2.39549   1.48705
  1.32469   1.44454
  1.93188   2.74243
  0.98879  0.948378
  1.35972   1.64469
  1.03026  0.408937
   1.8625 0.00574638
  2.55423   1.40973
  0.73964   1.24004
  1.04838   1.78272
  1.44881  0.283693
  2.50069  0.135241
  2.95432   2.79659
 0.776372   2.50878
 0.559917  0.193956
  1.51576   2.06388
  2.50046   2.31974
  1.98849    1.5291
   2.6276    2.8749
  2.04486    1.9887
  1.79007   1.98375
  2.99081   1.20531
0.00706361  0.664882
  1.00295   1.77823
  1.03267 0.0522501
  2.20042   1.45847
  2.39413  0.956309
  1.34351  0.438169
  1.73029  0.700032
  1.91446   1.27183
  1.30461   1.44435
  2.66547  0.810977
  1.32054   2.71931
 0.444572   1.34897
 0.511144  0.277697
  1.25029  0.988243
  1.13779   2.70168
 0.593621   2.97377
 0.910225    2.2058
  1.64069  0.273844
 0.880004   2.48218
  2.17093   1.16328
  1.13643   2.53673
  2.15684   1.36729
  2.21325   1.34688
  1.04248    1.7051
  2.73876    1.5284
  1.92768   1.34067
 0.795401   1.13226
  2.65399  0.648404
  2.73652   1.17714
  1.71011     2.188
 0.613396   1.73022
 0.855521  0.608581
  2.34623   1.97372
  2.93923    1.0816
  1.13723  0.700962
   2.5094   2.58164
   1.5345  0.139293
  1.30321   1.16796
  1.86217  0.572477
  2.33351   2.31197
  1.31804  0.953649
  2.60007  0.991906
  2.24911   2.52852
0.0422341   1.00444
  1.86894  0.821338
  2.47103   2.08875
  2.88748   2.05089
  2.84229   1.90072
  1.64855    1.4176
 0.889618   2.98592
 0.102376   0.89724
  1.62461   2.72134
  2.04541   2.66571
  1.53198   2.84964
  2.41569   1.64044
  2.26338    2.4183
 0.395527   2.16055
 0.245411   2.42387
  1.66092    1.4924
  2.22279  0.779094
  1.75642   2.78465
  2.19926   2.70786
  1.53481   1.87292
  1.88945   2.71012
  2.12712   1.57012
  1.01715   0.72032
LINKS_SOURCE_DESTINATION_DISTANCE 1598
     0      1      1
     0      2      1
     0    424      1
     1      0      1
     1      3      1
     1      7      1
     1     26      1
     1     43      1
     1     93      1
     1    241      1
     1    355      1
     2      0      1
     2      4      1
     2      8      1
     2     14      1
     2     27      1
     2     40      1
     2    459      1
     3      1      1
     3      6      1
     3     10      1
     3     15      1
     3     32      1
     3     50      1
     3     83      1
     3    131      1
     3    197      1
     3    462      1
     3    566      1
     3    774      1
     4      2      1
     4      5      1
     4     22      1
     4     25      1
     4     56      1
     4    167      1
     5      4      1
     5     12      1
     5     42      1
     5     54      1
     5    130      1
     5    189      1
     5    324      1
     6      3      1
     6     51      1
     6     81      1
     6     90      1
     6     91      1
     6    101      1
     6    285      1
     6    671      1
     7      1      1
     7     28      1
     7    204      1
     7    504      1
     7    638      1
     8      2      1
     8      9      1
     8     11      1
     8     35      1
     8    106      1
     8    174      1
     8    365      1
     8    505      1
     9      8      1
     9     13      1
     9    136      1
     9    219      1
     9    438      1
    10      3      1
    10     33      1
    10     65      1
    10    144      1
    10    239      1
    10    288      1
    10    435      1
    10    470      1
    11      8      1
    11     64      1
    11     71      1
    11    278      1
    11    427      1
    12      5      1
    12     16      1
    12     21      1
    12     52      1
    12     59      1
    12     85      1
    12    118      1
    13      9      1
    13     18      1
    13     20      1
    13     23      1
    13     37      1
    13     76      1
    14      2      1
    14     17      1
    14     19      1
    14     98      1
    14    103      1
    14    256      1
    15      3      1
    15     41      1
    15     44      1
    15     45      1
    15    161      1
    16     12      1
    16     79      1
    16    449      1
    17     14      1
    17     29      1
    17    149      1
    17    158      1
    18     13      1
    18     30      1
    18    186      1
    18    693      1
    19     14      1
    19     48      1
    19     60      1
    19    607      1
    20     13      1
    20     82      1
    20    119      1
    20    262      1
    20    358      1
    21     12      1
    21     24      1
    21     36      1
    21    142      1
    21    388      1
    22      4      1
    22     87      1
    22    170      1
    22    451      1
    22    746      1
    23     13      1
    23     31      1
    23     72      1
    23    152      1
    23    347      1
    24     21      1
    24     49      1
    24     55      1
    24    243      1
    25      4      1
    25     61      1
    25    524      1
    26      1      1
    26    165      1
    26    452      1
    26    453      1
    27      2      1
    27     34      1
    27     39      1
    27     69      1
    27    234      1
    28      7      1
    28    674      1
    29     17      1
    29     92      1
    29    111      1
    29    135      1
    29    341      1
    29    345      1
    30     18      1
    30     94      1
    30    266      1
    30    670      1
    31     23      1
    31     38      1
    31    148      1
    32      3      1
    32     73      1
    33     10      1
    33    244      1
    33    442      1
    34     27      1
    34    198      1
    34    212      1
    34    637      1
    35      8      1
    35    414      1
    35    429      1
    36     21      1
    36    509      1
    37     13      1
    37     46      1
    37     63      1
    37    126      1
    37    162      1
    37    293      1
    37    425      1
    37    780      1
    38     31      1
    39     27      1
    39    446      1
    40      2      1
    40     58      1
    40    107      1
    40    258      1
    40    730      1
    41     15      1
    41     77      1
    41    184      1
    41    779      1
    42      5      1
    42     53      1
    42     67      1
    42    254      1
    42    471      1
    43      1      1
    43     68      1
    43    105      1
    43    311      1
    43    560      1
    44     15      1
    44    122      1
    44    180      1
    45     15      1
    45     47      1
    45     84      1
    45    659      1
    46     37      1
    46    137      1
    46    609      1
    47     45      1
    47    264      1
    48     19      1
    48    511      1
    49     24      1
    49     62      1
    49    465      1
    49    536      1
    50      3      1
    50     89      1
    51      6      1
    51    381      1
    51    411      1
    51    532      1
    52     12      1
    52     80      1
    52    110      1
    53     42      1
    53    472      1
    54      5      1
    54     57      1
    55     24      1
    55     74      1
    56      4      1
    56    277      1
    56    357      1
    56    396      1
    57     54      1
    57    667      1
    58     40      1
    58     66      1
    58     75      1
    58    463      1
    59     12      1
    59    114      1
    59    401      1
    60     19      1
    60    361      1
    61     25      1
    61     70      1
    61     78      1
    61    115      1
    62     49      1
    62    321      1
    63     37      1
    63    128      1
    63    160      1
    63    397      1
    64     11      1
    64    210      1
    64    393      1
    65     10      1
    65     86      1
    65     88      1
    65    507      1
    66     58      1
    66    138      1
    66    168      1
    66    687      1
    67     42      1
    67    121      1
    67    557      1
    68     43      1
    68    675      1
    69     27      1
    69     95      1
    69    112      1
    70     61      1
    70    146      1
    70    615      1
    71     11      1
    71    307      1
    71    457      1
    72     23      1
    73     32      1
    73     97      1
    73    116      1
    73    206      1
    73    432      1
    74     55      1
    74    291      1
    74    440      1
    74    654      1
    75     58      1
    75    423      1
    75    489      1
    76     13      1
    76    109      1
    76    772      1
    77     41      1
    77    139      1
    77    147      1
    78     61      1
    78    166      1
    78    710      1
    79     16      1
    79    636      1
    79    757      1
    80     52      1
    80    274      1
    80    519      1
    80    555      1
    80    698      1
    81      6      1
    81    100      1
    81    113      1
    81    326      1
    82     20      1
    82    196      1
    82    238      1
    82    374      1
    83      3      1
    83    279      1
    84     45      1
    84    247      1
    84    377      1
    85     12      1
    85    104      1
    85    171      1
    85    175      1
    86     65      1
    86    192      1
    86    233      1
    86    260      1
    86    322      1
    86    412      1
    87     22      1
    87     99      1
    87    156      1
    87    182      1
    87    216      1
    87    286      1
    87    683      1
    88     65      1
    88    140      1
    88    610      1
    89     50      1
    89    190      1
    90      6      1
    90    334      1
    90    770      1
    91      6      1
    91     96      1
    91    132      1
    91    134      1
    91    564      1
    92     29      1
    92    143      1
    93      1      1
    93    421      1
    93    680      1
    94     30      1
    95     69      1
    95    351      1
    95    369      1
    96     91      1
    96    164      1
    96    261      1
    97     73      1
    97    623      1
    98     14      1
    98    102      1
    98    151      1
    98    270      1
    99     87      1
    99    677      1
   100     81      1
   100    125      1
   100    155      1
   100    335      1
   101      6      1
   101    120      1
   101    123      1
   101    133      1
   101    223      1
   101    224      1
   102     98      1
   102    577      1
   102    736      1
   103     14      1
   104     85      1
   105     43      1
   105    676      1
   106      8      1
   106    108      1
   106    682      1
   107     40      1
   107    193      1
   107    743      1
   108    106      1
   108    179      1
   108    295      1
   108    508      1
   108    601      1
   109     76      1
   109    129      1
   110     52      1
   110    173      1
   110    211      1
   110    230      1
   111     29      1
   111    534      1
   112     69      1
   112    370      1
   113     81      1
   113    127      1
   113    215      1
   113    454      1
   113    600      1
   114     59      1
   114    251      1
   115     61      1
   115    117      1
   115    336      1
   115    350      1
   115    563      1
   116     73      1
   116    141      1
   116    481      1
   117    115      1
   117    124      1
   117    185      1
   118     12      1
   118    641      1
   118    773      1
   119     20      1
   119    231      1
   119    714      1
   120    101      1
   121     67      1
   121    153      1
   121    178      1
   121    202      1
   121    363      1
   122     44      1
   122    513      1
   123    101      1
   123    199      1
   123    317      1
   123    490      1
   124    117      1
   124    220      1
   124    300      1
   125    100      1
   125    753      1
   126     37      1
   126    289      1
   127    113      1
   128     63      1
   128    479      1
   128    597      1
   128    797      1
   129    109      1
   129    145      1
   129    200      1
   129    712      1
   130      5      1
   130    154      1
   130    373      1
   130    529      1
   130    579      1
   131      3      1
   131    177      1
   131    290      1
   132     91      1
   132    242      1
   132    331      1
   132    391      1
   132    499      1
   133    101      1
   133    298      1
   134     91      1
   134    296      1
   135     29      1
   135    159      1
   135    480      1
   136      9      1
   136    482      1
   137     46      1
   137    255      1
   137    658      1
   138     66      1
   138    352      1
   138    543      1
   139     77      1
   140     88      1
   140    181      1
   141    116      1
   142     21      1
   142    248      1
   142    467      1
   143     92      1
   144     10      1
   144    209      1
   144    642      1
   144    729      1
   145    129      1
   145    491      1
   145    506      1
   145    567      1
   145    598      1
   145    628      1
   146     70      1
   146    236      1
   147     77      1
   147    150      1
   147    157      1
   147    208      1
   147    501      1
   147    707      1
   148     31      1
   149     17      1
   149    497      1
   150    147      1
   150    316      1
   150    728      1
   150    785      1
   151     98      1
   151    187      1
   151    194      1
   151    213      1
   151    574      1
   152     23      1
   152    172      1
   152    626      1
   153    121      1
   153    356      1
   153    394      1
   154    130      1
   154    253      1
   155    100      1
   156     87      1
   156    228      1
   157    147      1
   157    169      1
   157    259      1
   157    353      1
   158     17      1
   158    229      1
   158    430      1
   159    135      1
   159    188      1
   160     63      1
   160    375      1
   160    633      1
   160    756      1
   161     15      1
   161    476      1
   162     37      1
   162    163      1
   162    327      1
   163    162      1
   164     96      1
   164    207      1
   164    434      1
   165     26      1
   166     78      1
   166    777      1
   167      4      1
   167    503      1
   168     66      1
   169    157      1
   169    191      1
   169    372      1
   169    382      1
   169    715      1
   170     22      1
   170    283      1
   170    495      1
   171     85      1
   171    240      1
   171    515      1
   171    580      1
   171    583      1
   172    152      1
   172    275      1
   173    110      1
   173    195      1
   173    340      1
   173    392      1
   173    776      1
   174      8      1
   174    218      1
   174    706      1
   175     85      1
   175    176      1
   175    478      1
   175    754      1
   176    175      1
   176    183      1
   177    131      1
   177    460      1
   178    121      1
   178    269      1
   179    108      1
   179    203      1
   180     44      1
   180    349      1
   180    403      1
   181    140      1
   181    745      1
   182     87      1
   182    379      1
   183    176      1
   183    214      1
   183    237      1
   183    484      1
   184     41      1
   184    245      1
   185    117      1
   185    246      1
   185    651      1
   186     18      1
   186    516      1
   187    151      1
   187    416      1
   188    159      1
   188    364      1
   188    582      1
   189      5      1
   189    639      1
   189    669      1
   190     89      1
   190    284      1
   190    319      1
   190    367      1
   191    169      1
   192     86      1
   192    740      1
   193    107      1
   194    151      1
   194    448      1
   195    173      1
   195    755      1
   196     82      1
   196    201      1
   196    257      1
   197      3      1
   197    268      1
   197    343      1
   197    684      1
   197    726      1
   198     34      1
   198    668      1
   198    686      1
   199    123      1
   199    386      1
   200    129      1
   200    378      1
   201    196      1
   202    121      1
   202    226      1
   202    384      1
   203    179      1
   203    205      1
   203    455      1
   203    581      1
   203    617      1
   203    708      1
   204      7      1
   204    282      1
   205    203      1
   205    221      1
   206     73      1
   207    164      1
   207    461      1
   208    147      1
   208    473      1
   209    144      1
   209    222      1
   209    314      1
   209    418      1
   210     64      1
   211    110      1
   211    297      1
   211    359      1
   211    517      1
   212     34      1
   212    294      1
   213    151      1
   213    225      1
   214    183      1
   214    217      1
   214    483      1
   214    537      1
   215    113      1
   215    227      1
   216     87      1
   216    333      1
   216    572      1
   217    214      1
   218    174      1
   218    328      1
   218    723      1
   219      9      1
   220    124      1
   220    310      1
   220    625      1
   221    205      1
   221    399      1
   221    518      1
   221    603      1
   222    209      1
   222    571      1
   223    101      1
   223    404      1
   223    433      1
   223    692      1
   224    101      1
   224    325      1
   224    332      1
   225    213      1
   226    202      1
   226    235      1
   227    215      1
   227    232      1
   228    156      1
   228    252      1
   229    158      1
   229    337      1
   229    338      1
   230    110      1
   230    545      1
   230    761      1
   231    119      1
   231    299      1
   232    227      1
   232    309      1
   233     86      1
   233    764      1
   234     27      1
   235    226      1
   235    362      1
   235    527      1
   236    146      1
   236    395      1
   237    183      1
   237    385      1
   237    407      1
   238     82      1
   238    354      1
   239     10      1
   239    494      1
   239    783      1
   240    171      1
   240    265      1
   240    304      1
   240    592      1
   241      1      1
   241    306      1
   241    561      1
   242    132      1
   242    348      1
   243     24      1
   243    250      1
   244     33      1
   244    287      1
   245    184      1
   245    621      1
   246    185      1
   246    249      1
   246    431      1
   246    441      1
   247     84      1
   247    303      1
   247    672      1
   247    722      1
   248    142      1
   249    246      1
   250    243      1
   250    620      1
   251    114      1
   251    417      1
   252    228      1
   252    616      1
   253    154      1
   254     42      1
   254    273      1
   254    276      1
   254    443      1
   255    137      1
   255    522      1
   256     14      1
   256    267      1
   256    301      1
   256    329      1
   257    196      1
   257    573      1
   258     40      1
   258    272      1
   259    157      1
   259    263      1
   259    281      1
   259    315      1
   259    458      1
   260     86      1
   261     96      1
   261    402      1
   261    549      1
   262     20      1
   262    292      1
   262    380      1
   262    591      1
   263    259      1
   263    408      1
   264     47      1
   265    240      1
   266     30      1
   266    271      1
   266    302      1
   267    256      1
   267    606      1
   268    197      1
   268    330      1
   268    525      1
   269    178      1
   269    376      1
   270     98      1
   271    266      1
   272    258      1
   272    719      1
   273    254      1
   273    308      1
   273    679      1
   273    737      1
   274     80      1
   274    383      1
   274    660      1
   275    172      1
   275    323      1
   275    398      1
   276    254      1
   276    280      1
   276    406      1
   277     56      1
   277    445      1
   278     11      1
   278    589      1
   278    655      1
   279     83      1
   279    428      1
   280    276      1
   280    724      1
   281    259      1
   281    496      1
   281    652      1
   282    204      1
   282    360      1
   283    170      1
   284    190      1
   285      6      1
   286     87      1
   286    439      1
   286    546      1
   287    244      1
   288     10      1
   288    548      1
   289    126      1
   289    305      1
   290    131      1
   291     74      1
   292    262      1
   292    320      1
   293     37      1
   294    212      1
   294    318      1
   295    108      1
   295    344      1
   295    485      1
   296    134      1
   296    366      1
   297    211      1
   298    133      1
   299    231      1
   299    387      1
   300    124      1
   300    569      1
   301    256      1
   302    266      1
   302    405      1
   303    247      1
   303    498      1
   303    700      1
   304    240      1
   305    289      1
   306    241      1
   306    735      1
   307     71      1
   308    273      1
   309    232      1
   309    313      1
   309    631      1
   309    666      1
   310    220      1
   311     43      1
   311    312      1
   312    311      1
   313    309      1
   313    420      1
   314    209      1
   315    259      1
   316    150      1
   317    123      1
   317    371      1
   317    426      1
   317    554      1
   317    644      1
   318    294      1
   318    750      1
   319    190      1
   319    450      1
   320    292      1
   320    792      1
   321     62      1
   322     86      1
   322    492      1
   322    717      1
   323    275      1
   324      5      1
   325    224      1
   325    436      1
   326     81      1
   326    339      1
   326    531      1
   326    702      1
   327    162      1
   328    218      1
   328    486      1
   329    256      1
   329    520      1
   330    268      1
   330    444      1
   330    795      1
   331    132      1
   332    224      1
   333    216      1
   334     90      1
   334    346      1
   335    100      1
   335    542      1
   335    711      1
   336    115      1
   336    342      1
   336    775      1
   337    229      1
   337    419      1
   337    782      1
   338    229      1
   339    326      1
   340    173      1
   341     29      1
   342    336      1
   342    748      1
   343    197      1
   344    295      1
   344    437      1
   344    456      1
   344    634      1
   345     29      1
   345    400      1
   346    334      1
   347     23      1
   347    409      1
   347    587      1
   347    733      1
   348    242      1
   349    180      1
   350    115      1
   350    619      1
   351     95      1
   351    747      1
   352    138      1
   353    157      1
   354    238      1
   354    540      1
   355      1      1
   355    422      1
   356    153      1
   356    488      1
   356    681      1
   357     56      1
   358     20      1
   359    211      1
   359    475      1
   360    282      1
   361     60      1
   361    605      1
   362    235      1
   363    121      1
   364    188      1
   364    410      1
   365      8      1
   366    296      1
   366    368      1
   366    389      1
   366    390      1
   366    646      1
   367    190      1
   368    366      1
   369     95      1
   370    112      1
   370    759      1
   371    317      1
   371    716      1
   372    169      1
   372    704      1
   373    130      1
   373    665      1
   374     82      1
   375    160      1
   376    269      1
   377     84      1
   378    200      1
   378    447      1
   378    510      1
   378    635      1
   379    182      1
   380    262      1
   380    469      1
   381     51      1
   381    468      1
   382    169      1
   383    274      1
   384    202      1
   384    477      1
   384    552      1
   384    705      1
   384    760      1
   385    237      1
   386    199      1
   386    742      1
   387    299      1
   388     21      1
   388    502      1
   389    366      1
   390    366      1
   390    588      1
   391    132      1
   392    173      1
   392    767      1
   393     64      1
   394    153      1
   394    562      1
   395    236      1
   396     56      1
   396    415      1
   397     63      1
   398    275      1
   399    221      1
   399    727      1
   400    345      1
   401     59      1
   401    528      1
   402    261      1
   402    798      1
   403    180      1
   404    223      1
   405    302      1
   406    276      1
   406    523      1
   407    237      1
   407    602      1
   408    263      1
   409    347      1
   410    364      1
   410    487      1
   410    594      1
   410    778      1
   410    791      1
   411     51      1
   411    413      1
   411    632      1
   411    762      1
   412     86      1
   413    411      1
   414     35      1
   415    396      1
   416    187      1
   417    251      1
   418    209      1
   419    337      1
   419    514      1
   419    787      1
   420    313      1
   421     93      1
   421    570      1
   422    355      1
   422    596      1
   423     75      1
   423    648      1
   424      0      1
   425     37      1
   426    317      1
   427     11      1
   428    279      1
   429     35      1
   430    158      1
   430    622      1
   431    246      1
   431    576      1
   432     73      1
   433    223      1
   434    164      1
   435     10      1
   436    325      1
   437    344      1
   438      9      1
   439    286      1
   439    575      1
   439    645      1
   440     74      1
   441    246      1
   441    521      1
   442     33      1
   443    254      1
   443    585      1
   444    330      1
   444    689      1
   445    277      1
   445    526      1
   446     39      1
   447    378      1
   448    194      1
   449     16      1
   450    319      1
   450    685      1
   451     22      1
   452     26      1
   452    474      1
   452    794      1
   453     26      1
   454    113      1
   454    771      1
   455    203      1
   455    466      1
   456    344      1
   457     71      1
   457    793      1
   458    259      1
   458    464      1
   458    550      1
   458    608      1
   459      2      1
   460    177      1
   461    207      1
   461    578      1
   462      3      1
   462    627      1
   463     58      1
   464    458      1
   465     49      1
   466    455      1
   466    553      1
   467    142      1
   468    381      1
   469    380      1
   470     10      1
   470    586      1
   471     42      1
   471    541      1
   472     53      1
   473    208      1
   473    699      1
   473    790      1
   474    452      1
   474    493      1
   474    556      1
   474    696      1
   475    359      1
   476    161      1
   477    384      1
   478    175      1
   479    128      1
   480    135      1
   481    116      1
   482    136      1
   483    214      1
   484    183      1
   485    295      1
   486    328      1
   486    500      1
   486    551      1
   487    410      1
   487    538      1
   488    356      1
   489     75      1
   489    751      1
   490    123      1
   491    145      1
   492    322      1
   492    650      1
   493    474      1
   494    239      1
   495    170      1
   495    768      1
   496    281      1
   497    149      1
   497    695      1
   498    303      1
   499    132      1
   500    486      1
   501    147      1
   501    624      1
   501    678      1
   502    388      1
   502    512      1
   503    167      1
   503    544      1
   503    558      1
   504      7      1
   505      8      1
   505    629      1
   506    145      1
   506    718      1
   507     65      1
   507    547      1
   507    611      1
   507    614      1
   508    108      1
   508    535      1
   508    799      1
   509     36      1
   510    378      1
   510    649      1
   511     48      1
   512    502      1
   513    122      1
   514    419      1
   514    595      1
   515    171      1
   516    186      1
   517    211      1
   517    565      1
   518    221      1
   519     80      1
   520    329      1
   521    441      1
   522    255      1
   522    568      1
   523    406      1
   524     25      1
   524    694      1
   525    268      1
   525    530      1
   525    533      1
   526    445      1
   526    539      1
   527    235      1
   528    401      1
   528    584      1
   529    130      1
   530    525      1
   530    664      1
   531    326      1
   532     51      1
   533    525      1
   533    662      1
   534    111      1
   534    720      1
   535    508      1
   535    590      1
   536     49      1
   537    214      1
   538    487      1
   538    559      1
   539    526      1
   540    354      1
   540    643      1
   540    653      1
   541    471      1
   542    335      1
   543    138      1
   544    503      1
   545    230      1
   546    286      1
   547    507      1
   548    288      1
   548    647      1
   548    781      1
   549    261      1
   550    458      1
   550    663      1
   550    769      1
   551    486      1
   552    384      1
   553    466      1
   554    317      1
   555     80      1
   556    474      1
   557     67      1
   557    709      1
   558    503      1
   559    538      1
   559    593      1
   560     43      1
   560    701      1
   561    241      1
   562    394      1
   562    691      1
   563    115      1
   564     91      1
   564    640      1
   565    517      1
   566      3      1
   566    661      1
   567    145      1
   567    612      1
   568    522      1
   568    604      1
   568    613      1
   569    300      1
   570    421      1
   571    222      1
   571    618      1
   572    216      1
   572    630      1
   573    257      1
   573    599      1
   574    151      1
   575    439      1
   575    738      1
   576    431      1
   577    102      1
   578    461      1
   579    130      1
   580    171      1
   581    203      1
   581    788      1
   582    188      1
   582    713      1
   583    171      1
   584    528      1
   585    443      1
   586    470      1
   587    347      1
   588    390      1
   589    278      1
   590    535      1
   591    262      1
   592    240      1
   593    559      1
   594    410      1
   595    514      1
   596    422      1
   597    128      1
   597    688      1
   598    145      1
   599    573      1
   600    113      1
   601    108      1
   602    407      1
   603    221      1
   604    568      1
   604    697      1
   605    361      1
   605    766      1
   606    267      1
   606    749      1
   607     19      1
   608    458      1
   608    656      1
   609     46      1
   610     88      1
   610    657      1
   611    507      1
   612    567      1
   613    568      1
   613    739      1
   614    507      1
   615     70      1
   616    252      1
   617    203      1
   617    734      1
   618    571      1
   619    350      1
   619    789      1
   620    250      1
   621    245      1
   622    430      1
   623     97      1
   624    501      1
   624    721      1
   625    220      1
   626    152      1
   627    462      1
   628    145      1
   629    505      1
   630    572      1
   631    309      1
   632    411      1
   633    160      1
   634    344      1
   635    378      1
   636     79      1
   637     34      1
   638      7      1
   639    189      1
   640    564      1
   641    118      1
   641    673      1
   642    144      1
   643    540      1
   644    317      1
   645    439      1
   646    366      1
   647    548      1
   648    423      1
   649    510      1
   650    492      1
   651    185      1
   652    281      1
   653    540      1
   653    765      1
   654     74      1
   655    278      1
   656    608      1
   657    610      1
   658    137      1
   659     45      1
   660    274      1
   661    566      1
   662    533      1
   663    550      1
   664    530      1
   665    373      1
   666    309      1
   667     57      1
   667    703      1
   668    198      1
   669    189      1
   670     30      1
   671      6      1
   672    247      1
   673    641      1
   674     28      1
   674    690      1
   675     68      1
   676    105      1
   677     99      1
   678    501      1
   679    273      1
   680     93      1
   681    356      1
   682    106      1
   683     87      1
   684    197      1
   685    450      1
   686    198      1
   687     66      1
   688    597      1
   688    744      1
   689    444      1
   690    674      1
   691    562      1
   692    223      1
   693     18      1
   694    524      1
   695    497      1
   695    725      1
   696    474      1
   697    604      1
   698     80      1
   699    473      1
   700    303      1
   701    560      1
   702    326      1
   703    667      1
   704    372      1
   705    384      1
   705    741      1
   706    174      1
   707    147      1
   708    203      1
   709    557      1
   710     78      1
   711    335      1
   712    129      1
   713    582      1
   713    731      1
   714    119      1
   715    169      1
   716    371      1
   716    786      1
   717    322      1
   718    506      1
   719    272      1
   720    534      1
   721    624      1
   722    247      1
   723    218      1
   723    758      1
   724    280      1
   725    695      1
   726    197      1
   727    399      1
   728    150      1
   729    144      1
   730     40      1
   731    713      1
   731    732      1
   732    731      1
   733    347      1
   734    617      1
   734    752      1
   734    763      1
   735    306      1
   736    102      1
   737    273      1
   738    575      1
   739    613      1
   740    192      1
   741    705      1
   742    386      1
   743    107      1
   744    688      1
   745    181      1
   746     22      1
   747    351      1
   748    342      1
   748    796      1
   749    606      1
   750    318      1
   751    489      1
   752    734      1
   753    125      1
   753    784      1
   754    175      1
   755    195      1
   756    160      1
   757     79      1
   758    723      1
   759    370      1
   760    384      1
   761    230      1
   762    411      1
   763    734      1
   764    233      1
   765    653      1
   766    605      1
   767    392      1
   768    495      1
   769    550      1
   770     90      1
   771    454      1
   772     76      1
   773    118      1
   774      3      1
   775    336      1
   776    173      1
   777    166      1
   778    410      1
   779     41      1
   780     37      1
   781    548      1
   782    337      1
   783    239      1
   784    753      1
   785    150      1
   786    716      1
   787    419      1
   788    581      1
   789    619      1
   790    473      1
   791    410      1
   792    320      1
   793    457      1
   794    452      1
   795    330      1
   796    748      1
   797    128      1
   798    402      1
   799    508      1
