COORD_X_Y 65
  2.19562   1.08228
 0.133369   2.40144
 0.632397   1.10197
  1.42599    0.1468
 0.254997  0.760738
  1.90907   0.97867
  1.41435   2.60092
  2.65793   2.16489
  1.76117    1.2009
  1.16407  0.121276
 0.890523   2.52922
 0.573673   1.95435
  1.82651   1.34073
  2.07705  0.179466
  1.45204   1.06758
 0.670844   2.96352
  2.47963   1.32654
 0.766752   2.44018
  2.67107  0.973786
  1.64542   1.07341
  2.64322   1.20751
 0.733533  0.211661
 0.167365   2.29555
  2.51171  0.270218
  1.42348   2.63505
0.0445799   2.84751
  1.04462   1.96039
 0.749429   2.16196
  2.44793   2.11291
  1.75645   2.36704
  1.60381  0.762021
 0.921652  0.106853
    1.629  0.535371
  2.81712   2.38923
  1.20418  0.551773
 0.383408   1.34625
   2.0832   2.01281
  1.78373   2.76346
 0.042431  0.503051
  1.55772   2.30922
   1.3518  0.860302
  1.22747 0.0306639
  2.59914   1.38526
  2.29617  0.813889
  2.19067   2.21903
  1.20654   1.36194
  2.50798   1.21305
  1.47489   2.25242
  1.36686   2.99562
  1.36225   1.02598
  2.60872   1.94394
 0.142753   1.28426
 0.584525   2.30782
 0.485782   2.04003
  1.53474   1.05946
  1.77536   1.83633
   1.4246   1.73655
  1.85823   0.74825
  0.17378  0.371836
  2.45002   2.64996
  2.15939  0.825611
 0.627535   2.63893
  1.11873   2.17191
  2.01027 0.0363145
  2.84019  0.221731
LINKS_SOURCE_DESTINATION_DISTANCE 128
     0      1      1
     1      0      1
     1      2      1
     1      3      1
     1      5      1
     1      6      1
     1     12      1
     2      1      1
     2     20      1
     2     38      1
     3      1      1
     3      4      1
     3     58      1
     4      3      1
     4      7      1
     4      9      1
     4     13      1
     4     37      1
     5      1      1
     5      8      1
     5     18      1
     5     30      1
     6      1      1
     6     10      1
     6     17      1
     6     19      1
     6     35      1
     6     60      1
     7      4      1
     7     32      1
     8      5      1
     8     14      1
     8     46      1
     9      4      1
     9     11      1
     9     57      1
    10      6      1
    10     16      1
    10     63      1
    11      9      1
    11     24      1
    11     27      1
    12      1      1
    13      4      1
    13     15      1
    13     31      1
    14      8      1
    14     22      1
    15     13      1
    15     42      1
    15     49      1
    15     51      1
    16     10      1
    16     40      1
    16     44      1
    17      6      1
    17     23      1
    18      5      1
    18     43      1
    19      6      1
    19     21      1
    19     26      1
    19     28      1
    20      2      1
    20     25      1
    20     36      1
    21     19      1
    21     33      1
    22     14      1
    22     41      1
    23     17      1
    23     59      1
    24     11      1
    24     29      1
    25     20      1
    25     55      1
    26     19      1
    27     11      1
    27     39      1
    28     19      1
    28     34      1
    29     24      1
    30      5      1
    30     64      1
    31     13      1
    32      7      1
    32     45      1
    32     53      1
    33     21      1
    33     48      1
    34     28      1
    35      6      1
    36     20      1
    36     50      1
    37      4      1
    38      2      1
    38     52      1
    39     27      1
    40     16      1
    40     56      1
    41     22      1
    42     15      1
    43     18      1
    44     16      1
    45     32      1
    45     47      1
    45     54      1
    46      8      1
    47     45      1
    48     33      1
    49     15      1
    50     36      1
    51     15      1
    52     38      1
    53     32      1
    54     45      1
    55     25      1
    56     40      1
    57      9      1
    57     61      1
    58      3      1
    58     62      1
    59     23      1
    60      6      1
    61     57      1
    62     58      1
    63     10      1
    64     30      1
