COORD_X_Y 25
  2.09671   2.25474
 0.627061   2.35409
 0.434069   2.84992
  1.65321   1.54653
 0.212486  0.696941
  1.05724   1.86747
   1.9855   2.19678
0.0131184  0.509164
  1.45561   1.76663
  1.60531   2.82087
  1.60552  0.441143
  2.52673   1.19786
  1.10609   2.02381
  1.44393   2.36403
 0.483621   1.85434
  1.74724   1.60657
  1.12741   2.28552
  1.49393  0.772094
  1.77719   1.35817
  2.20091   2.04314
  2.45083   2.47034
  2.95823   2.32419
  1.39518   1.93859
  2.54204   2.34527
  2.91837   2.40216
LINKS_SOURCE_DESTINATION_DISTANCE 48
     0      1      1
     0      2      1
     0      4      1
     0      8      1
     1      0      1
     1     21      1
     2      0      1
     2      3      1
     2      5      1
     2      6      1
     3      2      1
     3      7      1
     3     10      1
     3     12      1
     3     15      1
     4      0      1
     5      2      1
     6      2      1
     6     16      1
     6     24      1
     7      3      1
     7     23      1
     8      0      1
     8      9      1
     8     22      1
     9      8      1
    10      3      1
    10     11      1
    10     13      1
    11     10      1
    11     14      1
    11     19      1
    12      3      1
    13     10      1
    14     11      1
    14     17      1
    15      3      1
    15     18      1
    16      6      1
    17     14      1
    17     20      1
    18     15      1
    19     11      1
    20     17      1
    21      1      1
    22      8      1
    23      7      1
    24      6      1
