COORD_X_Y 65
  2.36134 0.0447372
  1.02606   1.72689
   0.0304  0.323742
  0.33403  0.499198
    1.422   2.39385
  2.17913   0.23511
 0.433672   2.38521
  1.18712   2.48262
0.0362145   1.72904
  2.91983   2.55506
  2.66688   2.14261
  1.75856  0.753001
   1.9539   2.92194
  2.87822   1.54877
  1.76027   2.74244
  1.32711   1.49585
  2.75241  0.425597
  1.68082   1.62248
 0.859464   1.34861
 0.406892   2.79857
  1.24846  0.493832
  1.87757  0.438567
  2.97659   1.58523
 0.406067   2.66702
  0.30596   0.83073
  1.07327   2.33448
 0.218301   2.55076
 0.784709  0.985989
  1.06985  0.159848
  1.52243  0.585257
 0.779423   1.80271
  0.25156  0.343971
  1.56235  0.544297
  1.62791   1.56836
  2.56187   2.47141
  1.46845   2.37975
 0.937217   2.48571
  2.13801   0.95866
 0.241454  0.102923
 0.231105   1.05053
  2.62159   1.42907
 0.473607 0.0957207
  2.11655  0.382054
  1.02452  0.123292
 0.301398   2.42138
  1.67997   2.35684
  2.14142   0.41444
  1.90666   1.16597
0.0598044   1.77776
  0.59248   2.56889
 0.440609   1.29403
  1.71274  0.426873
  2.02632  0.453551
   2.2283   1.62772
  2.27016   0.74224
  2.50714   2.70507
  2.50326   2.10035
  2.35631  0.804771
  1.62018   1.26205
  1.51612   2.34706
 0.537183  0.248737
  1.61101    2.1352
  2.91862   1.05799
  2.78565  0.992696
 0.245892   2.38466
LINKS_SOURCE_DESTINATION_DISTANCE 128
     0      1      1
     0      2      1
     0      3      1
     0     11      1
     0     22      1
     1      0      1
     1      8      1
     1      9      1
     1     10      1
     2      0      1
     2      5      1
     2      6      1
     2     12      1
     3      0      1
     3      4      1
     3      7      1
     3     28      1
     3     44      1
     3     53      1
     4      3      1
     4     15      1
     4     20      1
     5      2      1
     5     14      1
     6      2      1
     7      3      1
     7     16      1
     7     25      1
     7     31      1
     8      1      1
     8     17      1
     8     45      1
     9      1      1
     9     47      1
    10      1      1
    10     18      1
    10     29      1
    10     30      1
    11      0      1
    12      2      1
    12     13      1
    13     12      1
    13     23      1
    13     24      1
    13     27      1
    13     32      1
    13     36      1
    14      5      1
    14     46      1
    14     50      1
    15      4      1
    15     60      1
    16      7      1
    16     21      1
    17      8      1
    17     34      1
    18     10      1
    18     19      1
    18     42      1
    18     52      1
    18     58      1
    19     18      1
    19     26      1
    19     33      1
    19     35      1
    19     61      1
    20      4      1
    20     39      1
    21     16      1
    22      0      1
    23     13      1
    23     37      1
    23     55      1
    24     13      1
    25      7      1
    26     19      1
    27     13      1
    28      3      1
    28     63      1
    29     10      1
    29     49      1
    30     10      1
    30     41      1
    31      7      1
    31     59      1
    32     13      1
    32     38      1
    32     43      1
    33     19      1
    34     17      1
    34     56      1
    35     19      1
    36     13      1
    36     40      1
    37     23      1
    38     32      1
    38     48      1
    39     20      1
    40     36      1
    41     30      1
    42     18      1
    43     32      1
    43     54      1
    44      3      1
    45      8      1
    45     57      1
    46     14      1
    47      9      1
    48     38      1
    49     29      1
    49     51      1
    50     14      1
    51     49      1
    51     64      1
    52     18      1
    53      3      1
    54     43      1
    55     23      1
    56     34      1
    57     45      1
    58     18      1
    59     31      1
    59     62      1
    60     15      1
    61     19      1
    62     59      1
    63     28      1
    64     51      1
