COORD_X_Y 90
  2.89926  0.748856
0.0288754 0.0995185
   1.8109   2.80279
 0.182261  0.373272
  1.14197   1.99775
 0.228754   2.61773
  2.82946  0.234164
    2.987    1.0445
  2.53498   2.33199
  2.96599   2.00333
 0.279175    2.0306
  1.84417   1.72381
  1.85419   1.37816
  2.89669  0.279381
 0.746513   1.40364
  2.20291  0.619766
  2.24149   2.30174
 0.383261   1.98438
  2.11118   1.12387
 0.418842   1.94149
  1.56925  0.355979
  2.31553   2.19209
 0.148905   2.79555
  2.04387    2.0897
  1.36707   2.49285
  1.69651  0.412771
   2.4922   2.76304
  1.38433  0.184077
  1.02417   2.41952
 0.175416   2.40174
  2.20734   1.67613
  2.61262   1.53657
  2.15727   2.73003
 0.506652   2.66147
  1.67944  0.909898
  1.12904 0.0173523
 0.634031   1.49291
0.0484856   2.13377
0.0919512   2.50704
  1.57574   1.68426
0.0730381   2.58679
 0.557096  0.578544
  2.67277   1.30031
 0.582417   1.95501
  2.75454    2.0259
  1.34257   1.05885
 0.969567   2.13909
 0.609508   2.27831
 0.237653   2.26224
  1.11335   2.03129
  2.32922   2.58792
 0.649267  0.128086
  1.99085   1.20683
 0.313646   2.76794
  1.83157   2.82852
  1.73039   2.12363
  2.97192  0.762796
 0.226645  0.871382
  1.12569   2.46751
  1.00223   2.17876
  1.74957  0.326501
  1.65126   2.34643
  1.00148   1.92392
 0.281771   1.69992
  1.43341   1.33896
  1.25681  0.215927
 0.669641   2.15745
  2.27902  0.664952
 0.721787  0.091814
   2.0859   0.85589
  2.61319  0.819255
  0.82736  0.148653
   1.9819  0.920834
  2.69795  0.621197
  1.82019   1.03946
  2.11484   2.12781
  2.69587  0.209684
  0.65787  0.869144
 0.845385  0.166025
  2.20758   1.93352
 0.802288   1.42818
 0.991112  0.867828
  2.82802   0.91052
   1.6117    1.7795
 0.257956   1.08934
0.0547577   1.18689
  2.64688   2.57289
  1.66759   2.04393
 0.360757  0.970117
   1.5215  0.163173
LINKS_SOURCE_DESTINATION_DISTANCE 178
     0      1      1
     0     25      1
     0     59      1
     0     70      1
     1      0      1
     1      2      1
     1      3      1
     1      5      1
     1     46      1
     1     62      1
     2      1      1
     2      4      1
     2      7      1
     2     52      1
     2     61      1
     2     67      1
     3      1      1
     3      9      1
     4      2      1
     4     15      1
     4     18      1
     4     31      1
     5      1      1
     5      6      1
     5      8      1
     5     13      1
     5     76      1
     6      5      1
     6     21      1
     6     24      1
     6     29      1
     6     44      1
     6     77      1
     7      2      1
     7     38      1
     7     39      1
     7     48      1
     8      5      1
     8     19      1
     9      3      1
     9     10      1
     9     11      1
     9     27      1
    10      9      1
    10     12      1
    11      9      1
    11     22      1
    11     36      1
    11     45      1
    11     55      1
    12     10      1
    12     54      1
    13      5      1
    13     14      1
    14     13      1
    14     16      1
    14     40      1
    14     53      1
    15      4      1
    15     73      1
    15     75      1
    16     14      1
    16     17      1
    17     16      1
    17     20      1
    17     23      1
    17     34      1
    17     35      1
    17     57      1
    18      4      1
    18     33      1
    18     43      1
    19      8      1
    20     17      1
    20     56      1
    20     65      1
    21      6      1
    22     11      1
    22     30      1
    22     74      1
    23     17      1
    23     47      1
    23     71      1
    24      6      1
    24     42      1
    25      0      1
    25     26      1
    25     81      1
    26     25      1
    26     69      1
    27      9      1
    27     28      1
    28     27      1
    29      6      1
    30     22      1
    30     32      1
    30     60      1
    30     66      1
    31      4      1
    32     30      1
    33     18      1
    33     50      1
    34     17      1
    34     49      1
    34     85      1
    35     17      1
    35     37      1
    36     11      1
    36     51      1
    37     35      1
    37     41      1
    38      7      1
    39      7      1
    40     14      1
    41     37      1
    42     24      1
    42     63      1
    42     64      1
    43     18      1
    43     86      1
    44      6      1
    45     11      1
    46      1      1
    47     23      1
    48      7      1
    49     34      1
    49     72      1
    50     33      1
    50     89      1
    51     36      1
    52      2      1
    52     58      1
    53     14      1
    54     12      1
    54     78      1
    55     11      1
    55     83      1
    56     20      1
    57     17      1
    58     52      1
    59      0      1
    59     79      1
    60     30      1
    60     68      1
    61      2      1
    62      1      1
    63     42      1
    64     42      1
    65     20      1
    66     30      1
    67      2      1
    67     88      1
    68     60      1
    69     26      1
    70      0      1
    71     23      1
    71     82      1
    72     49      1
    72     84      1
    73     15      1
    73     80      1
    74     22      1
    74     87      1
    75     15      1
    76      5      1
    77      6      1
    78     54      1
    79     59      1
    80     73      1
    81     25      1
    82     71      1
    83     55      1
    84     72      1
    85     34      1
    86     43      1
    87     74      1
    88     67      1
    89     50      1
