COORD_X_Y 15
  2.00044    2.1662
  1.64706   2.70857
  2.88569     2.996
  1.80208  0.749562
 0.177416  0.373017
  2.37381   2.26177
 0.630309   1.36149
   0.7325  0.384501
  1.87398   1.36562
 0.428175   1.15649
  2.60521   2.31022
 0.603627   1.13757
  2.61698   1.38788
 0.567137 0.00239699
  1.14837   1.59053
LINKS_SOURCE_DESTINATION_DISTANCE 28
     0      1      1
     0      6      1
     0     13      1
     1      0      1
     1      2      1
     1      4      1
     1      7      1
     2      1      1
     2      3      1
     2     11      1
     2     14      1
     3      2      1
     4      1      1
     4      5      1
     4      9      1
     5      4      1
     5      8      1
     6      0      1
     7      1      1
     7     12      1
     8      5      1
     9      4      1
     9     10      1
    10      9      1
    11      2      1
    12      7      1
    13      0      1
    14      2      1
