COORD_X_Y 600
 0.291005     2.034
  2.20029  0.252491
  1.91518   2.10553
  2.53214   1.87787
  1.57239 0.0459831
 0.306092   2.81528
  2.37696  0.815421
  1.64947   1.51318
  0.60428   1.46659
 0.284954   2.19519
   2.1757  0.576668
  2.27776   2.64441
 0.122787    2.2457
  2.16335   2.23964
 0.217473  0.676704
  1.57819  0.807421
  1.73707   2.98704
  2.99309   2.22216
 0.482953   1.87664
  2.25337   1.61087
  2.21144   2.80504
  2.91756  0.915103
  2.09974 0.0019799
 0.781692    0.8604
0.0834126   1.54079
  1.02966    2.2453
 0.561781  0.273334
 0.642987  0.191312
  1.74078   2.22922
  2.04103  0.793377
 0.736125  0.818703
  1.60476  0.036582
 0.526539   1.76468
 0.340323 0.0688193
 0.131916  0.717258
  1.22636   1.62933
  1.90492   1.62548
  1.00286 0.0867231
  2.21421  0.256805
  2.58453   0.50714
 0.870759   0.66727
  2.28179   1.11319
0.0782424   1.18861
 0.739016   1.27174
  1.67648  0.589887
 0.316072   2.41833
  2.58204  0.349255
  1.96853   2.27763
  1.12821 0.0503672
  2.68099   2.82371
    1.994   2.06384
  2.83027   1.37695
  2.23279    2.1861
  1.64345   1.07915
 0.279569   1.39205
   2.2848 0.0873802
  2.61459   2.82301
 0.301302   1.05482
  1.65905   1.02832
 0.454225  0.996066
 0.372106   1.23588
 0.786593   2.24104
  1.74343   2.31426
  2.30277   1.44123
 0.539385   2.21294
 0.910972  0.135987
  2.38641   0.05934
  2.56957   2.52765
  1.23757   0.95723
  1.07855   1.09032
  2.83136    2.8502
 0.806217   0.05149
  2.55568   2.18629
  1.53219   2.03667
  2.48658   1.75922
  2.15142   1.99783
  2.05039   1.41315
 0.153326   1.95091
 0.908049   2.11881
0.0925381   2.05987
  1.43473   2.11486
  2.56843   2.88551
 0.247542   2.11116
   2.9316   1.78794
0.0640451   1.11094
  1.70456   2.20206
  2.86296  0.326876
 0.491175   1.60371
   2.6329   0.89283
   2.8701  0.256343
  2.42308    1.5166
  1.47649   2.33668
  1.50564   1.75791
  1.50946   1.82281
 0.280834   0.32791
  2.53643   1.69792
  2.65019   1.37066
 0.369091   1.63793
  2.99451   2.14685
  1.45908   2.01153
 0.931135   2.17491
  1.72941   1.81301
   1.1474   1.78225
  1.07254   1.85316
  1.07092   2.24301
  2.85082   1.23218
  1.03547   2.31632
  1.86255   2.45926
   1.0973   1.23428
  1.63189   1.83694
  1.18821  0.463122
0.0993603   0.98347
 0.540098  0.610286
 0.107421   2.23624
  1.22148  0.637436
  2.88042   2.87771
 0.730865  0.804422
  2.15927  0.142045
  2.26056  0.608224
 0.921447    1.5302
 0.818175  0.852462
  1.98294 0.0684861
  1.64127   1.28846
  1.80262  0.499411
  1.27815   2.89623
 0.945198   1.78491
 0.643446   2.56567
  2.98483   1.02644
  2.23635  0.728596
   2.9676   1.42372
    1.503   1.13056
  2.87834    1.8391
  2.93381   2.59392
 0.773616   2.08476
  2.77196   2.98196
   0.7463  0.559787
  2.88729  0.201939
  2.08547   1.46377
 0.337831   1.89409
  1.22431   2.37267
  2.46853   1.03712
  1.34542   1.65921
  2.77231  0.874168
 0.649556   2.50126
 0.722337   1.39174
  1.32886   1.39627
  1.44984   0.88286
  2.02355   2.83226
  1.22212   2.73423
  2.99126   1.68492
   2.0346   2.28219
 0.993042     2.221
  1.48665   1.52318
  2.46826   2.48219
 0.209816  0.592243
 0.620583   1.72545
  1.29388  0.410239
 0.853118   1.04871
  1.65425   2.57187
  1.11434   1.36267
 0.405625  0.416497
   1.8053   1.79198
  2.26375   2.24849
 0.808724   1.72703
  1.43362   2.38774
  1.23243  0.174462
  2.76735   2.53396
  2.53921   2.48269
 0.782475  0.818722
 0.797878  0.602896
  2.99492  0.945954
 0.825328   1.90625
  1.81025    1.5457
  1.73045   2.92935
 0.466494    2.3795
  2.35994   2.95055
 0.761376  0.730192
  1.37997   2.62088
  2.18447  0.178538
 0.239816   2.26875
  2.37878   1.09275
 0.534608   1.60704
 0.485416 0.00681066
  2.84873   1.98777
 0.726631   0.16936
  1.05105    1.4815
  2.35707   1.24532
 0.744822   1.64696
  1.32853   1.23284
 0.761808   2.86424
 0.826415 0.0925791
  1.82841   2.28525
  2.79831   2.66164
  2.24485   2.08488
 0.803172   2.19881
  2.84428    1.6716
 0.585468 0.0359473
 0.744312    0.5945
  2.77123  0.245872
  1.76743   1.15468
  2.98573  0.415101
  2.95946    1.8325
  2.83019  0.310623
  1.87707  0.847289
  2.88666   1.80982
 0.783421  0.201696
   1.0914   1.15429
  2.97869   1.42456
  1.12529   2.19501
  2.33965   2.84738
  2.05882   2.84432
  2.14022   2.39844
  1.57485   1.65785
  1.61257   2.91292
  1.30711    1.5628
  2.37618   1.25023
  2.82703   1.58622
  2.47275  0.336518
  2.59159  0.467465
  1.87245   2.75869
  2.07416   2.80556
  2.27608    1.3907
 0.785692  0.868986
 0.940858  0.663347
  2.56445   2.93456
 0.683163   1.56876
 0.451914   2.00657
  2.90213   2.77165
   2.1818  0.663021
   2.2957   1.04106
  2.00722   1.24326
  2.02926  0.715962
  1.15618    1.6309
   2.9216    2.1141
 0.235884   2.69787
 0.885932  0.114301
  1.04674  0.525608
 0.831045   1.42382
 0.476721   2.78635
 0.573697 0.0996877
 0.152829   2.56921
 0.930243  0.447936
  1.80398   1.30414
  2.61533   2.75764
  2.19576 0.0045111
  2.84992   2.86508
  2.09542  0.832623
  1.15373  0.398992
   2.6629  0.380986
  1.65152   2.75927
  1.97473  0.145409
  2.48185  0.252138
   1.1863   0.70442
 0.684984  0.362865
  1.22092   1.44952
 0.127799  0.681208
  1.81672   2.38383
 0.891115   1.92374
 0.206508   2.45591
   2.9722   2.36597
  2.96469   1.19472
  2.63988   2.43009
  1.75307   2.23545
  2.72813   1.67157
 0.978848   2.01309
   2.1985   1.73581
  1.00597   2.09337
  2.89976   2.13667
  2.52972   1.51414
  1.88898    1.0304
 0.823831  0.522928
   2.1825 0.0968088
 0.249898   2.03131
  1.04673  0.853413
 0.958839 0.0308739
 0.406113   2.72306
 0.498939   2.10544
 0.181416  0.029974
  2.40168   2.55721
 0.747398   1.74553
  2.76391    1.4457
  1.54397   1.86334
  2.24589   2.36141
  1.06176   2.58784
  1.32166  0.948621
 0.829108  0.508326
   1.5315   1.81497
  2.71955  0.276192
  2.33736  0.294103
    1.021  0.384136
  2.05166    1.9189
 0.830014   2.67413
  1.20001   2.65476
 0.601343    1.2599
 0.228614  0.411735
 0.635387   2.43162
 0.409817   2.85407
  1.88317  0.697711
 0.983751   1.04826
 0.123342   1.96544
 0.345136   2.35246
 0.783277   2.07932
  1.68724  0.960052
  1.17898   2.29538
   2.1174   2.01962
  2.38765    1.9354
  1.33393   2.18517
  1.70605  0.780623
  2.77081   2.99767
  2.74545  0.565975
  2.56804   2.75533
   2.9177   1.33582
  2.20015   1.03567
  2.07276   2.95921
 0.954732   2.86397
  1.29498  0.711972
 0.777673   1.61987
  2.78663  0.955819
 0.711875   2.10168
 0.761849   1.66467
  0.79293    1.5498
  1.67141  0.272377
  1.65338  0.286922
 0.780931   1.01416
  1.70853   2.08173
  2.81988   2.84982
 0.748693   1.16133
 0.389005   1.47254
  2.52634  0.047621
  2.53135   1.82388
  2.45634   1.13309
   1.1097   2.79587
  2.78128   1.31339
  1.91515   2.13291
  2.11472   1.17439
  2.12024   2.68566
 0.669268  0.844321
  1.05328  0.385344
  1.77901   1.74689
  1.66568  0.706943
  2.42037   1.04812
  2.18355  0.999357
 0.475261   1.80199
  1.82067   1.24207
 0.220931   2.69055
   1.7546  0.783827
  2.59433  0.422322
  1.07348  0.706976
 0.149599   1.82936
 0.936115   1.63141
0.00245861 0.00687467
 0.921056   2.31307
  2.33535    2.4162
0.0795175  0.623558
  2.73074   1.93387
  2.17514   2.29806
  2.39594   1.65789
 0.956135  0.743427
 0.722709  0.781721
  2.99925   1.78575
0.0984079   2.42454
  1.40197  0.851776
  1.09398   2.93693
 0.426487   2.59387
  2.36241  0.154473
 0.541063   1.27714
   1.6482  0.907537
  2.15365   1.98205
  1.89524  0.429978
  2.45469  0.429924
   1.0674  0.817798
  1.60184  0.316308
  1.66343   1.28279
 0.368681   2.46826
  2.61878   1.66433
0.0690894   2.02448
  1.05298   1.26154
  1.73622   2.05634
  2.05832    1.2975
 0.285807  0.624407
  1.08459   1.15372
  2.46713   1.47015
  2.99778   1.85834
 0.780871    1.0312
  2.33729   1.34151
 0.984208   2.87712
  1.27199  0.702683
  1.78842  0.507034
  0.23429  0.326281
 0.282742   2.78733
  2.93092    2.3474
  2.52849  0.545637
  2.67135  0.939283
    2.285   1.69808
 0.991014    2.1148
 0.727852  0.652448
  2.28259   2.66356
  1.77516   1.84586
  1.09656   2.41787
 0.571858  0.490831
  2.85066   2.89876
 0.246513  0.692662
 0.997596 0.0169651
 0.429292   0.68759
  1.64814  0.277212
  1.80203   1.12939
  1.31632   2.52364
  0.51077   1.13139
  1.44459   2.49709
  2.62698  0.928627
 0.997216   1.35002
  1.61501   1.13839
  1.38876   2.68645
 0.538669   1.08938
   1.3631  0.743176
  2.62749    2.2353
 0.904703  0.763178
 0.922151   2.15625
   2.6374   1.34588
  1.54388   2.51555
  1.89987   2.12343
  2.01785  0.293529
  1.82584   2.25482
 0.911267   1.52541
  2.22251   1.34765
 0.980394   1.06403
0.0101748    1.8702
 0.894169    2.4867
  2.58775   2.23257
  1.82295   2.98654
  1.56281  0.102117
  1.73148  0.290043
  2.91611 0.0986507
  1.14159    1.5143
  1.57258  0.705828
 0.770243   1.26079
 0.802661   1.96359
  0.01946    1.2744
 0.191495   1.05634
  1.00404   0.87696
  1.98407   2.81666
 0.138291   1.27744
 0.715458  0.177631
 0.175792  0.843696
  0.93178   2.60406
 0.757424   1.53351
 0.254974   2.87189
 0.936224  0.179169
  2.72446 0.0459642
  1.32679   2.57363
 0.306666   1.52795
 0.189681  0.460911
 0.178935 0.0727022
  2.94344  0.885279
  1.19605  0.457425
 0.506023   1.05257
  2.63242   1.09324
  2.42194 0.00146923
  1.41813   2.21106
  1.90107   1.72927
  2.73695 0.0163631
  2.40819  0.878794
  1.65881  0.736512
  2.97281   2.39532
  0.88762  0.564454
 0.155433   1.03816
 0.095344   1.18138
 0.921193   1.07642
  2.71263   1.33852
  1.99442   2.72505
 0.553535   1.81807
  1.25065  0.131582
 0.701955   2.44782
  2.26196  0.430954
 0.735205  0.353715
  2.52299   1.31454
  2.52291   2.35643
  2.87038  0.170564
  1.54305   2.95026
 0.202027   1.93196
  2.77788   2.76137
  2.86577   2.39714
  2.80466   2.25737
 0.180989   2.56326
 0.224973   1.22123
  1.00117   2.51927
 0.380428  0.337914
  0.55137   2.48644
  2.64966   2.36909
  1.44013   2.11641
 0.517088   2.57243
 0.945689   1.40197
  1.05538   1.26601
0.0149959  0.600769
  2.25481   1.97788
 0.208559  0.135425
 0.712123   2.37365
 0.270744   1.39704
 0.863834   1.48591
 0.105163   2.98019
  2.51109   2.21709
0.0314778   1.92151
 0.756543   1.09246
   2.3637  0.823322
   1.7324   2.22808
  1.68703   2.79097
 0.594593  0.360386
  1.16476    1.8603
  0.58677  0.201932
  2.89525   1.90453
  2.02282  0.616893
  2.22487   1.46234
  2.63719  0.960412
  2.31554  0.875077
  2.02827  0.609884
  1.57603   2.86888
  1.54757   2.78105
  2.19425   2.09461
 0.682571   1.60359
 0.151713  0.864716
  1.75635   2.11311
  1.57651  0.982012
  2.22365   1.79781
  2.06208  0.962488
   1.7375   2.05246
  2.42912   1.14882
  1.85856 0.0191352
 0.818338   1.79917
  2.70898   2.64657
  1.90048  0.890266
 0.220477   2.92381
 0.354757  0.892196
 0.629841     1.024
  2.09172  0.170651
  2.92522   2.96055
  2.07364   0.31825
  2.67201    2.0681
 0.593401   2.69661
 0.646442 0.0964308
  2.50673   2.09345
 0.933281   1.19553
 0.290273  0.975275
 0.555967  0.959061
  2.69555   1.41222
  1.24213  0.940046
  2.43869   2.64941
  2.25709   1.08633
 0.734466  0.900385
  2.29724  0.692744
   1.4621   2.80301
  1.60385   1.64767
  1.03938  0.666956
  1.54021   2.11704
  1.24366   1.06404
  2.51229   2.26456
  2.33016    2.9145
  2.26086  0.214922
  2.27527   1.74103
  0.78001   1.17851
 0.448581   2.10091
 0.452465   1.96769
 0.984406  0.196873
  1.18211   1.74346
 0.626385   2.13968
  2.26521   2.61021
  2.37253   2.41959
  2.73993   2.97194
 0.443555  0.177301
 0.290801   2.59215
  2.17673    2.7719
 0.250455  0.871105
  2.17332   1.76409
  2.36538     2.979
  1.72553   2.89046
  2.99668   2.65397
  1.93524  0.336255
  2.97627   2.50125
  0.71742   1.51183
  2.78852   1.84471
  1.39372  0.400363
   2.9831  0.497006
 0.777953    2.1741
  1.24986   1.21487
  2.65934   2.41114
  1.47952   2.78861
 0.185548   2.16482
  2.68337    2.9359
  2.61834   2.83618
 0.715628  0.310075
 0.720652   1.26821
  2.31224  0.155607
   1.0342   1.60719
 0.479142   2.71067
 0.696234   1.63875
  1.88502    1.4567
 0.910916    1.1048
  1.62607   2.12012
 0.899048   1.31723
  1.87142   2.18287
0.0395886   1.41935
LINKS_SOURCE_DESTINATION_DISTANCE 1198
     0      1      1
     0      9      1
     0     15      1
     0     32      1
     1      0      1
     1      2      1
     1      3      1
     1      4      1
     1     18      1
     1     21      1
     1     27      1
     1     49      1
     1    135      1
     2      1      1
     2      7      1
     2     29      1
     2     35      1
     2     38      1
     2    122      1
     2    168      1
     2    255      1
     2    380      1
     3      1      1
     3     10      1
     3     13      1
     3     14      1
     3    119      1
     3    200      1
     4      1      1
     4      5      1
     4      6      1
     4     95      1
     4    153      1
     5      4      1
     5      8      1
     5     12      1
     5     16      1
     5     36      1
     5     42      1
     5     67      1
     5    133      1
     6      4      1
     6     46      1
     6     56      1
     6    508      1
     7      2      1
     7     44      1
     7     53      1
     7     76      1
     7     77      1
     7     92      1
     7    100      1
     7    165      1
     7    226      1
     7    391      1
     7    577      1
     8      5      1
     8     25      1
     8     34      1
     8     81      1
     9      0      1
     9     26      1
     9     33      1
     9     41      1
     9     50      1
     9    218      1
     9    440      1
    10      3      1
    10     11      1
    10     70      1
    10    130      1
    11     10      1
    11     17      1
    11    160      1
    12      5      1
    12     28      1
    12     45      1
    12     98      1
    12    150      1
    12    334      1
    13      3      1
    13     24      1
    14      3      1
    15      0      1
    15     20      1
    16      5      1
    16     19      1
    16     39      1
    16    142      1
    16    378      1
    17     11      1
    17    106      1
    17    145      1
    18      1      1
    18     87      1
    18    157      1
    19     16      1
    19    281      1
    20     15      1
    20     22      1
    20     37      1
    20    127      1
    20    164      1
    20    240      1
    21      1      1
    21     23      1
    21    134      1
    22     20      1
    22     31      1
    22     74      1
    22    227      1
    22    250      1
    22    482      1
    22    532      1
    23     21      1
    23    237      1
    24     13      1
    24    386      1
    25      8      1
    25     66      1
    25    375      1
    26      9      1
    26    126      1
    26    216      1
    26    284      1
    27      1      1
    27     30      1
    27    154      1
    28     12      1
    28     43      1
    28    137      1
    28    207      1
    28    293      1
    29      2      1
    29     63      1
    29     71      1
    29    141      1
    29    470      1
    30     27      1
    30     82      1
    30    101      1
    30    110      1
    30    151      1
    30    504      1
    31     22      1
    31    111      1
    31    174      1
    31    176      1
    31    203      1
    31    543      1
    32      0      1
    32     54      1
    32    183      1
    33      9      1
    33     40      1
    33     48      1
    33     58      1
    33     75      1
    33     83      1
    33    288      1
    33    388      1
    34      8      1
    34    389      1
    34    592      1
    35      2      1
    35     51      1
    35     57      1
    35     89      1
    35    102      1
    36      5      1
    37     20      1
    37     69      1
    37     86      1
    38      2      1
    38    193      1
    39     16      1
    39    120      1
    39    149      1
    40     33      1
    40    187      1
    41      9      1
    41     47      1
    41    418      1
    42      5      1
    42     62      1
    42     91      1
    42    158      1
    42    366      1
    43     28      1
    43     78      1
    43    228      1
    43    282      1
    43    392      1
    44      7      1
    44    162      1
    44    319      1
    44    495      1
    45     12      1
    45     52      1
    46      6      1
    46     55      1
    46     72      1
    46    206      1
    47     41      1
    47    117      1
    47    171      1
    48     33      1
    49      1      1
    49    104      1
    49    105      1
    49    173      1
    49    342      1
    49    588      1
    50      9      1
    50    252      1
    51     35      1
    51     60      1
    51    214      1
    51    215      1
    52     45      1
    52     65      1
    52    201      1
    52    302      1
    52    483      1
    53      7      1
    54     32      1
    54     80      1
    55     46      1
    55     61      1
    55     73      1
    55    280      1
    56      6      1
    56    205      1
    56    210      1
    56    402      1
    57     35      1
    57    138      1
    58     33      1
    58     59      1
    58     85      1
    58    107      1
    58    116      1
    58    172      1
    58    208      1
    59     58      1
    59     64      1
    59    358      1
    60     51      1
    60     68      1
    60    272      1
    60    314      1
    61     55      1
    61     97      1
    61    108      1
    61    523      1
    61    544      1
    62     42      1
    62     96      1
    62    471      1
    63     29      1
    63     84      1
    64     59      1
    64    553      1
    64    589      1
    65     52      1
    65    121      1
    65    128      1
    66     25      1
    66    270      1
    67      5      1
    67    161      1
    68     60      1
    68    446      1
    69     37      1
    69    109      1
    69    129      1
    69    136      1
    69    229      1
    69    363      1
    70     10      1
    70     88      1
    70    169      1
    70    324      1
    70    426      1
    71     29      1
    71     93      1
    71    368      1
    71    407      1
    72     46      1
    72    184      1
    73     55      1
    73     94      1
    73    115      1
    73    190      1
    74     22      1
    74    242      1
    74    322      1
    74    349      1
    75     33      1
    75    131      1
    75    405      1
    76      7      1
    76     79      1
    76    148      1
    77      7      1
    77    435      1
    78     43      1
    78    417      1
    78    425      1
    79     76      1
    79    312      1
    80     54      1
    80     90      1
    80    118      1
    80    159      1
    80    167      1
    80    305      1
    80    500      1
    80    542      1
    81      8      1
    81    155      1
    82     30      1
    82    103      1
    82    416      1
    82    538      1
    83     33      1
    83    186      1
    83    313      1
    83    317      1
    84     63      1
    84    197      1
    84    478      1
    84    541      1
    84    554      1
    85     58      1
    86     37      1
    86    163      1
    86    454      1
    87     18      1
    87    156      1
    88     70      1
    88    575      1
    89     35      1
    90     80      1
    90    132      1
    90    146      1
    91     42      1
    91    144      1
    91    260      1
    92      7      1
    92     99      1
    92    518      1
    93     71      1
    93    113      1
    93    311      1
    93    379      1
    94     73      1
    94    124      1
    94    556      1
    95      4      1
    95    220      1
    96     62      1
    96    147      1
    96    275      1
    96    315      1
    96    415      1
    96    451      1
    97     61      1
    97    251      1
    97    279      1
    97    406      1
    97    559      1
    98     12      1
    98    192      1
    99     92      1
   100      7      1
   100    213      1
   101     30      1
   101    140      1
   101    204      1
   101    549      1
   102     35      1
   102    298      1
   102    321      1
   103     82      1
   103    125      1
   103    480      1
   104     49      1
   104    341      1
   105     49      1
   105    112      1
   105    114      1
   105    303      1
   106     17      1
   107     58      1
   108     61      1
   108    326      1
   109     69      1
   109    198      1
   109    506      1
   109    593      1
   110     30      1
   110    285      1
   110    567      1
   111     31      1
   111    243      1
   111    323      1
   111    586      1
   112    105      1
   112    178      1
   113     93      1
   114    105      1
   114    399      1
   115     73      1
   115    265      1
   116     58      1
   116    245      1
   116    496      1
   117     47      1
   118     80      1
   118    249      1
   119      3      1
   119    259      1
   120     39      1
   120    262      1
   120    515      1
   121     65      1
   122      2      1
   122    123      1
   122    373      1
   123    122      1
   124     94      1
   124    469      1
   125    103      1
   125    308      1
   125    531      1
   126     26      1
   126    143      1
   126    370      1
   127     20      1
   127    248      1
   128     65      1
   128    170      1
   128    267      1
   129     69      1
   130     10      1
   131     75      1
   131    177      1
   131    382      1
   132     90      1
   133      5      1
   133    139      1
   133    175      1
   134     21      1
   134    152      1
   134    299      1
   135      1      1
   135    246      1
   135    552      1
   136     69      1
   137     28      1
   137    395      1
   137    572      1
   138     57      1
   138    181      1
   138    338      1
   139    133      1
   139    295      1
   139    343      1
   139    465      1
   139    596      1
   140    101      1
   140    202      1
   140    271      1
   141     29      1
   141    221      1
   141    409      1
   141    431      1
   142     16      1
   142    306      1
   143    126      1
   143    278      1
   144     91      1
   144    209      1
   144    297      1
   144    427      1
   144    460      1
   145     17      1
   145    241      1
   145    345      1
   145    397      1
   146     90      1
   147     96      1
   148     76      1
   148    194      1
   148    546      1
   149     39      1
   149    217      1
   150     12      1
   151     30      1
   151    479      1
   152    134      1
   152    188      1
   152    224      1
   152    277      1
   153      4      1
   153    211      1
   153    212      1
   153    236      1
   154     27      1
   155     81      1
   156     87      1
   156    191      1
   156    329      1
   156    353      1
   157     18      1
   158     42      1
   158    166      1
   158    558      1
   159     80      1
   159    264      1
   159    502      1
   160     11      1
   160    301      1
   160    520      1
   161     67      1
   161    449      1
   162     44      1
   162    179      1
   162    182      1
   163     86      1
   163    437      1
   164     20      1
   164    180      1
   165      7      1
   165    450      1
   165    499      1
   166    158      1
   166    385      1
   167     80      1
   167    225      1
   167    247      1
   167    474      1
   168      2      1
   168    290      1
   168    292      1
   168    419      1
   169     70      1
   169    253      1
   169    492      1
   170    128      1
   170    472      1
   171     47      1
   171    199      1
   172     58      1
   172    185      1
   172    574      1
   173     49      1
   173    401      1
   174     31      1
   174    584      1
   175    133      1
   176     31      1
   177    131      1
   177    261      1
   177    318      1
   177    430      1
   178    112      1
   179    162      1
   180    164      1
   180    273      1
   181    138      1
   181    189      1
   182    162      1
   182    195      1
   183     32      1
   183    390      1
   184     72      1
   184    234      1
   185    172      1
   186     83      1
   187     40      1
   187    332      1
   187    421      1
   188    152      1
   188    548      1
   189    181      1
   189    563      1
   190     73      1
   190    335      1
   191    156      1
   192     98      1
   192    294      1
   192    369      1
   193     38      1
   193    196      1
   193    268      1
   194    148      1
   194    230      1
   195    182      1
   196    193      1
   196    441      1
   197     84      1
   198    109      1
   198    233      1
   199    171      1
   199    394      1
   200      3      1
   200    464      1
   200    585      1
   201     52      1
   201    231      1
   201    274      1
   201    296      1
   202    140      1
   203     31      1
   203    309      1
   204    101      1
   204    258      1
   204    307      1
   204    398      1
   205     56      1
   205    257      1
   206     46      1
   206    355      1
   207     28      1
   207    438      1
   208     58      1
   209    144      1
   209    359      1
   210     56      1
   210    494      1
   211    153      1
   211    219      1
   211    351      1
   212    153      1
   212    507      1
   213    100      1
   213    346      1
   213    570      1
   214     51      1
   214    223      1
   215     51      1
   216     26      1
   217    149      1
   218      9      1
   218    235      1
   218    357      1
   219    211      1
   219    238      1
   219    263      1
   220     95      1
   220    222      1
   220    530      1
   221    141      1
   221    291      1
   221    354      1
   222    220      1
   222    232      1
   222    333      1
   222    340      1
   223    214      1
   223    381      1
   223    514      1
   224    152      1
   225    167      1
   225    239      1
   225    578      1
   225    598      1
   226      7      1
   226    364      1
   226    439      1
   227     22      1
   228     43      1
   229     69      1
   229    266      1
   230    194      1
   230    443      1
   231    201      1
   231    256      1
   232    222      1
   232    289      1
   232    410      1
   232    526      1
   233    198      1
   233    337      1
   233    372      1
   234    184      1
   235    218      1
   235    377      1
   235    509      1
   236    153      1
   236    387      1
   236    534      1
   237     23      1
   238    219      1
   238    254      1
   238    320      1
   239    225      1
   239    362      1
   240     20      1
   240    244      1
   241    145      1
   241    331      1
   242     74      1
   242    276      1
   242    477      1
   243    111      1
   243    423      1
   243    484      1
   244    240      1
   245    116      1
   245    503      1
   246    135      1
   246    286      1
   247    167      1
   247    422      1
   248    127      1
   248    524      1
   249    118      1
   249    560      1
   250     22      1
   251     97      1
   252     50      1
   253    169      1
   254    238      1
   254    414      1
   255      2      1
   255    444      1
   256    231      1
   256    336      1
   257    205      1
   258    204      1
   258    283      1
   258    316      1
   258    360      1
   259    119      1
   259    347      1
   259    539      1
   260     91      1
   260    550      1
   261    177      1
   261    344      1
   262    120      1
   263    219      1
   263    269      1
   263    304      1
   264    159      1
   264    327      1
   265    115      1
   266    229      1
   266    300      1
   266    350      1
   267    128      1
   267    568      1
   268    193      1
   268    436      1
   269    263      1
   269    365      1
   270     66      1
   271    140      1
   272     60      1
   273    180      1
   274    201      1
   275     96      1
   275    447      1
   276    242      1
   277    152      1
   278    143      1
   279     97      1
   279    287      1
   279    564      1
   280     55      1
   281     19      1
   281    498      1
   282     43      1
   283    258      1
   283    356      1
   284     26      1
   284    595      1
   285    110      1
   286    246      1
   287    279      1
   288     33      1
   289    232      1
   289    455      1
   290    168      1
   290    424      1
   291    221      1
   291    413      1
   292    168      1
   292    404      1
   293     28      1
   293    547      1
   294    192      1
   295    139      1
   295    433      1
   296    201      1
   297    144      1
   297    583      1
   297    590      1
   298    102      1
   298    411      1
   299    134      1
   300    266      1
   300    579      1
   301    160      1
   301    525      1
   302     52      1
   302    310      1
   302    442      1
   303    105      1
   304    263      1
   304    576      1
   305     80      1
   305    330      1
   306    142      1
   306    463      1
   307    204      1
   307    367      1
   307    462      1
   308    125      1
   308    487      1
   309    203      1
   309    376      1
   309    497      1
   310    302      1
   310    374      1
   310    591      1
   311     93      1
   312     79      1
   313     83      1
   313    540      1
   314     60      1
   314    352      1
   314    403      1
   315     96      1
   315    325      1
   316    258      1
   316    458      1
   317     83      1
   318    177      1
   318    328      1
   319     44      1
   319    396      1
   320    238      1
   321    102      1
   322     74      1
   323    111      1
   323    339      1
   324     70      1
   324    348      1
   325    315      1
   326    108      1
   326    432      1
   326    511      1
   327    264      1
   328    318      1
   328    453      1
   329    156      1
   329    445      1
   330    305      1
   331    241      1
   332    187      1
   333    222      1
   333    561      1
   334     12      1
   334    448      1
   334    459      1
   335    190      1
   336    256      1
   336    393      1
   336    408      1
   337    233      1
   338    138      1
   339    323      1
   339    466      1
   339    537      1
   340    222      1
   341    104      1
   342     49      1
   343    139      1
   343    384      1
   343    529      1
   343    555      1
   344    261      1
   344    456      1
   344    457      1
   345    145      1
   346    213      1
   347    259      1
   348    324      1
   349     74      1
   349    481      1
   349    536      1
   350    266      1
   350    361      1
   351    211      1
   351    501      1
   352    314      1
   353    156      1
   354    221      1
   354    571      1
   355    206      1
   356    283      1
   357    218      1
   358     59      1
   359    209      1
   360    258      1
   360    371      1
   361    350      1
   362    239      1
   363     69      1
   364    226      1
   364    476      1
   364    522      1
   365    269      1
   365    594      1
   366     42      1
   366    383      1
   367    307      1
   367    475      1
   368     71      1
   369    192      1
   370    126      1
   370    545      1
   371    360      1
   371    505      1
   372    233      1
   373    122      1
   373    452      1
   374    310      1
   375     25      1
   376    309      1
   377    235      1
   377    512      1
   378     16      1
   379     93      1
   380      2      1
   381    223      1
   381    420      1
   382    131      1
   383    366      1
   384    343      1
   385    166      1
   386     24      1
   386    412      1
   387    236      1
   388     33      1
   388    565      1
   389     34      1
   390    183      1
   391      7      1
   392     43      1
   393    336      1
   393    400      1
   393    467      1
   394    199      1
   395    137      1
   396    319      1
   396    429      1
   397    145      1
   398    204      1
   399    114      1
   399    569      1
   400    393      1
   401    173      1
   402     56      1
   403    314      1
   404    292      1
   405     75      1
   406     97      1
   407     71      1
   407    557      1
   408    336      1
   409    141      1
   410    232      1
   410    461      1
   410    486      1
   411    298      1
   412    386      1
   413    291      1
   413    428      1
   414    254      1
   414    581      1
   415     96      1
   416     82      1
   417     78      1
   418     41      1
   419    168      1
   420    381      1
   421    187      1
   422    247      1
   423    243      1
   424    290      1
   424    551      1
   425     78      1
   426     70      1
   426    528      1
   427    144      1
   427    434      1
   427    580      1
   428    413      1
   429    396      1
   430    177      1
   430    490      1
   430    517      1
   431    141      1
   432    326      1
   433    295      1
   434    427      1
   434    513      1
   435     77      1
   435    489      1
   436    268      1
   437    163      1
   438    207      1
   438    587      1
   439    226      1
   440      9      1
   441    196      1
   442    302      1
   443    230      1
   443    562      1
   444    255      1
   445    329      1
   446     68      1
   447    275      1
   448    334      1
   449    161      1
   449    582      1
   450    165      1
   451     96      1
   452    373      1
   452    488      1
   452    516      1
   453    328      1
   454     86      1
   454    468      1
   454    510      1
   455    289      1
   455    491      1
   456    344      1
   457    344      1
   458    316      1
   459    334      1
   460    144      1
   460    485      1
   461    410      1
   462    307      1
   462    519      1
   463    306      1
   464    200      1
   465    139      1
   466    339      1
   467    393      1
   468    454      1
   469    124      1
   470     29      1
   470    473      1
   471     62      1
   472    170      1
   473    470      1
   474    167      1
   475    367      1
   476    364      1
   476    566      1
   477    242      1
   478     84      1
   478    493      1
   479    151      1
   480    103      1
   481    349      1
   481    573      1
   482     22      1
   483     52      1
   484    243      1
   485    460      1
   486    410      1
   487    308      1
   488    452      1
   489    435      1
   489    527      1
   490    430      1
   491    455      1
   492    169      1
   493    478      1
   494    210      1
   495     44      1
   496    116      1
   497    309      1
   498    281      1
   499    165      1
   500     80      1
   501    351      1
   502    159      1
   503    245      1
   504     30      1
   505    371      1
   506    109      1
   507    212      1
   508      6      1
   509    235      1
   510    454      1
   511    326      1
   512    377      1
   513    434      1
   514    223      1
   515    120      1
   515    533      1
   516    452      1
   517    430      1
   517    521      1
   518     92      1
   519    462      1
   520    160      1
   521    517      1
   522    364      1
   523     61      1
   524    248      1
   525    301      1
   526    232      1
   527    489      1
   528    426      1
   529    343      1
   530    220      1
   530    535      1
   531    125      1
   532     22      1
   533    515      1
   534    236      1
   535    530      1
   536    349      1
   537    339      1
   538     82      1
   539    259      1
   539    599      1
   540    313      1
   541     84      1
   542     80      1
   543     31      1
   544     61      1
   545    370      1
   546    148      1
   547    293      1
   548    188      1
   549    101      1
   550    260      1
   551    424      1
   552    135      1
   553     64      1
   554     84      1
   555    343      1
   556     94      1
   557    407      1
   558    158      1
   559     97      1
   560    249      1
   561    333      1
   562    443      1
   563    189      1
   564    279      1
   565    388      1
   566    476      1
   567    110      1
   568    267      1
   569    399      1
   570    213      1
   571    354      1
   572    137      1
   573    481      1
   574    172      1
   575     88      1
   575    597      1
   576    304      1
   577      7      1
   578    225      1
   579    300      1
   580    427      1
   581    414      1
   582    449      1
   583    297      1
   584    174      1
   585    200      1
   586    111      1
   587    438      1
   588     49      1
   589     64      1
   590    297      1
   591    310      1
   592     34      1
   593    109      1
   594    365      1
   595    284      1
   596    139      1
   597    575      1
   598    225      1
   599    539      1
