COORD_X_Y 50
  2.73099   1.60259
 0.689024   2.90604
 0.581526  0.101891
 0.425497  0.190181
0.0825982  0.732547
  1.13428  0.479427
  2.24754   1.56495
  2.10805   1.26452
 0.331969 0.0246303
  1.63596  0.697975
  2.13611   1.30445
  2.60973   1.04917
  0.72025  0.578167
0.0855488   2.94217
  1.73481   2.80036
  1.35392  0.681899
  2.93199   1.70688
 0.637196  0.785448
 0.204722   1.33491
  2.58452   2.50678
   1.1658  0.159304
  2.14254  0.584432
   2.6086    1.7202
  1.44968  0.648405
  1.10863  0.949625
 0.760141  0.519132
  1.82497   1.77931
  1.23812  0.714262
  2.37103   1.65527
  1.97504  0.390915
  2.62449   2.54616
 0.513222   1.45584
  1.54985   2.36768
  1.14053   0.27485
 0.740854   2.37499
  2.34025   2.38289
  2.96282  0.224854
  1.27785    1.5215
  2.72689   1.97652
 0.262218   1.86196
 0.837813  0.122052
  1.11646  0.943849
 0.451065   1.83629
  2.40809    1.5026
  2.25733   1.30877
  1.34323  0.437534
  1.89793  0.310224
 0.846401  0.972215
  1.40184  0.662561
  2.49117   2.37562
LINKS_SOURCE_DESTINATION_DISTANCE 98
     0      1      1
     0      2      1
     0      6      1
     0     11      1
     0     13      1
     1      0      1
     1      3      1
     1      4      1
     2      0      1
     2      5      1
     2      9      1
     2     14      1
     2     18      1
     3      1      1
     3     10      1
     3     22      1
     4      1      1
     4     16      1
     4     19      1
     4     35      1
     4     41      1
     5      2      1
     5      7      1
     5      8      1
     6      0      1
     6     29      1
     7      5      1
     8      5      1
     8     12      1
     8     26      1
     8     31      1
     8     48      1
     9      2      1
     9     15      1
     9     32      1
    10      3      1
    11      0      1
    12      8      1
    12     17      1
    13      0      1
    13     39      1
    14      2      1
    15      9      1
    15     24      1
    15     27      1
    16      4      1
    17     12      1
    17     21      1
    17     30      1
    17     38      1
    18      2      1
    19      4      1
    19     20      1
    20     19      1
    20     23      1
    20     28      1
    21     17      1
    21     25      1
    21     45      1
    22      3      1
    22     43      1
    23     20      1
    23     44      1
    24     15      1
    25     21      1
    26      8      1
    26     33      1
    26     49      1
    27     15      1
    28     20      1
    29      6      1
    29     47      1
    30     17      1
    30     42      1
    31      8      1
    32      9      1
    32     34      1
    33     26      1
    33     36      1
    33     37      1
    34     32      1
    35      4      1
    36     33      1
    37     33      1
    38     17      1
    39     13      1
    39     40      1
    40     39      1
    41      4      1
    42     30      1
    43     22      1
    44     23      1
    44     46      1
    45     21      1
    46     44      1
    47     29      1
    48      8      1
    49     26      1
