COORD_X_Y 15
  2.20876  0.726141
  1.05918  0.279692
 0.973216   2.01816
  1.21008   2.68188
  1.49194   1.77053
  1.71522  0.465437
  1.95838   2.92801
  0.63118 0.0170192
  1.33213  0.259433
  1.88295   1.52208
  2.97898  0.762453
 0.597797   1.11243
  1.62337   2.08989
  2.62061   1.84162
  2.33569  0.690713
LINKS_SOURCE_DESTINATION_DISTANCE 28
     0      1      1
     0      2      1
     1      0      1
     2      0      1
     2      3      1
     2      6      1
     2     10      1
     3      2      1
     3      4      1
     3      5      1
     3      9      1
     4      3      1
     4      7      1
     5      3      1
     5     14      1
     6      2      1
     7      4      1
     7      8      1
     8      7      1
     8     11      1
     8     12      1
     9      3      1
    10      2      1
    10     13      1
    11      8      1
    12      8      1
    13     10      1
    14      5      1
