COORD_X_Y 600
  1.68822    1.7255
  1.64923   1.03809
  2.09868   1.48948
  1.78785   1.33089
  2.83943  0.150132
  2.92035  0.658143
  2.65506  0.120088
  1.96199  0.225978
   2.6593   2.25689
  2.62596    1.4829
   1.0698   2.24821
 0.368844   0.49526
 0.849157   2.75064
  1.58375   2.91326
  1.04702  0.290101
  2.06466   1.65921
  2.46755   1.03249
  2.21109   1.81816
 0.487765  0.138535
  2.64547 0.0648821
  1.27919   1.26413
   1.2243   1.10175
 0.210745   1.28032
  1.90793   2.99937
  1.85563     1.469
  1.54725   1.34761
 0.353525   2.89162
  2.11994   0.49362
  1.77202   1.26207
 0.935143   2.26763
  1.75568  0.421295
 0.487475    2.0391
  1.45253   2.40984
  2.79526   1.03479
   2.2436  0.147776
  2.88292   1.76267
  1.39915   1.65126
 0.388568  0.480176
 0.466835   2.80786
  1.32214   2.29742
  2.35506  0.774437
   1.4647    2.2991
 0.735638   2.07185
  1.08827    1.2735
  2.85927    1.8217
 0.843644   1.39208
 0.203349   2.26479
   1.0469   2.30015
 0.269462   1.55227
 0.883811   2.44247
  2.29824   1.23801
  1.34884   1.87393
  2.43626   1.45594
  1.99751   1.59038
  1.04796   1.72634
  1.41738  0.496811
 0.101077  0.421009
  1.90046  0.604337
 0.377797  0.585215
  2.35384   1.93474
 0.154776 0.0700047
 0.238701   2.35315
 0.515558  0.381513
  1.10598  0.619779
  2.92741  0.191948
  2.90427 0.0265645
  1.63863    2.0087
  1.07092   1.78258
  2.33412   1.37799
  1.51297   1.85948
  2.81062  0.961461
  1.11932  0.123665
  2.62203   1.87459
 0.111899   2.80836
  1.51294     0.743
 0.760502  0.809561
  2.37815   1.66745
  0.91868   2.91964
  1.76793  0.645907
  1.46235   1.93398
  2.08519   1.61067
 0.709729  0.947613
  2.23609   2.80653
  1.21619 0.0912163
  1.80363   1.48546
   2.2856   2.45162
 0.286214   2.94078
   1.8671  0.832934
  2.68333  0.149369
  2.86263   2.61573
  2.78759   2.09531
  2.03834   1.59812
 0.945191   1.56429
 0.488697   1.28433
  1.11343   1.52347
  1.09987   1.93281
  1.80001  0.176267
  0.17916   1.76136
  1.21425   2.97054
0.0431864   1.09456
  2.65225   1.21917
  1.67476   2.91586
  2.72861   2.76872
  2.79573   1.61168
   1.7837  0.258378
  2.57994   2.92962
 0.876396   1.04678
  1.46882   0.90796
   2.8002  0.262014
  2.63063   0.26315
   2.6172  0.187712
  2.73339 0.00867228
  2.58734   1.47996
  2.28678  0.961479
  1.30973 0.0827612
 0.149608   2.89961
 0.117852   1.42477
 0.339499  0.107716
 0.719783   2.36963
  1.09482   1.97027
 0.645353   1.84945
   1.8598   1.09531
  2.81919   1.94808
 0.168797   1.91861
  2.00932 0.0351303
  1.03129   2.30552
 0.438274   2.20425
  1.05345   2.21526
  2.62474   1.63094
  1.87564  0.654063
  2.90433   1.66363
  1.44983   1.35978
  1.92561  0.807968
  1.53775  0.707982
 0.788631   0.50912
  2.08675  0.540882
  2.78909   2.19602
 0.898072   1.35956
 0.452221   1.87553
  1.60543    2.3612
 0.630206   2.48795
  1.28265  0.143982
  1.10816   2.91336
  1.37748  0.906393
  1.62606    2.8313
 0.952494   2.32654
  2.21406   1.30677
  2.43736   0.35053
  1.83713   1.23553
  0.03441  0.191068
  2.03261  0.337482
  1.55868   1.57667
 0.346287   1.70888
 0.598831  0.703496
 0.237476  0.632374
 0.678228   2.74241
 0.821383   2.63515
  1.35745  0.998365
  1.93065   1.80015
  1.57972   1.67406
  1.78479   2.22479
 0.418355  0.196506
  2.93855  0.330672
 0.811784  0.132135
0.0510184   2.48896
   1.5935  0.798524
 0.823172   2.01347
   2.9755  0.328902
  1.07047    2.1439
 0.481975   1.14466
  2.16929 0.0372959
 0.548412  0.614238
  2.93671    1.0079
  2.59052   1.05435
   2.4051   2.81659
 0.755347   2.14088
 0.699181  0.314645
 0.625183  0.601678
  1.93463   2.77554
 0.808405   1.08248
 0.492974   1.27533
 0.896791  0.497191
   2.3975   2.68248
  2.45927   2.97866
  2.10813  0.339607
  1.75261   2.52779
 0.580259  0.170291
   2.6931  0.133782
 0.343138   2.26957
  2.73879   1.54182
  2.08054   1.28913
  1.04766   2.69826
   1.5611   1.88911
  1.97916   1.00096
  1.72022   2.94808
  2.42401  0.599393
  2.49097 0.00708137
 0.635729   1.36604
 0.773199   2.25609
  1.92296   2.97665
  2.99222  0.797772
  2.28265   1.53079
  2.96997   1.41618
  1.56073   1.16114
 0.884538  0.281461
 0.717119   0.23654
 0.302673  0.311174
 0.446977  0.709697
  1.15357   1.41058
   1.3062   2.43908
 0.420246   2.67016
 0.870832 0.0326835
 0.999516   1.27564
  1.96165  0.206954
0.00480281   1.48996
  1.80595  0.890978
  2.70712   2.39574
  2.24293   0.28949
 0.690082  0.644154
  2.79094  0.316285
  2.99098  0.507096
   2.1041   0.21695
  2.23218   2.56068
  2.90656   1.99765
  1.75322     2.627
 0.228213   2.65932
  2.87614  0.479209
  1.98031   1.45754
  1.38742  0.923923
  2.67869   2.60042
 0.847779     2.949
 0.612758   1.36802
 0.340037  0.362119
 0.911517  0.486544
 0.324912   1.45474
 0.761247   2.27652
  1.87693   1.64018
 0.341315   2.46649
  2.40169   1.94343
  1.36213   2.38042
  2.30648   1.27042
  1.76398 0.00565207
  1.72271  0.394117
  2.37268   2.63262
  2.87108   1.80522
 0.513395  0.401485
   2.6872  0.929538
 0.656372  0.751494
   1.0525   2.18085
  2.77887   2.90538
  2.64689  0.985545
  2.97013   2.26918
  1.89097    2.0536
  1.34611   2.31945
 0.800001   2.08263
  2.55895  0.419223
  1.85604  0.427941
  1.78657   2.13649
  1.63282   2.45303
  2.74021  0.444156
 0.796602   2.03554
 0.952839   0.17602
  1.60398   2.20921
  1.09278   1.77439
  2.22851   2.58373
  2.53565   2.44853
 0.842266   2.77141
  2.62376   1.21365
 0.713325   2.56307
  2.60418     2.419
 0.997748   2.37109
 0.256654 0.0393513
 0.347811   2.50023
 0.343309   2.05193
  1.85032  0.768048
  1.03891  0.894435
  1.23089  0.418399
 0.196601 0.0432331
  2.46562   2.28488
  1.55981   1.20743
 0.947313  0.791083
  1.65642    1.4762
  2.66635   1.98082
  2.22594    1.4575
 0.332757    2.2919
   0.7133   2.72371
 0.749463  0.901194
  2.33282  0.216895
  2.81629   2.57075
  2.85099   2.97946
 0.291194    0.2226
  2.83552   2.97397
  2.55599  0.697639
  2.60101  0.448213
  1.42993  0.659745
  2.45803   1.04288
 0.884619   1.74704
  2.66058  0.252945
 0.686774   2.46891
  2.15564   1.69058
  1.70875   2.98093
  2.80956   1.66023
 0.778548   2.00224
  2.19662  0.510909
  2.65875   2.81684
  1.98445  0.271104
  2.54533   2.19352
  1.18289   1.41261
 0.272315  0.201409
 0.822679   1.32137
  1.18162   1.83781
  2.36874  0.459479
  1.60667   1.34682
 0.346112   1.26235
  2.35794   0.59242
 0.339971  0.432479
 0.398568   1.69416
  2.49553   2.82248
 0.339146   1.05539
0.00900449  0.735369
  2.79119    2.2068
  2.70011   1.02875
  2.92502   1.59888
   1.6262   1.87728
  2.66524  0.246018
  2.58697  0.837926
 0.728779     0.634
  2.40819   2.35346
  1.45156   2.33669
0.0294044   2.20971
  1.98662  0.219415
  1.83995   1.63759
 0.668132   1.66597
   1.9521   2.18122
  1.39721   2.41867
  2.18459   1.00478
 0.332381   2.78782
  1.70692   1.31621
  2.80612   1.30636
 0.632318   2.15126
  2.82756   1.55555
  2.32112   1.46054
    2.552   1.52373
 0.651333   1.37275
  1.86999    2.3455
  2.15809   1.27045
 0.197334   2.61029
 0.520753  0.130102
 0.578769   2.12797
  1.42243   0.61821
  1.46773   2.71103
 0.670446  0.102774
  1.24434   2.11734
  2.10998   0.36665
  1.96459   2.13697
 0.738479   1.83365
  2.95273  0.217132
  2.55014    1.3496
  1.97728   0.13693
  2.14441   2.18816
  2.68798   1.79118
 0.693281  0.105275
 0.134763   2.14321
 0.509312   2.19049
  2.93849    0.8372
  1.24296   1.50651
  2.24743  0.867964
 0.883139  0.780575
  2.36162  0.369074
  2.72958   2.71277
 0.716592  0.737587
 0.832845   1.68794
 0.335699  0.259974
  1.71194    1.7989
 0.409916  0.351196
  1.72299   1.86417
  1.70352    1.1395
   1.7076   0.29745
  2.70825  0.650091
  1.96311   1.31243
  1.86318   2.87747
 0.338884   1.53448
  1.34325 0.0418559
0.0174463   1.15084
 0.139274   2.15408
  2.14261   2.27106
  1.48656  0.391948
  2.25918   0.74849
  1.27678   2.69747
  2.30234   1.36447
  2.11763   2.71182
  2.31235  0.856043
    1.153  0.298492
  1.46165  0.146459
   1.4907  0.397891
 0.242785  0.872234
  1.77235   2.13523
 0.801656   2.72028
  2.90602 0.0543548
  2.29475  0.669992
  1.92052   2.74336
 0.538032   1.33038
  1.42822   1.77861
  0.87465   1.19057
 0.220545   1.72168
   1.8255  0.941484
  2.87406   1.94989
  2.90624   1.61656
  2.58837   2.20892
  2.24973  0.155129
  2.26757   1.34896
  1.58457  0.789216
  1.86534  0.827321
 0.952857   1.42236
  1.76464   1.99572
  1.99214  0.497636
   2.9722   2.70691
 0.245859  0.899887
  2.79578   1.65565
 0.788378  0.185469
 0.955765   2.34456
  1.78159   2.73553
  2.13918   1.21712
  2.34354  0.711827
  2.42131   1.53768
  2.28078    1.1806
  2.68641  0.456902
  2.28112    2.1285
 0.655162    1.1455
  2.23998     2.983
 0.612295   1.51047
 0.914869  0.271579
  2.64103   2.00335
 0.246818   1.99836
   1.0202  0.408013
  1.09764    1.5382
  2.00957   2.18956
  1.56474  0.628696
 0.372664  0.132871
  2.36146   1.62371
 0.213705  0.924302
  2.81102  0.393749
  2.37793  0.132542
  1.33827  0.228367
  2.35445   1.59739
  2.59047   2.09622
  1.36525   0.25067
  1.63354    1.7292
  1.50145   1.30777
  1.57617  0.143693
  1.50328   2.42967
 0.946978    1.1894
0.0759564  0.220611
  2.01287  0.629566
  1.54593  0.104834
  0.75462   1.02672
  1.48754   2.56854
    1.036   2.01781
  1.98847   2.38084
  0.10551   2.23687
  2.35703    2.8479
  1.77431   1.74803
   1.3577   2.49971
 0.686895  0.368386
  2.86091   1.23814
  2.64916    2.4362
  1.70343   2.57307
  2.38727    1.9904
  1.26742    2.1142
  1.31576   2.36198
  1.71509   1.78577
 0.388107   1.57641
0.0910828   2.14593
  2.07051  0.377869
 0.399156   1.58287
  2.76089  0.530729
  2.41156   2.07005
 0.507156  0.400773
  2.29371   2.62422
   0.3407   2.93083
0.0151921   1.17202
 0.658879   2.85963
  2.50084   2.84446
  1.01576   1.29003
  2.02012   1.15464
   1.7921   1.74952
  1.74196  0.767629
  2.57438  0.514444
  2.77522  0.675268
  1.23636   1.49213
 0.977391  0.998919
  1.71179  0.420476
 0.649028   1.25919
  2.13054   2.52694
  1.38245   1.95516
 0.993032    1.5464
  2.15607   1.20234
  1.75656   1.12963
  2.03107  0.727106
   2.4175   1.47476
   1.7227   2.50766
 0.742657   1.72574
 0.329176 0.0819322
 0.150497   2.09046
  1.84999  0.699003
 0.987276   2.34051
 0.957187  0.761199
   2.2152  0.441217
  2.96991   2.79114
  1.98348   2.83767
  2.19777   1.63486
  1.54794   1.65484
  1.01812 0.00448784
  2.18247 0.0237434
  1.41262  0.514349
0.0209046   0.56572
  2.90444  0.703385
  2.87374   2.20058
  2.46066   1.41978
  2.56076   1.40653
  1.42845  0.584287
 0.756018   2.75059
 0.392973   2.79645
   1.2205   2.40469
  1.71903   2.01287
  1.64914   1.66428
0.0488883  0.118403
  1.15867   2.18854
  1.93595   2.19805
  2.38086    2.8606
  1.21358   1.18771
  2.01923  0.559023
 0.700483   0.33103
  2.78533  0.459423
  1.07937   2.44388
  0.10276   1.82517
  1.40525   2.73068
  2.97186   1.55994
  2.24834   1.61952
  0.34005   1.00583
  1.75043  0.390154
 0.332166   2.36999
   2.4274   2.64958
  1.44628  0.568875
  2.49797   0.63763
 0.890842   1.65527
  1.94521  0.406749
 0.453333  0.325796
 0.749429   0.73953
  2.56553   0.49313
  2.92338    2.5231
  2.61745   1.22119
 0.391527   2.58525
  1.05638   2.42155
 0.515317   1.28686
  1.24087   2.17241
   2.3286 0.0718974
0.0214615  0.887063
  2.70773    1.3145
  1.50213   1.44061
   1.3945   1.17602
  1.26639   2.45248
 0.425874   1.75036
 0.351986   1.65705
 0.834717   2.57472
  1.29397   2.80102
  1.87194    1.3269
  2.65121  0.267728
  1.79337   1.49659
  2.04133  0.841471
   2.6884   1.13395
   2.5146   1.72098
 0.519946    1.2055
  2.75748   1.81563
  1.12204 0.00349497
 0.910035   2.81895
  2.71497   1.76317
  1.26461    1.2235
 0.196471    1.9934
 0.148451 0.0603912
  1.01007   1.48232
   1.2724  0.396979
 0.440473   1.16769
   1.6717   2.05392
  1.30219   2.14297
  1.42173   1.51982
  1.72393   1.32928
 0.227597   2.54078
 0.655555   1.00523
  1.32104  0.322403
  1.80268   2.11202
 0.476736   2.86105
 0.983027   2.34573
 0.370499   1.02296
  1.37877  0.966809
 0.741905  0.844034
 0.530679   1.32542
  2.25147   1.61323
  2.13792   1.52852
  2.89119   2.39358
LINKS_SOURCE_DESTINATION_DISTANCE 1198
     0      1      1
     0      2      1
     0      3      1
     0     15      1
     0    108      1
     0    117      1
     0    247      1
     0    385      1
     1      0      1
     1     11      1
     1     22      1
     1     26      1
     1     43      1
     1     91      1
     1    289      1
     1    352      1
     2      0      1
     2      4      1
     2     16      1
     2    144      1
     2    244      1
     2    286      1
     3      0      1
     3      5      1
     3      7      1
     3      8      1
     3      9      1
     3     10      1
     3     14      1
     3     23      1
     3     24      1
     4      2      1
     4      6      1
     4     19      1
     4     38      1
     4    296      1
     5      3      1
     5     12      1
     5     35      1
     5     48      1
     5     78      1
     5    262      1
     5    507      1
     6      4      1
     6    106      1
     6    107      1
     6    423      1
     7      3      1
     7     17      1
     7     59      1
     7    127      1
     8      3      1
     8     46      1
     8    158      1
     9      3      1
     9     34      1
     9    121      1
     9    304      1
     9    525      1
    10      3      1
    10     13      1
    10     20      1
    10    123      1
    10    179      1
    10    336      1
    11      1      1
    11     21      1
    11     37      1
    11     93      1
    11    122      1
    12      5      1
    12     18      1
    12    157      1
    12    261      1
    13     10      1
    13     85      1
    13    100      1
    13    353      1
    14      3      1
    14    113      1
    14    137      1
    15      0      1
    15     29      1
    15     60      1
    16      2      1
    16    565      1
    17      7      1
    17    196      1
    17    384      1
    18     12      1
    18     25      1
    19      4      1
    19     49      1
    19     51      1
    19     94      1
    20     10      1
    21     11      1
    21     27      1
    21    124      1
    21    575      1
    22      1      1
    22     33      1
    22     41      1
    22     52      1
    22    185      1
    22    454      1
    22    587      1
    23      3      1
    23     30      1
    23     36      1
    23     61      1
    23     79      1
    23    309      1
    24      3      1
    24     55      1
    25     18      1
    25     28      1
    25     98      1
    25    487      1
    26      1      1
    26    109      1
    26    134      1
    27     21      1
    27     71      1
    27     87      1
    27    332      1
    28     25      1
    28    178      1
    28    518      1
    29     15      1
    29     31      1
    29     47      1
    29    177      1
    29    515      1
    30     23      1
    30     75      1
    30    207      1
    31     29      1
    31     32      1
    31     66      1
    31     69      1
    31     73      1
    31     77      1
    32     31      1
    32     81      1
    32     88      1
    32    316      1
    33     22      1
    33     39      1
    33    105      1
    34      9      1
    34     42      1
    34    191      1
    34    279      1
    35      5      1
    35     44      1
    35    596      1
    36     23      1
    36     50      1
    36    211      1
    37     11      1
    37    110      1
    38      4      1
    38    168      1
    39     33      1
    39     40      1
    39     45      1
    39    167      1
    39    172      1
    39    474      1
    40     39      1
    40    128      1
    40    152      1
    40    200      1
    40    357      1
    41     22      1
    41     58      1
    41    197      1
    41    242      1
    41    404      1
    41    520      1
    42     34      1
    42     57      1
    42     74      1
    42     82      1
    42    341      1
    42    392      1
    43      1      1
    44     35      1
    45     39      1
    45     63      1
    45    135      1
    46      8      1
    46    214      1
    47     29      1
    47     62      1
    47     70      1
    47    240      1
    48      5      1
    48     54      1
    48     86      1
    48     90      1
    48    202      1
    48    354      1
    49     19      1
    49    415      1
    50     36      1
    50     72      1
    50    133      1
    50    187      1
    50    205      1
    50    255      1
    50    333      1
    51     19      1
    51     53      1
    51     64      1
    51    443      1
    52     22      1
    52    346      1
    53     51      1
    53     56      1
    53    104      1
    53    132      1
    53    421      1
    54     48      1
    54     65      1
    54    112      1
    54    422      1
    54    537      1
    54    564      1
    55     24      1
    55    210      1
    55    271      1
    56     53      1
    56    126      1
    56    426      1
    57     42      1
    57    164      1
    58     41      1
    58     68      1
    58    277      1
    58    420      1
    59      7      1
    59    111      1
    60     15      1
    60    212      1
    60    215      1
    60    259      1
    60    446      1
    61     23      1
    61     83      1
    62     47      1
    63     45      1
    64     51      1
    64     67      1
    64    291      1
    65     54      1
    65    101      1
    65    115      1
    65    116      1
    65    257      1
    66     31      1
    66    103      1
    66    340      1
    67     64      1
    67     80      1
    67    195      1
    67    418      1
    68     58      1
    68     97      1
    68    145      1
    68    182      1
    69     31      1
    70     47      1
    70    184      1
    70    229      1
    71     27      1
    72     50      1
    73     31      1
    74     42      1
    75     30      1
    75     76      1
    75    170      1
    76     75      1
    76     84      1
    76     96      1
    76    102      1
    77     31      1
    77    201      1
    78      5      1
    78    143      1
    79     23      1
    79     99      1
    79    181      1
    79    439      1
    79    480      1
    80     67      1
    80    125      1
    80    140      1
    80    162      1
    80    285      1
    81     32      1
    81    380      1
    81    482      1
    82     42      1
    83     61      1
    83     92      1
    83    171      1
    83    479      1
    84     76      1
    84     95      1
    84    150      1
    84    188      1
    84    288      1
    84    427      1
    85     13      1
    85     89      1
    85    597      1
    86     48      1
    86    114      1
    87     27      1
    88     32      1
    88    241      1
    89     85      1
    89    141      1
    89    235      1
    89    326      1
    89    581      1
    90     48      1
    90    407      1
    91      1      1
    91    118      1
    92     83      1
    92    496      1
    93     11      1
    93    130      1
    93    321      1
    93    577      1
    94     19      1
    94    148      1
    94    260      1
    95     84      1
    95    223      1
    95    476      1
    96     76      1
    96    492      1
    97     68      1
    97    136      1
    97    234      1
    98     25      1
    98    186      1
    98    483      1
    99     79      1
    99    410      1
    99    437      1
    99    475      1
   100     13      1
   100    315      1
   100    383      1
   100    449      1
   101     65      1
   101    237      1
   101    567      1
   102     76      1
   102    151      1
   102    313      1
   102    325      1
   103     66      1
   103    371      1
   104     53      1
   104    213      1
   105     33      1
   105    119      1
   105    248      1
   105    324      1
   106      6      1
   107      6      1
   107    183      1
   107    251      1
   108      0      1
   108    265      1
   109     26      1
   109    287      1
   109    472      1
   110     37      1
   110    161      1
   110    254      1
   111     59      1
   111    120      1
   111    149      1
   111    154      1
   111    221      1
   111    344      1
   112     54      1
   112    228      1
   112    377      1
   113     14      1
   114     86      1
   114    243      1
   115     65      1
   115    153      1
   115    165      1
   115    208      1
   115    397      1
   115    485      1
   116     65      1
   117      0      1
   117    502      1
   118     91      1
   118    139      1
   118    264      1
   119    105      1
   119    222      1
   119    270      1
   119    370      1
   119    396      1
   120    111      1
   120    129      1
   120    190      1
   121      9      1
   121    199      1
   121    399      1
   122     11      1
   122    180      1
   122    194      1
   123     10      1
   123    198      1
   123    217      1
   124     21      1
   124    562      1
   125     80      1
   125    278      1
   125    512      1
   125    551      1
   126     56      1
   126    131      1
   127      7      1
   127    308      1
   128     40      1
   128    138      1
   128    159      1
   128    497      1
   129    120      1
   129    342      1
   130     93      1
   130    206      1
   131    126      1
   132     53      1
   132    142      1
   132    539      1
   133     50      1
   133    293      1
   133    574      1
   134     26      1
   134    156      1
   135     45      1
   136     97      1
   136    166      1
   137     14      1
   137    160      1
   137    330      1
   137    347      1
   138    128      1
   138    146      1
   139    118      1
   139    263      1
   140     80      1
   140    203      1
   141     89      1
   142    132      1
   142    218      1
   142    327      1
   142    335      1
   143     78      1
   143    307      1
   143    590      1
   144      2      1
   145     68      1
   145    147      1
   145    230      1
   145    338      1
   145    356      1
   146    138      1
   146    331      1
   147    145      1
   147    232      1
   147    406      1
   148     94      1
   148    189      1
   148    561      1
   149    111      1
   149    155      1
   149    163      1
   149    173      1
   150     84      1
   151    102      1
   151    225      1
   152     40      1
   152    295      1
   153    115      1
   153    501      1
   154    111      1
   155    149      1
   155    238      1
   155    499      1
   156    134      1
   157     12      1
   157    348      1
   158      8      1
   159    128      1
   159    456      1
   160    137      1
   160    589      1
   161    110      1
   161    389      1
   161    390      1
   161    393      1
   161    411      1
   162     80      1
   163    149      1
   163    176      1
   163    434      1
   164     57      1
   164    169      1
   164    219      1
   164    359      1
   164    543      1
   165    115      1
   165    175      1
   166    136      1
   166    193      1
   167     39      1
   167    236      1
   168     38      1
   168    209      1
   168    216      1
   168    362      1
   169    164      1
   169    273      1
   170     75      1
   170    557      1
   171     83      1
   171    174      1
   171    258      1
   172     39      1
   173    149      1
   173    572      1
   174    171      1
   175    165      1
   175    249      1
   175    544      1
   176    163      1
   176    224      1
   176    586      1
   177     29      1
   177    366      1
   177    368      1
   178     28      1
   178    268      1
   179     10      1
   179    292      1
   180    122      1
   180    220      1
   181     79      1
   181    413      1
   182     68      1
   182    591      1
   183    107      1
   183    299      1
   183    504      1
   184     70      1
   184    245      1
   184    312      1
   184    416      1
   184    588      1
   185     22      1
   185    192      1
   186     98      1
   187     50      1
   188     84      1
   188    435      1
   188    529      1
   189    148      1
   189    535      1
   190    120      1
   190    311      1
   190    319      1
   190    519      1
   191     34      1
   191    272      1
   191    367      1
   191    398      1
   191    582      1
   192    185      1
   193    166      1
   193    204      1
   194    122      1
   194    350      1
   195     67      1
   196     17      1
   197     41      1
   197    226      1
   197    239      1
   197    568      1
   198    123      1
   198    417      1
   199    121      1
   199    252      1
   199    298      1
   200     40      1
   200    233      1
   200    305      1
   201     77      1
   202     48      1
   203    140      1
   204    193      1
   204    345      1
   205     50      1
   205    227      1
   205    294      1
   206    130      1
   207     30      1
   207    246      1
   208    115      1
   209    168      1
   209    493      1
   210     55      1
   210    303      1
   211     36      1
   212     60      1
   212    250      1
   212    253      1
   212    349      1
   212    433      1
   212    541      1
   213    104      1
   214     46      1
   215     60      1
   216    168      1
   217    123      1
   217    290      1
   218    142      1
   218    318      1
   218    322      1
   218    372      1
   218    408      1
   218    550      1
   219    164      1
   219    231      1
   219    484      1
   219    506      1
   220    180      1
   221    111      1
   221    528      1
   222    119      1
   223     95      1
   224    176      1
   224    280      1
   225    151      1
   225    320      1
   226    197      1
   227    205      1
   227    267      1
   227    369      1
   228    112      1
   228    412      1
   228    536      1
   229     70      1
   230    145      1
   230    405      1
   231    219      1
   231    365      1
   232    147      1
   233    200      1
   234     97      1
   235     89      1
   235    430      1
   236    167      1
   236    400      1
   237    101      1
   237    494      1
   238    155      1
   238    269      1
   238    462      1
   238    532      1
   239    197      1
   240     47      1
   240    284      1
   240    339      1
   240    360      1
   240    495      1
   241     88      1
   242     41      1
   242    558      1
   243    114      1
   244      2      1
   244    302      1
   245    184      1
   246    207      1
   246    364      1
   247      0      1
   247    301      1
   247    317      1
   247    592      1
   248    105      1
   248    425      1
   249    175      1
   249    328      1
   249    363      1
   249    442      1
   250    212      1
   250    297      1
   250    432      1
   251    107      1
   251    555      1
   252    199      1
   252    300      1
   253    212      1
   253    266      1
   253    382      1
   253    395      1
   254    110      1
   254    256      1
   255     50      1
   255    458      1
   255    477      1
   256    254      1
   256    436      1
   257     65      1
   257    282      1
   258    171      1
   258    530      1
   259     60      1
   259    323      1
   260     94      1
   260    424      1
   261     12      1
   262      5      1
   262    275      1
   262    281      1
   262    594      1
   263    139      1
   263    593      1
   264    118      1
   264    274      1
   265    108      1
   265    451      1
   266    253      1
   267    227      1
   268    178      1
   268    283      1
   269    238      1
   269    379      1
   270    119      1
   270    306      1
   270    409      1
   270    419      1
   270    538      1
   271     55      1
   271    276      1
   271    329      1
   272    191      1
   272    376      1
   272    453      1
   273    169      1
   273    428      1
   274    264      1
   274    444      1
   275    262      1
   276    271      1
   276    337      1
   277     58      1
   278    125      1
   279     34      1
   279    387      1
   279    500      1
   280    224      1
   280    351      1
   281    262      1
   282    257      1
   283    268      1
   284    240      1
   284    549      1
   285     80      1
   285    361      1
   285    459      1
   286      2      1
   287    109      1
   287    571      1
   288     84      1
   289      1      1
   290    217      1
   291     64      1
   292    179      1
   292    314      1
   292    452      1
   293    133      1
   294    205      1
   295    152      1
   296      4      1
   297    250      1
   297    358      1
   298    199      1
   298    310      1
   298    386      1
   298    471      1
   299    183      1
   300    252      1
   300    401      1
   301    247      1
   302    244      1
   302    440      1
   303    210      1
   303    509      1
   304      9      1
   304    503      1
   305    200      1
   306    270      1
   307    143      1
   307    334      1
   308    127      1
   308    467      1
   309     23      1
   310    298      1
   310    488      1
   311    190      1
   312    184      1
   312    343      1
   313    102      1
   313    375      1
   314    292      1
   314    374      1
   315    100      1
   316     32      1
   317    247      1
   318    218      1
   318    573      1
   319    190      1
   320    225      1
   321     93      1
   322    218      1
   323    259      1
   324    105      1
   324    403      1
   324    455      1
   325    102      1
   325    547      1
   326     89      1
   327    142      1
   328    249      1
   328    490      1
   328    570      1
   329    271      1
   329    391      1
   330    137      1
   331    146      1
   332     27      1
   333     50      1
   333    402      1
   333    469      1
   334    307      1
   334    431      1
   335    142      1
   336     10      1
   336    378      1
   336    522      1
   337    276      1
   338    145      1
   338    478      1
   339    240      1
   340     66      1
   341     42      1
   342    129      1
   342    355      1
   343    312      1
   344    111      1
   345    204      1
   346     52      1
   347    137      1
   348    157      1
   348    466      1
   349    212      1
   349    511      1
   350    194      1
   351    280      1
   351    450      1
   352      1      1
   353     13      1
   354     48      1
   355    342      1
   356    145      1
   356    373      1
   357     40      1
   358    297      1
   359    164      1
   359    473      1
   360    240      1
   360    457      1
   360    465      1
   361    285      1
   362    168      1
   362    540      1
   363    249      1
   363    438      1
   364    246      1
   365    231      1
   366    177      1
   366    448      1
   366    563      1
   367    191      1
   367    381      1
   368    177      1
   369    227      1
   370    119      1
   370    510      1
   370    531      1
   371    103      1
   371    429      1
   371    523      1
   372    218      1
   373    356      1
   374    314      1
   375    313      1
   376    272      1
   377    112      1
   377    526      1
   378    336      1
   378    414      1
   379    269      1
   380     81      1
   380    394      1
   381    367      1
   381    388      1
   382    253      1
   382    508      1
   383    100      1
   384     17      1
   385      0      1
   386    298      1
   387    279      1
   388    381      1
   388    447      1
   389    161      1
   390    161      1
   391    329      1
   391    545      1
   392     42      1
   392    445      1
   393    161      1
   393    598      1
   394    380      1
   395    253      1
   396    119      1
   397    115      1
   398    191      1
   399    121      1
   399    461      1
   400    236      1
   400    481      1
   401    300      1
   402    333      1
   403    324      1
   403    491      1
   403    521      1
   404     41      1
   404    559      1
   405    230      1
   405    595      1
   406    147      1
   407     90      1
   408    218      1
   408    578      1
   409    270      1
   410     99      1
   411    161      1
   411    486      1
   412    228      1
   413    181      1
   414    378      1
   415     49      1
   416    184      1
   417    198      1
   417    556      1
   418     67      1
   418    460      1
   418    585      1
   419    270      1
   420     58      1
   421     53      1
   422     54      1
   423      6      1
   424    260      1
   424    584      1
   425    248      1
   426     56      1
   426    569      1
   427     84      1
   428    273      1
   429    371      1
   429    517      1
   430    235      1
   430    441      1
   431    334      1
   432    250      1
   433    212      1
   433    599      1
   434    163      1
   435    188      1
   436    256      1
   437     99      1
   438    363      1
   439     79      1
   440    302      1
   441    430      1
   442    249      1
   443     51      1
   443    513      1
   444    274      1
   444    468      1
   444    470      1
   444    505      1
   445    392      1
   446     60      1
   447    388      1
   448    366      1
   449    100      1
   449    552      1
   450    351      1
   450    514      1
   451    265      1
   451    463      1
   452    292      1
   453    272      1
   454     22      1
   455    324      1
   456    159      1
   456    464      1
   457    360      1
   458    255      1
   459    285      1
   460    418      1
   461    399      1
   462    238      1
   463    451      1
   464    456      1
   465    360      1
   466    348      1
   467    308      1
   468    444      1
   468    489      1
   469    333      1
   470    444      1
   470    533      1
   470    554      1
   470    576      1
   471    298      1
   472    109      1
   472    560      1
   473    359      1
   473    580      1
   474     39      1
   475     99      1
   475    566      1
   476     95      1
   477    255      1
   477    498      1
   478    338      1
   479     83      1
   480     79      1
   481    400      1
   482     81      1
   483     98      1
   484    219      1
   485    115      1
   486    411      1
   487     25      1
   488    310      1
   488    527      1
   489    468      1
   490    328      1
   491    403      1
   492     96      1
   493    209      1
   494    237      1
   494    524      1
   495    240      1
   496     92      1
   497    128      1
   498    477      1
   499    155      1
   499    553      1
   500    279      1
   500    583      1
   501    153      1
   502    117      1
   503    304      1
   503    516      1
   504    183      1
   505    444      1
   506    219      1
   507      5      1
   508    382      1
   509    303      1
   510    370      1
   511    349      1
   512    125      1
   513    443      1
   514    450      1
   515     29      1
   516    503      1
   517    429      1
   518     28      1
   519    190      1
   519    546      1
   520     41      1
   521    403      1
   521    542      1
   522    336      1
   523    371      1
   524    494      1
   525      9      1
   526    377      1
   527    488      1
   528    221      1
   528    534      1
   529    188      1
   530    258      1
   530    548      1
   531    370      1
   532    238      1
   533    470      1
   534    528      1
   535    189      1
   536    228      1
   537     54      1
   538    270      1
   539    132      1
   540    362      1
   541    212      1
   542    521      1
   543    164      1
   544    175      1
   545    391      1
   546    519      1
   547    325      1
   548    530      1
   549    284      1
   550    218      1
   551    125      1
   552    449      1
   553    499      1
   553    579      1
   554    470      1
   555    251      1
   556    417      1
   557    170      1
   558    242      1
   559    404      1
   560    472      1
   561    148      1
   562    124      1
   563    366      1
   564     54      1
   565     16      1
   566    475      1
   567    101      1
   568    197      1
   569    426      1
   570    328      1
   571    287      1
   572    173      1
   573    318      1
   574    133      1
   575     21      1
   576    470      1
   577     93      1
   578    408      1
   579    553      1
   580    473      1
   581     89      1
   582    191      1
   583    500      1
   584    424      1
   585    418      1
   586    176      1
   587     22      1
   588    184      1
   589    160      1
   590    143      1
   591    182      1
   592    247      1
   593    263      1
   594    262      1
   595    405      1
   596     35      1
   597     85      1
   598    393      1
   599    433      1
