COORD_X_Y 700
  2.01292  0.927451
  1.63771   1.37384
 0.985574   2.22882
  1.56681   2.01624
 0.390265   1.32056
  1.13706  0.469129
  1.27405   2.27025
   1.6163   0.60181
 0.868304    2.8944
 0.184864  0.877857
  1.05531   1.73468
  2.23959   1.76865
  1.95368   2.77942
0.0416139   1.88253
 0.872776   2.67331
  2.70148   0.11829
 0.804385 0.0758043
  2.28093   1.15969
  1.06034   1.95836
  1.64529   2.92978
  1.81622    1.6897
  2.95775    1.1735
    1.725    2.3196
 0.121938   1.99627
  1.45058   0.91557
  2.02573 0.0677548
 0.969622     2.386
  2.75313  0.213872
  1.02498  0.427188
  2.47579   2.81325
   2.4475  0.627274
  1.57073  0.495764
 0.695616   1.75282
 0.486591  0.807426
  1.84669 0.0711225
  0.50921   2.16917
 0.188562  0.516917
 0.197044   2.86514
  1.46301  0.213991
 0.115962   1.05504
  1.12109  0.532929
 0.628444   1.06389
  1.53378   2.07495
  1.42001  0.577185
  2.84047  0.272928
  2.42427  0.682067
 0.630491   2.92101
  1.60581   2.55803
  2.78392   1.33458
  1.43132  0.887502
  2.53349   1.00809
  2.20657   0.56208
  2.67938 0.0845638
  1.97308  0.990922
  1.66269   2.35002
  1.88799  0.995404
 0.999016   1.08428
  2.72847   2.39543
  1.93424   1.21547
   2.9888  0.187854
  2.61256   1.77183
  1.03905   1.18921
 0.674687  0.970238
  2.44729   2.23459
 0.295631  0.876636
  1.29065  0.286057
  1.67559   1.36569
 0.279072  0.332581
  1.82597   1.47726
 0.867166   1.56675
   1.2057   1.10453
 0.502632    2.0993
  2.65799   1.82236
    2.248   1.17352
  1.60994   2.58799
  2.09276   2.78064
  2.02498   1.78374
  2.92438     1.434
  0.88748   2.78307
  1.87765   2.18837
   2.8583   1.48427
  2.11915 0.0298859
 0.196999    1.6181
  2.53844   2.20849
  2.65665   1.45556
  1.34272  0.711104
  1.42809   1.62031
  2.37654  0.841363
 0.819412  0.341136
  1.98342   2.66765
 0.988894   2.47017
   1.6845   2.09075
 0.670885   1.92217
  1.43587    2.2438
  0.12745   1.16969
 0.672782  0.738832
 0.336684   1.43075
  1.45099  0.500514
 0.384157   1.96722
 0.649349    1.4098
  2.60427   1.33383
 0.965243    2.9041
 0.441732  0.596685
  2.08485   1.60671
  2.41549  0.741633
 0.135867   1.30636
  1.21284  0.588678
 0.331538   2.18242
  1.33045   2.97596
  2.09388  0.388381
  1.95386   1.65013
  1.32058  0.460243
   2.2943   1.60254
  2.44402  0.950192
  1.18248  0.519047
 0.537347  0.449827
  1.21772   1.16348
  1.30585   0.84722
 0.536926   1.29842
  1.75419   1.59358
  1.96054   1.47865
  0.10502   2.06142
  1.96772   2.80151
 0.281936   2.37285
 0.677123   1.81126
0.0881959   2.24268
 0.155832   1.48263
  1.29976   1.95851
  2.27233  0.664859
    1.866   2.66484
 0.306751  0.338782
  2.71769 0.0883447
 0.247972   2.37778
  1.55809   1.96129
 0.161566   2.62394
 0.520129  0.721623
0.0196054  0.169803
  1.11276  0.719329
    1.301 0.00820136
  1.76975    2.4135
 0.996153   2.35389
  1.41175  0.268165
   1.7591   1.03464
  1.47455   2.07168
  1.14275   2.37977
0.0761313   2.67502
  1.15721   2.39582
  1.77977  0.944677
   2.6006  0.330168
  1.61374  0.585665
  1.49044   2.65207
  2.37657   2.45915
 0.965236   2.77483
 0.938013  0.418497
  1.13308   2.02218
  2.62363   1.68878
  1.26542  0.236579
  2.61728  0.252001
 0.442551   1.07271
 0.627819   2.33844
  1.37077  0.634423
 0.563125     1.404
 0.867234  0.609056
 0.393036  0.715093
 0.316778   1.53761
 0.773915   2.04177
 0.693684 0.0355891
  2.64633   2.91456
   1.4873  0.325884
   2.6019   1.74663
  1.15607      2.96
  1.65352   2.20756
  2.62676  0.904354
  1.53479   2.61714
0.0606009   2.54998
  2.02676   2.72403
  2.01351  0.564492
  2.77981   2.08455
  2.66681   2.48498
  0.71964   1.29063
  2.43771   0.74708
  2.14111  0.200972
0.0169573   2.90864
  1.21548   2.55779
  1.68259  0.844411
   1.4334   1.39827
 0.973512  0.420542
 0.575787   2.03955
  1.90615     1.986
 0.150859  0.248968
  1.93792   2.21154
 0.790281   1.38239
   1.8916  0.935269
  2.15577   2.42521
  2.21679   1.82243
  2.55693  0.806074
  0.64862   0.51034
  2.97904    2.9673
 0.916915 0.0703558
 0.948158   0.18007
  1.67955   2.16476
  2.44888    1.9646
  2.43573   2.45824
  2.64901   1.45574
  1.05639 0.0971144
  1.72538   2.95239
 0.243245  0.349497
 0.475493 0.0311638
  2.64491   1.99037
   1.7859   2.75945
  1.74199   1.21429
 0.482013   2.68864
 0.636107   2.57383
  2.85017   1.00379
  1.54896   1.28482
 0.882854    1.1795
  1.51191  0.621542
 0.124834   2.51944
  2.59869  0.257834
  1.40377    2.6191
  2.73223   2.40136
  1.71916   2.67581
  2.75844   2.29258
   1.2766   1.16906
  1.64195 0.0863183
  1.17159  0.633612
   1.3395  0.850981
  1.83792   1.78314
  1.66302   1.15255
  2.58966  0.650296
  1.78898    1.9894
  2.41496   1.85409
  1.94905  0.823691
  2.54617  0.890925
  2.34875  0.628942
  1.21199  0.756819
  0.59659  0.257186
  2.73772   1.53436
  1.85036  0.592287
 0.682216   1.32222
 0.386791  0.751915
 0.603212   0.81864
 0.384746   2.13863
  1.85966   2.47175
  2.80482   1.64251
  1.63641   2.06924
  2.70062   1.75208
  1.10791 0.0141086
  2.22021  0.427666
  1.40886   1.77538
  1.69389   1.39035
  2.80946 0.00980595
 0.591026  0.156811
  2.82918  0.714212
 0.887583   2.91264
  2.54059  0.490193
  2.69277   1.58422
  2.16417   2.89524
  2.27361    2.4116
  2.14768   1.69734
  2.07372   0.96615
0.0802022    1.4327
 0.146655  0.963277
 0.272081   1.44805
  2.37133   1.06649
 0.391862   2.39355
 0.247319   2.74853
  1.22656   2.13371
  1.30002   1.20318
  1.78022  0.348008
 0.981217  0.614125
  1.76476   2.21815
0.0944339   1.67158
  1.24636   1.15177
  2.87028  0.888684
  2.34617  0.397127
  2.12226   2.02642
 0.236192   1.82936
 0.685711   2.47071
  1.50565   2.58655
  1.97349 0.0863818
 0.323259   1.71354
  2.13845   2.29038
  1.62462   2.13081
 0.287818  0.649351
  1.53166   2.74142
  1.92219   1.66783
  1.90098   1.02793
  2.51252   1.09433
 0.352457 0.0293144
 0.410083   2.97552
   1.0072   1.78157
 0.263568   2.81903
  1.90963   1.01259
  1.77257   2.25966
  1.93481  0.548026
 0.401901  0.283104
 0.450215   1.24526
  1.63211  0.894998
  1.32712   2.93434
  1.10749   1.38592
  2.31381   1.84894
0.0789339   1.75994
 0.396194   2.46107
  1.95032  0.552454
   1.0566  0.260833
   2.0185  0.328027
 0.832399   2.93632
0.0157292   1.95701
  1.72074  0.415929
  1.91455   1.81342
  1.48384   1.10884
  1.01867   2.83469
  2.45901  0.763981
  1.25135   2.82314
  1.35437   2.02364
0.0816889   1.69964
 0.786599    1.6021
  2.29144    1.0119
  1.69002  0.209434
  2.78204  0.783959
 0.139646  0.718562
 0.639949  0.474751
  2.30116   2.36442
  1.47904  0.185276
  1.17964   1.96679
   2.2029   1.24636
 0.099432   1.60161
  2.49992   1.12252
  1.93351   2.03056
  0.38278   1.56778
  1.00371   1.06679
 0.996263   2.74839
  1.03944  0.646984
 0.693873   1.13526
  1.34914   1.67477
 0.122431   2.48862
 0.638368   2.62939
   2.0245   2.70509
  2.12936   2.51095
  2.02394   2.30153
  2.97452   1.30572
  1.84186  0.461696
  1.17785   2.04005
  2.93376   2.35621
  2.04786   2.59327
  1.18277   1.10056
  1.07023   2.43776
  1.87084   0.15755
   1.6878  0.513752
  2.90425   1.72065
  2.11192   1.38238
  1.28938  0.617802
   1.7242  0.409591
  1.50944  0.219104
  2.12165   2.67384
  1.39616   1.83785
 0.294664  0.613618
  2.32705   1.28101
  1.09498   2.48465
  2.40198    2.7216
 0.313526   2.03314
 0.641334  0.402637
  1.90911  0.755476
  1.90788  0.389231
  1.94493   2.40146
  2.33712  0.710956
  1.34586   2.81646
  2.29805   0.87401
  2.66924  0.434542
   1.1594   2.07356
  1.91366   2.37378
 0.422365   2.02408
 0.765865  0.639284
    2.108   2.53509
 0.545843   1.20169
   1.8896  0.455473
 0.982853  0.869424
  1.72719   2.21077
  1.77202   1.46239
  2.34757   2.56169
    2.912   1.21642
  2.55121   1.47385
  2.10305   2.94095
 0.751245  0.551498
  2.28644   2.87635
 0.363908  0.654485
  2.67167   1.33032
  2.60334  0.132665
  2.09298   2.53533
 0.100585   2.74124
  0.68473   1.19629
  1.07862   1.17007
 0.168706  0.378684
 0.133543   1.66855
 0.150042   2.82445
 0.890872  0.268719
  1.30619  0.628038
  1.81324   2.61041
0.0514746   2.93394
  1.55448  0.495143
 0.150445    2.2558
 0.906995    2.0892
  1.92321   2.81042
  2.87075   2.79793
  2.88319  0.583722
 0.795249    1.1944
  1.00083  0.976814
  1.23236   1.27849
  1.34578    1.6668
  1.45863   1.30982
  2.66964   2.19592
  2.19937  0.717343
  1.41981     2.779
 0.495196 0.0617861
  2.10174   2.05133
  1.51056   2.71691
   1.8641   2.10912
  2.13971   1.70456
  1.53917  0.349746
 0.894323  0.821112
  1.36815    1.5292
 0.573502   2.35937
  1.62958 0.00934074
  2.74051   2.99648
  2.10996   1.92733
  2.52454   2.05901
  2.53237   2.80226
  1.47585   2.74083
  2.22348  0.707351
  1.86101   2.47222
  2.47742  0.630737
  2.20781  0.822538
  2.73282   2.56743
  2.38177   2.32107
   1.0352  0.340835
   2.7467  0.355047
  2.35169   1.76716
  2.12912  0.703302
 0.720935   0.82447
  2.96126   2.24651
  2.39688   2.95144
 0.440387  0.692785
  2.39585   2.98663
  1.11529   2.11273
  1.40408  0.679687
  1.11926   2.13974
 0.717027   2.76894
  2.61122  0.372366
   2.8294  0.786744
 0.596327   1.74537
  1.51315   1.13473
  2.07369 0.0954169
  2.12734  0.010966
 0.158092 0.0868021
  1.11492    1.5534
 0.871198   1.73423
  0.24958   2.97038
  2.00051   1.83808
  1.44776   1.14209
 0.220263  0.999213
0.0126149   2.59421
  2.16089   2.04583
  1.53676 0.00193953
    1.525   2.10855
  1.25715  0.620487
 0.794687   2.77132
 0.431377  0.763894
  2.15093   1.99925
 0.773287   1.33425
  2.27447   1.20998
 0.979302   1.21918
  2.94809   1.27888
  1.40666    2.4629
  2.35794   1.44379
 0.147637   1.44096
   2.9708    1.4621
0.0336561  0.678255
  1.17642   2.11935
  2.10015   2.66003
  1.66625   1.25348
 0.838281   1.27426
  2.95061  0.985536
  1.92574   1.39681
 0.866693  0.640615
  1.65526   2.20847
 0.207102  0.987406
  2.66634  0.355485
  1.58634    1.4055
  1.32535   2.62084
 0.397807  0.374199
0.0328732   2.22008
  2.62992   1.79992
  2.17956   1.11686
  1.33621   1.69391
 0.751695   1.33514
  2.65836  0.762664
  2.42039  0.259665
  2.98989  0.141742
 0.404869   2.92233
  1.22251   1.31996
 0.730634   2.78874
 0.541075 0.0693856
  1.53205   2.63081
  1.14516   2.17412
  0.77698   2.38375
  2.06765  0.789632
 0.887308    1.5073
 0.434207    2.5119
  1.26408   0.23168
  1.78329   2.09792
 0.705587  0.505756
   1.1222  0.416291
  1.11367   2.66605
  1.32553   0.65384
  2.16765   2.32266
  1.98841   2.76669
  2.13519   1.05763
  2.29944   1.23382
  2.88429   2.85577
 0.419456  0.905669
   1.0721   1.71444
   2.0274  0.610458
 0.529428  0.796903
  2.76766  0.770319
 0.561969   1.82133
  2.98351   2.86643
  2.79473   1.87428
  2.99426   2.74731
  2.35167   2.46398
 0.830037   1.57413
0.00755362    1.8773
  2.93462   2.67807
  2.47557  0.358001
  2.55456   1.32688
  2.94664   1.56347
  1.98111   2.00726
  2.77254  0.711855
  2.54568   1.96204
  1.65701   2.32845
 0.486958   1.08823
  1.50593   2.42161
  2.67066   2.40977
  2.94965   1.55819
  2.28403  0.263533
0.0366904  0.659146
 0.261369    2.1356
 0.460526  0.510014
  1.47058  0.910014
  2.04447 0.0369934
  1.08011   1.33243
  1.42001   1.96051
  2.45608   2.76062
 0.199433 0.0751386
  2.04095  0.379182
   2.6748   1.44896
  1.48744   2.12189
 0.690599   2.24705
  1.60565   2.80047
   1.4701  0.729708
  2.98503   2.41895
 0.910088  0.645262
  1.70483  0.452512
  2.91364   1.52501
 0.260444   1.93299
  2.80577   1.72176
 0.759512  0.437081
  1.28321    1.1558
  1.65711    1.4527
  2.06884   1.51824
   1.1224    2.1533
 0.872221   1.43712
   2.3252   1.08371
  2.55014  0.542395
  2.32769   2.53927
  1.14626   1.87913
 0.269819   2.37058
 0.429787   2.11232
  1.85957   1.58823
  0.94393   2.86445
 0.395462   1.40011
  2.75362   1.25526
 0.921976   1.69221
  2.48961  0.871617
  1.90317   2.09808
  2.13101   1.88515
  2.47603   1.72237
  1.49873   2.68909
  1.53498  0.839799
   1.0317  0.369923
   2.8896   2.02191
  1.63348   2.13863
 0.135727   2.86961
  2.44711   1.25732
  2.22814    1.3431
  1.56651   1.62106
 0.121387  0.390109
  2.55592   1.10676
 0.822166   1.82472
0.0222026  0.992292
  1.20005   2.42467
  1.61666  0.570308
  1.66168   0.57166
   2.9456    2.3297
  2.65358   2.22007
 0.479837   1.65502
   2.4555   2.75765
  2.44308  0.635634
 0.611839  0.290303
  1.74229 0.0732893
  0.77402  0.632171
  1.83767  0.786606
  2.68167   1.70075
  1.33351   2.46351
 0.835499  0.266715
   2.9711   1.92172
  1.96265   1.81143
  2.07263  0.108921
  2.52967   1.56627
  1.70296  0.858587
  2.35955   2.54614
   1.9151   2.48207
  1.23081   2.02918
 0.651136   1.78484
 0.162914   2.31873
  2.48099 0.0821952
  1.16875  0.377996
  1.00134  0.256339
  2.79592   1.05396
  2.81213   1.46161
  2.28482  0.244842
  2.44169   0.54974
 0.625948   2.84015
  0.29613  0.117593
 0.570805  0.336586
 0.732171   2.93304
   1.3954  0.239105
  1.52303   1.25047
  1.19151   2.74379
 0.524992    2.2378
  2.16201  0.257876
0.000280709  0.923017
 0.871056  0.143232
  1.85253  0.131316
  2.06327   2.45546
  1.07114  0.394137
  2.20125   1.89584
  1.43146   1.87718
  2.21158   1.05161
 0.510526   1.78294
 0.234231  0.984809
  2.00245  0.334689
 0.486546  0.652014
  2.49609  0.820332
  1.18408  0.423582
  1.84981   1.20902
  2.43582  0.273249
  1.23526   2.32793
  1.98237   1.55625
 0.428865   2.05054
  2.68109    2.4731
   2.7487   2.87452
   2.0096   1.54833
 0.598869   2.92081
  2.01798   1.98104
  2.25025  0.722732
  1.62171   1.21744
  2.16992  0.965984
 0.970529 0.0281903
  2.73251   1.65202
  2.20082  0.601527
 0.957703  0.834377
  2.71639   2.22893
 0.124385   2.19925
  1.23064   1.79667
 0.684669  0.251566
  0.20173   0.37443
 0.182469   1.67635
   0.2268   2.18297
 0.800212  0.160189
  1.83277   2.48324
  2.34078   2.70324
  1.09918   1.97198
  1.26256  0.439048
   1.5033  0.398529
  2.83993   1.06906
  1.35276   1.25123
  1.26938   2.66957
  1.80054 0.0592956
   1.8353   1.71273
  0.26245  0.718328
  1.90825    2.9893
  1.97086   1.09732
  2.46271  0.877511
 0.418403   2.96844
  2.54016   2.78992
 0.790816   1.48201
  2.61176  0.560588
  1.87945  0.399221
  1.43629   2.19925
LINKS_SOURCE_DESTINATION_DISTANCE 1398
     0      1      1
     1      0      1
     1      2      1
     1      3      1
     1      4      1
     1      5      1
     1      6      1
     1     14      1
     1     28      1
     1     82      1
     2      1      1
     2     23      1
     2     42      1
     2    224      1
     3      1      1
     3     25      1
     3     29      1
     3     35      1
     3     37      1
     3     91      1
     3    221      1
     4      1      1
     4     73      1
     5      1      1
     5      7      1
     5      9      1
     5     80      1
     5    302      1
     5    469      1
     6      1      1
     6      8      1
     6     11      1
     6    253      1
     6    691      1
     7      5      1
     7     10      1
     7     12      1
     7     16      1
     7     24      1
     7     44      1
     7    129      1
     8      6      1
     8     27      1
     8     49      1
     8     90      1
     9      5      1
     9     13      1
     9     66      1
     9     67      1
     9     78      1
     9    145      1
     9    313      1
     9    393      1
    10      7      1
    10     15      1
    10     31      1
    10     69      1
    10    210      1
    10    252      1
    11      6      1
    11     17      1
    11     53      1
    11     98      1
    11    489      1
    12      7      1
    12     21      1
    12     77      1
    12     89      1
    12    120      1
    12    149      1
    13      9      1
    13     18      1
    13     26      1
    13     48      1
    14      1      1
    14     19      1
    14    233      1
    15     10      1
    15     22      1
    15     94      1
    15    695      1
    16      7      1
    16    110      1
    16    206      1
    17     11      1
    17     20      1
    17     45      1
    17     56      1
    17     88      1
    17    131      1
    18     13      1
    18     43      1
    18     74      1
    19     14      1
    19    207      1
    20     17      1
    20     30      1
    20    124      1
    20    311      1
    20    328      1
    20    614      1
    21     12      1
    21     39      1
    21     57      1
    21     96      1
    21    322      1
    22     15      1
    22     95      1
    22    189      1
    22    314      1
    23      2      1
    23     54      1
    23    359      1
    23    451      1
    24      7      1
    24     38      1
    24     63      1
    24     81      1
    24    215      1
    25      3      1
    25    240      1
    25    267      1
    26     13      1
    26     36      1
    26     99      1
    26    119      1
    26    282      1
    27      8      1
    27     46      1
    27     58      1
    28      1      1
    28     32      1
    28    135      1
    28    437      1
    29      3      1
    29     34      1
    29     83      1
    29    134      1
    30     20      1
    30     47      1
    30     50      1
    30     65      1
    30    175      1
    30    308      1
    30    564      1
    31     10      1
    31    661      1
    32     28      1
    32     33      1
    32     68      1
    32    151      1
    32    331      1
    32    446      1
    33     32      1
    34     29      1
    34    109      1
    35      3      1
    35     40      1
    35     60      1
    35    299      1
    35    338      1
    36     26      1
    36     41      1
    36    363      1
    36    385      1
    37      3      1
    37    152      1
    37    516      1
    38     24      1
    38    154      1
    38    203      1
    38    228      1
    39     21      1
    39    143      1
    39    188      1
    40     35      1
    40     75      1
    40     84      1
    41     36      1
    41    104      1
    41    401      1
    42      2      1
    42    218      1
    42    496      1
    43     18      1
    43    193      1
    43    334      1
    43    649      1
    44      7      1
    44    123      1
    44    647      1
    45     17      1
    45    115      1
    45    181      1
    45    211      1
    45    411      1
    45    459      1
    46     27      1
    46     51      1
    46    101      1
    46    102      1
    47     30      1
    47     62      1
    47     71      1
    48     13      1
    48    114      1
    48    166      1
    48    187      1
    48    245      1
    48    305      1
    48    593      1
    49      8      1
    49     52      1
    49    254      1
    49    574      1
    50     30      1
    50    575      1
    50    684      1
    51     46      1
    51     55      1
    51     59      1
    51     64      1
    51    190      1
    51    587      1
    52     49      1
    52    139      1
    52    392      1
    52    428      1
    52    617      1
    53     11      1
    53    113      1
    53    184      1
    53    217      1
    54     23      1
    54    219      1
    54    346      1
    54    421      1
    55     51      1
    55    142      1
    55    153      1
    56     17      1
    56    126      1
    56    315      1
    56    417      1
    56    503      1
    57     21      1
    57    238      1
    58     27      1
    58    127      1
    58    650      1
    59     51      1
    59    186      1
    60     35      1
    60     61      1
    60    269      1
    61     60      1
    61    122      1
    61    159      1
    61    292      1
    61    344      1
    61    361      1
    61    420      1
    62     47      1
    62     72      1
    62     86      1
    62    602      1
    63     24      1
    63     70      1
    63     87      1
    63    163      1
    64     51      1
    65     30      1
    65    112      1
    66      9      1
    67      9      1
    67    293      1
    68     32      1
    68     79      1
    68    116      1
    69     10      1
    69     76      1
    70     63      1
    70    100      1
    70    234      1
    70    642      1
    71     47      1
    71     85      1
    71    158      1
    71    256      1
    71    623      1
    72     62      1
    72    103      1
    73      4      1
    73    222      1
    73    340      1
    73    384      1
    73    461      1
    74     18      1
    75     40      1
    75    132      1
    75    183      1
    75    592      1
    75    651      1
    76     69      1
    76     93      1
    76    373      1
    77     12      1
    77    319      1
    77    455      1
    78      9      1
    78    244      1
    78    387      1
    79     68      1
    79    105      1
    79    107      1
    79    130      1
    80      5      1
    80    125      1
    80    156      1
    80    223      1
    80    347      1
    80    530      1
    81     24      1
    81    199      1
    81    261      1
    81    528      1
    82      1      1
    82    504      1
    83     29      1
    83    198      1
    83    237      1
    84     40      1
    84    180      1
    84    556      1
    84    662      1
    85     71      1
    85    128      1
    85    146      1
    86     62      1
    86    108      1
    86    121      1
    86    182      1
    87     63      1
    87    177      1
    87    457      1
    88     17      1
    88    111      1
    88    465      1
    89     12      1
    89    309      1
    90      8      1
    90    160      1
    90    435      1
    91      3      1
    91     92      1
    91     97      1
    91    216      1
    91    239      1
    91    250      1
    91    283      1
    91    303      1
    92     91      1
    92    117      1
    92    164      1
    92    171      1
    92    172      1
    92    174      1
    92    330      1
    93     76      1
    93    365      1
    94     15      1
    94    106      1
    94    137      1
    94    466      1
    95     22      1
    95    258      1
    95    472      1
    95    657      1
    96     21      1
    96    194      1
    96    326      1
    97     91      1
    98     11      1
    98    136      1
    98    391      1
    98    686      1
    99     26      1
    99    161      1
    99    235      1
    99    281      1
   100     70      1
   100    118      1
   101     46      1
   101    320      1
   102     46      1
   102    230      1
   103     72      1
   103    200      1
   103    600      1
   104     41      1
   104    259      1
   104    546      1
   105     79      1
   105    264      1
   105    296      1
   105    507      1
   106     94      1
   106    500      1
   107     79      1
   107    442      1
   108     86      1
   108    531      1
   109     34      1
   109    484      1
   109    537      1
   110     16      1
   110    696      1
   111     88      1
   112     65      1
   113     53      1
   113    162      1
   113    214      1
   113    673      1
   114     48      1
   114    138      1
   115     45      1
   115    147      1
   115    169      1
   115    201      1
   115    367      1
   116     68      1
   116    157      1
   116    271      1
   116    571      1
   117     92      1
   117    155      1
   117    397      1
   118    100      1
   118    191      1
   118    631      1
   119     26      1
   119    167      1
   119    220      1
   119    532      1
   120     12      1
   120    141      1
   120    249      1
   120    579      1
   121     86      1
   122     61      1
   122    272      1
   123     44      1
   124     20      1
   124    133      1
   124    444      1
   125     80      1
   125    358      1
   126     56      1
   126    202      1
   126    317      1
   126    632      1
   126    671      1
   127     58      1
   127    502      1
   128     85      1
   128    185      1
   128    369      1
   128    618      1
   129      7      1
   130     79      1
   130    165      1
   130    168      1
   130    345      1
   131     17      1
   132     75      1
   132    148      1
   132    150      1
   132    213      1
   132    246      1
   132    348      1
   132    550      1
   133    124      1
   133    140      1
   133    236      1
   134     29      1
   134    641      1
   135     28      1
   135    352      1
   135    405      1
   135    423      1
   136     98      1
   136    676      1
   137     94      1
   137    225      1
   137    226      1
   137    371      1
   137    494      1
   138    114      1
   138    287      1
   138    690      1
   139     52      1
   139    353      1
   139    678      1
   140    133      1
   141    120      1
   141    144      1
   142     55      1
   142    257      1
   142    284      1
   142    383      1
   143     39      1
   143    196      1
   143    396      1
   143    698      1
   144    141      1
   144    335      1
   145      9      1
   145    648      1
   146     85      1
   146    268      1
   146    400      1
   147    115      1
   147    270      1
   147    280      1
   147    573      1
   148    132      1
   148    277      1
   148    362      1
   149     12      1
   150    132      1
   150    243      1
   150    386      1
   150    416      1
   151     32      1
   151    179      1
   151    241      1
   151    375      1
   152     37      1
   152    321      1
   153     55      1
   153    432      1
   153    453      1
   154     38      1
   154    439      1
   155    117      1
   156     80      1
   156    170      1
   157    116      1
   157    173      1
   157    197      1
   157    291      1
   158     71      1
   158    364      1
   159     61      1
   159    176      1
   159    436      1
   160     90      1
   161     99      1
   161    482      1
   162    113      1
   162    536      1
   163     63      1
   163    426      1
   163    462      1
   163    590      1
   164     92      1
   165    130      1
   166     48      1
   166    204      1
   167    119      1
   167    266      1
   167    464      1
   167    682      1
   168    130      1
   168    294      1
   169    115      1
   170    156      1
   171     92      1
   171    433      1
   172     92      1
   172    285      1
   172    525      1
   172    599      1
   173    157      1
   173    324      1
   173    419      1
   173    445      1
   173    635      1
   174     92      1
   174    545      1
   175     30      1
   175    178      1
   175    389      1
   176    159      1
   177     87      1
   178    175      1
   178    274      1
   179    151      1
   179    408      1
   179    447      1
   180     84      1
   180    265      1
   180    403      1
   180    424      1
   181     45      1
   182     86      1
   182    208      1
   182    476      1
   183     75      1
   183    205      1
   183    388      1
   184     53      1
   184    427      1
   185    128      1
   185    192      1
   186     59      1
   186    520      1
   187     48      1
   187    640      1
   188     39      1
   189     22      1
   190     51      1
   190    195      1
   190    349      1
   190    376      1
   191    118      1
   191    242      1
   191    422      1
   192    185      1
   193     43      1
   194     96      1
   194    288      1
   194    538      1
   195    190      1
   196    143      1
   197    157      1
   198     83      1
   199     81      1
   199    212      1
   199    275      1
   200    103      1
   201    115      1
   201    286      1
   201    430      1
   202    126      1
   202    209      1
   202    471      1
   203     38      1
   203    568      1
   204    166      1
   204    231      1
   205    183      1
   205    232      1
   205    279      1
   205    297      1
   206     16      1
   207     19      1
   207    527      1
   207    598      1
   208    182      1
   208    260      1
   209    202      1
   210     10      1
   211     45      1
   212    199      1
   213    132      1
   213    625      1
   214    113      1
   215     24      1
   215    514      1
   216     91      1
   216    410      1
   217     53      1
   217    255      1
   217    368      1
   217    479      1
   218     42      1
   219     54      1
   219    354      1
   220    119      1
   220    247      1
   220    487      1
   220    674      1
   221      3      1
   222     73      1
   222    229      1
   223     80      1
   223    515      1
   224      2      1
   224    227      1
   225    137      1
   226    137      1
   227    224      1
   227    341      1
   227    399      1
   228     38      1
   228    248      1
   228    415      1
   228    644      1
   229    222      1
   229    310      1
   229    595      1
   229    663      1
   230    102      1
   230    343      1
   230    450      1
   231    204      1
   232    205      1
   232    374      1
   233     14      1
   234     70      1
   234    262      1
   234    318      1
   234    547      1
   234    636      1
   235     99      1
   235    273      1
   236    133      1
   237     83      1
   237    379      1
   237    611      1
   238     57      1
   238    312      1
   239     91      1
   239    301      1
   240     25      1
   240    495      1
   241    151      1
   241    470      1
   241    606      1
   242    191      1
   242    304      1
   242    407      1
   242    475      1
   243    150      1
   243    443      1
   244     78      1
   245     48      1
   245    298      1
   245    559      1
   246    132      1
   246    251      1
   247    220      1
   248    228      1
   248    295      1
   248    456      1
   249    120      1
   250     91      1
   251    246      1
   251    604      1
   252     10      1
   253      6      1
   254     49      1
   254    263      1
   255    217      1
   255    594      1
   256     71      1
   257    142      1
   257    290      1
   258     95      1
   258    452      1
   259    104      1
   260    208      1
   260    468      1
   261     81      1
   261    337      1
   262    234      1
   262    325      1
   262    329      1
   262    596      1
   263    254      1
   263    498      1
   263    646      1
   263    697      1
   264    105      1
   265    180      1
   265    381      1
   266    167      1
   266    404      1
   267     25      1
   268    146      1
   269     60      1
   269    565      1
   270    147      1
   270    276      1
   270    289      1
   270    307      1
   271    116      1
   271    406      1
   271    613      1
   272    122      1
   273    235      1
   273    306      1
   273    505      1
   274    178      1
   274    569      1
   275    199      1
   275    278      1
   275    570      1
   276    270      1
   276    490      1
   277    148      1
   278    275      1
   279    205      1
   280    147      1
   280    414      1
   281     99      1
   282     26      1
   282    327      1
   283     91      1
   284    142      1
   284    477      1
   285    172      1
   285    366      1
   285    675      1
   286    201      1
   287    138      1
   287    653      1
   288    194      1
   288    557      1
   289    270      1
   290    257      1
   290    429      1
   291    157      1
   292     61      1
   293     67      1
   293    463      1
   294    168      1
   295    248      1
   295    300      1
   296    105      1
   297    205      1
   298    245      1
   298    517      1
   299     35      1
   299    689      1
   300    295      1
   300    664      1
   301    239      1
   301    434      1
   301    630      1
   302      5      1
   302    548      1
   303     91      1
   304    242      1
   305     48      1
   305    539      1
   306    273      1
   306    612      1
   306    624      1
   307    270      1
   308     30      1
   308    425      1
   309     89      1
   309    521      1
   310    229      1
   311     20      1
   311    357      1
   312    238      1
   312    666      1
   313      9      1
   313    567      1
   313    659      1
   313    683      1
   314     22      1
   314    316      1
   314    332      1
   314    448      1
   315     56      1
   316    314      1
   316    540      1
   317    126      1
   317    551      1
   318    234      1
   318    449      1
   319     77      1
   319    323      1
   320    101      1
   320    478      1
   321    152      1
   321    355      1
   322     21      1
   323    319      1
   323    491      1
   324    173      1
   324    578      1
   325    262      1
   325    370      1
   325    524      1
   326     96      1
   327    282      1
   327    333      1
   327    402      1
   327    619      1
   328     20      1
   328    336      1
   329    262      1
   329    589      1
   329    679      1
   330     92      1
   330    350      1
   331     32      1
   331    342      1
   331    372      1
   332    314      1
   332    394      1
   333    327      1
   333    431      1
   334     43      1
   334    360      1
   335    144      1
   335    339      1
   335    508      1
   335    522      1
   336    328      1
   337    261      1
   338     35      1
   339    335      1
   339    351      1
   340     73      1
   340    616      1
   341    227      1
   341    643      1
   342    331      1
   342    356      1
   343    230      1
   343    454      1
   344     61      1
   344    499      1
   345    130      1
   345    377      1
   345    409      1
   346     54      1
   347     80      1
   347    581      1
   348    132      1
   349    190      1
   350    330      1
   351    339      1
   351    467      1
   352    135      1
   352    667      1
   353    139      1
   354    219      1
   354    382      1
   354    576      1
   354    637      1
   355    321      1
   356    342      1
   356    380      1
   356    390      1
   357    311      1
   357    441      1
   357    492      1
   358    125      1
   359     23      1
   360    334      1
   360    413      1
   361     61      1
   361    553      1
   362    148      1
   362    418      1
   362    609      1
   362    615      1
   363     36      1
   364    158      1
   365     93      1
   365    685      1
   366    285      1
   367    115      1
   367    607      1
   368    217      1
   369    128      1
   370    325      1
   370    395      1
   370    549      1
   370    552      1
   371    137      1
   372    331      1
   372    639      1
   373     76      1
   374    232      1
   374    474      1
   374    529      1
   375    151      1
   375    378      1
   376    190      1
   377    345      1
   378    375      1
   379    237      1
   379    586      1
   380    356      1
   381    265      1
   381    460      1
   381    603      1
   382    354      1
   382    542      1
   383    142      1
   383    481      1
   384     73      1
   384    398      1
   385     36      1
   385    554      1
   386    150      1
   387     78      1
   387    485      1
   388    183      1
   388    486      1
   389    175      1
   390    356      1
   391     98      1
   391    591      1
   392     52      1
   393      9      1
   394    332      1
   394    665      1
   395    370      1
   396    143      1
   397    117      1
   398    384      1
   399    227      1
   400    146      1
   400    526      1
   400    541      1
   401     41      1
   402    327      1
   403    180      1
   403    544      1
   404    266      1
   405    135      1
   405    438      1
   406    271      1
   406    493      1
   406    511      1
   406    572      1
   407    242      1
   408    179      1
   409    345      1
   409    412      1
   409    535      1
   410    216      1
   411     45      1
   412    409      1
   413    360      1
   414    280      1
   414    582      1
   415    228      1
   416    150      1
   417     56      1
   417    608      1
   418    362      1
   418    473      1
   418    518      1
   419    173      1
   420     61      1
   421     54      1
   421    483      1
   422    191      1
   423    135      1
   423    509      1
   424    180      1
   425    308      1
   426    163      1
   427    184      1
   427    513      1
   428     52      1
   428    440      1
   428    601      1
   429    290      1
   430    201      1
   431    333      1
   432    153      1
   433    171      1
   434    301      1
   435     90      1
   436    159      1
   437     28      1
   438    405      1
   439    154      1
   440    428      1
   441    357      1
   442    107      1
   443    243      1
   444    124      1
   445    173      1
   445    458      1
   446     32      1
   447    179      1
   448    314      1
   448    605      1
   449    318      1
   450    230      1
   450    638      1
   451     23      1
   452    258      1
   453    153      1
   454    343      1
   454    583      1
   455     77      1
   456    248      1
   456    506      1
   457     87      1
   457    580      1
   457    656      1
   458    445      1
   458    561      1
   459     45      1
   460    381      1
   461     73      1
   462    163      1
   463    293      1
   463    562      1
   464    167      1
   465     88      1
   466     94      1
   467    351      1
   468    260      1
   469      5      1
   470    241      1
   471    202      1
   471    512      1
   472     95      1
   472    534      1
   472    699      1
   473    418      1
   474    374      1
   475    242      1
   476    182      1
   476    480      1
   476    523      1
   477    284      1
   478    320      1
   479    217      1
   480    476      1
   481    383      1
   481    668      1
   482    161      1
   482    677      1
   483    421      1
   484    109      1
   485    387      1
   485    497      1
   486    388      1
   487    220      1
   487    488      1
   487    566      1
   488    487      1
   489     11      1
   489    501      1
   489    621      1
   490    276      1
   491    323      1
   491    588      1
   492    357      1
   492    510      1
   492    577      1
   493    406      1
   494    137      1
   495    240      1
   495    519      1
   495    627      1
   496     42      1
   497    485      1
   497    626      1
   498    263      1
   498    560      1
   499    344      1
   500    106      1
   500    654      1
   501    489      1
   502    127      1
   502    655      1
   503     56      1
   504     82      1
   505    273      1
   506    456      1
   506    628      1
   507    105      1
   508    335      1
   509    423      1
   510    492      1
   511    406      1
   512    471      1
   512    584      1
   513    427      1
   514    215      1
   515    223      1
   515    558      1
   516     37      1
   516    692      1
   517    298      1
   518    418      1
   519    495      1
   519    680      1
   520    186      1
   521    309      1
   521    533      1
   521    629      1
   522    335      1
   523    476      1
   524    325      1
   525    172      1
   526    400      1
   527    207      1
   528     81      1
   529    374      1
   530     80      1
   531    108      1
   532    119      1
   532    555      1
   533    521      1
   534    472      1
   535    409      1
   535    543      1
   536    162      1
   537    109      1
   537    652      1
   538    194      1
   538    585      1
   539    305      1
   540    316      1
   541    400      1
   542    382      1
   543    535      1
   543    563      1
   544    403      1
   545    174      1
   545    597      1
   545    669      1
   546    104      1
   547    234      1
   547    622      1
   548    302      1
   549    370      1
   550    132      1
   551    317      1
   552    370      1
   553    361      1
   554    385      1
   555    532      1
   556     84      1
   557    288      1
   558    515      1
   559    245      1
   560    498      1
   560    688      1
   561    458      1
   562    463      1
   563    543      1
   564     30      1
   564    670      1
   565    269      1
   566    487      1
   567    313      1
   567    620      1
   568    203      1
   569    274      1
   570    275      1
   571    116      1
   572    406      1
   573    147      1
   574     49      1
   575     50      1
   576    354      1
   577    492      1
   578    324      1
   578    658      1
   579    120      1
   580    457      1
   581    347      1
   582    414      1
   583    454      1
   584    512      1
   585    538      1
   586    379      1
   587     51      1
   588    491      1
   588    645      1
   589    329      1
   590    163      1
   590    694      1
   591    391      1
   592     75      1
   593     48      1
   593    610      1
   594    255      1
   595    229      1
   596    262      1
   597    545      1
   597    681      1
   598    207      1
   599    172      1
   600    103      1
   601    428      1
   601    660      1
   602     62      1
   603    381      1
   603    634      1
   604    251      1
   605    448      1
   606    241      1
   607    367      1
   608    417      1
   609    362      1
   610    593      1
   611    237      1
   612    306      1
   613    271      1
   614     20      1
   615    362      1
   615    633      1
   616    340      1
   617     52      1
   618    128      1
   619    327      1
   620    567      1
   621    489      1
   622    547      1
   623     71      1
   624    306      1
   625    213      1
   626    497      1
   626    693      1
   627    495      1
   628    506      1
   629    521      1
   630    301      1
   631    118      1
   632    126      1
   633    615      1
   634    603      1
   635    173      1
   636    234      1
   637    354      1
   638    450      1
   639    372      1
   640    187      1
   641    134      1
   642     70      1
   643    341      1
   644    228      1
   645    588      1
   645    672      1
   646    263      1
   647     44      1
   648    145      1
   649     43      1
   650     58      1
   651     75      1
   652    537      1
   653    287      1
   654    500      1
   655    502      1
   656    457      1
   657     95      1
   658    578      1
   659    313      1
   660    601      1
   661     31      1
   661    687      1
   662     84      1
   663    229      1
   664    300      1
   665    394      1
   666    312      1
   667    352      1
   668    481      1
   669    545      1
   670    564      1
   671    126      1
   672    645      1
   673    113      1
   674    220      1
   675    285      1
   676    136      1
   677    482      1
   678    139      1
   679    329      1
   680    519      1
   681    597      1
   682    167      1
   683    313      1
   684     50      1
   685    365      1
   686     98      1
   687    661      1
   688    560      1
   689    299      1
   690    138      1
   691      6      1
   692    516      1
   693    626      1
   694    590      1
   695     15      1
   696    110      1
   697    263      1
   698    143      1
   699    472      1
