COORD_X_Y 25
  2.27374     2.857
 0.132485   0.97612
  1.98926  0.675197
  1.70043   1.63984
 0.772504  0.296216
  1.43472   1.07377
 0.611399   2.82945
 0.890246  0.457947
 0.872049   1.45797
 0.604214    2.4142
   2.1674    2.5019
  1.36255   1.94605
 0.213613  0.643254
  2.77891   2.26238
 0.560875   1.69262
  1.56995  0.615103
  1.46552   2.44653
  2.50715   2.66321
 0.950131  0.542389
 0.306857   1.44773
  1.73071    2.1688
  1.80801   1.89992
  1.52299   2.82001
  2.74312   1.53495
 0.508177  0.278376
LINKS_SOURCE_DESTINATION_DISTANCE 48
     0      1      1
     0      2      1
     1      0      1
     1      5      1
     2      0      1
     2      3      1
     2      4      1
     2      6      1
     2      9      1
     3      2      1
     3      8      1
     3     12      1
     4      2      1
     4      7      1
     4     21      1
     5      1      1
     5     11      1
     5     18      1
     6      2      1
     6     10      1
     7      4      1
     8      3      1
     9      2      1
     9     22      1
    10      6      1
    10     14      1
    10     20      1
    11      5      1
    11     13      1
    11     15      1
    11     23      1
    12      3      1
    13     11      1
    14     10      1
    14     16      1
    14     17      1
    14     24      1
    15     11      1
    16     14      1
    17     14      1
    18      5      1
    18     19      1
    19     18      1
    20     10      1
    21      4      1
    22      9      1
    23     11      1
    24     14      1
