COORD_X_Y 40
  2.55487   0.22218
  1.06591   1.72859
 0.526892  0.942188
 0.472796  0.108823
  2.56739   2.71224
  2.42872  0.605827
  2.76593   1.53761
  1.62725    1.6463
 0.275352   2.51201
 0.116508   1.07703
0.0914027  0.594273
  2.75239 0.0557698
  1.05165   1.53421
  1.57957   2.97823
  1.29825  0.806963
   2.9919   2.10761
  1.32173   2.60851
 0.860217 0.0816417
 0.704757   1.51582
  2.37901  0.776935
   2.3396  0.911033
  2.45117   1.26468
   1.4051   2.67492
   2.5249  0.664243
 0.402153   1.28487
  2.95829   2.21399
0.0424307    2.1202
 0.301399    1.8521
  2.20828   1.56018
   2.6524   2.40887
  1.89649   2.45449
 0.866327   2.26802
  2.39149   2.53085
  2.91941   2.01283
  2.47465  0.383285
0.0301674   1.41705
  2.99853  0.897897
  0.80208   2.70842
  1.39057   2.11996
 0.281647   1.52537
LINKS_SOURCE_DESTINATION_DISTANCE 78
     0      1      1
     0      2      1
     0     16      1
     1      0      1
     1      4      1
     1      8      1
     1     33      1
     2      0      1
     2      3      1
     2      6      1
     2     18      1
     2     24      1
     2     27      1
     2     29      1
     3      2      1
     3      5      1
     3      7      1
     3     10      1
     3     13      1
     3     17      1
     3     21      1
     4      1      1
     4      9      1
     4     12      1
     5      3      1
     5     11      1
     5     23      1
     5     26      1
     6      2      1
     7      3      1
     7     30      1
     7     39      1
     8      1      1
     9      4      1
     9     19      1
    10      3      1
    10     20      1
    10     22      1
    11      5      1
    11     14      1
    11     15      1
    11     32      1
    12      4      1
    13      3      1
    14     11      1
    15     11      1
    16      0      1
    17      3      1
    17     28      1
    17     34      1
    17     37      1
    18      2      1
    19      9      1
    20     10      1
    21      3      1
    21     31      1
    22     10      1
    22     25      1
    23      5      1
    24      2      1
    24     38      1
    25     22      1
    26      5      1
    26     35      1
    27      2      1
    28     17      1
    29      2      1
    30      7      1
    31     21      1
    32     11      1
    33      1      1
    34     17      1
    35     26      1
    35     36      1
    36     35      1
    37     17      1
    38     24      1
    39      7      1
