COORD_X_Y 65
 0.427575   2.33569
  2.90133   2.74251
  1.95742   1.14876
  1.03433   1.20456
 0.489893   2.53492
 0.979968   2.56208
  1.27363   2.76768
  1.24193  0.167923
  2.08238   2.29874
  1.71214   1.09014
  1.41882   1.02483
 0.648098  0.634106
  2.00108  0.194764
  1.05987  0.617828
 0.849338   1.83379
 0.347221   2.76077
 0.505328   2.41331
  2.10076   1.88702
  1.74236   1.97273
 0.141247  0.528444
  1.77586  0.123384
  2.48005  0.169238
  1.12672  0.420659
  2.00475   2.90354
  2.24094   1.72754
 0.820308   0.86127
 0.526406   1.95312
  1.44083   2.80998
 0.204769   1.05242
  2.67458   1.01422
  2.22469   2.27524
   2.6163  0.739505
  1.49564   1.19893
   1.0816   1.87861
   1.8942   1.27565
  2.31329   1.55172
0.0190077   2.20288
  1.82579   1.49489
  1.65197   2.27991
 0.948923  0.125514
 0.486456  0.760515
  1.38465   1.17606
  2.47086   1.61388
  0.53735   2.30221
  1.76973   1.24995
  1.72219  0.645995
  2.51497   1.64244
 0.945317   1.90846
   2.0924  0.999826
   1.3081    2.7559
  1.62759  0.563114
  1.53537    2.7213
  2.37042   1.90061
 0.716082   2.46678
  2.47251   1.69495
 0.877177    1.8496
  2.27238   2.44663
  1.02531   2.35945
 0.572301   1.81784
 0.787884   1.41276
  2.51038   2.25091
  2.85998   1.45752
  2.82691   2.75031
  1.75587   1.67367
  1.44934  0.608734
LINKS_SOURCE_DESTINATION_DISTANCE 128
     0      1      1
     0      6      1
     1      0      1
     1      2      1
     1      3      1
     1      8      1
     1      9      1
     1     17      1
     1     25      1
     2      1      1
     2      4      1
     2     29      1
     3      1      1
     3      5      1
     3      7      1
     3     24      1
     4      2      1
     4     47      1
     5      3      1
     5     20      1
     5     36      1
     6      0      1
     6     10      1
     6     19      1
     6     50      1
     7      3      1
     7     12      1
     7     15      1
     7     16      1
     7     32      1
     7     58      1
     8      1      1
     8     13      1
     8     21      1
     9      1      1
     9     11      1
     9     37      1
    10      6      1
    10     22      1
    10     27      1
    11      9      1
    11     14      1
    12      7      1
    13      8      1
    14     11      1
    15      7      1
    15     28      1
    15     33      1
    15     53      1
    16      7      1
    16     48      1
    16     52      1
    17      1      1
    17     18      1
    18     17      1
    18     49      1
    19      6      1
    19     23      1
    20      5      1
    20     62      1
    21      8      1
    21     39      1
    21     54      1
    22     10      1
    22     31      1
    22     51      1
    23     19      1
    23     40      1
    23     63      1
    24      3      1
    24     26      1
    24     35      1
    25      1      1
    26     24      1
    26     44      1
    26     46      1
    27     10      1
    27     30      1
    28     15      1
    28     43      1
    29      2      1
    30     27      1
    31     22      1
    31     34      1
    32      7      1
    33     15      1
    33     42      1
    34     31      1
    34     45      1
    35     24      1
    36      5      1
    37      9      1
    37     38      1
    38     37      1
    39     21      1
    39     41      1
    39     59      1
    39     60      1
    40     23      1
    41     39      1
    42     33      1
    43     28      1
    43     56      1
    44     26      1
    45     34      1
    46     26      1
    46     55      1
    46     57      1
    47      4      1
    48     16      1
    49     18      1
    50      6      1
    51     22      1
    52     16      1
    53     15      1
    53     64      1
    54     21      1
    54     61      1
    55     46      1
    56     43      1
    57     46      1
    58      7      1
    59     39      1
    60     39      1
    61     54      1
    62     20      1
    63     23      1
    64     53      1
