COORD_X_Y 10
  1.15123   2.10785
   1.3636   2.33139
 0.427328   2.58357
 0.658747   1.48743
  2.88304   2.51771
  2.55756   2.82994
 0.244327   1.72936
  1.98484   1.89756
  2.41079   2.78328
  1.29368   1.86553
LINKS_SOURCE_DESTINATION_DISTANCE 36
     0      1      1
     0      2      1
     0      4      1
     0      7      1
     0      9      1
     1      0      1
     1      3      1
     1      4      1
     1      5      1
     2      0      1
     3      1      1
     3      4      1
     3      5      1
     3      6      1
     4      1      1
     4      3      1
     4      0      1
     4      5      1
     4      6      1
     4      7      1
     4      8      1
     4      9      1
     5      3      1
     5      4      1
     5      1      1
     5      8      1
     6      3      1
     6      4      1
     6      9      1
     7      0      1
     7      4      1
     8      5      1
     8      4      1
     9      6      1
     9      4      1
     9      0      1
