COORD_X_Y 600
  1.31371   2.09369
  1.43378  0.364489
  1.32601   1.26928
  1.97247   1.50649
  2.51491   0.71032
  0.10252 0.0563481
  1.39162   2.45186
  1.80489   1.90458
  1.59023  0.668908
   1.7727  0.589848
  2.07078   2.30843
 0.953588   2.52931
  2.33806   1.10375
  1.28806   1.14981
  1.29697   1.30718
  2.09946   2.22046
  0.21003    2.7137
 0.922766 0.0814359
  2.16267   1.03681
  1.20478   1.58476
  1.80574   2.98342
 0.848602  0.773472
  2.73491   1.24743
  1.29241   0.52406
  1.35726   1.48517
   2.5413   1.27358
 0.956471  0.820222
  1.87649  0.704099
0.0934844   2.77603
 0.820753 0.0876547
  0.63015   1.39003
  1.80298     2.425
 0.151848   2.44026
 0.476774  0.397116
  2.02422    2.5945
 0.622317  0.582948
  1.98612   2.65789
  1.90847   2.36253
  2.08063   1.46119
  1.66665   2.04384
  1.79636   1.51165
  0.19794  0.706379
  2.12611   0.12288
  2.59948   1.46422
0.0648034  0.392469
  1.86765    1.5119
  2.50756   1.83188
  1.85928   2.99272
 0.359821   0.92877
  2.41314   2.77992
  1.93603   2.28767
  2.60863  0.121104
 0.874006   2.64671
 0.268574   2.68994
   2.1317   2.95036
  2.39754   1.64661
 0.447454   2.31512
  1.21053  0.399844
  1.99785   2.68206
  1.43941   2.27992
  1.31674 0.0550758
0.0852421   1.36145
  1.26684   1.20792
  1.25489   2.42174
 0.429912  0.562943
  2.83192     1.787
 0.650302   1.43625
  1.27223  0.403127
   2.6428   1.17429
  1.20322   0.94498
  1.84756   2.13444
  2.00743  0.804795
  1.29305   2.07778
  1.33052  0.954733
 0.333846   2.07054
  2.10715   1.19505
  1.93187   2.47798
 0.905081  0.605143
  1.57586   2.85508
  1.29576   2.02063
  1.02762   2.71378
   1.9632   2.33897
0.0594962   2.90312
 0.883166   2.91659
  1.46751   2.95012
  2.81753   1.12523
  2.29484   1.97668
  0.64019   2.17942
0.0957279   2.02595
 0.561712   2.35597
  1.77441   2.78785
 0.357259   1.47261
  2.09902   1.19736
  2.97799   2.30994
   1.3029   1.86344
  2.28394   1.61089
  0.93606  0.438595
  1.00175   0.11898
  2.05365  0.433746
  2.61128   2.23568
 0.329092  0.626844
  1.75562  0.579922
 0.223418    2.0016
 0.486225   0.88703
  1.24934  0.920056
  2.12019   2.02725
  1.94587   2.58475
  1.36736   2.26744
  1.25346 0.00353636
  2.83108    2.0676
  2.02682   2.56185
 0.681703  0.935332
  2.77451  0.182124
 0.894425   1.06853
  2.67037   2.39744
  1.47371  0.734181
  1.55917  0.736256
 0.321176   1.44474
  2.87307   2.86105
  1.45548  0.485806
 0.651767   1.12468
  1.87731  0.386487
  1.84649   2.58541
  1.44881 0.0473716
  1.05731   1.39823
  2.58749   0.72648
  1.84956 0.0153194
  1.38391  0.535022
  1.16906   1.58186
  1.85291  0.594039
  2.75228    2.0196
 0.499036   1.20908
   2.8506   2.93482
 0.450281   0.89864
  2.24883   2.60488
  1.41508   1.66841
  1.79961    2.6305
  2.21862   1.35192
 0.403987   1.17199
   1.4385  0.459365
  1.98838   1.72719
  2.05549   1.73851
  2.53979   1.93706
   1.4833   0.53901
  1.85574   1.93543
  0.39405   1.04526
  1.65887   2.70106
  2.59833   1.38646
  2.55461   2.02538
  2.73947   1.91443
  2.10728  0.234129
  2.45695   1.87349
  1.94265   2.38705
  2.09626  0.134737
  2.64957   1.85249
  2.99622  0.834607
 0.352599  0.160944
  2.62387   2.37133
  2.92686  0.321728
   2.3786   1.69651
  2.00413   0.65795
  1.51587   1.85552
 0.628484   2.41333
 0.946959   1.17554
  1.10792   1.39163
  0.41186  0.462935
  2.36842  0.722539
  1.97988   2.06827
  2.50261 0.0844046
  1.51891   1.18391
  1.64793    0.7721
  1.84518   2.89445
  1.28413   1.68489
0.0490399   2.03471
  1.93249   1.16449
   2.1763  0.896379
  2.95898   1.69738
  2.92071   1.62528
  1.47853  0.163527
  2.34503  0.276812
  1.34405   2.32515
 0.109521  0.810555
  2.11711   2.95437
   1.2078   2.97232
  1.83154  0.644671
 0.550988   1.32088
  2.66734   2.35323
  2.54238   1.64153
 0.591744   2.27953
  1.32654  0.743271
  2.06512  0.737063
  2.54839    1.4397
 0.379077   1.13217
 0.354328  0.959587
  2.93746   2.03403
 0.942866   2.36627
 0.642233   2.23588
  1.73588   2.41242
  0.67679   2.07392
 0.858861   2.60512
 0.597996     1.168
  2.19034   2.97399
 0.440411   1.60764
  2.68358   2.91789
 0.619706   2.29458
  2.13291   2.15658
 0.856484   2.03488
  2.74413   1.95328
  1.37729   2.29445
  1.24888   2.69542
  0.27646   1.07256
  2.27697   1.28586
 0.144216  0.252257
  1.28745 0.0868252
  2.63935   2.85927
  2.76171    1.7256
 0.933843   2.70662
  0.28848   2.87201
 0.705106   1.52498
  2.93502   1.87875
  1.39129  0.356366
  2.53984   2.82266
 0.564901   2.56266
 0.494491  0.465608
   1.3083   1.61105
  2.57428  0.161723
  2.42763   1.26146
  1.49755    2.4419
  1.27121   2.56757
  1.24145   1.99024
0.0721621   1.13297
  1.84116   2.99499
  1.77081   2.74624
   2.0891   1.62447
  1.59467  0.879392
0.0261319  0.981055
  1.11955   1.10839
  2.93885   1.16736
  1.65152   2.57766
   1.8989  0.642136
 0.178692   2.01479
  2.29634   1.78453
  1.52519   2.98323
  2.98521   1.84866
 0.512907  0.465769
0.0556692   1.46277
  1.93346   2.19987
  2.61308   2.50207
 0.230381   2.05957
  0.15612   2.41773
 0.508013   1.23263
 0.365249  0.597985
0.0383401  0.329911
  2.69688    1.8012
 0.833107  0.462701
  2.84307   1.23796
 0.481625   1.60017
  2.14162  0.319056
 0.418872   1.14286
  1.63298  0.662277
 0.804594   1.76533
  2.78487   1.13182
   1.5676   2.06416
  2.55929  0.484123
  2.59965   0.67866
   2.1022    2.3909
 0.549406    2.3052
 0.274601  0.853713
 0.959662   2.58067
  1.18558    2.3625
 0.307017   2.16385
  1.72878  0.907221
  1.73227    2.0697
 0.583597   2.35555
 0.994368   1.31539
  2.62822  0.348164
  2.78815  0.332406
  1.64133    2.7269
  1.12157   2.81466
  2.53872   1.17879
  1.30776   2.10546
   1.7091 0.0243556
  1.12175   1.97244
  1.50885   2.33784
 0.249437  0.270731
  1.36515   2.83912
 0.888387   1.33707
  2.37565    1.6981
  2.76435  0.574758
 0.264558   1.17691
  1.93886   1.13627
  1.46995  0.744717
  1.14436   2.61016
  2.01308   1.99624
  2.10305  0.328579
  2.84917    1.1621
 0.830228 0.0869671
  1.33597   2.48109
  0.41323   1.72255
  1.09148   1.60256
  2.48271  0.745356
  1.66199   2.39727
  1.07491  0.243738
 0.752522    2.5376
   2.1427  0.677536
  2.88845  0.753508
 0.775989   1.18486
  1.94332    2.1033
  2.00014  0.921835
 0.590252   2.42718
0.0449518   2.58924
  1.07676  0.380224
 0.751403   1.69813
  1.21639   2.94153
  1.92769   1.85984
   2.9138   1.29705
   1.8118   1.57608
 0.537994   1.06721
 0.674171   2.38042
  1.78329  0.970381
   1.8184   2.17454
  2.12015   2.02716
 0.242447   1.91886
  2.85014   1.07019
 0.434804 0.0639947
 0.649525  0.555743
  1.78766   2.07462
  1.69681  0.105632
 0.713513      2.55
  1.39624    2.8815
 0.464168   2.79493
  2.01627   1.97626
  2.51139   2.42387
  2.17146   2.48462
 0.915781  0.530054
  0.60424    1.1278
  1.91586  0.151413
 0.254963   1.95078
  2.83327   1.03344
  2.61083  0.300626
0.0499499   1.28315
  2.70412   2.18052
    2.327   1.23249
 0.346257   2.24899
  1.03809  0.574206
 0.433321 0.0121801
 0.270691   2.11614
0.0553232   2.00375
  1.14127   1.32668
  2.05466   2.46529
  2.21777  0.312898
  2.05806  0.826138
   2.9623  0.389198
 0.925326   1.66221
 0.447002 0.0775393
 0.195129    2.6076
 0.368187   2.18179
 0.441474  0.804505
  1.34485   1.22327
  1.67929   1.49907
  1.44975   1.03721
  1.28964   0.57109
  2.47778   1.23897
  1.72992   1.00931
 0.780848  0.520952
 0.838177   1.88156
  2.44286   2.58595
  1.15424   1.76374
 0.973285   0.97906
 0.500377   2.99958
  0.19878   2.65107
  2.08512   1.02681
  2.85148 0.0882895
 0.873216   1.87269
  2.07469   1.43823
  1.54366   2.83291
  2.00293   2.77987
  1.36212   1.48147
    1.018    1.4896
 0.792916   1.96908
  2.06417   2.33405
0.0272272   1.25346
  1.66538   1.33084
  2.89366   0.72598
  1.97572  0.399896
   0.2853   2.89874
   2.0139  0.406413
 0.904751  0.451209
 0.432869  0.906299
 0.992005   0.56201
 0.851443   2.86642
0.0565964   2.64169
  2.09825   2.37016
 0.922951   1.68685
  2.65724   2.74366
  1.46876   2.53091
  2.98013   2.36172
  1.59696   1.62952
 0.816582   2.19351
  2.08835   1.90549
   2.8768   1.57015
 0.544548   2.73659
  2.35027   2.76378
 0.675122   2.72065
 0.731899   2.62739
0.00611138   1.77727
 0.752856  0.695872
  1.80599 0.0278047
 0.877015   1.48253
  1.85496   2.62335
 0.699374   1.02426
  2.68183   1.02975
 0.827289   2.74259
 0.914052  0.656093
  1.49064   2.50811
  0.95333  0.979409
 0.133876  0.251908
  0.68106  0.194071
  2.26239   2.75493
 0.963239   2.35794
  1.44182  0.623928
  1.62039 0.0227811
  2.63199   2.40766
  0.06681  0.415662
 0.849002   2.18953
  1.54283  0.910496
  2.60192  0.749444
 0.450107   1.35569
  2.20792    2.2478
  1.25964   1.93934
 0.801474   2.47694
  2.73406   1.06897
  1.56018   0.11312
  2.64209  0.908232
  2.68904   2.80918
  1.76506   1.03108
  1.14449   0.80129
  2.54946   2.29576
0.0876192  0.219214
  2.66531  0.404734
 0.546679  0.328499
  2.54147   1.43279
  2.89441   1.36966
  2.40684   2.63245
 0.679614   1.95547
  2.17437      0.58
  2.02394   1.08366
0.0873985   2.91475
0.00625171   1.82285
  1.47998   1.77823
  1.49761 0.0338514
  1.54863   1.45579
 0.100045   2.45732
  1.66249  0.536402
 0.836532  0.375688
  2.10846   2.55801
  1.53368   2.66244
   1.6365  0.388039
 0.588568 0.0385541
  2.08819   1.36545
   1.9056  0.462652
  2.86008   2.25452
  1.61912   1.62055
  2.92065  0.842299
  2.55941   1.46798
  2.94541  0.330015
  1.27791  0.671179
  0.86291   1.55434
 0.859395    2.3366
  1.01605    1.4161
  1.22133   1.36275
   2.2152    1.5963
  1.70979  0.970528
 0.920306   2.18917
  2.66911   2.56432
  1.89698   2.30053
  2.13566   2.47585
  2.22824   2.78688
   1.9286   1.59155
 0.354684   1.91841
  1.25213   0.71967
 0.189485  0.370654
  1.76919   1.39062
  2.05364   2.42255
  1.32827   1.34101
  2.79036   2.00609
  1.27753   1.86275
  1.78549   1.69668
  2.67011   2.21005
 0.325195   2.71819
  2.51568   2.76056
 0.799959   2.75863
0.0815187   0.68475
  1.22754  0.590829
  2.28848  0.137272
  2.23475   2.11158
  2.25031   2.76445
  1.90234   2.66989
  1.59145   2.98735
  1.61357   1.51964
  2.84562   2.56696
  1.89524   2.57822
  1.61137   1.25768
 0.549451  0.750979
  2.69089   2.37526
  1.99807   1.01125
 0.475606   1.98094
 0.744583   2.78426
  0.70498   1.66337
  1.50902   2.78393
 0.957091   2.96652
 0.410868    0.3063
  1.23293   1.69499
  1.72671   2.82053
 0.704845  0.291492
  1.30206   2.03964
  1.42698   2.60725
   1.9446    2.0564
  1.43279   1.40823
 0.740413   1.94542
  1.39609   0.20434
 0.346651  0.325116
  0.82634  0.500923
 0.692364   1.13543
  2.24356   2.05535
  1.13387   2.08985
  2.13467  0.410322
 0.212614  0.848422
 0.996152    2.7315
0.0776324    1.3943
 0.673227   1.03237
  1.43578   1.48494
  1.91048   2.86751
 0.652047   2.61101
  0.45544    1.6618
  1.37707   2.27676
 0.562986   2.71603
  1.06488   2.54459
0.00554823    1.1037
 0.744756   2.12067
 0.128933  0.699587
 0.945534    1.5677
  2.33193 0.0690278
 0.739722   1.08223
  1.35405   1.94333
 0.908583   2.15704
  2.06487   0.35546
  1.84938  0.464868
 0.464308  0.759292
  2.47505   1.81082
  1.55649   1.51598
  0.22563  0.598917
 0.396466  0.998608
  1.03016   0.21918
  2.41639   1.90466
  1.05077   2.24408
  1.53399  0.924922
  1.33036  0.816019
  1.61558  0.183057
  1.93021   2.42089
 0.324217   1.63173
 0.575146   2.44941
  2.42555    0.2573
  1.72361  0.991396
  2.50475  0.266634
  2.65206   2.72195
 0.414654  0.108849
  1.68698  0.671541
  2.94924   1.36558
  2.15417   2.51592
 0.169062   2.05604
 0.274594   1.15026
 0.963751   1.61445
  2.49955  0.883444
  1.24141  0.259069
 0.522032    0.9396
  2.23388   1.99565
  1.12017   1.96777
  1.28478    1.1819
  2.07124   1.33872
  1.74906  0.650795
  1.28957   2.16281
  2.52653   1.45938
  2.35249   1.51983
  2.70416   1.97442
  1.02705   1.11356
 0.965992   2.87122
  1.62761 0.0722184
 0.163105   2.62528
  2.25725   2.98366
 0.209973  0.832349
 0.842033  0.148831
 0.867666   1.37052
0.0654343   2.20656
 0.779533   1.06866
  2.28771   2.78382
 0.863888   2.90349
  1.19719   1.90493
   2.3302  0.969625
  2.08946  0.718428
LINKS_SOURCE_DESTINATION_DISTANCE 1198
     0      1      1
     0     13      1
     0     24      1
     0    116      1
     0    139      1
     0    343      1
     0    490      1
     1      0      1
     1      2      1
     1     17      1
     1     26      1
     1    112      1
     1    285      1
     1    321      1
     1    471      1
     1    531      1
     2      1      1
     2      3      1
     2      4      1
     2     10      1
     2     18      1
     2     57      1
     2    408      1
     3      2      1
     3      5      1
     3      6      1
     3     20      1
     3     92      1
     3    149      1
     3    219      1
     4      2      1
     4      7      1
     4      9      1
     4     21      1
     4     34      1
     4     88      1
     4    204      1
     4    330      1
     4    395      1
     4    426      1
     5      3      1
     5    226      1
     5    571      1
     6      3      1
     6      8      1
     6     11      1
     6     12      1
     6     16      1
     7      4      1
     7     22      1
     7     29      1
     7     58      1
     7     82      1
     7    234      1
     7    366      1
     8      6      1
     8     14      1
     8     49      1
     8     56      1
     8     66      1
     8    123      1
     8    132      1
     9      4      1
     9     69      1
     9    127      1
    10      2      1
    10     38      1
    10     79      1
    10    164      1
    10    187      1
    10    282      1
    10    314      1
    10    353      1
    11      6      1
    11     31      1
    11     74      1
    11    154      1
    11    201      1
    12      6      1
    12     23      1
    12    387      1
    13      0      1
    13     64      1
    13    114      1
    13    270      1
    13    312      1
    13    583      1
    14      8      1
    14     15      1
    14     27      1
    14    222      1
    15     14      1
    15     25      1
    15     36      1
    15     59      1
    15     70      1
    15    103      1
    15    115      1
    15    303      1
    16      6      1
    16     47      1
    16     67      1
    16    126      1
    17      1      1
    17     19      1
    17     35      1
    17    142      1
    17    156      1
    18      2      1
    18     28      1
    18     33      1
    18     98      1
    18    105      1
    18    151      1
    18    338      1
    19     17      1
    19     63      1
    19     75      1
    19     84      1
    20      3      1
    20     42      1
    20    166      1
    20    435      1
    21      4      1
    21     55      1
    21     91      1
    21    118      1
    22      7      1
    22    104      1
    22    247      1
    22    283      1
    23     12      1
    23    169      1
    23    334      1
    24      0      1
    24     32      1
    24     80      1
    24     81      1
    24    171      1
    24    274      1
    25     15      1
    26      1      1
    26     41      1
    26    211      1
    26    340      1
    27     14      1
    27     45      1
    27    129      1
    27    183      1
    27    308      1
    28     18      1
    28     72      1
    28     86      1
    28    152      1
    28    177      1
    28    376      1
    29      7      1
    29     30      1
    29    147      1
    30     29      1
    30    197      1
    31     11      1
    31     37      1
    31     68      1
    31    168      1
    31    453      1
    31    486      1
    32     24      1
    32     53      1
    33     18      1
    33     46      1
    33    111      1
    33    184      1
    33    230      1
    33    409      1
    34      4      1
    34    162      1
    34    359      1
    34    504      1
    35     17      1
    35     48      1
    35    217      1
    35    381      1
    36     15      1
    36     39      1
    36     54      1
    36    233      1
    36    357      1
    37     31      1
    37    174      1
    37    440      1
    38     10      1
    39     36      1
    39     40      1
    39    125      1
    39    254      1
    40     39      1
    40    237      1
    40    277      1
    40    361      1
    41     26      1
    41    320      1
    41    391      1
    42     20      1
    42     43      1
    42     73      1
    42    302      1
    42    407      1
    43     42      1
    43     44      1
    43     71      1
    43     94      1
    43    373      1
    43    418      1
    44     43      1
    44     52      1
    44    108      1
    44    119      1
    44    271      1
    45     27      1
    45     62      1
    45     90      1
    45     96      1
    45    128      1
    46     33      1
    46     50      1
    47     16      1
    47    198      1
    47    392      1
    47    473      1
    48     35      1
    48    344      1
    48    383      1
    49      8      1
    49     85      1
    50     46      1
    50     51      1
    50     61      1
    50    265      1
    50    404      1
    51     50      1
    51     77      1
    52     44      1
    53     32      1
    53     60      1
    53    485      1
    53    543      1
    54     36      1
    54    165      1
    54    377      1
    54    445      1
    55     21      1
    55    258      1
    56      8      1
    56    185      1
    56    210      1
    57      2      1
    57     65      1
    57    196      1
    57    202      1
    57    336      1
    57    508      1
    58      7      1
    58     78      1
    58    106      1
    58    148      1
    58    241      1
    58    533      1
    59     15      1
    59    300      1
    60     53      1
    60    100      1
    60    560      1
    61     50      1
    61     99      1
    61    259      1
    61    272      1
    62     45      1
    62     95      1
    62    223      1
    62    244      1
    63     19      1
    63    582      1
    64     13      1
    64    194      1
    65     57      1
    65     89      1
    65    163      1
    65    240      1
    66      8      1
    67     16      1
    67     76      1
    67    209      1
    68     31      1
    68    144      1
    68    339      1
    69      9      1
    69     83      1
    69    110      1
    69    181      1
    70     15      1
    70    402      1
    71     43      1
    71    150      1
    71    200      1
    71    552      1
    72     28      1
    72    101      1
    72    121      1
    73     42      1
    73    134      1
    73    390      1
    74     11      1
    74     87      1
    74    246      1
    75     19      1
    75    199      1
    76     67      1
    76     93      1
    76    133      1
    76    170      1
    76    268      1
    77     51      1
    77    102      1
    77    138      1
    78     58      1
    78    109      1
    78    186      1
    79     10      1
    80     24      1
    80    140      1
    81     24      1
    81    419      1
    82      7      1
    82    120      1
    82    167      1
    82    269      1
    82    328      1
    82    375      1
    82    461      1
    83     69      1
    83     97      1
    83    289      1
    84     19      1
    84    155      1
    84    161      1
    84    474      1
    84    539      1
    85     49      1
    85    298      1
    85    411      1
    85    416      1
    86     28      1
    86    122      1
    86    214      1
    86    224      1
    86    245      1
    87     74      1
    87    107      1
    87    205      1
    88      4      1
    88    130      1
    89     65      1
    90     45      1
    91     21      1
    91    190      1
    91    216      1
    92      3      1
    92    117      1
    93     76      1
    93    208      1
    93    438      1
    94     43      1
    95     62      1
    95    393      1
    96     45      1
    97     83      1
    97    511      1
    98     18      1
    98    525      1
    99     61      1
    99    423      1
    99    469      1
    99    544      1
   100     60      1
   100    124      1
   101     72      1
   101    146      1
   101    406      1
   101    465      1
   102     77      1
   102    113      1
   103     15      1
   103    288      1
   104     22      1
   104    236      1
   104    414      1
   105     18      1
   105    225      1
   105    370      1
   105    439      1
   106     58      1
   106    215      1
   107     87      1
   108     44      1
   108    235      1
   108    290      1
   108    433      1
   108    462      1
   108    541      1
   108    591      1
   109     78      1
   109    145      1
   110     69      1
   110    137      1
   110    153      1
   110    386      1
   111     33      1
   111    305      1
   112      1      1
   112    131      1
   112    263      1
   113    102      1
   113    220      1
   114     13      1
   114    157      1
   114    327      1
   115     15      1
   116      0      1
   116    506      1
   117     92      1
   117    253      1
   117    500      1
   118     21      1
   119     44      1
   119    191      1
   119    242      1
   119    273      1
   120     82      1
   120    415      1
   121     72      1
   121    136      1
   121    158      1
   121    175      1
   121    436      1
   122     86      1
   122    143      1
   122    413      1
   123      8      1
   124    100      1
   125     39      1
   126     16      1
   126    135      1
   126    566      1
   127      9      1
   127    280      1
   128     45      1
   128    238      1
   129     27      1
   130     88      1
   131    112      1
   132      8      1
   132    176      1
   132    529      1
   133     76      1
   133    578      1
   134     73      1
   134    231      1
   134    399      1
   135    126      1
   135    141      1
   135    297      1
   136    121      1
   136    182      1
   136    257      1
   136    348      1
   137    110      1
   137    499      1
   138     77      1
   139      0      1
   140     80      1
   141    135      1
   141    279      1
   141    287      1
   142     17      1
   142    178      1
   143    122      1
   143    329      1
   143    345      1
   143    491      1
   144     68      1
   144    160      1
   144    207      1
   145    109      1
   145    232      1
   145    249      1
   146    101      1
   147     29      1
   147    291      1
   148     58      1
   148    256      1
   148    341      1
   149      3      1
   149    306      1
   149    492      1
   150     71      1
   151     18      1
   151    358      1
   151    432      1
   152     28      1
   152    188      1
   152    325      1
   153    110      1
   153    335      1
   153    470      1
   154     11      1
   154    193      1
   154    195      1
   155     84      1
   155    159      1
   155    293      1
   155    478      1
   156     17      1
   156    218      1
   157    114      1
   158    121      1
   158    380      1
   159    155      1
   159    172      1
   160    144      1
   160    180      1
   160    284      1
   160    522      1
   161     84      1
   162     34      1
   162    255      1
   163     65      1
   163    173      1
   163    417      1
   164     10      1
   164    212      1
   164    266      1
   165     54      1
   165    405      1
   166     20      1
   166    311      1
   166    364      1
   167     82      1
   168     31      1
   169     23      1
   169    430      1
   169    564      1
   170     76      1
   170    192      1
   170    556      1
   171     24      1
   172    159      1
   173    163      1
   174     37      1
   174    179      1
   175    121      1
   175    463      1
   176    132      1
   176    189      1
   176    317      1
   177     28      1
   178    142      1
   178    229      1
   179    174      1
   179    250      1
   179    360      1
   179    424      1
   179    467      1
   179    532      1
   180    160      1
   180    372      1
   180    466      1
   181     69      1
   181    595      1
   182    136      1
   182    281      1
   183     27      1
   183    292      1
   184     33      1
   185     56      1
   185    213      1
   186     78      1
   186    243      1
   187     10      1
   188    152      1
   188    420      1
   189    176      1
   190     91      1
   190    459      1
   191    119      1
   191    356      1
   191    365      1
   191    480      1
   192    170      1
   192    203      1
   193    154      1
   193    354      1
   194     64      1
   194    239      1
   195    154      1
   196     57      1
   196    264      1
   196    309      1
   196    385      1
   196    559      1
   197     30      1
   198     47      1
   198    451      1
   199     75      1
   199    276      1
   200     71      1
   200    456      1
   200    472      1
   201     11      1
   201    443      1
   202     57      1
   203    192      1
   203    206      1
   204      4      1
   205     87      1
   205    421      1
   206    203      1
   206    304      1
   206    446      1
   207    144      1
   207    221      1
   208     93      1
   208    457      1
   209     67      1
   209    323      1
   210     56      1
   211     26      1
   212    164      1
   212    251      1
   213    185      1
   213    301      1
   214     86      1
   214    351      1
   215    106      1
   215    275      1
   215    333      1
   215    437      1
   216     91      1
   216    227      1
   216    228      1
   217     35      1
   217    515      1
   218    156      1
   219      3      1
   219    278      1
   219    590      1
   220    113      1
   221    207      1
   222     14      1
   222    296      1
   222    448      1
   223     62      1
   223    252      1
   223    337      1
   224     86      1
   224    307      1
   225    105      1
   226      5      1
   227    216      1
   228    216      1
   228    315      1
   228    477      1
   229    178      1
   229    248      1
   230     33      1
   231    134      1
   232    145      1
   233     36      1
   234      7      1
   234    545      1
   234    548      1
   235    108      1
   235    481      1
   235    536      1
   236    104      1
   236    326      1
   237     40      1
   237    546      1
   237    550      1
   238    128      1
   239    194      1
   240     65      1
   240    400      1
   241     58      1
   241    454      1
   242    119      1
   243    186      1
   243    310      1
   243    502      1
   244     62      1
   244    261      1
   244    294      1
   245     86      1
   245    516      1
   245    526      1
   246     74      1
   246    389      1
   246    501      1
   247     22      1
   247    342      1
   248    229      1
   249    145      1
   250    179      1
   250    355      1
   250    572      1
   251    212      1
   251    425      1
   251    483      1
   252    223      1
   252    347      1
   253    117      1
   254     39      1
   254    316      1
   254    378      1
   255    162      1
   256    148      1
   256    322      1
   256    452      1
   257    136      1
   258     55      1
   258    260      1
   258    262      1
   259     61      1
   260    258      1
   260    319      1
   260    346      1
   260    401      1
   261    244      1
   261    286      1
   262    258      1
   263    112      1
   263    350      1
   264    196      1
   264    267      1
   264    476      1
   265     50      1
   265    331      1
   266    164      1
   267    264      1
   267    514      1
   268     76      1
   269     82      1
   270     13      1
   270    429      1
   271     44      1
   272     61      1
   273    119      1
   273    396      1
   274     24      1
   274    521      1
   275    215      1
   275    455      1
   276    199      1
   276    369      1
   276    441      1
   277     40      1
   278    219      1
   278    295      1
   279    141      1
   280    127      1
   281    182      1
   281    299      1
   281    412      1
   282     10      1
   283     22      1
   283    394      1
   284    160      1
   284    313      1
   285      1      1
   286    261      1
   286    374      1
   286    398      1
   287    141      1
   287    362      1
   288    103      1
   289     83      1
   290    108      1
   290    368      1
   291    147      1
   292    183      1
   293    155      1
   293    318      1
   293    519      1
   293    593      1
   294    244      1
   294    513      1
   294    547      1
   294    577      1
   295    278      1
   295    495      1
   296    222      1
   297    135      1
   298     85      1
   298    363      1
   298    565      1
   298    573      1
   299    281      1
   300     59      1
   301    213      1
   301    460      1
   302     42      1
   302    475      1
   303     15      1
   303    523      1
   303    538      1
   304    206      1
   304    527      1
   304    549      1
   305    111      1
   305    382      1
   306    149      1
   306    324      1
   307    224      1
   308     27      1
   309    196      1
   309    332      1
   310    243      1
   311    166      1
   311    509      1
   311    568      1
   312     13      1
   313    284      1
   313    520      1
   314     10      1
   315    228      1
   316    254      1
   316    444      1
   316    576      1
   317    176      1
   317    422      1
   318    293      1
   319    260      1
   320     41      1
   321      1      1
   322    256      1
   322    384      1
   323    209      1
   324    306      1
   325    152      1
   325    349      1
   325    518      1
   326    236      1
   327    114      1
   328     82      1
   329    143      1
   329    388      1
   329    442      1
   330      4      1
   331    265      1
   332    309      1
   333    215      1
   333    371      1
   334     23      1
   335    153      1
   336     57      1
   336    555      1
   337    223      1
   338     18      1
   339     68      1
   340     26      1
   340    569      1
   341    148      1
   342    247      1
   343      0      1
   344     48      1
   345    143      1
   345    524      1
   346    260      1
   346    367      1
   347    252      1
   347    352      1
   348    136      1
   348    410      1
   349    325      1
   350    263      1
   350    379      1
   351    214      1
   352    347      1
   352    427      1
   352    487      1
   353     10      1
   353    403      1
   353    489      1
   354    193      1
   355    250      1
   355    494      1
   356    191      1
   357     36      1
   358    151      1
   359     34      1
   360    179      1
   361     40      1
   362    287      1
   363    298      1
   364    166      1
   365    191      1
   366      7      1
   367    346      1
   368    290      1
   369    276      1
   369    563      1
   370    105      1
   371    333      1
   371    530      1
   371    554      1
   371    580      1
   372    180      1
   373     43      1
   374    286      1
   375     82      1
   376     28      1
   376    397      1
   377     54      1
   377    585      1
   378    254      1
   378    496      1
   378    507      1
   379    350      1
   379    464      1
   380    158      1
   380    493      1
   381     35      1
   382    305      1
   383     48      1
   384    322      1
   384    542      1
   385    196      1
   385    587      1
   386    110      1
   387     12      1
   387    562      1
   388    329      1
   389    246      1
   390     73      1
   390    488      1
   391     41      1
   392     47      1
   392    479      1
   393     95      1
   394    283      1
   394    431      1
   395      4      1
   395    575      1
   396    273      1
   396    484      1
   397    376      1
   398    286      1
   399    134      1
   400    240      1
   401    260      1
   402     70      1
   402    447      1
   403    353      1
   404     50      1
   405    165      1
   406    101      1
   407     42      1
   408      2      1
   409     33      1
   409    434      1
   410    348      1
   410    482      1
   410    597      1
   411     85      1
   412    281      1
   413    122      1
   414    104      1
   414    428      1
   415    120      1
   416     85      1
   417    163      1
   418     43      1
   419     81      1
   420    188      1
   421    205      1
   421    512      1
   421    581      1
   422    317      1
   423     99      1
   423    458      1
   424    179      1
   425    251      1
   425    561      1
   426      4      1
   427    352      1
   427    588      1
   428    414      1
   429    270      1
   430    169      1
   430    596      1
   431    394      1
   432    151      1
   433    108      1
   434    409      1
   434    503      1
   435     20      1
   436    121      1
   436    510      1
   437    215      1
   438     93      1
   439    105      1
   440     37      1
   441    276      1
   441    450      1
   442    329      1
   443    201      1
   444    316      1
   445     54      1
   446    206      1
   447    402      1
   447    449      1
   448    222      1
   449    447      1
   450    441      1
   451    198      1
   451    528      1
   452    256      1
   453     31      1
   454    241      1
   455    275      1
   455    557      1
   456    200      1
   456    517      1
   456    570      1
   456    586      1
   457    208      1
   457    468      1
   458    423      1
   459    190      1
   460    301      1
   461     82      1
   462    108      1
   463    175      1
   463    599      1
   464    379      1
   465    101      1
   466    180      1
   467    179      1
   468    457      1
   469     99      1
   470    153      1
   470    498      1
   471      1      1
   472    200      1
   473     47      1
   473    534      1
   473    579      1
   474     84      1
   474    537      1
   475    302      1
   476    264      1
   477    228      1
   478    155      1
   479    392      1
   480    191      1
   481    235      1
   482    410      1
   482    505      1
   483    251      1
   484    396      1
   485     53      1
   486     31      1
   487    352      1
   488    390      1
   489    353      1
   490      0      1
   491    143      1
   491    567      1
   492    149      1
   492    497      1
   493    380      1
   494    355      1
   495    295      1
   496    378      1
   497    492      1
   498    470      1
   499    137      1
   500    117      1
   501    246      1
   502    243      1
   503    434      1
   503    551      1
   504     34      1
   505    482      1
   506    116      1
   507    378      1
   508     57      1
   509    311      1
   510    436      1
   510    589      1
   511     97      1
   512    421      1
   512    535      1
   513    294      1
   513    540      1
   514    267      1
   515    217      1
   516    245      1
   517    456      1
   518    325      1
   519    293      1
   520    313      1
   521    274      1
   521    592      1
   522    160      1
   523    303      1
   523    558      1
   524    345      1
   525     98      1
   526    245      1
   527    304      1
   528    451      1
   529    132      1
   530    371      1
   531      1      1
   532    179      1
   532    594      1
   533     58      1
   533    574      1
   534    473      1
   534    553      1
   535    512      1
   536    235      1
   537    474      1
   537    598      1
   538    303      1
   539     84      1
   540    513      1
   541    108      1
   542    384      1
   543     53      1
   544     99      1
   545    234      1
   546    237      1
   547    294      1
   548    234      1
   549    304      1
   550    237      1
   551    503      1
   552     71      1
   553    534      1
   554    371      1
   555    336      1
   556    170      1
   557    455      1
   558    523      1
   559    196      1
   560     60      1
   561    425      1
   562    387      1
   563    369      1
   564    169      1
   565    298      1
   566    126      1
   567    491      1
   568    311      1
   569    340      1
   570    456      1
   571      5      1
   572    250      1
   573    298      1
   574    533      1
   575    395      1
   576    316      1
   577    294      1
   578    133      1
   579    473      1
   580    371      1
   581    421      1
   581    584      1
   582     63      1
   583     13      1
   584    581      1
   585    377      1
   586    456      1
   587    385      1
   588    427      1
   589    510      1
   590    219      1
   591    108      1
   592    521      1
   593    293      1
   594    532      1
   595    181      1
   596    430      1
   597    410      1
   598    537      1
   599    463      1
