COORD_X_Y 200
  2.92267  0.307189
  1.02244   2.81116
   2.9992  0.391675
  0.30542   1.37294
  2.13181   2.66949
  1.51309  0.338414
  1.46753   2.04275
  1.47349   0.93525
 0.273517    1.6344
  2.47975   2.00961
  2.90258   1.52649
  2.12181   1.80046
 0.182385   1.38543
  1.32943   2.37895
 0.630763   1.12421
 0.954813   1.50042
 0.301895   2.52429
 0.580389   2.26059
  1.93518  0.690961
  1.68652   2.31061
  2.96137   2.56437
  1.41989   2.08776
  2.36504   2.15491
  1.27142   1.54818
 0.790162   2.35496
  1.60636  0.853517
 0.402638  0.598532
   1.0359   1.95806
  2.60519  0.288075
 0.465758   1.07573
  2.58779  0.150643
  1.88598   1.43252
 0.771289   2.04669
  0.40303  0.919193
 0.444685  0.894824
  1.42687   2.47786
 0.375314   2.05714
  2.14177   2.67187
  2.36352  0.588771
 0.521333  0.925636
 0.808772   1.67027
  2.87253 0.0174702
  2.10719  0.797806
  1.76518  0.566126
   1.0416   1.98156
  2.75615  0.912932
  1.47594   1.36916
 0.522996  0.289894
  2.26713   0.54357
 0.549634   0.45688
  1.47333  0.190889
 0.530354     2.379
  1.38028   1.75533
  2.01399    2.2561
  2.16997  0.487202
  1.92006   1.02473
  2.73726  0.326842
  1.12934  0.943723
0.0384095  0.841184
  2.89163   1.14072
 0.580748   2.40834
  1.56432   2.08467
  1.28969   1.42724
  1.34897  0.396931
0.0202732   1.37313
   2.5075  0.752286
 0.451466  0.114669
  1.81366  0.615003
 0.151445  0.989144
 0.687777  0.450042
 0.645688   2.18722
  2.32926 0.0808901
  1.30792  0.499146
 0.770875  0.361323
   2.8449  0.565434
 0.731384   2.05296
  0.20378   2.59859
  1.11592   2.86903
 0.925918   1.75627
  2.64039  0.604711
 0.291176   2.76373
 0.355289   2.28439
 0.601046  0.858749
  2.03026   2.21526
  1.95382  0.125599
  2.86248   2.83135
  2.05087 0.0435773
 0.424767   1.63957
 0.752145   2.77799
  1.52836  0.307625
 0.912213  0.461831
0.0780844  0.176518
  2.49094  0.101638
 0.296741   2.14182
   1.5206  0.038868
  1.83368  0.661306
  2.08174   2.69326
  2.50169    0.7395
 0.167262   2.35638
  1.87842   1.27725
 0.835011  0.722781
  1.31187   1.47936
0.0499962   2.77783
  1.19667   2.46951
  1.87843   1.88851
  2.16366  0.794023
 0.829342   1.57627
  2.68329   2.07712
   2.2324   1.65006
 0.664504  0.376733
  1.64765   2.59818
  2.59369  0.122728
  2.23047  0.852248
  1.63925   1.72505
  1.79667   1.17635
  2.15484   1.99827
  1.05338   1.93151
 0.777746   2.43239
   1.4628   2.26971
  2.09826   0.52862
 0.403674  0.722857
  2.02714   1.51151
 0.749232   1.30377
 0.941342   1.29131
 0.950371   1.71261
  1.53107   2.15351
  1.17557   2.05036
 0.815654  0.602555
  1.95985   2.26225
 0.773321    1.8108
  1.46163   1.42662
 0.416616  0.397692
  2.94076    1.0951
   1.2553  0.465693
  2.67183   1.70469
0.0950399   1.70681
  0.63266   2.04188
 0.742822  0.928534
  1.96725  0.607416
  2.07309  0.750852
 0.115411  0.485677
  1.09457   2.80158
  1.46743   1.25388
 0.813518   1.61736
 0.929757  0.852159
  2.51191   1.87703
  2.13585   1.86303
  1.48955    1.2228
  1.45984   2.97567
  2.65984    2.3208
 0.283519   2.68974
 0.535385   1.54322
  2.96633  0.137721
  1.17607   2.95741
  2.49919  0.520865
  2.43432  0.593705
  1.45214   2.44856
  2.34663  0.239252
  1.34405  0.727182
  1.23608   1.34458
  2.66577  0.680657
  1.49705   2.15376
   1.4585   2.98498
 0.418289  0.786968
  2.14806  0.982408
  2.00489   1.12484
  1.15065   1.22837
  1.12241   1.58914
  1.05525  0.630029
 0.907865   2.54854
  1.45842   0.25918
   2.1122   1.74713
  2.28167   1.75496
 0.951199  0.635496
  1.73181  0.488578
  1.43682  0.642413
 0.347522   1.04436
  1.05623  0.621751
 0.126416   2.39135
  1.92708   2.49889
  2.86803   2.49531
  1.13364   1.92107
  2.99468   1.71968
 0.487372  0.923563
  2.63453   1.09028
 0.560826   1.20541
 0.592961   2.92586
  1.73525   2.72879
   2.6786    2.4225
 0.354912   1.67769
  1.75323  0.781084
  2.75945   2.07549
  1.67257   2.08475
 0.877802   1.92064
  2.88692  0.990803
  2.27125   2.22545
   0.9437  0.762088
  1.99153    0.6482
  1.83714   2.98535
  1.13393   1.99058
LINKS_SOURCE_DESTINATION_DISTANCE 398
     0      1      1
     0      4      1
     0     13      1
     0     84      1
     0     88      1
     1      0      1
     1      2      1
     1      3      1
     1      6      1
     1     12      1
     1     15      1
     1     34      1
     2      1      1
     2     19      1
     2     35      1
     2    175      1
     3      1      1
     3      5      1
     3      8      1
     3     21      1
     3     39      1
     3    129      1
     3    166      1
     4      0      1
     4      7      1
     4      9      1
     4     25      1
     4    140      1
     4    150      1
     4    168      1
     5      3      1
     5     49      1
     6      1      1
     6     11      1
     7      4      1
     7     18      1
     7     24      1
     7     44      1
     7    134      1
     8      3      1
     8     10      1
     8     51      1
     8     96      1
     9      4      1
     9     95      1
     9    159      1
    10      8      1
    10     40      1
    10     41      1
    10     74      1
    10    135      1
    11      6      1
    11     14      1
    11     16      1
    11     20      1
    12      1      1
    12     17      1
    12     82      1
    13      0      1
    13     27      1
    13     32      1
    13    136      1
    14     11      1
    15      1      1
    15    153      1
    16     11      1
    16     23      1
    16     28      1
    16     29      1
    16     38      1
    16     62      1
    16     66      1
    16     93      1
    17     12      1
    17     22      1
    18      7      1
    18     61      1
    19      2      1
    19     37      1
    19     58      1
    19     67      1
    19     79      1
    20     11      1
    20    155      1
    20    162      1
    21      3      1
    21     46      1
    22     17      1
    23     16      1
    23     69      1
    23     91      1
    24      7      1
    24     26      1
    24    112      1
    24    126      1
    24    179      1
    25      4      1
    25     31      1
    25     54      1
    25     63      1
    25    103      1
    25    176      1
    26     24      1
    26     75      1
    26     76      1
    27     13      1
    28     16      1
    28     30      1
    29     16      1
    29     97      1
    30     28      1
    30     70      1
    30     71      1
    30     77      1
    30     89      1
    31     25      1
    32     13      1
    32     33      1
    32     36      1
    32     92      1
    33     32      1
    33    165      1
    34      1      1
    34     55      1
    34     68      1
    34     87      1
    34    100      1
    34    109      1
    34    163      1
    35      2      1
    36     32      1
    36     42      1
    36     43      1
    37     19      1
    37    184      1
    38     16      1
    38     52      1
    39      3      1
    39     45      1
    39     60      1
    39    147      1
    40     10      1
    40    170      1
    41     10      1
    41    188      1
    42     36      1
    42     94      1
    42    106      1
    43     36      1
    43     47      1
    43     50      1
    43     53      1
    43     59      1
    44      7      1
    44     48      1
    44     64      1
    44    125      1
    44    197      1
    45     39      1
    45    169      1
    46     21      1
    46     57      1
    46    118      1
    47     43      1
    48     44      1
    48     85      1
    49      5      1
    50     43      1
    51      8      1
    51    102      1
    51    193      1
    52     38      1
    53     43      1
    54     25      1
    54     56      1
    55     34      1
    55     73      1
    55     78      1
    56     54      1
    57     46      1
    57    138      1
    58     19      1
    58     81      1
    58     99      1
    58    101      1
    59     43      1
    59     72      1
    60     39      1
    61     18      1
    61    185      1
    62     16      1
    62     65      1
    63     25      1
    64     44      1
    64    172      1
    65     62      1
    65    105      1
    65    139      1
    66     16      1
    66    174      1
    67     19      1
    68     34      1
    68    167      1
    69     23      1
    69    164      1
    69    177      1
    69    189      1
    70     30      1
    70     90      1
    71     30      1
    72     59      1
    72    160      1
    73     55      1
    73     80      1
    73    116      1
    73    143      1
    73    146      1
    74     10      1
    74     86      1
    75     26      1
    75    114      1
    75    128      1
    75    180      1
    76     26      1
    76    107      1
    77     30      1
    78     55      1
    78    127      1
    78    156      1
    79     19      1
    79    108      1
    79    181      1
    80     73      1
    80     83      1
    81     58      1
    82     12      1
    82    115      1
    83     80      1
    84      0      1
    85     48      1
    86     74      1
    86    111      1
    87     34      1
    87    119      1
    87    198      1
    88      0      1
    89     30      1
    90     70      1
    90    141      1
    90    148      1
    90    183      1
    91     23      1
    91     98      1
    91    124      1
    91    133      1
    92     32      1
    92    104      1
    93     16      1
    93    144      1
    94     42      1
    94    117      1
    95      9      1
    95    110      1
    95    113      1
    95    187      1
    95    192      1
    96      8      1
    97     29      1
    97    145      1
    97    173      1
    98     91      1
    98    132      1
    99     58      1
    99    157      1
   100     34      1
   101     58      1
   102     51      1
   102    120      1
   103     25      1
   104     92      1
   104    121      1
   104    123      1
   105     65      1
   106     42      1
   107     76      1
   108     79      1
   109     34      1
   109    137      1
   110     95      1
   110    130      1
   110    131      1
   111     86      1
   112     24      1
   113     95      1
   113    122      1
   114     75      1
   115     82      1
   116     73      1
   116    154      1
   117     94      1
   117    182      1
   118     46      1
   119     87      1
   120    102      1
   120    190      1
   121    104      1
   122    113      1
   123    104      1
   124     91      1
   125     44      1
   126     24      1
   127     78      1
   128     75      1
   128    151      1
   129      3      1
   130    110      1
   131    110      1
   132     98      1
   133     91      1
   133    186      1
   134      7      1
   134    194      1
   135     10      1
   136     13      1
   136    149      1
   137    109      1
   138     57      1
   139     65      1
   139    191      1
   140      4      1
   140    142      1
   141     90      1
   142    140      1
   143     73      1
   144     93      1
   145     97      1
   146     73      1
   146    195      1
   147     39      1
   148     90      1
   149    136      1
   150      4      1
   150    161      1
   151    128      1
   151    152      1
   152    151      1
   153     15      1
   154    116      1
   154    158      1
   155     20      1
   156     78      1
   157     99      1
   158    154      1
   159      9      1
   160     72      1
   161    150      1
   162     20      1
   162    171      1
   162    178      1
   163     34      1
   164     69      1
   164    196      1
   165     33      1
   166      3      1
   167     68      1
   168      4      1
   169     45      1
   170     40      1
   171    162      1
   172     64      1
   173     97      1
   174     66      1
   175      2      1
   176     25      1
   177     69      1
   178    162      1
   179     24      1
   180     75      1
   181     79      1
   182    117      1
   183     90      1
   184     37      1
   185     61      1
   186    133      1
   186    199      1
   187     95      1
   188     41      1
   189     69      1
   190    120      1
   191    139      1
   192     95      1
   193     51      1
   194    134      1
   195    146      1
   196    164      1
   197     44      1
   198     87      1
   199    186      1
