COORD_X_Y 15
 0.739006    2.3527
 0.613154   1.46897
 0.501643   2.76137
 0.812628   1.78351
  2.28045   2.08216
 0.730742   2.98833
 0.752894  0.916895
   2.6119  0.117458
  2.98844   2.74217
  1.73811   2.85673
 0.258307  0.393012
  2.13358   1.20431
  2.77146  0.670941
  1.00408   2.77452
  1.06233   2.15076
LINKS_SOURCE_DESTINATION_DISTANCE 28
     0      1      1
     0      3      1
     0      6      1
     0      8      1
     1      0      1
     1      2      1
     1      7      1
     1     12      1
     2      1      1
     2      5      1
     3      0      1
     3      4      1
     4      3      1
     4     10      1
     5      2      1
     6      0      1
     7      1      1
     7      9      1
     7     11      1
     8      0      1
     9      7      1
    10      4      1
    10     14      1
    11      7      1
    12      1      1
    12     13      1
    13     12      1
    14     10      1
