COORD_X_Y 250
 0.710064   2.15158
  1.05591   1.75964
  1.34719   1.23403
   2.9381   1.91384
0.0987094  0.697927
  2.10824   1.46115
  1.74813  0.351973
 0.895816  0.998592
  1.15577 0.0974569
 0.683369   2.92019
   1.4317   2.42994
 0.410551  0.495274
 0.467517   2.50055
 0.600992  0.179558
  1.04426  0.139861
  2.90998   1.54596
  2.28863  0.277434
  1.50051   2.00255
  1.35184  0.302005
  0.77628  0.271652
  0.99048   1.81955
   1.7339  0.940595
 0.530638   2.71824
  1.21891  0.506373
  2.90761   1.47954
  2.98143   1.34033
  2.91459 0.0956623
  2.43961   2.93467
 0.139516   2.02157
  2.75333  0.651577
0.0426173   2.72458
  1.63401  0.769066
0.0147643   2.94973
   2.7307   1.32946
   1.9324   2.33616
 0.792441   1.80211
  2.02505   1.80537
  2.78583   2.06234
  2.82676  0.089978
0.0178828 0.00238017
 0.107648 0.0288412
  2.24217   2.48364
  1.78343   2.54658
  1.09064   1.50783
 0.172358   1.89407
  1.77016  0.786644
  2.74334   1.05769
 0.735666   1.79387
  2.01218   2.68166
 0.181014   2.42892
 0.985104   2.54032
  1.32418   2.19143
 0.361359   2.45473
  1.04191   1.72844
    1.118   1.54647
 0.846202   2.69698
  1.16304   2.11274
  1.54394  0.308505
  2.51716   2.60479
  2.89698  0.337882
  1.88172   2.38985
  2.03399   2.70888
 0.904422   2.00566
  2.59568  0.609008
  2.08129   2.10278
   2.2634   1.15428
 0.260111    1.6219
  1.55529   1.41543
 0.752394  0.360634
 0.923572   1.93838
  1.32486  0.578618
  2.64669   2.67926
  1.90937    1.3532
  2.19332   1.95333
  2.26654   1.61052
    1.535   2.25884
  1.83123   2.07379
  1.68898  0.582795
 0.956214   1.93437
 0.349039  0.330874
 0.395666   1.43118
  2.19155   1.04242
 0.959735  0.279926
 0.678893   1.78214
  2.15823  0.264922
  2.86809  0.861048
  2.00913   1.42721
 0.409047   2.61658
 0.442157    2.3937
 0.432268    1.0918
  1.08907  0.886742
  1.91049   1.27808
   1.5248  0.915935
 0.390719  0.217202
   1.5724  0.758017
 0.402493   1.78616
 0.422353  0.478358
  2.61599   2.24662
  2.94189   2.47302
 0.802244   0.92111
 0.294102   2.71994
 0.614028   2.08467
  1.58155   2.16788
 0.217281    2.8287
  1.13391   2.49425
 0.877217   2.45495
 0.874243  0.671497
  1.67907   1.00353
 0.429652   1.65799
  1.66062   1.23011
 0.585347   2.22622
  2.35203   1.44226
 0.361966   2.23583
  1.67739   1.05829
 0.618757   1.22812
   2.3224   2.27099
  2.95513   1.79573
  2.67165  0.857921
  2.42383   1.05962
  1.13905    2.2618
   2.4384    2.7402
  1.18842  0.667425
 0.528283     2.105
 0.127205   0.60273
 0.304979  0.698087
   2.4243   2.23362
  2.64015  0.623983
  2.79512   1.28021
  2.38341  0.349304
  1.81891     1.379
 0.912276   0.19787
 0.859993  0.121818
  2.19906    1.1416
  2.37591   2.47148
  1.66845  0.795258
 0.981241  0.697084
  2.09589  0.936477
  2.06312  0.261983
  1.79948   1.01487
  2.26045   2.82444
   2.9566   2.08286
  0.34125  0.348569
   1.6498   2.47327
 0.219301    1.9957
 0.216742  0.229982
  2.24765  0.255251
 0.951819   2.70659
  1.40682   2.67178
  2.49707   2.69592
  1.30899   1.84802
 0.188318   1.58984
  1.49165  0.722807
   2.5177   2.98825
 0.444755   1.81248
 0.513623   2.60884
  2.05011   1.28385
  2.03527  0.385497
  1.02426   1.30305
  1.55481  0.620197
 0.478415  0.754842
  2.29579  0.761471
  2.98659  0.137121
0.0930207   2.42065
0.0265882  0.690303
 0.684268   2.40611
  1.30932   1.92111
  1.60204   2.91058
 0.884308 0.0765735
  2.40851  0.920648
  1.41199    2.8953
  1.80373   1.64814
0.0204494  0.892178
  1.41424  0.413247
  2.00745  0.587686
  1.87566  0.689941
  1.16369   2.94007
  2.60456   1.96729
 0.918484   2.52157
  2.17855  0.552539
  2.50815   1.90371
    2.743  0.645954
  2.65131   2.35994
   2.7319  0.286939
  0.81639   2.46779
  1.08772    2.4375
 0.297671   2.72842
  1.12877   1.67521
  1.72568   1.55932
 0.895888   2.21913
  1.43891  0.074176
 0.628941   2.06641
  2.58812   1.86628
 0.969269  0.682047
  2.26285   2.74316
 0.691429   2.02855
   1.9973   2.88579
  1.79314   1.44039
  2.68398   1.40287
  0.87568   1.75825
  2.00347  0.139644
 0.928313   2.23968
  2.23216   1.58278
 0.401209  0.340694
  1.19919   1.29169
 0.331396  0.224383
  2.24665    0.3283
  2.09653   1.58613
  1.71109   2.07275
  2.54746  0.830559
 0.295266   2.70321
  2.02467   1.09498
  1.27039  0.216188
 0.118755   2.61716
  1.06782   2.48773
  2.03201   2.26436
  0.79963    1.3825
  1.64954   1.12672
   1.6264  0.641276
  2.87384   2.87492
  2.12293  0.746013
 0.531683   1.60709
 0.308636  0.763865
  1.16867   2.08375
 0.365335    2.3154
  0.67931   2.95967
  1.27205   2.95677
   2.3372  0.290117
  2.92281   2.70182
  1.39931     2.054
  1.40372 0.0485908
  1.84609  0.540695
  2.59859    2.2263
  1.29821  0.583611
  1.78692   2.71614
  2.37208   1.58425
0.0423903  0.749386
  2.59498   2.14964
  1.62125   2.57109
  2.33057   1.67877
  2.96788   2.20706
  2.09103   1.83634
 0.331058 0.0020707
 0.558741  0.998034
 0.872398 0.0428271
  2.55081   2.46608
  2.39069  0.639403
  2.14896   0.65042
  1.22324   1.38292
 0.648154  0.192224
  1.77174   1.68235
LINKS_SOURCE_DESTINATION_DISTANCE 498
     0      1      1
     0      4      1
     0     15      1
     0     81      1
     0    155      1
     1      0      1
     1      2      1
     1      5      1
     1      6      1
     1     48      1
     1    112      1
     1    145      1
     1    212      1
     2      1      1
     2      3      1
     2      8      1
     2     35      1
     2     76      1
     3      2      1
     3      7      1
     3     11      1
     3    111      1
     3    204      1
     4      0      1
     4     21      1
     4     25      1
     4     33      1
     4     96      1
     5      1      1
     5     13      1
     5     17      1
     5     18      1
     5     27      1
     5     42      1
     5     74      1
     5     78      1
     6      1      1
     6     10      1
     6    135      1
     6    181      1
     7      3      1
     7      9      1
     7     16      1
     7     20      1
     8      2      1
     8     12      1
     8     14      1
     8    137      1
     9      7      1
     9     28      1
     9     51      1
    10      6      1
    10    210      1
    11      3      1
    11     39      1
    11     62      1
    11     83      1
    11    156      1
    12      8      1
    12     19      1
    12     38      1
    12    116      1
    12    149      1
    12    170      1
    13      5      1
    13     23      1
    13     90      1
    13    117      1
    14      8      1
    14     22      1
    14     29      1
    15      0      1
    15    104      1
    15    130      1
    15    152      1
    16      7      1
    16     24      1
    16     58      1
    16     95      1
    16    163      1
    17      5      1
    18      5      1
    18     31      1
    18     87      1
    18    150      1
    18    153      1
    18    232      1
    19     12      1
    19     32      1
    19     44      1
    19     65      1
    20      7      1
    20     49      1
    20    105      1
    20    209      1
    21      4      1
    21     26      1
    21     77      1
    21    230      1
    22     14      1
    22     70      1
    22     73      1
    22    108      1
    23     13      1
    23     56      1
    23    159      1
    24     16      1
    25      4      1
    25     63      1
    25     64      1
    26     21      1
    26     34      1
    26    131      1
    26    198      1
    26    220      1
    26    242      1
    27      5      1
    27     40      1
    27    158      1
    28      9      1
    28     37      1
    28     52      1
    28     89      1
    28     99      1
    28    128      1
    28    172      1
    29     14      1
    29     30      1
    29     93      1
    29    144      1
    29    148      1
    29    173      1
    30     29      1
    31     18      1
    32     19      1
    32     61      1
    32     75      1
    33      4      1
    33     59      1
    33     91      1
    33    227      1
    34     26      1
    34     36      1
    35      2      1
    35     57      1
    36     34      1
    37     28      1
    37     55      1
    38     12      1
    38     45      1
    38     72      1
    38    225      1
    39     11      1
    39     41      1
    39    169      1
    40     27      1
    40     80      1
    40     97      1
    40    238      1
    41     39      1
    41     47      1
    41    122      1
    41    146      1
    41    239      1
    42      5      1
    42     43      1
    42     50      1
    43     42      1
    43     46      1
    43     54      1
    44     19      1
    44     88      1
    44     94      1
    44    157      1
    45     38      1
    45    119      1
    45    139      1
    45    168      1
    46     43      1
    47     41      1
    47     53      1
    47     92      1
    47    121      1
    47    125      1
    48      1      1
    48     66      1
    48    200      1
    49     20      1
    49     60      1
    49     98      1
    49    166      1
    50     42      1
    50    164      1
    50    178      1
    50    190      1
    51      9      1
    51     84      1
    52     28      1
    52    120      1
    53     47      1
    53    162      1
    53    206      1
    54     43      1
    54    219      1
    55     37      1
    56     23      1
    56    100      1
    57     35      1
    57    113      1
    57    134      1
    58     16      1
    58     69      1
    58     82      1
    58    174      1
    59     33      1
    60     49      1
    60     67      1
    61     32      1
    62     11      1
    62    175      1
    63     25      1
    63    126      1
    64     25      1
    64     86      1
    64    109      1
    64    248      1
    65     19      1
    65    224      1
    66     48      1
    67     60      1
    67     68      1
    67     79      1
    68     67      1
    68     71      1
    69     58      1
    70     22      1
    70    141      1
    71     68      1
    71    195      1
    72     38      1
    72    129      1
    72    133      1
    72    171      1
    73     22      1
    73    102      1
    73    107      1
    73    143      1
    73    186      1
    73    189      1
    74      5      1
    74    123      1
    75     32      1
    76      2      1
    76     85      1
    77     21      1
    78      5      1
    78    101      1
    79     67      1
    79    103      1
    79    106      1
    80     40      1
    80    110      1
    80    115      1
    81      0      1
    82     58      1
    82    196      1
    82    208      1
    82    231      1
    83     11      1
    84     51      1
    84    118      1
    85     76      1
    85    140      1
    86     64      1
    86    192      1
    87     18      1
    87    114      1
    87    185      1
    88     44      1
    88    127      1
    89     28      1
    90     13      1
    90    228      1
    91     33      1
    92     47      1
    93     29      1
    93    179      1
    94     44      1
    94    194      1
    95     16      1
    96      4      1
    97     40      1
    97    201      1
    98     49      1
    99     28      1
    99    207      1
   100     56      1
   101     78      1
   102     73      1
   102    136      1
   102    184      1
   102    216      1
   102    249      1
   103     79      1
   104     15      1
   104    124      1
   104    147      1
   105     20      1
   106     79      1
   107     73      1
   107    160      1
   108     22      1
   109     64      1
   109    221      1
   109    226      1
   109    233      1
   110     80      1
   111      3      1
   111    132      1
   112      1      1
   113     57      1
   113    154      1
   113    183      1
   114     87      1
   115     80      1
   116     12      1
   117     13      1
   118     84      1
   119     45      1
   120     52      1
   121     47      1
   122     41      1
   123     74      1
   123    243      1
   124    104      1
   125     47      1
   126     63      1
   126    138      1
   126    165      1
   127     88      1
   128     28      1
   128    161      1
   129     72      1
   129    202      1
   130     15      1
   131     26      1
   132    111      1
   133     72      1
   134     57      1
   135      6      1
   135    217      1
   136    102      1
   136    142      1
   136    188      1
   137      8      1
   138    126      1
   138    244      1
   139     45      1
   139    180      1
   139    199      1
   140     85      1
   141     70      1
   142    136      1
   143     73      1
   144     29      1
   144    151      1
   145      1      1
   146     41      1
   147    104      1
   148     29      1
   149     12      1
   149    241      1
   150     18      1
   151    144      1
   151    223      1
   152     15      1
   152    167      1
   153     18      1
   153    229      1
   154    113      1
   155      0      1
   155    236      1
   156     11      1
   156    176      1
   156    182      1
   157     44      1
   158     27      1
   158    177      1
   159     23      1
   160    107      1
   161    128      1
   162     53      1
   163     16      1
   164     50      1
   165    126      1
   166     49      1
   166    193      1
   167    152      1
   167    235      1
   168     45      1
   168    213      1
   169     39      1
   170     12      1
   171     72      1
   171    191      1
   171    203      1
   172     28      1
   173     29      1
   174     58      1
   174    237      1
   175     62      1
   176    156      1
   176    205      1
   177    158      1
   178     50      1
   178    245      1
   179     93      1
   180    139      1
   181      6      1
   181    211      1
   182    156      1
   182    187      1
   183    113      1
   183    197      1
   184    102      1
   185     87      1
   186     73      1
   187    182      1
   188    136      1
   189     73      1
   190     50      1
   191    171      1
   191    234      1
   192     86      1
   193    166      1
   194     94      1
   195     71      1
   195    215      1
   196     82      1
   196    214      1
   197    183      1
   197    222      1
   197    240      1
   198     26      1
   199    139      1
   200     48      1
   201     97      1
   202    129      1
   203    171      1
   204      3      1
   205    176      1
   206     53      1
   207     99      1
   207    218      1
   208     82      1
   208    247      1
   209     20      1
   210     10      1
   211    181      1
   212      1      1
   213    168      1
   214    196      1
   215    195      1
   216    102      1
   217    135      1
   218    207      1
   219     54      1
   220     26      1
   221    109      1
   222    197      1
   223    151      1
   224     65      1
   225     38      1
   226    109      1
   227     33      1
   228     90      1
   229    153      1
   230     21      1
   231     82      1
   232     18      1
   233    109      1
   233    246      1
   234    191      1
   235    167      1
   236    155      1
   237    174      1
   238     40      1
   239     41      1
   240    197      1
   241    149      1
   242     26      1
   243    123      1
   244    138      1
   245    178      1
   246    233      1
   247    208      1
   248     64      1
   249    102      1
