COORD_X_Y 15
  2.01997  0.856983
  2.77701   0.89575
 0.134323   2.24885
    1.558   2.88876
  1.83686   2.12605
 0.976667  0.152227
  1.50993   1.95244
 0.340233  0.529603
 0.165314   2.30426
  2.97747   2.52938
   2.8465   1.48836
  2.36721   2.19993
  2.27952  0.302007
 0.162921   2.52597
  2.32645  0.834703
LINKS_SOURCE_DESTINATION_DISTANCE 28
     0      1      1
     0      7      1
     1      0      1
     1      2      1
     1      3      1
     1      5      1
     2      1      1
     2      6      1
     2      8      1
     2     14      1
     3      1      1
     3      4      1
     4      3      1
     4     10      1
     5      1      1
     5      9      1
     5     13      1
     6      2      1
     7      0      1
     8      2      1
     9      5      1
     9     11      1
    10      4      1
    11      9      1
    11     12      1
    12     11      1
    13      5      1
    14      2      1
