COORD_X_Y 25
  2.61382   1.31087
  2.01831   2.87197
  2.37033   1.74914
  1.56471   1.04759
  2.16409   1.18009
  1.81148   2.27621
  1.13139   1.01197
  2.28875  0.631441
   1.7375   2.22038
  2.23984   1.20896
 0.830973  0.820213
 0.901414  0.754703
  2.45119   1.47467
  2.35505   0.82531
  2.14113  0.891186
  1.67332  0.332456
  1.46493   0.16663
  1.64519  0.314935
 0.333698   2.87184
  2.00296   2.30061
 0.561335   1.71682
  2.52616   1.40283
  1.37941 0.0971811
  2.81664   1.46356
  2.98248   2.98634
LINKS_SOURCE_DESTINATION_DISTANCE 48
     0      1      1
     0      3      1
     0      4      1
     0      7      1
     0     21      1
     1      0      1
     1      2      1
     1      5      1
     2      1      1
     2      8      1
     2     19      1
     2     23      1
     3      0      1
     3      6      1
     3     11      1
     3     14      1
     3     15      1
     4      0      1
     4     16      1
     5      1      1
     6      3      1
     6      9      1
     7      0      1
     8      2      1
     8     18      1
     9      6      1
     9     10      1
    10      9      1
    10     12      1
    11      3      1
    12     10      1
    12     13      1
    13     12      1
    14      3      1
    14     17      1
    14     22      1
    15      3      1
    15     20      1
    16      4      1
    17     14      1
    18      8      1
    18     24      1
    19      2      1
    20     15      1
    21      0      1
    22     14      1
    23      2      1
    24     18      1
