COORD_X_Y 25
  2.27058 0.0610429
  1.71108    2.2104
  2.72815   1.00763
  2.46039   2.91888
  2.98359  0.755754
 0.847793    2.5304
  2.13065    2.0392
  1.12235    2.0228
  2.13676   2.92972
 0.539624   1.71991
  2.61684  0.680781
  1.66863   2.21063
  2.29127  0.800225
 0.335869   1.49868
  2.44807  0.541089
  2.13373  0.963337
  2.64773  0.118327
  2.03318  0.455133
 0.565783  0.727257
 0.735579  0.886639
 0.904273   1.16591
0.0174864   0.70666
  0.20248   2.03596
  0.81164  0.606697
  2.89236   1.64673
LINKS_SOURCE_DESTINATION_DISTANCE 48
     0      1      1
     0      2      1
     0      4      1
     0      9      1
     0     15      1
     0     16      1
     1      0      1
     2      0      1
     2      3      1
     3      2      1
     3      8      1
     3     17      1
     4      0      1
     4      5      1
     4      6      1
     5      4      1
     5      7      1
     6      4      1
     7      5      1
     7     10      1
     7     12      1
     7     20      1
     7     21      1
     8      3      1
     8     13      1
     9      0      1
     9     11      1
    10      7      1
    10     19      1
    11      9      1
    11     14      1
    12      7      1
    12     18      1
    12     22      1
    13      8      1
    14     11      1
    14     24      1
    15      0      1
    15     23      1
    16      0      1
    17      3      1
    18     12      1
    19     10      1
    20      7      1
    21      7      1
    22     12      1
    23     15      1
    24     14      1
