COORD_X_Y 100
  1.92812    1.1719
  1.84309   2.52984
  2.95978  0.229037
 0.956122   1.88551
  2.38654   2.73922
  1.40306    2.7571
  2.78852  0.453679
  1.03674 0.0945637
  2.55122   2.52972
 0.358395   2.06371
  2.40446  0.518344
  2.42426   0.31728
  2.97779   1.81017
  2.52377   2.60304
  2.53447   1.97034
  0.81207   1.53607
  2.33136  0.757595
 0.125353   2.00793
 0.114045    2.8904
 0.930134    1.3491
  2.26418   2.28878
  2.72653   2.10025
 0.948546   2.83222
  1.13548  0.123906
  1.43409  0.156606
   2.7028 0.0892564
  2.69082  0.355151
  1.18733   2.52888
  1.86352  0.239468
  0.70949  0.851063
 0.410299   1.41865
  1.05158 0.0126317
 0.424059   1.04511
  1.33378   1.94371
  1.11402   2.64554
  2.00311   1.75287
  1.99208   2.45669
  2.33205  0.359611
 0.991036  0.288134
  1.32082  0.528287
     1.47   1.87174
  1.70777  0.828371
  2.11431   1.12315
  2.64833  0.984054
  2.86835   2.34199
  1.74849   1.94275
  2.47987   2.78214
  2.53165   2.54557
  2.88383  0.805433
  1.23276   2.41339
  2.10772  0.464493
 0.412553   2.39647
  1.88929    1.4813
  1.44007  0.377308
 0.654937   1.72062
  1.46988   1.18824
   1.6835   2.94531
  2.62748   2.26334
 0.895246   2.49125
  1.17638    2.5887
 0.626182   2.70345
 0.494056   2.98619
 0.240206   0.33558
 0.973004 0.0638026
 0.517495   2.57277
 0.367824   1.88017
 0.563944   1.57087
  2.25913  0.805989
  2.22957  0.951564
  0.59019  0.872621
 0.644559   1.54049
  1.73202   2.27407
 0.613405  0.394489
 0.682959    1.2443
 0.646073  0.987225
  1.97474   0.79052
  2.30265   1.92794
  1.67983   1.72324
  1.00876   1.94196
  0.86801    2.9903
  2.06287   2.46264
  1.65944   1.99274
  1.52211  0.210721
  1.77317  0.701152
 0.743324  0.968662
  1.42965   2.74755
  1.95562  0.179184
  2.90553   2.30504
  2.55427   2.71424
  2.47463  0.519224
  2.68693  0.493575
  1.73119   2.53593
  2.82382   1.89767
  1.19649   1.69187
  2.33472  0.975736
  1.04053   1.20866
  1.04846   2.80851
  1.62987  0.519822
0.0576751   2.77691
  1.20812  0.263371
LINKS_SOURCE_DESTINATION_DISTANCE 198
     0      1      1
     0      2      1
     0     21      1
     1      0      1
     1      7      1
     1     10      1
     1     35      1
     1     37      1
     2      0      1
     2      3      1
     2     85      1
     3      2      1
     3      4      1
     3      5      1
     3      6      1
     3      9      1
     3     11      1
     3     15      1
     3     28      1
     4      3      1
     4     14      1
     4     18      1
     4     22      1
     5      3      1
     5      8      1
     5     68      1
     6      3      1
     7      1      1
     7     16      1
     7     17      1
     7     20      1
     7     24      1
     7     34      1
     8      5      1
     8     23      1
     8     47      1
     9      3      1
     9     12      1
     9     13      1
     9     36      1
     9     66      1
    10      1      1
    10     61      1
    11      3      1
    11     56      1
    12      9      1
    12     19      1
    12     82      1
    13      9      1
    13     26      1
    13     29      1
    13     30      1
    13     31      1
    13     40      1
    13     43      1
    13     93      1
    14      4      1
    14     45      1
    14     60      1
    15      3      1
    15     77      1
    16      7      1
    16     57      1
    16     62      1
    17      7      1
    18      4      1
    19     12      1
    19     27      1
    19     84      1
    20      7      1
    20     52      1
    20     96      1
    21      0      1
    22      4      1
    22     33      1
    22     50      1
    22     51      1
    22     74      1
    23      8      1
    23     25      1
    23     49      1
    23     79      1
    23     89      1
    24      7      1
    24     38      1
    25     23      1
    26     13      1
    26     32      1
    26     75      1
    27     19      1
    27     42      1
    27     46      1
    28      3      1
    28     39      1
    28     64      1
    29     13      1
    29     63      1
    30     13      1
    31     13      1
    31     95      1
    32     26      1
    32     58      1
    33     22      1
    33     59      1
    33     98      1
    34      7      1
    35      1      1
    36      9      1
    37      1      1
    38     24      1
    38     41      1
    39     28      1
    39     67      1
    39     76      1
    39     78      1
    40     13      1
    40     54      1
    41     38      1
    42     27      1
    42     55      1
    43     13      1
    43     44      1
    43     87      1
    44     43      1
    45     14      1
    46     27      1
    46     48      1
    46     65      1
    47      8      1
    48     46      1
    48     53      1
    49     23      1
    49     86      1
    49     92      1
    49     97      1
    50     22      1
    50     83      1
    50     90      1
    51     22      1
    52     20      1
    52     81      1
    53     48      1
    54     40      1
    55     42      1
    55     69      1
    56     11      1
    56     94      1
    57     16      1
    58     32      1
    59     33      1
    60     14      1
    61     10      1
    61     72      1
    62     16      1
    62     73      1
    63     29      1
    63     71      1
    64     28      1
    65     46      1
    65     70      1
    66      9      1
    67     39      1
    68      5      1
    69     55      1
    70     65      1
    70     80      1
    70     88      1
    71     63      1
    71     99      1
    72     61      1
    73     62      1
    74     22      1
    75     26      1
    76     39      1
    77     15      1
    78     39      1
    79     23      1
    80     70      1
    81     52      1
    82     12      1
    83     50      1
    84     19      1
    85      2      1
    86     49      1
    86     91      1
    87     43      1
    88     70      1
    89     23      1
    90     50      1
    91     86      1
    92     49      1
    93     13      1
    94     56      1
    95     31      1
    96     20      1
    97     49      1
    98     33      1
    99     71      1
