COORD_X_Y 65
 0.282234  0.923425
  2.64618   2.97484
 0.561815   2.12184
  1.46085   2.57707
 0.358126   2.44215
  2.35625  0.612206
  1.30699   0.10826
  2.85684   1.37307
  2.61926   1.68906
 0.581668  0.230717
  1.55882  0.122641
 0.520062   2.61704
 0.610624   1.31444
   1.6392  0.246066
  1.16549    0.4085
 0.110399   2.16141
  1.07807  0.995097
  2.51438   2.80322
  1.57837 0.0928677
  2.62558   1.97662
 0.769106  0.203074
 0.217707  0.354486
 0.803466  0.405533
 0.544561   2.64352
  1.41742   1.28238
  2.86443     1.005
  2.01147   1.54123
  2.80778   2.87325
   1.8089  0.985191
  1.52546   2.40981
  1.10266   1.24279
  1.38229   1.26986
  2.52493   2.73151
 0.637838   2.83217
 0.834384   1.28635
  2.89124  0.219052
  1.23592   2.72676
  2.54392   2.09031
 0.951909    1.2938
 0.219415    2.1339
   1.1159   1.13372
 0.601924   2.40304
 0.339283   2.07847
 0.848996  0.930672
  1.50177    0.8463
    2.794   2.69227
  1.26971    2.0801
  1.54973   2.23347
  2.07941  0.419369
  2.33308   2.11764
 0.511809  0.902886
  2.49364   2.44572
  2.49099 0.0410972
 0.228631 0.0308884
  1.71944   2.98746
 0.324989    1.9348
 0.588131 0.0857377
 0.176586   1.59357
   0.3995    1.0492
 0.330015   2.88855
  2.78695  0.105986
  1.66301  0.513917
 0.247863  0.651623
  1.72232   2.97725
   1.9406   2.23166
LINKS_SOURCE_DESTINATION_DISTANCE 128
     0      1      1
     0      2      1
     0      3      1
     0      6      1
     1      0      1
     1      4      1
     1     11      1
     1     27      1
     2      0      1
     2      8      1
     2     12      1
     3      0      1
     3      5      1
     3      7      1
     3     21      1
     3     42      1
     3     56      1
     4      1      1
     4     47      1
     5      3      1
     5     28      1
     6      0      1
     6     13      1
     6     16      1
     7      3      1
     7      9      1
     8      2      1
     9      7      1
     9     10      1
     9     59      1
    10      9      1
    11      1      1
    11     14      1
    11     15      1
    11     45      1
    12      2      1
    12     20      1
    12     36      1
    12     52      1
    13      6      1
    13     22      1
    13     24      1
    14     11      1
    14     18      1
    14     41      1
    14     51      1
    15     11      1
    15     26      1
    16      6      1
    16     17      1
    16     29      1
    16     34      1
    17     16      1
    17     19      1
    17     46      1
    18     14      1
    18     23      1
    19     17      1
    19     40      1
    20     12      1
    20     30      1
    20     32      1
    20     49      1
    21      3      1
    21     37      1
    21     39      1
    21     58      1
    22     13      1
    22     25      1
    23     18      1
    23     48      1
    24     13      1
    25     22      1
    25     31      1
    26     15      1
    27      1      1
    27     35      1
    27     61      1
    28      5      1
    28     50      1
    29     16      1
    30     20      1
    31     25      1
    31     33      1
    32     20      1
    32     44      1
    33     31      1
    34     16      1
    35     27      1
    35     43      1
    36     12      1
    37     21      1
    37     38      1
    38     37      1
    39     21      1
    40     19      1
    40     53      1
    41     14      1
    42      3      1
    43     35      1
    44     32      1
    44     60      1
    45     11      1
    46     17      1
    46     55      1
    46     57      1
    47      4      1
    48     23      1
    49     20      1
    49     54      1
    49     62      1
    50     28      1
    51     14      1
    51     63      1
    52     12      1
    53     40      1
    54     49      1
    55     46      1
    56      3      1
    57     46      1
    58     21      1
    59      9      1
    60     44      1
    61     27      1
    61     64      1
    62     49      1
    63     51      1
    64     61      1
