COORD_X_Y 1000
  2.42552   2.77247
  2.87554   2.68489
   1.7741   1.17852
0.0298703     2.913
 0.484234   1.32433
  2.42794   2.58302
  1.83064   2.00917
 0.287897   1.37638
  1.19888  0.729741
  1.41562  0.345829
  2.74001  0.038037
 0.306653    1.7913
0.0541497  0.161843
  1.35173   0.36866
  1.87951   1.65787
  1.87644  0.880824
  0.18309  0.149738
   1.0252   1.78843
  2.01992   1.53508
 0.777504  0.117458
  1.44201  0.313747
  1.02416  0.976109
  1.06023   2.07109
  1.66823   1.01199
  1.56248   2.45003
 0.657296  0.352873
  2.06494   2.00378
 0.214326   1.67409
  1.40054   2.45007
  1.67025   1.32839
 0.060164   2.66716
  1.35139   2.57971
  2.84088  0.501538
  2.26821   1.17538
  2.74236   2.17559
  1.30041   1.61302
  0.83752   1.12566
  1.48928   2.23825
  1.85352   2.27784
  1.58455   2.11878
  2.88729    2.9236
  2.47472   2.48864
  1.27815   1.17377
  2.51391   1.27952
  1.84989    1.8592
  1.85922   2.88861
  1.00285   1.91766
  1.02399   1.01283
  1.65674   1.06678
  1.03541  0.348553
  1.21966  0.892121
  2.30912   1.08499
  2.57681  0.498169
  1.04163   1.14878
  2.55322   2.63188
  1.10287   2.48849
 0.581135   2.89108
   2.1107    0.9301
  1.76196   2.06393
  1.99386   1.23008
0.0931131   2.00671
 0.115028   1.17923
  1.22193  0.245459
 0.455826   2.08442
  1.28923    2.6535
  1.21514    2.7303
  1.40582   1.04818
 0.943148   2.97035
  1.00651  0.171009
 0.132551   2.78979
 0.161357   2.67928
 0.769199   1.65414
   0.7392  0.458364
 0.891252   2.93144
 0.982886  0.696759
 0.257881    2.9623
  2.64417   2.38593
  1.48355   1.13121
  2.21097   2.26209
 0.574185 0.0385932
  1.22388   1.26772
 0.685618   2.41221
  2.17878   2.59454
 0.776081   1.70106
  1.69014  0.196978
  1.26271  0.818592
  2.13867   1.45384
  2.99691   2.02624
  0.98939   1.33592
  2.49313   1.34351
   1.8571   2.10858
  2.49489 0.0534378
 0.896628  0.358716
   1.5786   2.63301
 0.257987  0.430124
 0.579286   1.47569
  1.75033   2.24368
  1.55975  0.915373
 0.525246   1.05003
  2.83359   1.20516
  2.35389  0.889557
 0.741183  0.649755
  2.60942   1.25407
  2.53624   1.75739
  1.54137  0.530031
  1.58826   1.51797
  1.46936   2.13364
 0.671475   1.03317
  2.90268   1.95785
 0.445295   2.64303
  2.68748  0.243428
  1.62686    1.5103
  2.00188   1.26935
  1.48573   2.70366
  1.35532  0.258035
 0.176102   1.05216
  1.21393   2.72264
  0.61761  0.713939
  2.26277   2.52881
 0.958181   2.05786
  2.07944  0.550211
  2.11454  0.520252
0.0911684   1.49666
  1.06949  0.346049
 0.558829  0.942635
  1.43436   1.48153
  1.61394   2.58676
0.0494533   1.53219
  2.97184   2.69405
 0.336266   2.55624
 0.992591    1.6947
  1.60172  0.345494
  1.10944   2.33699
 0.944702   2.24093
  2.82887  0.130765
  2.47233   1.00721
 0.745349  0.530553
  1.91557   0.50905
   1.1397  0.970238
 0.244508   1.90198
  1.60386   1.89775
  2.05749    1.1072
  1.96639  0.764684
  1.90092   2.88288
 0.473155   1.72788
  2.50023   2.29688
  1.44069   1.38136
  2.58285 0.0391452
  1.52231  0.735272
 0.075584   1.46616
  2.08045   2.48068
  1.00274   1.62764
    2.777  0.864617
 0.592452   1.91717
  2.42862   1.71834
  2.58186  0.198179
 0.694378  0.683966
  1.77593   1.81193
  1.38098   2.83774
  2.65618   2.85961
  1.82089   2.71042
  1.88572  0.446485
 0.926117   2.32581
 0.922301   2.61214
  2.45744   1.38664
  2.44624   1.08974
 0.491186   2.21092
 0.392851  0.580552
  2.79476  0.627089
 0.918565   1.99483
 0.238394   1.35266
  2.84462  0.777374
  1.26091   2.53543
  2.36259   1.53435
  1.55264   1.00114
  0.81581   1.15924
  2.87267   1.29105
   1.8599   1.63591
  2.60652  0.258991
 0.953368    2.7532
 0.200379   1.92141
   2.9138   1.41674
  2.20104  0.411941
  2.99957  0.627424
  1.35751  0.663467
 0.204358   2.31571
 0.287948   1.26201
  2.61106   1.45559
  1.30385  0.374407
  1.83277    2.6841
  2.20902   2.05067
  1.66722   2.08083
  2.59657   0.24214
0.0436785    2.6118
  2.13255   1.57294
  2.88904   2.55505
 0.405538   1.41054
   1.7206   2.27212
 0.190677   1.13822
0.000884181   2.88263
 0.963355   1.39838
  2.68261   1.33866
    1.884   1.55877
  1.94014   2.96593
0.0432722  0.583982
  1.47111    1.6935
   2.1789   1.51968
  2.05078   1.77724
  1.52707   1.02117
 0.185804 0.0248458
  1.27143  0.842846
  2.69743   2.55724
  1.18524   1.50458
  1.99732   2.31813
   1.0298     2.356
  1.24011 0.0947107
 0.308858  0.976872
 0.475702   2.56447
  0.58533   1.95869
 0.216089   1.02346
  2.65715   1.05768
  1.72611  0.830691
  1.21361   1.83649
 0.319934   1.22091
  2.04708   1.12345
   1.1995   0.26991
  1.09524 0.0675902
  2.74453  0.712658
 0.619088 0.0561492
  2.14614  0.101113
  1.07353  0.813478
  2.86881 0.0222599
 0.232171   1.43866
 0.833637  0.216502
 0.937177    1.2402
  1.37514 0.0833879
   2.7232   1.33943
0.0263776   1.22909
  2.37815   2.49338
  1.07695  0.162838
  2.66135  0.740795
  2.31007  0.423866
  1.24139   2.92896
  1.61693  0.610763
  2.15189  0.209462
  2.39074  0.278175
  2.48111   2.01584
   1.2872  0.867192
 0.780183   2.44354
  1.56528  0.337509
  1.53148    1.4232
  1.27882  0.488537
 0.984162  0.608965
  1.13655   1.14379
   2.6587   1.17573
 0.338315  0.894444
  2.65091   1.20876
  2.20539   1.02287
  2.81273   1.88528
  1.48004   2.52225
0.0718181  0.839099
  1.01836   2.82603
  2.14252   2.62295
  1.04468   2.59934
  2.85537  0.911784
  2.35435  0.797642
  2.38072   2.25864
  1.05674   2.32495
 0.912104   1.33693
  2.14694   1.60751
 0.164719  0.770301
  1.74785   1.90499
 0.177726  0.663991
  1.75143  0.699167
  2.14456    1.9929
  1.73869   1.32986
   2.4819   1.58125
 0.829752  0.918309
 0.419223  0.203872
  2.05825  0.770291
  1.92564   1.76805
  2.89591   2.80921
 0.425022   2.24177
 0.119965  0.814506
  1.23843   1.23071
  2.58452  0.062654
  1.83763   2.17082
  2.37539   2.13185
  1.37539    1.9781
 0.367121   1.31178
  1.58943  0.955855
  1.12519   1.31126
  1.16612   2.43181
    1.691   2.75439
  2.76099   2.42451
 0.866317   1.43741
  2.45626   1.51301
  1.20283   2.61553
  1.37834  0.501648
 0.341741   1.86716
  1.35488   1.25851
  1.79342   1.57451
 0.938107   1.69079
  2.55538   2.04613
 0.543714   2.83503
  2.38393  0.538798
  2.02193   2.26581
  1.85335   2.87154
  2.43193   0.25412
  1.14294   2.77976
  2.82766   2.88547
 0.598748   1.39468
 0.490745     1.889
  1.68026   2.63695
  1.46825  0.065872
0.0357205   2.52984
  1.06745     1.693
  2.61259   1.29143
   1.9433   1.82328
  2.10851   1.68451
  1.44768   1.47393
  1.00132   1.83014
  2.01364  0.791166
  2.83342     1.517
  1.10496   2.11125
 0.682754  0.157802
  1.57959  0.168106
  2.19905   1.28735
  1.42613   2.77467
 0.872161  0.897015
  2.50081   2.93516
  1.00919   1.23509
  1.66216    1.8317
  1.74904  0.970969
  2.97059 0.0167297
  2.99169   1.81638
  2.06536  0.845277
  1.19585   1.82332
 0.430473   2.03089
 0.210638   2.55381
  2.61233   1.21771
 0.375017      0.69
  1.32776  0.515254
  2.01081   2.73727
 0.922675 0.0136973
  2.32484   1.81519
 0.595497   2.19498
  2.11207   1.67893
 0.134296 0.0857699
  2.08533   2.85492
   1.4825   2.73253
  1.70181  0.569486
  2.05236   2.74301
 0.420202  0.132515
 0.404272  0.821834
0.0762752   2.24074
 0.397411  0.719884
  1.10228   2.89582
  2.94498   1.07809
  1.09815   1.27127
  1.23076  0.527707
  2.57247  0.666658
 0.987713  0.493077
  1.98926  0.274559
  1.06032   2.86941
  1.56925   1.74738
  1.39357   0.16102
 0.473039   1.64223
 0.446562   1.35475
  0.83016   2.99577
   1.5099   2.88186
  2.22266   2.88583
 0.150864   2.44558
  1.52046   1.23435
  2.01842  0.405756
  2.82765   2.19525
  1.21793  0.293245
  0.57142   2.86596
 0.777857   2.58049
  1.90424  0.283493
 0.221554   2.77522
  2.92202   1.65605
  2.40493    1.4319
  1.10979    1.5068
  2.17716    1.3758
0.0890616    2.8299
 0.989583   1.86743
   1.8767   2.94893
     2.88  0.840272
  1.73371  0.742461
  2.55812   2.37123
  2.80151  0.995635
 0.678085  0.727239
 0.613201   2.63407
  2.96752  0.496607
  1.65242   2.94248
  2.16968   2.33444
 0.279071   2.04204
  1.25126  0.505112
  1.29131   1.03143
 0.872186  0.736543
 0.315807 0.0881712
  1.87211   1.12755
  2.03031   1.05695
  2.85278   1.10339
   1.4683   2.96905
  1.55871   2.77232
  1.97491   2.81942
  2.56242   2.33248
 0.926567  0.161559
  2.00543  0.323203
  2.35914  0.235743
 0.771547   2.34378
  1.48457    2.9594
 0.786999  0.893298
  1.53547  0.609006
 0.268671   1.97613
  1.36214  0.993911
 0.426798   1.40332
  2.69727   1.99787
   1.9782   1.70866
  1.65449  0.506049
 0.399778    1.2034
  1.11206 0.0331499
 0.753896   1.57597
  2.14696   1.48362
  2.88699    2.3597
 0.526005   2.05308
  2.69923   2.96698
  2.42979  0.795216
 0.872371   2.76482
 0.811025   2.36516
 0.807251   2.68096
  2.51101  0.527975
  2.05152   1.98227
  1.24525   1.08173
 0.797084  0.298209
  1.52173 0.0564495
  2.09204   1.37853
  2.61925   1.46799
  2.68482   1.38071
 0.313529   1.59383
  1.79637   1.94257
  2.61145   1.98611
    2.073   2.63541
  1.37774  0.988823
  1.51313   2.37285
  1.11104   1.55888
  2.98979  0.991694
  1.84828   1.66837
 0.161628  0.686267
  2.63523    2.1816
  1.95669  0.302947
  2.50887   2.80422
 0.659123   2.15438
  2.01791   1.56603
  2.65284  0.311025
 0.143252   2.14577
  1.59033   2.07795
 0.504409   1.93378
  1.07657  0.795529
  2.52849   2.60744
  1.77681   2.95778
  2.47507   1.80243
  2.08154   1.62903
0.0928439   2.52967
  1.60684   1.90872
 0.867184   1.57235
  1.07923  0.529191
  2.96762   1.79534
  2.89844   2.53915
  2.27694   2.50142
  2.45503   2.58326
  2.90525   2.23105
  2.72056  0.623336
  1.98227    0.5315
  2.56356   1.66922
  1.19732   0.27561
  1.21768   1.46926
 0.156345  0.853089
  1.10113   1.15925
  0.54929  0.518465
 0.530066    1.8576
  1.33748   1.57384
 0.449788   2.43222
  1.70762   2.74286
  1.52259   2.41991
   2.1828  0.290314
  1.70936  0.290301
  0.83986    2.5285
  1.95057   2.88227
 0.775194   1.18909
 0.699164   2.87209
  1.32914  0.332081
  1.82707  0.530676
    1.025   2.29379
  2.27055  0.993005
 0.392861   1.48034
   1.9076   2.63148
 0.818713   2.90778
  2.44189   0.92466
  1.39481   2.62276
  1.00874   2.23175
  2.97443   1.76809
  2.10964  0.355401
 0.282604  0.845927
  1.19835     1.873
  1.29798  0.534941
  2.56064  0.510895
  1.71634   1.17733
   2.2871  0.758816
  0.93462   2.50652
  2.28801  0.546754
  0.69766   0.76082
  2.87009   1.91307
 0.414597  0.907935
 0.907615   1.93069
  2.55249   1.34904
   2.5171  0.101121
 0.634761   2.49597
  1.46956   2.49339
 0.435406  0.063225
  1.88803   1.47356
 0.424313   0.27786
  1.80033  0.955884
 0.316566   1.19241
  2.41277  0.285377
 0.901167    1.9703
  2.82407  0.537937
 0.717894   2.56497
  2.57746  0.908542
  1.42003  0.333701
 0.394951  0.573178
   1.5945   1.54518
  2.05911   1.05481
 0.611905     2.331
   1.4888   2.69546
 0.470103   1.81261
  2.29897   1.04934
  2.90756   1.93936
  1.67262 0.0140262
  1.27812    1.2744
  1.38976  0.297519
  2.35432  0.437646
 0.497464   1.04981
  1.39354 0.0151305
  2.58358  0.411503
 0.447505   1.79365
   0.8634   2.38725
 0.366881   1.47876
  1.99086  0.758311
 0.404801  0.188304
  1.32906   1.86983
 0.100545    2.4151
 0.949429   1.17527
  1.17747  0.517061
 0.776594   2.18239
  2.56597   1.90012
  1.43743  0.902019
  1.85439   2.74449
  2.32844  0.906047
  2.49928  0.113113
 0.147753   1.84565
   1.2573   2.36609
 0.267024   1.17737
  1.20962   2.38983
  1.73592   1.48928
 0.382172   2.77375
  2.84809  0.139598
  1.00095   2.79609
  2.54109   1.47392
  1.00444   1.83228
  1.38848  0.104462
  1.08714   1.24516
  1.78614  0.413356
  1.96821   2.87893
  1.86691  0.163677
  1.27124   2.01655
   1.6015  0.610718
 0.330474  0.877415
  2.45265   0.31706
  2.47617   2.36284
  2.29665   1.43062
  2.96331 0.0811591
 0.328075   1.69806
   2.2046   1.41164
 0.205082  0.412052
  2.46536   2.25451
 0.271345    1.4578
 0.133787   1.00983
  0.59684    0.6953
     2.75   1.39036
0.0212946   2.67739
  1.80303 0.0320015
  2.11138  0.543672
  1.73352   2.49474
  1.36975   2.75238
  1.77318   2.93398
  2.20266   1.93017
  1.40574   2.03074
 0.408949   2.65293
 0.797149    1.2201
  2.12899   2.48527
  2.56196   1.86737
  2.93255   0.43525
  1.38196 0.0757545
 0.998511   0.53727
 0.326451   2.83128
  1.27613   2.94738
  2.16915  0.981806
 0.931258   2.16064
  2.44708  0.424923
 0.647759 0.0853631
   1.2294  0.614326
  1.16704   2.63216
 0.719601  0.228891
 0.947662 0.0690058
  1.34376   2.41494
  1.51788   2.76823
  1.60359  0.344594
  2.05333   2.28106
  1.59107   2.51064
  1.04698   1.25161
  2.60625   1.76231
 0.656773  0.670724
 0.882129   1.27555
  2.66124   2.36498
  2.23693   2.51618
 0.139525   2.57299
  2.69262   2.48871
  2.22643   1.50619
  2.22082    2.3866
0.0998186  0.878126
  2.14299   1.38196
  1.19746   1.06907
   1.4565  0.724647
 0.382479   2.32663
 0.381261   2.81471
  1.55567   2.44038
 0.589398   1.65408
  2.88431   2.67117
 0.685882  0.831538
  2.80006  0.317727
  2.48584   1.85259
  1.34001   2.94343
 0.994568   2.32896
  1.07903  0.326721
  2.59633   1.35765
 0.513008  0.507944
  1.08194   1.08223
  1.24008   1.13856
  2.44233  0.594253
  2.17038   1.50361
  2.29581  0.715185
  1.60191   2.04328
  1.02271   2.67888
  1.42973    1.7346
  0.52631   2.39367
  2.21679  0.492325
  2.52339  0.441453
  1.62426  0.858724
 0.777627   2.29492
 0.615814  0.577785
 0.739113  0.174235
   2.4435   1.68052
  2.72567    1.7362
 0.606422   1.60158
  2.31511   2.82359
  1.98809  0.859434
  2.25622  0.145256
  2.49254   1.51055
  2.97971    1.4005
 0.593628   2.39302
 0.155208  0.261758
  0.35775   1.89144
  1.90636   1.61222
  2.39734   2.66017
 0.626004   2.52559
 0.528463  0.350197
  2.72094   1.93138
 0.831717   2.63386
  1.45362   2.74856
 0.758956  0.484229
 0.355029   2.55977
   2.5681   1.40593
  2.02536  0.312652
  1.96767     1.062
 0.413547   1.00317
 0.317777   2.23219
  2.53265   2.58277
  1.62074   2.95693
  2.16345  0.728141
  2.73664   2.92566
 0.065594  0.315819
  2.90116  0.721869
  1.37119   2.55997
  0.36207   1.46037
 0.772902   1.18633
  2.11013  0.369416
  1.65996   2.00513
 0.231628   0.15859
 0.169101   1.33049
 0.852223   1.38496
  1.77739   2.91238
  1.73709   1.03419
 0.415887   2.90364
  2.36377  0.799604
  1.37061   1.42032
  1.73553   1.89946
  2.05332  0.974887
 0.282305   2.12896
  1.30479   2.19916
  2.41409  0.551872
  1.45386     0.356
  1.72857   1.84136
  0.96034   2.70142
  1.84059    1.6005
 0.830834   1.79946
  2.93524  0.172839
  1.96976    0.2819
  0.60535   2.21383
  1.28928  0.876848
 0.725431   2.11703
  1.97989   2.38164
  2.41934    2.7144
  2.55752   1.36331
  1.44228  0.732776
  1.90815   2.79588
  2.84845   1.57271
  1.57954   1.15558
 0.167771  0.990738
  2.09106   2.96815
  2.35451   2.76057
  1.19642   2.40478
 0.660028 0.0507285
  1.15224   1.08168
  1.85632  0.138415
  1.10395   2.74082
 0.566609  0.419388
 0.103939   2.16807
   2.0701   0.37048
0.0525218   1.90522
  1.91283  0.280728
 0.802554   2.06575
0.0167964 0.0947315
  2.49816   0.39247
  2.56712   1.72244
   1.1994  0.129506
  1.81915  0.536022
  2.27525   1.58422
  1.39718   2.25314
  2.22736   2.85861
  2.52305    2.3649
   1.7889   1.08597
  0.56923   1.02707
  1.69892   1.03813
  1.65656   2.38975
  1.01539   2.11989
  2.83892   1.61231
  1.69192   1.31043
  2.42426   2.23616
 0.432709   1.56917
 0.130538  0.770571
 0.752813   2.34753
  2.38286   0.34119
 0.711243  0.810825
  1.83411   1.61645
  2.89405  0.740991
 0.602218  0.531462
  1.29929   2.03687
  1.69687   1.25928
  0.61614   1.85906
  1.34408   2.39725
  2.66133   2.60549
 0.631211   2.02147
  2.14882  0.843568
  2.73961   0.78596
  2.47566  0.468726
 0.630262   2.62221
 0.334814    1.2454
  1.68151   2.73422
  1.85073   2.83828
  0.56164    2.0072
  1.62221   2.46149
   2.2258   2.40073
  1.07028   0.87399
  2.59746  0.946941
  2.97746   2.61117
    1.835   1.00181
  1.68509   2.16768
  1.69984   1.95718
  2.02565  0.683876
 0.666125  0.952918
 0.954054   2.43694
  2.32311  0.483787
  1.57623   2.95954
  2.44034   2.09696
  1.80144   2.37215
 0.439512  0.823337
  1.74801   2.71662
  1.59182  0.150539
 0.496447   2.09738
  1.97136   2.12012
  1.67612   2.95881
  1.04101  0.241885
   0.3204   2.34374
  1.94338   1.22508
  1.67429   1.10553
 0.611237  0.811978
  2.84355  0.927238
 0.490531   1.36249
  0.12702   1.28311
  2.37707   1.01049
 0.139037   1.45739
  1.52131    2.7738
  2.62416   1.46171
 0.135397  0.343083
  1.18305   2.79385
 0.317679   1.84024
  2.47765   1.61273
  1.64835    1.5522
  2.97746    1.8698
  1.69205   2.69437
  1.52293   1.55161
  2.42978  0.637276
  1.16501   1.28642
  2.58747   2.92739
     2.25  0.919848
  2.16334   1.68574
  1.48163   1.63957
 0.199147   1.48989
  2.49003  0.380414
 0.936185   2.53264
  2.44882   1.58389
 0.945713   1.10141
   2.0514   1.09407
 0.493307   1.35554
  1.33536   2.14861
 0.329055   1.25659
  1.67999  0.738896
  2.65469  0.717374
0.0905982    1.1398
  2.81254  0.232029
 0.262477 0.0786842
  2.10592   0.73072
  2.42934   1.97578
  1.51783   2.57748
  0.86937     1.814
  2.58791   1.62757
 0.832637  0.714824
0.00858594   1.50912
 0.272956   2.02685
  2.02203   2.82015
   2.6369   2.20977
   1.0283  0.352554
  1.10362   2.42173
  1.69793  0.370049
  2.81667   1.17574
  2.03173   1.09632
  1.27266   1.68356
 0.880734   1.74606
  1.29964   1.67236
  2.74307    2.2256
  1.19147  0.538231
  1.69663   2.41997
  2.99315   2.33856
 0.280568  0.329565
  2.55805   2.84792
  2.51683  0.956416
  2.54981    2.1444
   2.6537   2.13958
  2.01733   1.73457
 0.586091   2.22727
  1.75024  0.604126
  2.00071   0.58404
  2.94681   1.99754
  1.02595  0.280107
  2.58274   2.86864
 0.794509   2.08161
 0.686034   1.52581
  1.97071   2.85137
 0.318912   2.75176
  1.38919   2.87839
  2.76776  0.799642
  1.82989   2.36947
  2.50426   2.64907
 0.246334   1.11061
  1.54685   1.20449
   1.3895  0.238499
 0.511358   1.02804
  2.32605   1.23654
 0.782355  0.887519
 0.115935   1.02488
   1.4951   1.91896
 0.404621    1.6738
 0.665985   0.46902
  1.93415    1.7639
  1.69778  0.346055
  2.69836   0.11764
 0.618785 0.0929566
  1.26214   0.35491
 0.791782   2.49867
  1.30343   0.14787
  2.05076    2.0249
  2.32441  0.430421
  2.58073   2.04601
  2.35907    2.7598
 0.168812  0.712578
  1.97059    1.1882
  2.34136  0.958772
 0.859332  0.614207
  2.72353  0.894999
 0.427909 0.0701244
 0.101895  0.287726
  2.27979   2.43883
 0.900276   1.87956
   2.2189  0.633234
  1.75462  0.205039
  2.69865   0.52404
 0.458356  0.470121
 0.744459  0.894904
 0.656381  0.307324
 0.230153   2.38477
 0.897558   2.00129
  1.33208    2.6767
  1.22653   2.70065
  2.70099  0.347362
  0.64373 0.0456101
  1.35773  0.234543
 0.123145   1.95028
  1.28802   2.48373
  1.59938   1.30203
  2.11955 0.0181584
  1.86048   1.27126
   1.9435  0.720814
  2.43611   1.97542
 0.706938  0.807947
  2.75183  0.183381
  2.09328  0.225424
  1.15213   1.62411
  1.50619   1.61776
  0.36108   2.92814
  2.50765   2.89181
  1.41537   2.73759
  1.07719  0.952396
 0.303767  0.868865
 0.802884    1.0897
  1.62174   1.22669
  2.35608    1.4946
 0.733466   1.02174
  2.07169   2.18487
 0.780778   1.60937
    2.468   2.68699
 0.697546   2.16881
  2.65014  0.455441
  2.97232   1.39982
  1.52657   1.04556
 0.317152   2.50115
 0.980855    1.8759
  1.60849  0.619601
0.0470423  0.848263
 0.862437   2.24502
  2.27559   0.78446
  2.38259   2.57631
0.0786909    1.1692
 0.689181  0.784681
  1.35638  0.431669
  1.14585   2.04135
 0.357856  0.937483
  1.90669   1.73287
  2.88296   1.43019
  2.70161   1.17471
  2.62838  0.176139
  1.01426    2.9876
   0.6214    1.3355
  2.47054  0.960148
 0.266468   2.04869
0.0801318   1.35545
 0.298887  0.228638
  2.79215   2.78079
  2.74725   2.73809
 0.917748  0.132148
  2.14496    0.3064
 0.844496  0.443894
  2.16418   1.28413
 0.274138  0.207402
  1.42521   1.57352
 0.839387   2.63789
 0.311235  0.348153
  1.10168   0.76813
 0.947946  0.862139
  2.34108   1.90341
  1.79861   2.74957
 0.827107   1.64578
  1.39301  0.469684
   1.5736   2.81904
  0.48356  0.113821
 0.647492   1.83188
  1.95648   1.38788
  1.00005   2.80282
LINKS_SOURCE_DESTINATION_DISTANCE 1998
     0      1      1
     0      2      1
     0      4      1
     0      9      1
     0    105      1
     0    115      1
     0    125      1
     0    143      1
     1      0      1
     1      3      1
     1      5      1
     1      6      1
     1     10      1
     1     16      1
     1     18      1
     1    142      1
     1    157      1
     1    243      1
     2      0      1
     2      7      1
     2     22      1
     2     35      1
     2     36      1
     2     37      1
     2    345      1
     3      1      1
     3     19      1
     3     20      1
     3    228      1
     3    263      1
     3    411      1
     3    416      1
     3    857      1
     4      0      1
     4      8      1
     4     67      1
     4    224      1
     4    462      1
     4    818      1
     4    879      1
     5      1      1
     5     13      1
     5     27      1
     5    184      1
     5    656      1
     6      1      1
     6     12      1
     6     15      1
     6     23      1
     6     48      1
     6    318      1
     7      2      1
     7     11      1
     7     17      1
     7     61      1
     7     79      1
     7    100      1
     7    838      1
     8      4      1
     8     21      1
     8     29      1
     8     53      1
     8    210      1
     8    259      1
     9      0      1
     9     14      1
     9     26      1
     9    104      1
     9    198      1
     9    247      1
     9    470      1
    10      1      1
    10     25      1
    10     45      1
    10     56      1
    10     65      1
    10    199      1
    10    630      1
    11      7      1
    11     70      1
    11     82      1
    11    132      1
    11    213      1
    11    219      1
    11    300      1
    11    659      1
    11    877      1
    11    949      1
    12      6      1
    12     85      1
    12    114      1
    12    314      1
    12    340      1
    12    543      1
    12    941      1
    13      5      1
    13    265      1
    13    315      1
    13    893      1
    14      9      1
    14     47      1
    14    197      1
    14    215      1
    14    625      1
    15      6      1
    15     30      1
    15    441      1
    15    977      1
    16      1      1
    16     44      1
    16    107      1
    16    390      1
    16    485      1
    17      7      1
    18      1      1
    18    144      1
    18    254      1
    18    385      1
    18    607      1
    19      3      1
    19     28      1
    19     55      1
    19     78      1
    20      3      1
    20     58      1
    20     94      1
    20    287      1
    20    395      1
    20    493      1
    21      8      1
    21     89      1
    21    152      1
    21    271      1
    22      2      1
    22     24      1
    22     40      1
    22     76      1
    22    146      1
    23      6      1
    23     34      1
    23     51      1
    23    346      1
    23    418      1
    23    994      1
    24     22      1
    24     38      1
    24    133      1
    24    158      1
    24    186      1
    25     10      1
    25     31      1
    25     32      1
    25    138      1
    25    171      1
    25    286      1
    25    496      1
    26      9      1
    26     42      1
    26    165      1
    26    490      1
    27      5      1
    27     50      1
    27     52      1
    28     19      1
    28     33      1
    28     66      1
    28     92      1
    28    116      1
    28    323      1
    28    614      1
    28    711      1
    29      8      1
    29     54      1
    29     69      1
    29    162      1
    29    231      1
    29    268      1
    29    364      1
    30     15      1
    30     43      1
    30     74      1
    30     86      1
    31     25      1
    31     46      1
    31     64      1
    31    380      1
    31    424      1
    31    722      1
    32     25      1
    32     39      1
    32     57      1
    32     93      1
    32    849      1
    32    972      1
    33     28      1
    33     41      1
    33     99      1
    33    214      1
    33    310      1
    33    575      1
    34     23      1
    34    295      1
    34    313      1
    34    516      1
    34    584      1
    35      2      1
    35    196      1
    35    650      1
    35    737      1
    36      2      1
    36    118      1
    36    160      1
    36    183      1
    36    289      1
    37      2      1
    37    239      1
    37    548      1
    38     24      1
    38     84      1
    38    130      1
    38    810      1
    39     32      1
    39    296      1
    40     22      1
    40    111      1
    40    112      1
    40    120      1
    41     33      1
    41     49      1
    41    159      1
    41    274      1
    41    463      1
    41    908      1
    41    929      1
    42     26      1
    42    303      1
    42    476      1
    42    848      1
    43     30      1
    43     60      1
    43     62      1
    44     16      1
    44     77      1
    44    327      1
    44    377      1
    45     10      1
    45     73      1
    45    461      1
    45    767      1
    46     31      1
    46     63      1
    46    123      1
    46    437      1
    46    539      1
    46    601      1
    47     14      1
    47    156      1
    47    195      1
    47    433      1
    47    576      1
    47    617      1
    48      6      1
    48     68      1
    48     80      1
    48    145      1
    48    806      1
    49     41      1
    49    428      1
    49    817      1
    50     27      1
    50     59      1
    50    139      1
    50    233      1
    50    245      1
    51     23      1
    51     83      1
    51    117      1
    51    127      1
    51    225      1
    52     27      1
    52     72      1
    52    122      1
    52    483      1
    52    820      1
    53      8      1
    53     71      1
    54     29      1
    54     75      1
    54    134      1
    54    209      1
    54    388      1
    54    412      1
    54    761      1
    55     19      1
    56     10      1
    56    378      1
    56    729      1
    57     32      1
    57    255      1
    57    540      1
    58     20      1
    58    141      1
    58    229      1
    58    605      1
    59     50      1
    59     81      1
    59    102      1
    59    174      1
    59    432      1
    60     43      1
    60    101      1
    61      7      1
    61     95      1
    61    176      1
    61    449      1
    62     43      1
    62    164      1
    62    172      1
    62    206      1
    62    691      1
    63     46      1
    63    246      1
    63    502      1
    64     31      1
    64    269      1
    65     10      1
    65     96      1
    65    182      1
    66     28      1
    66     97      1
    67      4      1
    67    103      1
    67    237      1
    67    393      1
    67    396      1
    67    513      1
    68     48      1
    68     88      1
    68    536      1
    69     29      1
    69    244      1
    69    339      1
    70     11      1
    70    170      1
    71     53      1
    72     52      1
    72    190      1
    72    545      1
    72    568      1
    72    875      1
    73     45      1
    73    455      1
    73    544      1
    74     30      1
    74    128      1
    74    179      1
    74    881      1
    75     54      1
    75     98      1
    75    140      1
    75    705      1
    76     22      1
    76    121      1
    76    221      1
    76    398      1
    76    444      1
    77     44      1
    77    106      1
    77    342      1
    77    453      1
    78     19      1
    79      7      1
    79     87      1
    79    113      1
    79    153      1
    79    370      1
    79    475      1
    80     48      1
    80    129      1
    80    149      1
    80    362      1
    81     59      1
    81     90      1
    81    108      1
    81    109      1
    81    192      1
    81    273      1
    81    344      1
    82     11      1
    82    203      1
    83     51      1
    83    217      1
    83    284      1
    83    404      1
    83    465      1
    83    726      1
    84     38      1
    84    337      1
    84    560      1
    85     12      1
    85    110      1
    85    181      1
    85    602      1
    86     30      1
    86    253      1
    86    278      1
    86    752      1
    87     79      1
    87    368      1
    87    374      1
    87    962      1
    88     68      1
    88     91      1
    88    188      1
    88    517      1
    88    937      1
    89     21      1
    89    191      1
    89    356      1
    89    649      1
    90     81      1
    90    397      1
    90    632      1
    90    703      1
    91     88      1
    91    126      1
    91    371      1
    92     28      1
    92    147      1
    92    736      1
    93     32      1
    93    330      1
    93    358      1
    93    504      1
    93    808      1
    94     20      1
    94    321      1
    95     61      1
    95    352      1
    96     65      1
    97     66      1
    98     75      1
    98    155      1
    98    512      1
    98    573      1
    99     33      1
    99    282      1
    99    487      1
   100      7      1
   100    220      1
   101     60      1
   101    205      1
   102     59      1
   102    302      1
   102    400      1
   102    792      1
   103     67      1
   103    154      1
   103    161      1
   104      9      1
   104    240      1
   104    288      1
   105      0      1
   106     77      1
   106    494      1
   107     16      1
   107    895      1
   108     81      1
   108    218      1
   109     81      1
   109    642      1
   110     85      1
   110    963      1
   111     40      1
   111    148      1
   111    163      1
   111    331      1
   111    532      1
   112     40      1
   113     79      1
   113    511      1
   113    784      1
   114     12      1
   114    119      1
   114    166      1
   114    194      1
   114    226      1
   114    355      1
   114    569      1
   115      0      1
   116     28      1
   116    189      1
   116    222      1
   116    488      1
   116    825      1
   117     51      1
   117    124      1
   117    131      1
   118     36      1
   118    373      1
   118    725      1
   119    114      1
   119    150      1
   120     40      1
   120    250      1
   120    266      1
   120    292      1
   120    341      1
   121     76      1
   121    774      1
   122     52      1
   122    847      1
   123     46      1
   123    137      1
   123    944      1
   124    117      1
   125      0      1
   125    202      1
   126     91      1
   126    135      1
   126    420      1
   126    720      1
   127     51      1
   128     74      1
   128    211      1
   128    235      1
   128    466      1
   128    781      1
   129     80      1
   129    136      1
   129    248      1
   129    436      1
   130     38      1
   130    177      1
   130    230      1
   130    232      1
   130    252      1
   130    410      1
   130    905      1
   131    117      1
   131    336      1
   131    375      1
   131    844      1
   132     11      1
   132    169      1
   132    185      1
   133     24      1
   133    178      1
   133    227      1
   133    615      1
   134     54      1
   134    279      1
   134    422      1
   135    126      1
   135    824      1
   136    129      1
   136    241      1
   136    242      1
   137    123      1
   137    640      1
   137    745      1
   137    777      1
   138     25      1
   139     50      1
   139    261      1
   139    760      1
   140     75      1
   140    151      1
   140    329      1
   141     58      1
   142      1      1
   142    201      1
   142    797      1
   143      0      1
   143    347      1
   144     18      1
   144    582      1
   144    749      1
   144    945      1
   145     48      1
   145    187      1
   145    298      1
   145    542      1
   145    672      1
   146     22      1
   146    167      1
   147     92      1
   147    935      1
   148    111      1
   148    281      1
   148    692      1
   148    906      1
   149     80      1
   149    291      1
   149    712      1
   150    119      1
   151    140      1
   151    193      1
   152     21      1
   153     79      1
   153    306      1
   153    772      1
   154    103      1
   154    257      1
   154    392      1
   154    586      1
   155     98      1
   155    381      1
   155    528      1
   155    574      1
   156     47      1
   156    180      1
   156    204      1
   156    507      1
   157      1      1
   157    414      1
   157    555      1
   157    936      1
   158     24      1
   158    311      1
   159     41      1
   159    173      1
   159    354      1
   159    596      1
   160     36      1
   160    168      1
   160    301      1
   160    401      1
   161    103      1
   161    823      1
   162     29      1
   162    175      1
   163    111      1
   163    822      1
   164     62      1
   164    417      1
   164    522      1
   165     26      1
   165    264      1
   166    114      1
   167    146      1
   167    238      1
   167    280      1
   167    556      1
   168    160      1
   168    307      1
   168    309      1
   168    316      1
   168    888      1
   169    132      1
   169    702      1
   170     70      1
   170    438      1
   170    506      1
   171     25      1
   171    754      1
   172     62      1
   172    633      1
   172    698      1
   172    757      1
   172    789      1
   173    159      1
   173    326      1
   173    840      1
   174     59      1
   175    162      1
   176     61      1
   176    477      1
   176    588      1
   176    868      1
   176    942      1
   177    130      1
   177    285      1
   177    452      1
   177    472      1
   177    550      1
   178    133      1
   179     74      1
   179    317      1
   179    409      1
   180    156      1
   180    533      1
   181     85      1
   181    256      1
   181    258      1
   181    603      1
   182     65      1
   182    882      1
   182    965      1
   183     36      1
   183    480      1
   184      5      1
   184    406      1
   184    648      1
   185    132      1
   186     24      1
   186    322      1
   186    901      1
   187    145      1
   187    552      1
   188     88      1
   189    116      1
   189    200      1
   190     72      1
   190    277      1
   191     89      1
   191    249      1
   192     81      1
   192    399      1
   193    151      1
   193    446      1
   194    114      1
   194    207      1
   195     47      1
   196     35      1
   196    234      1
   197     14      1
   197    448      1
   198      9      1
   198    260      1
   199     10      1
   199    304      1
   199    319      1
   199    360      1
   199    394      1
   199    658      1
   200    189      1
   200    351      1
   201    142      1
   201    357      1
   202    125      1
   203     82      1
   203    208      1
   204    156      1
   204    223      1
   204    564      1
   205    101      1
   205    216      1
   205    853      1
   206     62      1
   206    212      1
   206    403      1
   206    951      1
   206    970      1
   207    194      1
   207    236      1
   208    203      1
   208    369      1
   209     54      1
   210      8      1
   211    128      1
   212    206      1
   212    952      1
   213     11      1
   213    491      1
   214     33      1
   214    454      1
   214    981      1
   215     14      1
   215    662      1
   216    205      1
   216    734      1
   217     83      1
   217    597      1
   218    108      1
   218    312      1
   218    690      1
   219     11      1
   219    267      1
   219    270      1
   220    100      1
   220    275      1
   220    359      1
   220    579      1
   221     76      1
   221    498      1
   221    706      1
   222    116      1
   222    379      1
   223    204      1
   223    525      1
   224      4      1
   224    272      1
   224    592      1
   225     51      1
   225    457      1
   225    618      1
   225    783      1
   226    114      1
   226    251      1
   226    423      1
   227    133      1
   227    680      1
   228      3      1
   228    367      1
   229     58      1
   229    520      1
   229    869      1
   230    130      1
   231     29      1
   231    762      1
   231    819      1
   231    850      1
   232    130      1
   233     50      1
   233    262      1
   233    333      1
   234    196      1
   234    415      1
   235    128      1
   236    207      1
   236    735      1
   237     67      1
   238    167      1
   238    297      1
   238    348      1
   238    551      1
   238    938      1
   239     37      1
   240    104      1
   240    666      1
   240    779      1
   241    136      1
   242    136      1
   242    606      1
   243      1      1
   243    328      1
   244     69      1
   244    450      1
   244    912      1
   245     50      1
   245    324      1
   246     63      1
   247      9      1
   248    129      1
   248    447      1
   249    191      1
   249    519      1
   249    766      1
   249    957      1
   250    120      1
   250    419      1
   251    226      1
   251    495      1
   252    130      1
   252    486      1
   253     86      1
   253    391      1
   253    874      1
   254     18      1
   255     57      1
   255    482      1
   256    181      1
   256    464      1
   257    154      1
   257    276      1
   257    501      1
   258    181      1
   259      8      1
   259    293      1
   259    294      1
   260    198      1
   260    283      1
   261    139      1
   261    471      1
   261    621      1
   261    750      1
   262    233      1
   262    445      1
   262    834      1
   262    880      1
   262    955      1
   263      3      1
   263    451      1
   263    985      1
   264    165      1
   264    334      1
   264    918      1
   265     13      1
   265    593      1
   265    873      1
   265    939      1
   266    120      1
   266    366      1
   267    219      1
   267    305      1
   267    350      1
   267    594      1
   267    764      1
   268     29      1
   268    383      1
   268    460      1
   269     64      1
   269    674      1
   270    219      1
   270    343      1
   270    742      1
   271     21      1
   271    338      1
   272    224      1
   272    515      1
   272    578      1
   272    738      1
   273     81      1
   273    932      1
   274     41      1
   274    837      1
   275    220      1
   275    308      1
   275    363      1
   275    788      1
   276    257      1
   276    332      1
   276    427      1
   276    459      1
   277    190      1
   277    299      1
   277    405      1
   278     86      1
   279    134      1
   279    439      1
   280    167      1
   280    616      1
   280    886      1
   281    148      1
   281    382      1
   281    585      1
   281    746      1
   282     99      1
   282    349      1
   283    260      1
   283    325      1
   284     83      1
   284    440      1
   284    671      1
   285    177      1
   286     25      1
   286    755      1
   287     20      1
   287    290      1
   287    509      1
   287    813      1
   287    946      1
   288    104      1
   288    684      1
   289     36      1
   289    599      1
   290    287      1
   290    426      1
   291    149      1
   292    120      1
   292    920      1
   292    947      1
   293    259      1
   294    259      1
   294    589      1
   295     34      1
   296     39      1
   296    663      1
   297    238      1
   297    408      1
   298    145      1
   298    631      1
   299    277      1
   300     11      1
   301    160      1
   302    102      1
   302    554      1
   303     42      1
   303    909      1
   304    199      1
   304    634      1
   305    267      1
   305    481      1
   305    786      1
   306    153      1
   306    443      1
   307    168      1
   308    275      1
   308    320      1
   309    168      1
   309    709      1
   309    815      1
   310     33      1
   311    158      1
   311    553      1
   312    218      1
   313     34      1
   313    389      1
   313    753      1
   314     12      1
   315     13      1
   316    168      1
   316    805      1
   317    179      1
   317    421      1
   317    852      1
   318      6      1
   318    531      1
   318    835      1
   318    854      1
   319    199      1
   319    353      1
   319    529      1
   319    782      1
   320    308      1
   321     94      1
   321    361      1
   322    186      1
   322    622      1
   323     28      1
   323    458      1
   323    558      1
   324    245      1
   325    283      1
   325    990      1
   326    173      1
   326    376      1
   326    811      1
   327     44      1
   327    335      1
   328    243      1
   328    620      1
   329    140      1
   329    676      1
   330     93      1
   330    435      1
   331    111      1
   332    276      1
   332    434      1
   333    233      1
   333    442      1
   333    673      1
   334    264      1
   334    604      1
   334    983      1
   335    327      1
   335    407      1
   336    131      1
   336    372      1
   336    518      1
   336    707      1
   337     84      1
   337    523      1
   338    271      1
   339     69      1
   340     12      1
   341    120      1
   341    510      1
   341    655      1
   341    870      1
   342     77      1
   343    270      1
   343    563      1
   343    700      1
   344     81      1
   345      2      1
   345    667      1
   346     23      1
   346    478      1
   346    503      1
   346    661      1
   346    832      1
   347    143      1
   348    238      1
   349    282      1
   350    267      1
   350    862      1
   350    878      1
   351    200      1
   351    365      1
   351    386      1
   352     95      1
   353    319      1
   353    778      1
   353    953      1
   354    159      1
   354    535      1
   355    114      1
   355    670      1
   356     89      1
   356    652      1
   356    796      1
   357    201      1
   357    801      1
   358     93      1
   359    220      1
   359    566      1
   360    199      1
   361    321      1
   361    708      1
   362     80      1
   362    651      1
   363    275      1
   364     29      1
   365    351      1
   366    266      1
   367    228      1
   368     87      1
   369    208      1
   369    643      1
   370     79      1
   370    572      1
   371     91      1
   371    804      1
   372    336      1
   372    468      1
   373    118      1
   373    429      1
   374     87      1
   374    675      1
   375    131      1
   376    326      1
   377     44      1
   378     56      1
   378    402      1
   378    915      1
   379    222      1
   379    387      1
   380     31      1
   380    546      1
   380    591      1
   381    155      1
   381    678      1
   382    281      1
   383    268      1
   383    384      1
   384    383      1
   384    679      1
   385     18      1
   385    861      1
   385    966      1
   386    351      1
   387    379      1
   388     54      1
   389    313      1
   390     16      1
   391    253      1
   392    154      1
   393     67      1
   393    686      1
   394    199      1
   394    492      1
   395     20      1
   395    413      1
   395    430      1
   395    887      1
   396     67      1
   397     90      1
   397    559      1
   398     76      1
   399    192      1
   399    688      1
   399    865      1
   400    102      1
   401    160      1
   401    647      1
   402    378      1
   402    484      1
   402    628      1
   403    206      1
   404     83      1
   404    425      1
   404    514      1
   404    538      1
   405    277      1
   406    184      1
   407    335      1
   408    297      1
   408    785      1
   409    179      1
   410    130      1
   410    469      1
   410    802      1
   411      3      1
   411    660      1
   411    710      1
   412     54      1
   412    565      1
   412    668      1
   413    395      1
   414    157      1
   414    689      1
   415    234      1
   416      3      1
   416    479      1
   417    164      1
   417    790      1
   418     23      1
   418    975      1
   419    250      1
   420    126      1
   420    969      1
   421    317      1
   422    134      1
   422    799      1
   423    226      1
   424     31      1
   424    577      1
   424    765      1
   425    404      1
   426    290      1
   426    787      1
   427    276      1
   428     49      1
   429    373      1
   430    395      1
   430    431      1
   430    846      1
   430    950      1
   431    430      1
   431    567      1
   432     59      1
   432    714      1
   433     47      1
   434    332      1
   434    587      1
   434    704      1
   435    330      1
   436    129      1
   436    925      1
   437     46      1
   438    170      1
   438    473      1
   438    884      1
   439    279      1
   439    612      1
   440    284      1
   440    758      1
   440    967      1
   441     15      1
   441    508      1
   441    821      1
   442    333      1
   443    306      1
   443    456      1
   443    723      1
   444     76      1
   444    653      1
   445    262      1
   445    713      1
   446    193      1
   447    248      1
   448    197      1
   448    654      1
   448    717      1
   448    842      1
   448    979      1
   449     61      1
   450    244      1
   450    892      1
   451    263      1
   452    177      1
   452    497      1
   453     77      1
   453    547      1
   454    214      1
   454    562      1
   454    681      1
   455     73      1
   456    443      1
   457    225      1
   457    987      1
   458    323      1
   459    276      1
   459    474      1
   459    524      1
   459    687      1
   460    268      1
   460    636      1
   461     45      1
   462      4      1
   462    571      1
   463     41      1
   463    623      1
   464    256      1
   464    541      1
   464    669      1
   465     83      1
   465    500      1
   466    128      1
   466    467      1
   467    466      1
   468    372      1
   469    410      1
   470      9      1
   470    740      1
   471    261      1
   471    549      1
   471    619      1
   471    885      1
   472    177      1
   472    580      1
   472    629      1
   472    930      1
   473    438      1
   474    459      1
   475     79      1
   475    489      1
   476     42      1
   476    741      1
   477    176      1
   477    505      1
   478    346      1
   479    416      1
   480    183      1
   481    305      1
   481    976      1
   482    255      1
   482    609      1
   482    743      1
   482    770      1
   483     52      1
   484    402      1
   485     16      1
   485    795      1
   486    252      1
   486    695      1
   486    696      1
   487     99      1
   487    526      1
   488    116      1
   488    499      1
   488    993      1
   489    475      1
   490     26      1
   491    213      1
   492    394      1
   492    608      1
   493     20      1
   493    685      1
   494    106      1
   494    537      1
   494    600      1
   494    867      1
   495    251      1
   496     25      1
   497    452      1
   498    221      1
   498    534      1
   498    839      1
   498    841      1
   499    488      1
   500    465      1
   501    257      1
   501    730      1
   502     63      1
   502    581      1
   502    718      1
   502    759      1
   503    346      1
   504     93      1
   505    477      1
   505    527      1
   505    721      1
   506    170      1
   507    156      1
   507    530      1
   507    595      1
   507    657      1
   508    441      1
   509    287      1
   509    624      1
   509    664      1
   510    341      1
   510    876      1
   511    113      1
   512     98      1
   513     67      1
   513    989      1
   514    404      1
   515    272      1
   516     34      1
   517     88      1
   517    598      1
   518    336      1
   519    249      1
   520    229      1
   520    521      1
   521    520      1
   522    164      1
   523    337      1
   524    459      1
   525    223      1
   525    900      1
   526    487      1
   526    646      1
   527    505      1
   527    898      1
   528    155      1
   529    319      1
   529    803      1
   530    507      1
   530    682      1
   531    318      1
   532    111      1
   533    180      1
   533    613      1
   533    751      1
   534    498      1
   535    354      1
   535    583      1
   536     68      1
   537    494      1
   537    557      1
   537    645      1
   538    404      1
   539     46      1
   539    637      1
   539    748      1
   540     57      1
   541    464      1
   541    954      1
   542    145      1
   542    733      1
   542    816      1
   542    855      1
   543     12      1
   543    715      1
   543    914      1
   544     73      1
   544    590      1
   544    694      1
   544    984      1
   545     72      1
   546    380      1
   546    807      1
   546    903      1
   547    453      1
   547    570      1
   548     37      1
   548    626      1
   549    471      1
   550    177      1
   550    769      1
   551    238      1
   551    610      1
   551    843      1
   552    187      1
   552    644      1
   552    897      1
   553    311      1
   554    302      1
   555    157      1
   556    167      1
   557    537      1
   557    561      1
   558    323      1
   559    397      1
   559    677      1
   559    907      1
   560     84      1
   561    557      1
   562    454      1
   563    343      1
   564    204      1
   565    412      1
   565    639      1
   566    359      1
   566    931      1
   567    431      1
   567    883      1
   568     72      1
   569    114      1
   570    547      1
   570    641      1
   570    910      1
   571    462      1
   571    814      1
   571    860      1
   572    370      1
   573     98      1
   574    155      1
   574    809      1
   575     33      1
   576     47      1
   576    956      1
   577    424      1
   578    272      1
   579    220      1
   580    472      1
   581    502      1
   582    144      1
   583    535      1
   584     34      1
   584    611      1
   585    281      1
   586    154      1
   587    434      1
   588    176      1
   589    294      1
   590    544      1
   590    961      1
   591    380      1
   592    224      1
   592    635      1
   592    727      1
   592    980      1
   593    265      1
   593    724      1
   593    971      1
   594    267      1
   594    828      1
   595    507      1
   596    159      1
   597    217      1
   598    517      1
   598    627      1
   598    728      1
   599    289      1
   599    794      1
   599    800      1
   599    964      1
   600    494      1
   601     46      1
   602     85      1
   603    181      1
   604    334      1
   605     58      1
   606    242      1
   606    719      1
   607     18      1
   608    492      1
   608    791      1
   609    482      1
   610    551      1
   610    747      1
   611    584      1
   612    439      1
   613    533      1
   614     28      1
   615    133      1
   615    665      1
   616    280      1
   617     47      1
   618    225      1
   619    471      1
   620    328      1
   621    261      1
   622    322      1
   622    701      1
   622    798      1
   623    463      1
   624    509      1
   625     14      1
   626    548      1
   627    598      1
   628    402      1
   629    472      1
   630     10      1
   630    864      1
   631    298      1
   632     90      1
   632    638      1
   632    699      1
   633    172      1
   634    304      1
   635    592      1
   635    940      1
   636    460      1
   636    697      1
   636    756      1
   637    539      1
   638    632      1
   638    683      1
   639    565      1
   639    859      1
   639    902      1
   640    137      1
   641    570      1
   642    109      1
   643    369      1
   644    552      1
   645    537      1
   646    526      1
   647    401      1
   648    184      1
   648    732      1
   649     89      1
   649    973      1
   650     35      1
   651    362      1
   651    693      1
   652    356      1
   653    444      1
   654    448      1
   655    341      1
   656      5      1
   657    507      1
   657    845      1
   657    866      1
   658    199      1
   659     11      1
   660    411      1
   660    812      1
   661    346      1
   662    215      1
   662    731      1
   662    775      1
   663    296      1
   663    960      1
   664    509      1
   665    615      1
   666    240      1
   667    345      1
   668    412      1
   669    464      1
   670    355      1
   671    284      1
   672    145      1
   673    333      1
   674    269      1
   674    744      1
   675    374      1
   676    329      1
   677    559      1
   678    381      1
   679    384      1
   680    227      1
   681    454      1
   682    530      1
   683    638      1
   684    288      1
   685    493      1
   685    780      1
   685    911      1
   686    393      1
   687    459      1
   687    894      1
   687    896      1
   688    399      1
   688    793      1
   689    414      1
   690    218      1
   691     62      1
   691    829      1
   691    913      1
   692    148      1
   692    933      1
   693    651      1
   694    544      1
   695    486      1
   696    486      1
   697    636      1
   698    172      1
   699    632      1
   699    763      1
   700    343      1
   701    622      1
   701    716      1
   702    169      1
   703     90      1
   704    434      1
   704    978      1
   705     75      1
   706    221      1
   707    336      1
   708    361      1
   708    856      1
   709    309      1
   710    411      1
   711     28      1
   712    149      1
   712    776      1
   713    445      1
   714    432      1
   714    739      1
   715    543      1
   715    899      1
   716    701      1
   717    448      1
   718    502      1
   719    606      1
   720    126      1
   721    505      1
   721    998      1
   722     31      1
   723    443      1
   724    593      1
   725    118      1
   725    768      1
   726     83      1
   726    773      1
   727    592      1
   728    598      1
   728    917      1
   729     56      1
   730    501      1
   731    662      1
   731    934      1
   732    648      1
   733    542      1
   734    216      1
   735    236      1
   736     92      1
   737     35      1
   738    272      1
   739    714      1
   740    470      1
   740    826      1
   741    476      1
   741    890      1
   742    270      1
   743    482      1
   744    674      1
   745    137      1
   746    281      1
   746    871      1
   747    610      1
   747    771      1
   748    539      1
   749    144      1
   749    904      1
   750    261      1
   751    533      1
   752     86      1
   753    313      1
   754    171      1
   755    286      1
   756    636      1
   757    172      1
   758    440      1
   758    872      1
   759    502      1
   760    139      1
   761     54      1
   761    928      1
   762    231      1
   763    699      1
   764    267      1
   765    424      1
   766    249      1
   767     45      1
   768    725      1
   769    550      1
   770    482      1
   771    747      1
   771    943      1
   772    153      1
   773    726      1
   773    982      1
   774    121      1
   775    662      1
   776    712      1
   776    830      1
   777    137      1
   778    353      1
   779    240      1
   780    685      1
   781    128      1
   782    319      1
   783    225      1
   784    113      1
   785    408      1
   786    305      1
   786    926      1
   787    426      1
   788    275      1
   789    172      1
   790    417      1
   791    608      1
   792    102      1
   793    688      1
   794    599      1
   794    916      1
   795    485      1
   796    356      1
   796    927      1
   797    142      1
   798    622      1
   799    422      1
   800    599      1
   800    833      1
   801    357      1
   802    410      1
   802    959      1
   803    529      1
   804    371      1
   805    316      1
   805    827      1
   806     48      1
   807    546      1
   807    922      1
   808     93      1
   809    574      1
   810     38      1
   811    326      1
   812    660      1
   813    287      1
   814    571      1
   815    309      1
   815    999      1
   816    542      1
   816    921      1
   817     49      1
   818      4      1
   819    231      1
   820     52      1
   820    851      1
   821    441      1
   822    163      1
   823    161      1
   824    135      1
   825    116      1
   826    740      1
   827    805      1
   828    594      1
   829    691      1
   829    831      1
   829    891      1
   830    776      1
   831    829      1
   831    991      1
   832    346      1
   833    800      1
   833    836      1
   834    262      1
   835    318      1
   836    833      1
   837    274      1
   838      7      1
   839    498      1
   840    173      1
   841    498      1
   842    448      1
   843    551      1
   844    131      1
   845    657      1
   845    924      1
   846    430      1
   846    992      1
   847    122      1
   848     42      1
   849     32      1
   850    231      1
   850    858      1
   851    820      1
   852    317      1
   853    205      1
   854    318      1
   855    542      1
   856    708      1
   857      3      1
   858    850      1
   859    639      1
   860    571      1
   860    997      1
   861    385      1
   862    350      1
   862    863      1
   863    862      1
   864    630      1
   865    399      1
   866    657      1
   867    494      1
   867    995      1
   868    176      1
   869    229      1
   870    341      1
   871    746      1
   872    758      1
   873    265      1
   874    253      1
   874    986      1
   875     72      1
   876    510      1
   877     11      1
   878    350      1
   879      4      1
   880    262      1
   881     74      1
   882    182      1
   883    567      1
   884    438      1
   885    471      1
   885    889      1
   886    280      1
   887    395      1
   888    168      1
   888    988      1
   889    885      1
   890    741      1
   890    919      1
   890    974      1
   891    829      1
   892    450      1
   893     13      1
   894    687      1
   895    107      1
   896    687      1
   897    552      1
   898    527      1
   899    715      1
   900    525      1
   901    186      1
   902    639      1
   903    546      1
   903    923      1
   904    749      1
   905    130      1
   906    148      1
   907    559      1
   908     41      1
   909    303      1
   910    570      1
   911    685      1
   912    244      1
   913    691      1
   914    543      1
   915    378      1
   916    794      1
   917    728      1
   918    264      1
   919    890      1
   920    292      1
   921    816      1
   922    807      1
   923    903      1
   924    845      1
   925    436      1
   926    786      1
   927    796      1
   928    761      1
   928    948      1
   929     41      1
   930    472      1
   931    566      1
   932    273      1
   933    692      1
   934    731      1
   935    147      1
   936    157      1
   937     88      1
   938    238      1
   939    265      1
   940    635      1
   940    996      1
   941     12      1
   942    176      1
   943    771      1
   944    123      1
   945    144      1
   946    287      1
   947    292      1
   948    928      1
   948    958      1
   949     11      1
   950    430      1
   951    206      1
   952    212      1
   953    353      1
   953    968      1
   954    541      1
   955    262      1
   956    576      1
   957    249      1
   958    948      1
   959    802      1
   960    663      1
   961    590      1
   962     87      1
   963    110      1
   964    599      1
   965    182      1
   966    385      1
   967    440      1
   968    953      1
   969    420      1
   970    206      1
   971    593      1
   972     32      1
   973    649      1
   974    890      1
   975    418      1
   976    481      1
   977     15      1
   978    704      1
   979    448      1
   980    592      1
   981    214      1
   982    773      1
   983    334      1
   984    544      1
   985    263      1
   986    874      1
   987    457      1
   988    888      1
   989    513      1
   990    325      1
   991    831      1
   992    846      1
   993    488      1
   994     23      1
   995    867      1
   996    940      1
   997    860      1
   998    721      1
   999    815      1
