COORD_X_Y 400
 0.678558   2.06357
 0.768228   1.36907
 0.578231   2.56148
  1.19818  0.953123
  0.87424   2.31755
   1.4602   2.16483
 0.656296   0.78107
  2.61975   1.98596
  2.16587   1.11687
  2.62766  0.590409
  2.58677   1.41481
  2.74714  0.812482
  1.84087    1.3674
0.0841253    1.0068
  2.81556   2.24599
 0.146312   2.73362
  1.28148   1.24627
  2.33643  0.115027
  1.98856  0.708154
  2.89778   2.35708
  2.65067   1.03972
  2.25671  0.475216
 0.834398  0.507574
 0.953161  0.292889
  1.09168  0.143782
  2.37584   2.35132
  2.78865   0.10011
  2.58011   2.42508
  1.18167   1.96557
 0.511326   2.51064
    1.162  0.326434
 0.259407    0.3498
 0.158483    1.7792
  2.75239   2.89873
  1.18999   2.22747
 0.456032   1.00087
  1.11734   2.07608
  1.40723  0.974391
  2.60494  0.684382
  2.92015   2.21543
  1.52776  0.612954
  2.12515  0.821196
 0.510523  0.085228
  1.70121   2.60426
0.0525409   2.44722
  1.26706   2.02899
  1.72243  0.736354
  2.74756  0.721208
  2.94642   1.55548
  1.84585    1.3867
 0.425338  0.322924
  1.55803   1.94509
 0.607522   2.07034
  1.81391  0.746591
 0.812709  0.178922
  2.43473   0.83559
 0.234292   1.45272
 0.767743   1.43651
  1.31135   2.31963
 0.686615   1.47994
  2.65702  0.168722
 0.649615   1.00728
  1.39826   2.02259
  1.08633  0.214145
  2.24925   1.40076
  1.50629   2.21008
   2.5967   2.68701
  2.79442  0.577451
  2.71724  0.922377
 0.661487   1.82918
  2.11586  0.892739
  2.70995  0.522809
  1.77375    2.9762
  2.76084   2.09767
  2.71598   1.64085
 0.951633  0.961838
  1.96448   2.03572
  1.81387   1.68571
  1.71667  0.131913
  2.68533   2.38583
 0.578291  0.739119
   1.5483   2.69667
  1.62147  0.774676
  1.55582  0.241971
  1.62073  0.146264
 0.142594   1.36433
  1.41043   1.28589
 0.150961   2.55484
0.0337385   1.06838
  2.13075   1.84632
 0.102563   1.32532
  2.35751   2.17868
  2.84498  0.412839
  2.15692   2.84684
   2.2734   2.66311
  2.80444  0.153617
 0.511918   2.42022
  2.98704   2.39489
  2.88753   2.74799
  2.28749  0.223283
  2.25162   2.12005
 0.413288  0.975894
0.0996129   2.11106
  2.85696  0.742226
  1.48667 0.0115448
  2.42898  0.563314
  1.12663   1.56156
  1.23798    1.5466
  2.42096   0.89814
 0.633536  0.520942
  1.51304    2.6372
  2.89667   1.73887
 0.541868   1.85705
  2.15685   0.28736
  2.73167   1.69761
  1.63376   1.45924
  2.91086   2.88897
  1.23142   2.27754
  1.04191   1.11445
  2.29416   1.32193
 0.603743   1.80688
  1.59935 0.0440755
 0.943156   2.30066
 0.985892   0.63163
 0.117283   1.44114
 0.930508   1.09315
  1.63342     0.911
0.0609288   2.76362
   1.4119   1.42526
 0.664737  0.342265
  1.21102   1.18481
  1.40283 0.0936649
  2.33703   1.86881
 0.253485  0.239959
 0.169565   1.81449
 0.383885  0.895166
 0.148603   2.80704
  1.78977   1.42123
  1.79223  0.197712
  2.42247  0.715165
 0.826181 0.0270477
  1.54593   1.96657
  1.41797   1.94599
  1.35916   1.59764
  2.16159   1.32111
  2.55398  0.952154
  2.34838   2.54126
 0.441242   1.53036
   1.8404  0.347088
 0.824413   1.10183
  2.09472   1.04423
  2.88898   2.96165
  2.04655   2.00193
 0.025092   1.94673
  2.10395   2.14432
  2.74442  0.812614
  2.23209   1.97116
  0.47336   2.29888
  2.12082   2.02195
  2.98498   2.06037
  2.26635   2.63205
 0.016389  0.664915
  1.06678   2.66553
 0.483917  0.396029
  2.63785    1.7725
  2.44018   2.67928
  2.41449   2.57079
  2.68484     2.431
  1.69347   1.24263
  2.64184    1.8302
  2.71679   1.51983
  2.97387   1.91671
  2.28304   1.72293
  0.76059   1.28421
  0.10345  0.574548
 0.486173  0.739479
  2.06859  0.889503
  2.88966   2.41905
  1.21543  0.807151
 0.854735   1.80103
  1.41307  0.860997
  2.92617   1.34874
  2.00022   2.81791
 0.928828  0.666032
   2.5395   1.70785
  2.27524   2.03561
  1.06578   2.67997
  2.56662 0.0582974
0.00495332  0.153339
0.0645049   2.96074
  1.42536   0.55111
  1.33603   2.35161
  1.77268   1.30469
  2.18637   1.53858
  1.18306   2.17267
  2.69955   1.72937
  2.15026   1.63562
  2.38478  0.279487
  1.37501  0.164323
  2.04774   2.58657
  2.57539  0.868325
  2.23157    2.0139
  0.62545   1.16432
  2.41754 0.0294945
 0.776386  0.782565
 0.261476    2.9713
  2.89265   2.34752
  2.65156  0.760799
  1.82537    0.9887
  1.03603   1.47157
  1.18918   1.98647
 0.529567   2.17452
  1.68108   2.46712
  1.01913   0.57904
 0.574046   1.85217
  1.86066   1.45255
 0.242088   1.74296
  2.44385   1.93959
  2.85042  0.239745
 0.942029   2.68594
  1.37134   1.56567
  2.59148   1.30225
  1.07127   1.39113
  1.76738   1.61796
  0.28492   1.28758
  0.57546    0.3618
  1.15324   2.80587
   2.0158   1.71837
  1.64487  0.777617
  2.42875   1.40187
  1.23429   2.43195
  2.63667 0.0111357
 0.410843   1.65036
  1.52589   2.41218
  2.61371    1.7744
 0.709856   2.01666
  2.77681   2.59107
  1.87414  0.705579
 0.785939   2.11009
 0.187449    2.3442
 0.419949   1.58459
  1.00673   1.62497
 0.214827   2.24995
 0.892138   2.27941
  2.06088   1.87451
  1.86341 0.0434446
  2.71762 0.0719655
  1.27477  0.503361
 0.410734   1.64056
  2.08473    1.0379
   0.6649   1.22424
  1.55444  0.225987
  1.37412  0.550336
 0.680582   1.88689
  2.74732  0.303271
 0.375025    1.7168
 0.894587  0.203219
  1.62289  0.278879
 0.528956  0.844831
0.00676938  0.698717
  1.17131   1.61843
 0.842833    2.2501
  1.46417   1.61224
     0.36   1.62496
   1.6864   1.23391
  1.06929   1.59709
0.0159076   2.68165
 0.512735   2.40357
  1.62942   1.53594
 0.527315    1.0624
 0.339409   1.83069
  2.00368     1.954
  2.28382   1.99937
  1.70069  0.951363
  2.03837  0.739273
  2.01337   2.23516
  2.16484   2.11504
  2.55714   2.68364
  1.85207  0.595958
  2.96998  0.545825
 0.737856  0.606916
  2.14165   2.15514
 0.191289  0.731135
  2.03725   2.84745
 0.737392   1.89424
  1.13992   2.19108
  1.09221   2.84774
  1.33699   1.31599
 0.938762   1.51339
 0.481184   1.26044
  2.56294  0.877134
  2.95787   1.80229
  1.68707   1.98979
  2.27441   1.81898
 0.967915   0.42881
  2.06029  0.379757
 0.667702 0.0794675
 0.561682   2.82136
 0.331486   1.72482
  2.42308   2.98462
 0.223639   2.93714
  2.15528   2.86467
  2.42284   2.42811
0.0382785   1.48219
 0.701013   2.85487
 0.901564   1.38732
  1.37472    2.5224
 0.639257   1.90794
  2.48143   2.36095
   1.6012   1.75991
   1.5191  0.507176
  1.99588   1.26336
  1.55102   0.95959
  2.79445   1.68563
  2.45906   1.96697
  2.71506   2.96121
 0.719988    2.8332
 0.547773   2.34523
  1.78112   1.62424
  2.84177  0.473899
  2.00582  0.845367
   2.7804  0.969442
  2.73903  0.337774
  2.81132   2.65057
  2.62114   1.85249
0.0768783   2.23578
  1.05012   2.63501
  2.74763  0.284674
   1.5424   1.55372
  1.66104   1.56226
  2.45957   2.85416
  1.19902   2.80219
  2.98851   2.98907
 0.852398   2.92339
0.0848808  0.794407
  1.66731   2.58596
  2.20912    0.5325
  2.66284  0.270236
  1.99479    2.3933
 0.629136   1.01396
  2.85017   2.68303
  2.22788   1.60509
 0.164818  0.145272
  1.47858 0.0418263
 0.870909   2.55786
  1.66908   1.65617
 0.952497   1.85767
  1.24496  0.199278
  1.87466  0.797703
 0.488729   2.41531
 0.802289   2.48567
 0.291813   1.96857
 0.101824  0.696475
  1.35453  0.434778
  1.40211   2.88866
 0.164083    1.7422
 0.970246  0.141291
   2.9427   2.11252
 0.117185   1.02585
 0.125691   2.57172
  1.52085  0.998421
 0.620836    1.1824
  1.72565   2.67001
    1.159  0.928477
 0.952121  0.588221
  1.62637  0.639806
  1.29894   1.15255
  2.66008   1.65214
  1.99247 0.0563138
  1.08376   1.63625
 0.309782   1.69914
  2.71848  0.598028
  1.69739  0.565422
  1.88699 0.0673161
  1.87089   2.61056
  1.94414   1.71191
  2.91326   2.54992
  1.00694   2.80643
 0.492437  0.785502
 0.133198  0.881521
  1.56978   2.15435
  2.65217    2.6427
  2.44153   1.05403
  2.51595   1.32229
  2.53416   1.42623
 0.058386  0.857818
  2.73824  0.761741
0.0268499   2.70203
   2.0902    1.0534
  1.07804  0.265436
 0.949351   2.90525
0.0854073   2.89451
  2.09976  0.160664
 0.553407  0.708969
   2.6618  0.163088
 0.113972   2.28528
  2.72149   1.94655
  2.03478    2.3191
  2.53146   2.44943
   1.4519   1.23643
LINKS_SOURCE_DESTINATION_DISTANCE 798
     0      1      1
     0      2      1
     0      4      1
     0     12      1
     0     16      1
     0     43      1
     0     80      1
     0    159      1
     0    210      1
     1      0      1
     1      3      1
     1      8      1
     1     10      1
     1     11      1
     1     13      1
     1     62      1
     1    182      1
     2      0      1
     2      6      1
     2      9      1
     2     45      1
     2    170      1
     2    181      1
     3      1      1
     3      5      1
     3     14      1
     3     70      1
     3    212      1
     3    257      1
     4      0      1
     4      7      1
     4     18      1
     5      3      1
     5     25      1
     5    137      1
     5    351      1
     6      2      1
     6     29      1
     6     36      1
     7      4      1
     7     23      1
     7     35      1
     7     93      1
     7    167      1
     7    395      1
     8      1      1
     8     17      1
     8     95      1
     8     98      1
     8    317      1
     8    381      1
     9      2      1
     9     15      1
    10      1      1
    10     19      1
    10     33      1
    10     34      1
    10     38      1
    10     68      1
    11      1      1
    11    206      1
    11    337      1
    12      0      1
    12     24      1
    12     87      1
    12    283      1
    13      1      1
    13    126      1
    14      3      1
    14     22      1
    14    149      1
    15      9      1
    15     44      1
    15     61      1
    15     77      1
    15    156      1
    15    302      1
    16      0      1
    16     21      1
    16     27      1
    16     46      1
    16    147      1
    16    274      1
    17      8      1
    17     32      1
    17     60      1
    17     76      1
    17    127      1
    17    276      1
    17    289      1
    17    369      1
    18      4      1
    18     31      1
    18     50      1
    18     65      1
    18    239      1
    18    242      1
    18    295      1
    18    394      1
    19     10      1
    19     20      1
    19     26      1
    19     52      1
    19     83      1
    19    373      1
    20     19      1
    20    124      1
    20    145      1
    20    361      1
    21     16      1
    21     58      1
    21    132      1
    21    219      1
    21    226      1
    22     14      1
    22     37      1
    22     47      1
    23      7      1
    23     73      1
    24     12      1
    24     28      1
    25      5      1
    25     30      1
    25     55      1
    25     91      1
    25    103      1
    25    199      1
    25    240      1
    25    279      1
    25    343      1
    26     19      1
    26    143      1
    27     16      1
    27     81      1
    27    225      1
    28     24      1
    28     57      1
    29      6      1
    29    154      1
    30     25      1
    30     39      1
    30    119      1
    31     18      1
    31     40      1
    31     42      1
    31     49      1
    31     74      1
    31    111      1
    32     17      1
    32    335      1
    33     10      1
    33     67      1
    34     10      1
    34    220      1
    35      7      1
    35     41      1
    35     66      1
    36      6      1
    36    349      1
    37     22      1
    37    102      1
    38     10      1
    38     48      1
    38    129      1
    39     30      1
    39     59      1
    39     86      1
    40     31      1
    40     54      1
    40     72      1
    40    135      1
    40    141      1
    41     35      1
    41     88      1
    41    205      1
    42     31      1
    42    101      1
    42    125      1
    42    128      1
    42    321      1
    43      0      1
    43    139      1
    44     15      1
    44     51      1
    44    183      1
    45      2      1
    45    204      1
    46     16      1
    46     56      1
    46     69      1
    47     22      1
    47     53      1
    47     64      1
    47    123      1
    48     38      1
    48     84      1
    48    108      1
    48    164      1
    48    266      1
    48    364      1
    49     31      1
    49     79      1
    49    105      1
    49    303      1
    49    357      1
    50     18      1
    51     44      1
    51    100      1
    51    177      1
    51    263      1
    52     19      1
    52    171      1
    52    192      1
    53     47      1
    54     40      1
    54     63      1
    54     82      1
    54    251      1
    54    268      1
    55     25      1
    55     71      1
    55     90      1
    55    118      1
    56     46      1
    56    227      1
    57     28      1
    57    180      1
    57    280      1
    57    313      1
    58     21      1
    58     89      1
    58    122      1
    58    359      1
    59     39      1
    59    173      1
    59    188      1
    60     17      1
    60     85      1
    60    113      1
    60    144      1
    60    397      1
    61     15      1
    61    106      1
    61    191      1
    61    308      1
    61    368      1
    62      1      1
    63     54      1
    63    185      1
    63    186      1
    63    370      1
    64     47      1
    64     75      1
    64    168      1
    65     18      1
    65     99      1
    66     35      1
    66    229      1
    67     33      1
    67     92      1
    68     10      1
    68    112      1
    68    253      1
    69     46      1
    69    109      1
    69    148      1
    69    178      1
    70      3      1
    70    107      1
    70    130      1
    70    140      1
    70    358      1
    71     55      1
    71    131      1
    72     40      1
    72    187      1
    73     23      1
    73    223      1
    74     31      1
    74    136      1
    74    165      1
    75     64      1
    75     78      1
    75    260      1
    76     17      1
    76    249      1
    76    340      1
    77     15      1
    77    104      1
    77    244      1
    78     75      1
    78    133      1
    78    190      1
    78    222      1
    78    246      1
    79     49      1
    79    207      1
    79    230      1
    80      0      1
    81     27      1
    81    235      1
    82     54      1
    82    160      1
    82    161      1
    83     19      1
    84     48      1
    84    142      1
    84    352      1
    85     60      1
    86     39      1
    86    305      1
    86    383      1
    87     12      1
    87     94      1
    87    134      1
    88     41      1
    88    213      1
    88    315      1
    89     58      1
    89    320      1
    90     55      1
    91     25      1
    91     96      1
    91    121      1
    91    216      1
    91    243      1
    92     67      1
    92    115      1
    92    189      1
    93      7      1
    93    153      1
    94     87      1
    94     97      1
    95      8      1
    95    162      1
    96     91      1
    96    110      1
    96    344      1
    97     94      1
    97    157      1
    97    211      1
    98      8      1
    98    215      1
    99     65      1
    99    196      1
    99    231      1
    99    267      1
   100     51      1
   100    114      1
   100    398      1
   101     42      1
   102     37      1
   102    198      1
   102    247      1
   102    323      1
   103     25      1
   103    117      1
   103    241      1
   103    330      1
   104     77      1
   105     49      1
   105    336      1
   105    365      1
   106     61      1
   106    158      1
   106    233      1
   106    334      1
   107     70      1
   107    252      1
   107    316      1
   108     48      1
   108    311      1
   109     69      1
   109    120      1
   110     96      1
   111     31      1
   111    202      1
   112     68      1
   112    218      1
   112    232      1
   113     60      1
   113    269      1
   113    278      1
   114    100      1
   114    116      1
   114    146      1
   114    150      1
   114    387      1
   115     92      1
   115    179      1
   115    386      1
   116    114      1
   116    169      1
   116    195      1
   117    103      1
   118     55      1
   118    200      1
   118    264      1
   119     30      1
   120    109      1
   120    256      1
   120    322      1
   121     91      1
   121    194      1
   122     58      1
   122    346      1
   122    371      1
   123     47      1
   124     20      1
   124    228      1
   125     42      1
   126     13      1
   126    286      1
   127     17      1
   127    254      1
   127    275      1
   128     42      1
   128    152      1
   128    262      1
   129     38      1
   129    151      1
   130     70      1
   131     71      1
   131    138      1
   131    273      1
   131    392      1
   132     21      1
   133     78      1
   133    245      1
   133    347      1
   133    375      1
   134     87      1
   134    155      1
   135     40      1
   135    224      1
   136     74      1
   137      5      1
   137    174      1
   137    281      1
   138    131      1
   139     43      1
   139    304      1
   140     70      1
   140    197      1
   141     40      1
   141    176      1
   142     84      1
   142    163      1
   142    172      1
   142    388      1
   143     26      1
   144     60      1
   145     20      1
   146    114      1
   147     16      1
   148     69      1
   148    234      1
   148    399      1
   149     14      1
   150    114      1
   151    129      1
   152    128      1
   152    201      1
   152    214      1
   152    297      1
   153     93      1
   154     29      1
   155    134      1
   155    184      1
   156     15      1
   156    166      1
   156    203      1
   157     97      1
   157    277      1
   158    106      1
   159      0      1
   159    175      1
   160     82      1
   160    208      1
   160    372      1
   161     82      1
   162     95      1
   163    142      1
   163    217      1
   164     48      1
   164    312      1
   165     74      1
   166    156      1
   167      7      1
   167    250      1
   167    301      1
   167    377      1
   168     64      1
   169    116      1
   170      2      1
   170    384      1
   171     52      1
   171    258      1
   172    142      1
   172    270      1
   173     59      1
   173    193      1
   174    137      1
   174    382      1
   175    159      1
   176    141      1
   176    209      1
   176    380      1
   177     51      1
   177    255      1
   178     69      1
   178    327      1
   178    379      1
   179    115      1
   180     57      1
   180    385      1
   181      2      1
   182      1      1
   183     44      1
   183    237      1
   184    155      1
   185     63      1
   185    238      1
   185    290      1
   186     63      1
   186    331      1
   187     72      1
   188     59      1
   188    259      1
   189     92      1
   190     78      1
   191     61      1
   192     52      1
   192    221      1
   193    173      1
   193    363      1
   194    121      1
   194    324      1
   195    116      1
   195    271      1
   196     99      1
   196    310      1
   197    140      1
   198    102      1
   198    294      1
   199     25      1
   200    118      1
   201    152      1
   202    111      1
   203    156      1
   204     45      1
   204    292      1
   205     41      1
   206     11      1
   207     79      1
   208    160      1
   208    314      1
   209    176      1
   210      0      1
   211     97      1
   211    272      1
   212      3      1
   213     88      1
   214    152      1
   215     98      1
   216     91      1
   217    163      1
   217    291      1
   218    112      1
   219     21      1
   220     34      1
   221    192      1
   222     78      1
   223     73      1
   224    135      1
   225     27      1
   226     21      1
   226    236      1
   227     56      1
   227    309      1
   228    124      1
   228    300      1
   228    332      1
   229     66      1
   230     79      1
   230    374      1
   231     99      1
   231    306      1
   231    389      1
   232    112      1
   233    106      1
   234    148      1
   235     81      1
   236    226      1
   237    183      1
   238    185      1
   238    287      1
   239     18      1
   240     25      1
   241    103      1
   242     18      1
   242    261      1
   243     91      1
   244     77      1
   244    282      1
   244    285      1
   244    329      1
   245    133      1
   246     78      1
   246    248      1
   247    102      1
   248    246      1
   248    356      1
   249     76      1
   250    167      1
   251     54      1
   252    107      1
   253     68      1
   254    127      1
   254    299      1
   255    177      1
   255    339      1
   255    378      1
   256    120      1
   257      3      1
   257    265      1
   258    171      1
   259    188      1
   260     75      1
   261    242      1
   262    128      1
   263     51      1
   264    118      1
   265    257      1
   265    345      1
   266     48      1
   267     99      1
   267    293      1
   268     54      1
   268    341      1
   269    113      1
   269    288      1
   270    172      1
   271    195      1
   272    211      1
   273    131      1
   274     16      1
   275    127      1
   276     17      1
   277    157      1
   278    113      1
   279     25      1
   279    284      1
   280     57      1
   281    137      1
   282    244      1
   282    298      1
   283     12      1
   283    333      1
   284    279      1
   285    244      1
   286    126      1
   286    325      1
   287    238      1
   288    269      1
   289     17      1
   289    307      1
   290    185      1
   290    367      1
   291    217      1
   292    204      1
   292    342      1
   293    267      1
   293    296      1
   294    198      1
   295     18      1
   296    293      1
   297    152      1
   298    282      1
   299    254      1
   299    319      1
   300    228      1
   301    167      1
   302     15      1
   302    338      1
   303     49      1
   304    139      1
   304    366      1
   305     86      1
   305    360      1
   306    231      1
   306    391      1
   307    289      1
   307    355      1
   308     61      1
   308    318      1
   309    227      1
   309    328      1
   309    353      1
   310    196      1
   310    326      1
   311    108      1
   312    164      1
   313     57      1
   314    208      1
   315     88      1
   315    396      1
   316    107      1
   317      8      1
   318    308      1
   318    348      1
   319    299      1
   320     89      1
   321     42      1
   322    120      1
   323    102      1
   324    194      1
   325    286      1
   325    350      1
   326    310      1
   327    178      1
   327    393      1
   328    309      1
   329    244      1
   330    103      1
   331    186      1
   332    228      1
   333    283      1
   334    106      1
   335     32      1
   336    105      1
   337     11      1
   338    302      1
   339    255      1
   340     76      1
   341    268      1
   342    292      1
   343     25      1
   344     96      1
   345    265      1
   345    390      1
   346    122      1
   346    362      1
   347    133      1
   348    318      1
   349     36      1
   350    325      1
   351      5      1
   352     84      1
   353    309      1
   353    354      1
   354    353      1
   355    307      1
   356    248      1
   357     49      1
   357    376      1
   358     70      1
   359     58      1
   360    305      1
   361     20      1
   362    346      1
   363    193      1
   364     48      1
   365    105      1
   366    304      1
   367    290      1
   368     61      1
   369     17      1
   370     63      1
   371    122      1
   372    160      1
   373     19      1
   374    230      1
   375    133      1
   376    357      1
   377    167      1
   378    255      1
   379    178      1
   380    176      1
   381      8      1
   382    174      1
   383     86      1
   384    170      1
   385    180      1
   386    115      1
   387    114      1
   388    142      1
   389    231      1
   390    345      1
   391    306      1
   392    131      1
   393    327      1
   394     18      1
   395      7      1
   396    315      1
   397     60      1
   398    100      1
   399    148      1
