COORD_X_Y 600
 0.562204   2.89118
   1.4697   2.89996
   0.4532   1.93561
  1.05877   2.61437
  2.94316  0.270798
 0.143839  0.310777
 0.928826  0.320553
 0.842171  0.200961
 0.830821   2.13036
  1.89397   2.84399
 0.024039   1.99422
 0.485948  0.641108
 0.803342   1.75796
  1.22109   2.52338
  2.29316  0.757076
  2.75711   2.53971
0.0501805   1.88845
 0.700383   0.29132
 0.512037   1.80723
  2.89413   1.42709
  1.36025   2.64465
  1.25378  0.731248
  2.01197   1.68228
  1.44636  0.357002
 0.892051   1.44069
  1.97788  0.316855
  2.01755  0.487906
  2.57243   2.60916
  1.10005   1.51401
  2.42185   1.90078
 0.733579    2.2029
  2.80504   1.67648
  1.80535   2.28953
  1.84919   2.27315
 0.730468  0.778423
 0.676053   1.23557
 0.641395  0.129928
 0.994831   2.49706
  2.61376   2.90835
  2.25986   1.11589
 0.702007   1.84843
   1.0118   2.41793
  2.88264   2.04516
  2.58394   2.33479
   2.0303   1.28857
  1.49542  0.753547
   2.4856   1.52798
  2.24673  0.810656
0.0492867   2.49993
 0.780673   1.80335
  2.11422  0.222007
  1.12924  0.923485
0.0215205   1.18468
   1.9977  0.626125
  2.60012   1.22875
 0.797976   1.79559
 0.698494   1.90835
 0.213387   2.14248
   2.5602 0.0257592
 0.921288   2.84898
   2.1613  0.459752
 0.971875    2.6423
 0.239983   2.41885
 0.910448  0.885222
  2.50996   2.08811
  2.50526   2.05096
 0.595076  0.754895
0.0259599   2.45917
  1.63752  0.346263
0.00480245  0.181393
   2.8596  0.282745
  1.81468   1.37899
 0.961534     2.048
  1.69769  0.532255
  1.17567  0.809129
  2.89102   1.38889
  2.18723   1.13794
 0.723717  0.436814
  1.91957  0.353369
 0.887525    1.0589
 0.199461   1.31585
  0.20586   1.18991
 0.135259   2.58316
  1.26734   1.55482
 0.707217  0.646598
  2.01209   1.01425
 0.802971   1.66592
  1.09998   2.53956
  2.83173    1.1966
  1.70352   1.41912
  2.38555   2.86506
  2.97434  0.107469
  2.11263   2.11249
 0.837479  0.056383
  0.49437   1.33095
  2.44712    2.8938
  1.72591   2.31644
 0.476906   2.26821
  2.73784  0.515358
  1.55314  0.393735
  1.37689    1.7905
  1.63297  0.854824
  1.56918    0.7217
0.0562723   1.29516
   2.7059   2.21162
  2.34714 0.0452623
  1.61309   2.79716
  1.18345   2.83202
  2.69712   1.77472
   2.4694   2.45744
  1.81531   2.05489
  1.79464   1.65377
 0.961635   2.68334
  2.34521   2.39376
  1.28922   2.12454
  1.38181   2.03301
 0.579075   1.40902
  2.43726   2.08705
   2.0456  0.124157
  1.49199   2.34077
 0.643307    2.7624
   1.7527   1.94682
 0.347079   2.51459
  1.02793   2.80781
  1.35532  0.655475
  1.08329 0.0451592
 0.884473   2.96912
  0.94724   1.83008
 0.333985  0.579065
 0.748646    2.1286
  2.59725  0.824612
  2.19079   1.23218
  1.84926   1.33869
 0.630187   1.06143
 0.553166  0.891119
  2.34043 0.0909526
  2.31368  0.761102
  2.19591  0.158056
   1.5329   1.41834
  2.61509   2.26979
  2.53818   2.39689
  1.99233   2.68302
  2.48887    2.0459
 0.295343  0.503716
  2.80687  0.671358
 0.154525   2.79594
  1.81208   2.41111
   1.8648   0.89152
  1.28937   2.57134
  1.74674  0.827199
  2.82851   2.06491
  1.00995   0.73288
  1.83344  0.819599
  2.23365   2.67539
  2.82981   2.47291
  1.76739 0.0975818
  2.65284  0.338464
  2.92329  0.635179
  1.03876   2.87565
  2.26871   2.86554
  1.01277 0.0901098
  1.30067  0.292156
  1.85199   2.82509
  2.12949  0.676135
  0.59159    1.1819
  2.18026   1.26668
  2.51717   1.26774
  1.75086  0.888017
  2.81841   1.01005
  2.74362  0.249562
  1.06727   2.21499
 0.997314   1.97909
  1.90572  0.103783
 0.978068   2.30501
  2.51279   2.28111
  1.70602 0.0272737
  0.14725   2.64352
  0.33953  0.486484
  2.96773  0.603557
  2.59259   2.55394
  2.74363   2.58429
  1.02819  0.216932
  2.46205   2.80462
  0.66716    1.6925
  1.86922  0.705284
 0.229103   2.61555
  1.89324   1.16187
  2.80174  0.984137
 0.373542  0.267072
 0.457729  0.942703
 0.982042 0.0878438
  2.57922  0.463613
  2.11637   1.65718
 0.360664  0.542304
 0.491828  0.739729
  2.41999  0.838947
   2.2923   0.19526
  2.59002    0.6698
  2.88529   2.22127
  1.53799   1.91293
  2.85378  0.999837
  1.84284   1.46834
  2.24632  0.628239
 0.931937  0.459836
  2.57321  0.974257
  2.79306   2.73529
   1.4017   2.14284
 0.641443   1.59406
  2.62589   2.70966
 0.136034   2.80339
  1.38607   2.04865
  2.89882   2.54224
 0.163586   1.63526
 0.160556  0.634989
 0.327112   0.50195
 0.833612   1.46377
   2.6899   1.92823
 0.351436  0.208281
  2.16326   1.05552
 0.765424  0.534105
 0.114257   2.88565
  1.53991   0.83707
  1.29848   2.83558
  1.43503   2.59159
  2.47278   1.95086
 0.251449   2.56173
  2.41607   1.47679
    2.215   2.11051
  2.18025  0.604075
   2.5168   1.58719
 0.780166  0.947373
  2.72211   1.34012
  1.05879 0.0191198
  2.45011  0.724946
  1.19809 0.0476844
  1.21263   1.74236
  1.15435  0.113045
  1.78758   0.48644
  1.12299   1.78294
  1.97278 0.0400085
  0.41403  0.341806
  1.63998   2.73033
 0.268487  0.251169
  2.93621   1.87399
  1.33996  0.761716
  1.68727   2.69529
  2.68197  0.655373
  2.60129  0.686318
  2.75451  0.879459
  2.09488  0.232557
 0.387804   2.84448
 0.477255   2.41457
  2.70551  0.944763
  1.42444   1.20304
  2.11828   1.76116
   1.5538   1.73489
   2.4756    1.7028
  2.22413   2.93384
  2.41908   1.93595
 0.496791  0.713552
   1.5268  0.595079
  1.29837   1.05766
  2.65654   2.13622
   1.2663   1.51865
 0.485453  0.312382
   2.1568  0.321526
0.0245448  0.472208
  1.60799  0.723635
  2.84408   1.08604
  2.11684  0.559101
 0.962521  0.983715
  1.56643   2.97072
 0.723805   1.76147
  1.52933   2.45647
  2.34048   1.07521
  2.11444   1.08327
  2.11756   1.10096
  1.31301 0.00777318
  1.35539   2.50435
  2.49385   2.97371
 0.758174 0.0982547
  1.81818   1.84138
 0.483411   2.10713
 0.715429  0.556371
 0.359702  0.067384
   1.3174   1.94824
  1.06665   1.59461
  2.92766   1.77815
  2.30351   2.97334
  2.43113   2.28035
   1.7313    2.5124
  2.57788   1.27971
   2.7261   2.61029
  1.42226  0.716294
  1.01112    1.0494
  0.87923   1.62462
 0.703953   2.30443
  1.41267   2.04963
  1.97227   1.59069
   1.6308   1.48772
   1.2175   1.40041
 0.656538   2.12866
  2.42761   2.60644
  1.00561  0.489577
 0.829006  0.844648
  1.37879   2.38564
  0.45631    2.9012
  2.84673   1.44401
  2.48693  0.703997
  1.96112   1.81112
0.0107177   1.69557
  1.64861  0.725885
  1.97915   2.71929
 0.464814     1.709
0.0812545 0.00823169
  2.99912   1.99222
  1.29666    2.6295
 0.528878    2.6465
  1.85819   2.55592
 0.527212   2.98442
  1.85234  0.864305
 0.808642  0.238276
   1.1835  0.817883
  1.69875  0.668659
  1.50633   2.25319
  1.73879    2.5748
  1.24176  0.103777
 0.412526   1.27534
  2.79191  0.582018
  1.71295   1.49045
   1.0668   1.07907
  1.11844  0.760962
0.0458888   2.65997
 0.913839  0.381654
  2.36549   2.92457
  1.57363   1.04288
  1.33955  0.966096
   1.4452   1.94895
  2.76488   2.27755
 0.775738   1.50809
  1.05266   2.60631
 0.402827    2.1221
  1.47339  0.546334
  2.24658   2.41256
  1.21412   1.63863
   2.8352   2.17131
 0.615586  0.483406
  2.48737   1.21295
 0.159552  0.506537
  1.80722  0.330697
  1.67531   1.32762
  2.46625   2.50802
  1.11884  0.339678
  2.73423   1.55412
 0.959851   1.74114
  1.02902  0.987262
  1.77334   2.75096
  2.12244   2.86116
  2.95868   2.71964
 0.928967    1.1053
  1.37432 0.00184276
 0.955963  0.458355
   1.5935   1.36304
  2.15358    2.8111
   0.8441   0.50748
  1.64371   1.76429
  2.55743   2.02732
  1.71159    2.5342
 0.577593  0.194454
  1.09201   1.44937
   1.8523  0.308026
 0.162711  0.932799
 0.681177   1.97335
  2.80892   2.92727
 0.221561   2.85275
0.0872134   1.01906
  1.92298   2.19836
  1.86633    2.7005
 0.460142    1.7245
 0.127646   1.62967
0.0975824  0.133707
 0.340649   2.27286
0.0155762   1.49536
  1.51255    2.7676
  2.72794  0.450523
  1.61369   2.31289
  1.15954   1.69669
 0.694701 0.0960124
 0.929366   1.69879
   1.2907   2.83223
  1.09725   1.40907
 0.842013 0.0453221
  0.14262   1.16422
 0.646865   2.83014
  2.51452    1.0936
  2.85318 0.00150041
 0.419328   0.05256
  2.67193   2.01631
 0.212373   2.37897
 0.602034   1.62434
  1.92014  0.500963
  2.26568   1.37341
  2.85793   1.98941
  1.65661  0.493655
   1.6912   2.78597
    1.431  0.132317
  1.22765  0.697759
  0.93558  0.574333
  2.11066   2.42272
   1.4064   1.15654
  1.26313   1.97544
 0.136875   2.99569
  2.01531   1.19122
  2.58393   1.08969
  2.83482  0.641258
 0.109545  0.626119
 0.290888   1.59656
  0.84497   2.96162
  2.89906   2.02785
 0.406161  0.864015
   1.8052   2.86779
  1.37877  0.200709
 0.744917   2.98399
0.0575593   1.07467
  2.65895 0.0457354
 0.424329   2.61202
 0.944419   1.35933
 0.663416   1.77205
  1.27857  0.857745
  2.59731  0.870925
  1.90042   1.19669
  1.46502   1.30643
  1.94259   2.62788
  2.35952  0.690309
  1.87978   1.65452
  1.27298   1.01181
0.0664092  0.208886
 0.928009   2.00595
 0.934723   2.78641
    1.474  0.523707
    2.445   1.78351
 0.391494   2.10846
  1.52345  0.814467
 0.189551  0.347976
  1.69583   1.91968
  2.63667   1.45227
  1.12827   2.97114
  1.33152   2.01886
 0.646434  0.581051
  1.27619  0.309201
 0.452495  0.596066
  1.94994   2.89801
   1.5009  0.269614
  2.74332   2.70897
  2.96057   1.47385
 0.174953   1.06862
 0.295077  0.859315
  1.33918    2.3709
  2.29218   2.43372
  1.91101  0.887902
 0.149417   2.54949
   2.8794   2.76432
 0.938567  0.132053
 0.730876  0.934908
  1.85033  0.597215
  1.96274   2.98119
 0.935081   1.49705
  1.74664     1.258
  2.54247   2.78879
0.0659441   1.26183
  1.79128   2.11803
 0.594555    2.5481
 0.847163   2.63441
  2.11343   1.06482
0.0305101    1.8946
  2.94682   1.67321
 0.960089   1.91116
  1.01511   2.03054
  0.56688   1.32854
  1.20152  0.606325
 0.021965   1.85858
  1.85633   2.18392
 0.485275   2.66399
  2.23112   2.92139
  2.79921   1.21724
0.00554825  0.620709
 0.396365   1.73386
  2.82589   1.64656
  2.58092   2.98326
 0.428544   2.32408
 0.245695   2.34592
  1.32527   1.66803
  2.09987    2.9388
  2.13306  0.677844
  1.50876   1.12731
   2.7519  0.182512
  1.27901   1.77006
  2.33295   1.62137
  1.08221   0.05546
 0.234606   1.53197
 0.608764  0.439887
0.0302722   1.27125
  2.52944   2.87368
  2.17244   1.61415
  2.22197     2.159
  2.47835   1.13356
 0.747668   1.96805
  1.91251   2.31675
 0.970778  0.263096
 0.874363   2.54008
  2.93292   2.68514
  1.46996    2.5568
  1.68349   2.24684
 0.496173   1.72241
 0.569407  0.226114
  1.19047   2.00318
  1.29949    1.1623
 0.800627   1.57766
  0.11614   2.83889
  2.56208  0.278019
  1.11149  0.407414
  1.90525    1.8515
  1.82028   2.95656
  1.62047   2.17199
 0.226021 0.0938228
0.0366691   2.76019
 0.934273  0.738905
  2.99477   2.74192
  2.54178   1.71391
  2.27916  0.921676
  1.64303   1.11018
 0.837985   2.18347
 0.616461   1.09065
  2.94877   2.80594
  1.44993   1.37939
  2.56177   2.55095
 0.270648   2.55057
 0.830279   1.64924
  1.35049   1.73681
  1.04158   2.25248
 0.197563   1.31117
 0.193976   1.02938
  1.66196  0.088597
 0.530084   2.32727
 0.904414   1.35054
  1.35009     1.208
 0.759184   2.88905
 0.865077  0.458811
  1.48466   1.20897
   2.8871   1.32253
 0.647121   2.77279
  1.05068   2.97794
  2.97791   1.68979
  2.32824 0.0285732
  2.84259   1.88819
 0.059147   1.77031
  2.11699   2.22244
  1.21763   0.55315
   2.9561   1.04196
 0.425999  0.961879
 0.348369    2.7319
  1.54945   2.76404
 0.678095    1.0997
  0.99924   1.28105
  2.84929   1.12032
0.0484573   1.93168
  2.99941   1.01135
 0.993534  0.829312
 0.624891 0.0185164
 0.321687  0.566379
  1.43479  0.737024
  1.53609   2.55026
  2.52156   2.45231
 0.344055   1.57457
 0.357625  0.768872
  1.55915   1.69306
   1.1594   1.35838
  1.49414   1.48086
 0.590843   1.36296
  1.23596   2.51232
  1.58381  0.327527
  2.34862   2.27132
 0.488023    1.0574
  1.63838   1.23121
  1.46204  0.278858
 0.514349   1.88511
 0.977611   2.23213
 0.161287   1.97108
  1.70908   2.67295
  2.20071  0.763948
  2.98447   1.73591
 0.571816  0.420629
  1.55671  0.990036
  1.45921  0.176248
  2.12321   2.65039
  2.15283 0.0295846
  1.92009  0.919613
  2.64681   1.80954
  2.50491   1.25414
  1.51256   1.11059
LINKS_SOURCE_DESTINATION_DISTANCE 1198
     0      1      1
     0     85      1
     0    291      1
     1      0      1
     1      2      1
     1      6      1
     1      7      1
     1     74      1
     1     99      1
     1    177      1
     1    202      1
     2      1      1
     2      3      1
     2     30      1
     3      2      1
     3      4      1
     3     12      1
     3     16      1
     3     17      1
     3     20      1
     4      3      1
     4      5      1
     4     10      1
     4     15      1
     4     75      1
     4    186      1
     4    545      1
     5      4      1
     5     13      1
     5     41      1
     5     54      1
     5    124      1
     6      1      1
     6      9      1
     6     22      1
     6    190      1
     6    514      1
     7      1      1
     7      8      1
     7     14      1
     7     36      1
     7     77      1
     7     81      1
     8      7      1
     8     21      1
     8     25      1
     8     60      1
     8    163      1
     8    245      1
     8    275      1
     8    297      1
     9      6      1
     9     11      1
     9     33      1
     9    100      1
     9    140      1
     9    341      1
    10      4      1
    10     34      1
    10     39      1
    10     51      1
    10     61      1
    10    178      1
    10    195      1
    10    300      1
    11      9      1
    11     18      1
    11     26      1
    11     65      1
    11    103      1
    12      3      1
    12    166      1
    12    228      1
    12    304      1
    13      5      1
    13    234      1
    14      7      1
    14     28      1
    14     58      1
    14    252      1
    14    266      1
    14    443      1
    15      4      1
    15     31      1
    15     35      1
    15    429      1
    15    565      1
    16      3      1
    16     19      1
    16     29      1
    16    123      1
    16    142      1
    16    205      1
    16    376      1
    16    483      1
    17      3      1
    18     11      1
    18     64      1
    18     91      1
    18    459      1
    19     16      1
    19     23      1
    19     53      1
    19     88      1
    19    118      1
    19    296      1
    19    415      1
    20      3      1
    20     27      1
    20     47      1
    20    422      1
    21      8      1
    21    138      1
    21    260      1
    21    364      1
    22      6      1
    22     24      1
    22     40      1
    22     45      1
    23     19      1
    23     56      1
    23    150      1
    23    417      1
    24     22      1
    25      8      1
    25     32      1
    25     49      1
    25     67      1
    25    247      1
    26     11      1
    26     44      1
    27     20      1
    27     38      1
    27     92      1
    27    104      1
    27    355      1
    28     14      1
    28    284      1
    28    351      1
    29     16      1
    29    117      1
    30      2      1
    30    182      1
    30    200      1
    31     15      1
    31     48      1
    31    132      1
    31    239      1
    31    549      1
    32     25      1
    32    455      1
    33      9      1
    33     87      1
    33    126      1
    34     10      1
    34     37      1
    34     82      1
    34    107      1
    34    136      1
    34    191      1
    35     15      1
    35    365      1
    35    381      1
    36      7      1
    36    154      1
    36    219      1
    37     34      1
    37     70      1
    37    244      1
    37    282      1
    38     27      1
    39     10      1
    39     42      1
    39    109      1
    39    321      1
    40     22      1
    40    197      1
    40    409      1
    40    464      1
    41      5      1
    41     43      1
    41     46      1
    41    173      1
    41    226      1
    41    379      1
    42     39      1
    43     41      1
    43     69      1
    43    405      1
    44     26      1
    44     86      1
    44    552      1
    45     22      1
    45     72      1
    45     76      1
    45     98      1
    45    129      1
    46     41      1
    46    147      1
    46    349      1
    46    544      1
    47     20      1
    47     57      1
    47     59      1
    48     31      1
    48    330      1
    49     25      1
    49     50      1
    49     63      1
    49    279      1
    49    312      1
    49    538      1
    50     49      1
    50     52      1
    50     55      1
    50     78      1
    50    188      1
    51     10      1
    51    146      1
    52     50      1
    52    160      1
    52    217      1
    52    268      1
    52    384      1
    52    393      1
    53     19      1
    53    189      1
    53    318      1
    54      5      1
    55     50      1
    55     66      1
    55     68      1
    55    128      1
    55    377      1
    56     23      1
    56     71      1
    56    423      1
    56    488      1
    57     47      1
    57     79      1
    57     96      1
    57    218      1
    58     14      1
    58     62      1
    58    168      1
    58    169      1
    58    508      1
    59     47      1
    59     97      1
    59    114      1
    59    120      1
    60      8      1
    60    139      1
    61     10      1
    61    306      1
    61    328      1
    62     58      1
    62    116      1
    62    246      1
    63     49      1
    63    215      1
    63    262      1
    64     18      1
    64    101      1
    65     11      1
    65    327      1
    66     55      1
    66    131      1
    66    547      1
    67     25      1
    67     73      1
    68     55      1
    68     80      1
    68     94      1
    68    143      1
    68    151      1
    68    340      1
    68    458      1
    69     43      1
    69    358      1
    70     37      1
    70    161      1
    70    248      1
    70    477      1
    71     56      1
    71     83      1
    71    288      1
    71    333      1
    72     45      1
    72    105      1
    72    159      1
    72    345      1
    73     67      1
    73     84      1
    73    158      1
    73    185      1
    73    193      1
    74      1      1
    74     95      1
    74    102      1
    74    347      1
    75      4      1
    75    135      1
    75    474      1
    76     45      1
    76     90      1
    76    267      1
    77      7      1
    77    317      1
    78     50      1
    78    250      1
    79     57      1
    79    242      1
    80     68      1
    80    181      1
    80    594      1
    81      7      1
    81    115      1
    81    206      1
    81    221      1
    81    476      1
    82     34      1
    82    106      1
    82    172      1
    83     71      1
    84     73      1
    84    516      1
    85      0      1
    85    209      1
    85    572      1
    86     44      1
    86    380      1
    87     33      1
    87     89      1
    87    108      1
    87    157      1
    87    501      1
    88     19      1
    88    110      1
    88    255      1
    89     87      1
    89     93      1
    89    152      1
    90     76      1
    90    230      1
    90    278      1
    90    290      1
    91     18      1
    91    180      1
    91    184      1
    91    203      1
    91    280      1
    91    299      1
    91    413      1
    92     27      1
    92    222      1
    93     89      1
    93    211      1
    93    257      1
    93    263      1
    93    303      1
    94     68      1
    94    251      1
    95     74      1
    95    198      1
    95    201      1
    95    210      1
    95    432      1
    96     57      1
    96    408      1
    97     59      1
    97    465      1
    98     45      1
    98    134      1
    98    199      1
    99      1      1
    99    112      1
    99    153      1
    99    563      1
   100      9      1
   101     64      1
   101    111      1
   102     74      1
   102    125      1
   102    145      1
   102    261      1
   103     11      1
   103    192      1
   103    316      1
   103    329      1
   103    490      1
   104     27      1
   104    119      1
   104    148      1
   104    170      1
   104    338      1
   104    431      1
   104    506      1
   105     72      1
   105    133      1
   106     82      1
   106    574      1
   107     34      1
   107    121      1
   107    156      1
   107    401      1
   107    426      1
   108     87      1
   108    311      1
   108    551      1
   109     39      1
   109    113      1
   110     88      1
   111    101      1
   111    227      1
   112     99      1
   112    171      1
   112    229      1
   112    256      1
   112    313      1
   113    109      1
   113    137      1
   113    164      1
   113    216      1
   113    285      1
   114     59      1
   114    293      1
   115     81      1
   115    122      1
   115    162      1
   115    496      1
   115    541      1
   116     62      1
   116    175      1
   116    372      1
   117     29      1
   117    130      1
   118     19      1
   118    141      1
   118    207      1
   119    104      1
   119    331      1
   120     59      1
   121    107      1
   121    127      1
   122    115      1
   123     16      1
   123    155      1
   123    567      1
   124      5      1
   125    102      1
   125    149      1
   125    319      1
   126     33      1
   126    236      1
   126    315      1
   126    492      1
   127    121      1
   127    179      1
   127    225      1
   127    231      1
   127    241      1
   127    430      1
   128     55      1
   128    505      1
   129     45      1
   129    326      1
   129    399      1
   129    453      1
   130    117      1
   130    208      1
   131     66      1
   131    224      1
   132     31      1
   132    335      1
   133    105      1
   134     98      1
   134    269      1
   135     75      1
   135    487      1
   136     34      1
   136    253      1
   136    259      1
   136    301      1
   136    367      1
   137    113      1
   137    344      1
   138     21      1
   139     60      1
   139    165      1
   139    196      1
   139    220      1
   140      9      1
   140    586      1
   141    118      1
   142     16      1
   143     68      1
   143    144      1
   144    143      1
   144    174      1
   144    194      1
   144    274      1
   145    102      1
   146     51      1
   146    588      1
   147     46      1
   147    187      1
   147    504      1
   147    595      1
   148    104      1
   148    392      1
   148    469      1
   149    125      1
   149    167      1
   150     23      1
   150    310      1
   151     68      1
   151    446      1
   151    529      1
   152     89      1
   152    289      1
   153     99      1
   153    271      1
   154     36      1
   154    270      1
   154    378      1
   155    123      1
   155    223      1
   155    485      1
   156    107      1
   157     87      1
   158     73      1
   158    524      1
   159     72      1
   160     52      1
   161     70      1
   162    115      1
   162    265      1
   162    277      1
   163      8      1
   163    204      1
   163    389      1
   164    113      1
   164    309      1
   164    532      1
   165    139      1
   166     12      1
   167    149      1
   167    237      1
   167    407      1
   167    531      1
   168     58      1
   168    243      1
   168    486      1
   169     58      1
   169    176      1
   169    489      1
   170    104      1
   171    112      1
   171    460      1
   172     82      1
   173     41      1
   173    183      1
   173    454      1
   174    144      1
   174    332      1
   175    116      1
   176    169      1
   176    235      1
   177      1      1
   177    440      1
   178     10      1
   179    127      1
   179    233      1
   180     91      1
   180    281      1
   181     80      1
   181    258      1
   182     30      1
   183    173      1
   184     91      1
   184    336      1
   185     73      1
   185    353      1
   185    400      1
   186      4      1
   186    232      1
   186    238      1
   187    147      1
   187    584      1
   188     50      1
   189     53      1
   190      6      1
   190    361      1
   190    406      1
   190    420      1
   191     34      1
   192    103      1
   192    387      1
   193     73      1
   194    144      1
   195     10      1
   195    412      1
   195    553      1
   196    139      1
   196    457      1
   196    478      1
   197     40      1
   198     95      1
   198    343      1
   199     98      1
   200     30      1
   200    308      1
   201     95      1
   201    240      1
   201    323      1
   201    362      1
   202      1      1
   202    212      1
   203     91      1
   203    555      1
   203    589      1
   204    163      1
   204    213      1
   204    441      1
   205     16      1
   206     81      1
   206    276      1
   206    324      1
   206    510      1
   206    546      1
   207    118      1
   208    130      1
   209     85      1
   209    214      1
   209    273      1
   209    463      1
   210     95      1
   210    582      1
   211     93      1
   211    350      1
   211    451      1
   212    202      1
   212    391      1
   212    434      1
   212    482      1
   213    204      1
   213    287      1
   214    209      1
   214    561      1
   215     63      1
   216    113      1
   216    402      1
   217     52      1
   218     57      1
   218    272      1
   219     36      1
   219    334      1
   219    366      1
   220    139      1
   220    373      1
   221     81      1
   221    559      1
   221    577      1
   222     92      1
   222    396      1
   222    525      1
   223    155      1
   223    254      1
   224    131      1
   224    249      1
   225    127      1
   226     41      1
   227    111      1
   227    264      1
   228     12      1
   228    467      1
   229    112      1
   229    491      1
   230     90      1
   230    314      1
   231    127      1
   231    480      1
   232    186      1
   233    179      1
   234     13      1
   234    292      1
   234    554      1
   235    176      1
   235    325      1
   235    580      1
   236    126      1
   237    167      1
   237    473      1
   238    186      1
   239     31      1
   240    201      1
   241    127      1
   241    397      1
   242     79      1
   243    168      1
   243    511      1
   244     37      1
   245      8      1
   245    448      1
   246     62      1
   247     25      1
   247    283      1
   247    305      1
   248     70      1
   248    339      1
   248    452      1
   249    224      1
   249    427      1
   250     78      1
   250    307      1
   251     94      1
   252     14      1
   252    388      1
   253    136      1
   254    223      1
   254    354      1
   255     88      1
   256    112      1
   256    390      1
   257     93      1
   257    425      1
   258    181      1
   258    576      1
   259    136      1
   260     21      1
   260    298      1
   260    322      1
   261    102      1
   261    294      1
   262     63      1
   262    533      1
   263     93      1
   264    227      1
   264    359      1
   265    162      1
   266     14      1
   267     76      1
   268     52      1
   268    295      1
   268    540      1
   269    134      1
   270    154      1
   271    153      1
   272    218      1
   273    209      1
   274    144      1
   274    557      1
   275      8      1
   275    348      1
   276    206      1
   277    162      1
   278     90      1
   279     49      1
   279    286      1
   279    447      1
   280     91      1
   281    180      1
   282     37      1
   282    302      1
   282    568      1
   283    247      1
   284     28      1
   284    320      1
   285    113      1
   286    279      1
   287    213      1
   287    461      1
   287    564      1
   288     71      1
   289    152      1
   289    437      1
   290     90      1
   290    352      1
   290    498      1
   291      0      1
   292    234      1
   293    114      1
   293    398      1
   294    261      1
   295    268      1
   296     19      1
   297      8      1
   298    260      1
   298    495      1
   299     91      1
   300     10      1
   300    523      1
   300    528      1
   301    136      1
   301    346      1
   302    282      1
   302    410      1
   302    416      1
   302    548      1
   303     93      1
   303    439      1
   304     12      1
   304    411      1
   304    481      1
   305    247      1
   305    433      1
   306     61      1
   307    250      1
   308    200      1
   309    164      1
   310    150      1
   310    418      1
   311    108      1
   311    598      1
   312     49      1
   313    112      1
   313    357      1
   313    385      1
   313    438      1
   314    230      1
   315    126      1
   315    442      1
   315    484      1
   316    103      1
   317     77      1
   317    383      1
   317    499      1
   318     53      1
   319    125      1
   320    284      1
   320    558      1
   321     39      1
   321    363      1
   322    260      1
   322    394      1
   323    201      1
   323    342      1
   323    370      1
   324    206      1
   325    235      1
   325    369      1
   326    129      1
   327     65      1
   327    337      1
   327    515      1
   328     61      1
   328    374      1
   328    375      1
   329    103      1
   329    382      1
   330     48      1
   330    471      1
   331    119      1
   332    174      1
   332    509      1
   333     71      1
   333    444      1
   334    219      1
   335    132      1
   336    184      1
   337    327      1
   338    104      1
   339    248      1
   339    356      1
   339    462      1
   339    539      1
   340     68      1
   340    395      1
   341      9      1
   341    472      1
   341    518      1
   341    527      1
   342    323      1
   342    583      1
   343    198      1
   344    137      1
   344    522      1
   345     72      1
   346    301      1
   347     74      1
   347    449      1
   348    275      1
   349     46      1
   349    403      1
   350    211      1
   351     28      1
   351    591      1
   352    290      1
   352    360      1
   353    185      1
   354    254      1
   355     27      1
   355    502      1
   356    339      1
   357    313      1
   358     69      1
   359    264      1
   360    352      1
   361    190      1
   361    368      1
   361    419      1
   362    201      1
   362    435      1
   363    321      1
   364     21      1
   365     35      1
   365    436      1
   366    219      1
   366    371      1
   367    136      1
   368    361      1
   368    428      1
   369    325      1
   369    470      1
   370    323      1
   370    573      1
   371    366      1
   372    116      1
   373    220      1
   374    328      1
   375    328      1
   375    468      1
   375    566      1
   376     16      1
   376    456      1
   376    500      1
   377     55      1
   377    386      1
   377    404      1
   377    497      1
   377    585      1
   378    154      1
   378    592      1
   379     41      1
   380     86      1
   381     35      1
   382    329      1
   383    317      1
   384     52      1
   384    414      1
   385    313      1
   385    507      1
   386    377      1
   387    192      1
   388    252      1
   389    163      1
   390    256      1
   390    503      1
   391    212      1
   392    148      1
   393     52      1
   394    322      1
   394    593      1
   395    340      1
   396    222      1
   397    241      1
   397    578      1
   398    293      1
   398    424      1
   399    129      1
   400    185      1
   401    107      1
   402    216      1
   403    349      1
   403    445      1
   403    513      1
   404    377      1
   405     43      1
   406    190      1
   406    494      1
   407    167      1
   408     96      1
   409     40      1
   410    302      1
   411    304      1
   412    195      1
   412    517      1
   413     91      1
   413    512      1
   414    384      1
   415     19      1
   416    302      1
   417     23      1
   418    310      1
   419    361      1
   420    190      1
   420    421      1
   421    420      1
   422     20      1
   423     56      1
   424    398      1
   425    257      1
   426    107      1
   427    249      1
   428    368      1
   429     15      1
   429    479      1
   430    127      1
   431    104      1
   432     95      1
   432    597      1
   433    305      1
   433    450      1
   434    212      1
   434    556      1
   435    362      1
   436    365      1
   437    289      1
   438    313      1
   439    303      1
   440    177      1
   440    570      1
   441    204      1
   442    315      1
   443     14      1
   444    333      1
   445    403      1
   446    151      1
   447    279      1
   448    245      1
   449    347      1
   450    433      1
   451    211      1
   451    535      1
   452    248      1
   452    466      1
   453    129      1
   454    173      1
   455     32      1
   456    376      1
   457    196      1
   458     68      1
   458    562      1
   459     18      1
   460    171      1
   461    287      1
   462    339      1
   462    571      1
   463    209      1
   463    599      1
   464     40      1
   465     97      1
   466    452      1
   466    521      1
   467    228      1
   468    375      1
   469    148      1
   470    369      1
   471    330      1
   472    341      1
   472    475      1
   472    534      1
   473    237      1
   474     75      1
   475    472      1
   476     81      1
   477     70      1
   478    196      1
   478    493      1
   478    569      1
   479    429      1
   480    231      1
   481    304      1
   482    212      1
   483     16      1
   484    315      1
   485    155      1
   486    168      1
   487    135      1
   488     56      1
   489    169      1
   489    537      1
   490    103      1
   491    229      1
   491    587      1
   492    126      1
   493    478      1
   494    406      1
   495    298      1
   496    115      1
   497    377      1
   498    290      1
   499    317      1
   500    376      1
   501     87      1
   502    355      1
   503    390      1
   504    147      1
   505    128      1
   505    519      1
   506    104      1
   507    385      1
   508     58      1
   509    332      1
   510    206      1
   511    243      1
   512    413      1
   512    530      1
   513    403      1
   514      6      1
   515    327      1
   515    520      1
   515    526      1
   516     84      1
   517    412      1
   518    341      1
   519    505      1
   520    515      1
   521    466      1
   522    344      1
   522    543      1
   523    300      1
   524    158      1
   525    222      1
   525    542      1
   525    579      1
   526    515      1
   527    341      1
   528    300      1
   528    536      1
   529    151      1
   530    512      1
   531    167      1
   532    164      1
   533    262      1
   534    472      1
   535    451      1
   536    528      1
   537    489      1
   538     49      1
   539    339      1
   540    268      1
   541    115      1
   542    525      1
   542    550      1
   543    522      1
   544     46      1
   545      4      1
   546    206      1
   547     66      1
   548    302      1
   548    581      1
   549     31      1
   550    542      1
   551    108      1
   552     44      1
   553    195      1
   554    234      1
   554    560      1
   555    203      1
   556    434      1
   556    575      1
   557    274      1
   558    320      1
   559    221      1
   560    554      1
   561    214      1
   562    458      1
   563     99      1
   563    590      1
   564    287      1
   565     15      1
   566    375      1
   567    123      1
   568    282      1
   569    478      1
   570    440      1
   571    462      1
   572     85      1
   573    370      1
   574    106      1
   575    556      1
   576    258      1
   577    221      1
   578    397      1
   579    525      1
   580    235      1
   581    548      1
   582    210      1
   582    596      1
   583    342      1
   584    187      1
   585    377      1
   586    140      1
   587    491      1
   588    146      1
   589    203      1
   590    563      1
   591    351      1
   592    378      1
   593    394      1
   594     80      1
   595    147      1
   596    582      1
   597    432      1
   598    311      1
   599    463      1
