COORD_X_Y 15
 0.622612  0.786433
 0.270969  0.247481
   2.2461   2.20001
  1.97393   2.88262
  1.03138   2.02761
  2.29349  0.494309
  1.92055   2.53356
  2.91534   1.29394
  1.50824   1.15139
  1.69461   2.88682
0.0194056   2.90561
  2.54054    2.0016
  2.44546  0.126715
 0.408422   1.58547
  1.68877   1.32531
LINKS_SOURCE_DESTINATION_DISTANCE 28
     0      1      1
     0      2      1
     0      3      1
     1      0      1
     1      8      1
     1      9      1
     2      0      1
     2      4      1
     2      5      1
     3      0      1
     3      6      1
     4      2      1
     5      2      1
     5      7      1
     6      3      1
     7      5      1
     7     11      1
     8      1      1
     8     10      1
     9      1      1
    10      8      1
    10     13      1
    11      7      1
    11     12      1
    12     11      1
    13     10      1
    13     14      1
    14     13      1
