COORD_X_Y 15
  2.10248  0.690737
 0.771733   2.04763
  1.17116  0.280364
   2.4919   2.99093
 0.916181   2.71589
 0.294632   2.41366
 0.266873  0.873463
0.0275043  0.718847
 0.822749   2.22372
  1.30969   1.73641
  1.42043  0.171309
  2.30562  0.417083
0.0233291  0.108539
  2.61614   1.54871
   1.7446   2.51296
LINKS_SOURCE_DESTINATION_DISTANCE 28
     0      1      1
     0      7      1
     0     13      1
     1      0      1
     1      2      1
     1      5      1
     1      6      1
     2      1      1
     2      3      1
     2      4      1
     3      2      1
     4      2      1
     4      8      1
     5      1      1
     6      1      1
     6      9      1
     6     10      1
     6     12      1
     6     14      1
     7      0      1
     8      4      1
     8     11      1
     9      6      1
    10      6      1
    11      8      1
    12      6      1
    13      0      1
    14      6      1
