COORD_X_Y 25
 0.144302   1.29237
  1.67327   2.37953
  2.68573  0.618869
  2.53504  0.794929
  1.20698   1.43112
  1.03233   1.53114
  2.67319   1.00592
 0.393233   1.31381
  2.31159   1.78136
  1.32981  0.540372
  2.77583   2.80597
  1.51242   1.27776
 0.136799  0.950643
  2.81183  0.188619
  0.56844   1.28666
 0.617884   1.49921
  1.20666   2.91433
 0.441447     2.552
  1.61394   1.52815
  2.95887   1.84576
  2.51479    2.2648
 0.278188  0.811642
 0.647955    2.8083
  2.69877   1.19531
 0.588076    1.4419
LINKS_SOURCE_DESTINATION_DISTANCE 48
     0      1      1
     0      2      1
     0      3      1
     0      7      1
     0     18      1
     1      0      1
     1      5      1
     1     17      1
     2      0      1
     2      4      1
     2      6      1
     2     20      1
     3      0      1
     3      8      1
     3     16      1
     4      2      1
     4     23      1
     5      1      1
     5     14      1
     5     15      1
     6      2      1
     7      0      1
     7     10      1
     7     13      1
     8      3      1
     8      9      1
     9      8      1
     9     11      1
     9     12      1
     9     21      1
    10      7      1
    10     24      1
    11      9      1
    11     19      1
    12      9      1
    13      7      1
    14      5      1
    15      5      1
    15     22      1
    16      3      1
    17      1      1
    18      0      1
    19     11      1
    20      2      1
    21      9      1
    22     15      1
    23      4      1
    24     10      1
