COORD_X_Y 25
  1.61266   1.02466
  2.62853  0.110059
 0.761369   1.09952
  1.23177   2.81208
  1.26107  0.121174
  2.42124   1.13974
  2.19498    2.8328
  1.01513    1.4853
  2.36394   2.81503
  2.70607   2.58015
  1.15393   1.64524
  1.24983   2.20674
  0.89315    1.0175
  1.35304   1.72487
 0.512579   2.33624
  2.17103   2.15549
   1.3315   2.52744
  1.89562   2.50502
  2.78725  0.435251
  1.60759  0.547976
 0.969906   2.81512
  2.72272  0.870977
  1.09767   2.76301
  1.02875   1.80367
  2.88902   2.39783
LINKS_SOURCE_DESTINATION_DISTANCE 48
     0      1      1
     0      5      1
     0      7      1
     0     16      1
     0     22      1
     1      0      1
     1      2      1
     1      3      1
     1      4      1
     2      1      1
     2      6      1
     2      8      1
     2     24      1
     3      1      1
     3     12      1
     3     13      1
     4      1      1
     4     10      1
     4     21      1
     4     23      1
     5      0      1
     5     14      1
     6      2      1
     6      9      1
     7      0      1
     7     15      1
     8      2      1
     8     11      1
     9      6      1
     9     18      1
    10      4      1
    11      8      1
    11     20      1
    12      3      1
    13      3      1
    14      5      1
    14     17      1
    15      7      1
    16      0      1
    17     14      1
    17     19      1
    18      9      1
    19     17      1
    20     11      1
    21      4      1
    22      0      1
    23      4      1
    24      2      1
