COORD_X_Y 900
  2.49766    2.2897
 0.979312   1.00931
  2.05723    2.8926
0.0328846   2.24722
  2.89754   2.98198
   1.2673    1.8613
0.0745859 0.0614954
  1.35675  0.162446
   1.3081   1.53558
  2.12812  0.447882
  1.44214  0.618887
0.0294281    2.2719
  1.39139  0.957043
  2.33386   2.94667
 0.260408  0.813031
  1.72747   2.47156
 0.427622   2.32298
 0.552029  0.741094
  1.11134    2.4692
  2.22609 0.0677427
  1.99498  0.276178
 0.843132  0.737274
 0.231017  0.720694
  2.52578   2.99405
 0.199391  0.509148
0.0878835   1.74559
 0.610224      1.34
   2.9559  0.453793
  0.43253    2.2797
  2.95282    2.3792
 0.567282   2.14232
 0.292149 0.0464669
   1.4534   2.24296
  2.80586   1.74051
  1.20335   1.25239
  2.48826   1.11012
  1.43616   2.19645
   1.4068   2.57281
  2.67555   1.06715
  1.85151   1.45924
 0.669227   2.84619
  2.69075   1.89116
  2.66721   2.05335
  2.84974 0.0762506
 0.553288  0.674876
  2.84835  0.934169
 0.962828    1.4916
  2.11493   1.11924
  2.65304   2.25924
  0.55213    1.2379
  1.29396  0.374804
  2.45471    2.4296
  1.72375   1.96809
  1.35217   2.09601
  0.90357   1.12933
  2.53844   2.80265
  2.21401   2.53527
 0.212289   2.98548
  2.06441   1.64995
  1.81134   2.52712
  1.18402    2.1072
  2.39747   1.85119
   2.7908  0.319533
 0.229093   2.52073
 0.184071   1.20924
  1.82916  0.902607
    1.555  0.412698
 0.632103   1.90142
 0.435031  0.352317
 0.211818   2.13353
  2.18402   1.33187
  2.57525   1.85621
  1.90859   1.15568
  2.26017   2.63133
 0.610845   1.18149
  2.98385 0.0590744
  2.09153   1.25137
  1.61489   1.30597
  2.83797  0.212027
  1.49043  0.172547
 0.133691   1.13678
  2.38652  0.209019
 0.812126   0.24031
  1.47343   1.21485
 0.710777   1.86832
 0.851128  0.124585
 0.812133  0.102328
  1.40485   1.70159
 0.603105    1.9324
 0.606467  0.986986
 0.531933  0.214565
 0.526681  0.570328
  1.89563  0.563129
  2.61294   1.43586
  1.02433   2.72764
  1.81307   2.96772
  2.26759  0.405795
  1.04154  0.292651
 0.620077   1.57884
  2.93663   1.38422
 0.587815   2.57902
 0.635058  0.625821
 0.553078   1.08856
 0.782684   2.78232
  2.95641   2.92433
  1.58089   1.57144
   1.7242   2.34773
  1.29945  0.493089
 0.679286 0.0880124
0.0869979   1.97373
  2.06729 0.00622172
  1.11858   2.90025
  2.97665   2.07295
  2.04157  0.758515
  1.79466    1.4266
 0.838184   2.98137
   2.9918   1.83181
 0.783214   2.71887
  2.86783   2.70048
  1.51363 0.0614043
  2.42531 0.0478286
  1.77874  0.232641
 0.912586   2.66751
  1.57892   2.26824
  2.71825   2.64951
 0.905596  0.351971
0.0934733   2.75984
  1.65317   1.09739
 0.955599  0.545358
  0.95156   1.30773
  1.43724  0.614916
 0.624114   2.58687
 0.983211  0.843835
  1.60477   1.66224
 0.248255  0.305344
  1.24332   1.97991
  1.54795   1.93326
  1.30327   1.36365
  2.21623   1.75666
  2.86173   1.18271
  1.57992   1.73374
  1.22236   1.88292
  1.81806   2.37204
    2.591    1.2603
 0.877224   1.63846
  1.43455     2.921
  1.98068   1.49113
  2.02119   1.68735
 0.700396  0.785799
  2.81707   2.39336
  2.85699  0.696511
  2.11736  0.586943
  2.15037   1.17508
  2.22751    1.2357
  2.77374   2.05061
  1.40068   1.39604
  1.15906   1.02383
  2.85057   1.61126
   1.1826   2.15555
  1.26458   1.29454
 0.967896   1.99987
   2.5657   2.40361
  2.96242   2.13436
  1.19218   1.46417
 0.712246   1.32737
   2.9052   0.27037
 0.246401   2.38776
 0.168416  0.925939
 0.151924   2.33172
 0.161392 0.0570518
  1.18955    2.4869
 0.721817  0.732964
  1.43908   2.99687
  2.99896   2.43208
  2.69317   1.75634
  2.50215   2.99789
 0.608096   1.37169
  1.06494    2.8933
  2.62015   0.63622
  2.33128   2.77603
  2.42951   2.11465
  2.04015   2.67383
  1.36658  0.594899
  1.11246   2.52279
 0.922404   0.49004
  1.32323   2.24184
  1.76354   2.28535
  2.24724   2.86518
  1.83429   2.10523
 0.526565   1.60776
  2.20923   1.76187
  1.79545   1.04223
 0.179143   1.70521
  0.91561  0.445749
 0.825104   2.77396
  2.79249    2.7491
 0.618974   1.50123
 0.633382   1.03868
 0.311653   1.16429
  1.08521   1.82497
 0.738803   2.76672
 0.477217   1.33356
  1.94357  0.374667
  2.74667   2.36283
 0.978096   2.51118
  2.97305   1.45409
   1.3504   0.39181
 0.824911   2.69996
  2.74695   2.21813
 0.679145  0.526486
  1.65921   2.35876
0.0249215   2.77151
 0.585655  0.614496
 0.832549   1.84341
  1.68697   1.61856
 0.451991   2.07559
   1.7852  0.423103
  2.84541 0.0870609
  1.85074   2.91049
  2.16742  0.878681
 0.964696  0.311781
 0.561761    2.9802
 0.390402  0.760605
 0.917289   1.04133
  2.12992   1.16684
  2.41402   1.47994
 0.699728   2.14043
  1.07244  0.620227
  2.51228  0.834378
  2.08719   2.32277
  2.41334   2.31999
  2.91958   2.03312
  1.82575   2.02482
  1.45386   1.50454
  2.89519   1.02074
  2.66408   1.00476
 0.572976   2.25041
  1.65372   2.13777
  1.65656  0.397688
  2.81907   2.62563
  1.63077    2.8846
 0.155208   2.23823
  2.03411   1.01803
  1.89994   1.87454
  2.86194   2.13309
  2.69813   2.58272
  2.72861   1.93082
 0.411214   2.19251
   1.2069  0.126623
  2.46625   1.41251
  1.62382   1.19854
  1.45334   1.99668
 0.198034   1.83094
 0.400619  0.250851
  1.39406   1.67691
  2.73812   2.84726
  1.94652   2.30713
 0.338734   1.91312
 0.150177   2.48632
  1.18474   2.91879
 0.612764   1.27894
  2.16338   2.14261
  2.71147  0.362716
  2.68892   1.39461
  1.18386   1.04821
 0.421375   2.48515
0.0729869   2.17507
  2.45446   2.64051
  2.84359   1.08061
  2.44924   1.56442
  2.04273  0.610301
 0.137109    2.3671
  1.70665   1.84356
  1.37663   0.69958
  1.30017   2.70735
  2.96851  0.821866
 0.267311   2.81908
 0.125696  0.877266
 0.310629   1.90009
  1.49248   2.76871
  1.68249  0.327159
  2.94097   2.50874
  1.90139   1.99578
  2.56395     1.682
  2.72012  0.547819
  0.88457   1.01425
  2.91265   1.64294
 0.181521   1.60426
0.0239074   1.92314
  2.95816   1.20602
  2.64798  0.729442
  1.01944    2.0432
 0.912514   1.58538
   2.0161   1.99228
 0.513962   1.33388
0.0468661    1.5595
  2.86957 0.0356502
  2.91452   1.68727
  1.44347  0.774425
 0.828153   1.20247
  1.40864  0.537751
  1.38748   1.35349
 0.165257  0.596925
  2.62552    1.2829
  2.63906   2.32281
 0.560216   1.11607
  2.42679   2.46659
  2.70811   2.99561
  2.45691   2.54148
   2.0634   0.74583
  1.58234   2.44078
  2.49918  0.702937
  1.04222    1.6918
0.0358193  0.606117
  1.69836   1.71755
  1.74176   2.52321
  1.24652 0.0430608
  2.95967   1.53857
  2.13165   1.74986
 0.703019   2.76905
  2.47854  0.347675
 0.268723   1.97697
0.0264962  0.373548
  2.40768   2.96693
 0.961457   2.96412
  1.79888  0.463129
 0.482034   2.56135
  0.66579  0.930291
 0.791257   1.65869
  1.23176 0.0270611
  2.33018   2.02651
  1.29737  0.392068
0.00343754   2.17995
  2.85888   1.73285
  1.85607   1.52596
   2.6246   2.66619
  2.73422  0.475839
  1.96055   0.22423
  0.90351 0.0285975
 0.244187   1.45971
  1.77685 0.0499459
  2.28274   2.97664
    2.077  0.660679
  2.95885   1.11746
  0.65176   2.65905
0.0961963  0.903042
 0.134019  0.200588
 0.352304  0.625832
 0.299961   1.76488
  2.45857   2.72152
  1.24412   1.23717
 0.709072   2.89604
  2.94792   1.97314
  1.43836   2.04382
  2.80782  0.950591
 0.904706   2.28928
   2.2522   2.78737
  1.79569   2.24634
  2.89109  0.242775
  1.83813  0.960995
   1.6939   2.83016
  2.81032   2.70465
 0.118388   2.77827
 0.231665   2.22776
 0.121721   1.19464
  1.52403   2.95721
  1.92449 0.0152787
 0.338805   1.54866
  2.91041   1.16498
   2.2528   1.33887
  1.52487   1.39429
   1.1847    1.2404
  1.63718   1.22383
  1.87602   1.57632
 0.381027   2.56312
 0.567875   2.75254
   1.4906   1.19902
 0.787147  0.114597
 0.655034 0.0685557
  1.13093   1.14615
 0.743997   1.92932
 0.551013   2.42052
0.0972399  0.651872
  1.09542    0.1434
  1.32193   2.32943
  2.88031    1.4211
  2.95291   0.37507
  2.79861   1.85195
  1.89119  0.162621
  1.28691  0.374248
 0.566783   1.04926
  1.43053   1.24823
  2.53508   2.86154
  1.02169   2.95072
  1.77229   2.05845
  1.84701    1.1135
  2.69167   2.18041
  2.85926  0.362728
  2.58078   2.08825
  2.60466   1.76378
 0.914146  0.555119
  2.90795  0.910442
 0.831637   2.25113
  1.87929  0.416857
  1.64076   1.54953
  1.15193   1.92607
  2.32425   1.74403
 0.350802  0.068645
  2.13313  0.200787
 0.129607  0.721323
0.0801165   1.63989
  2.33709  0.530358
  1.65402   2.47787
 0.992155   1.53868
 0.418256   1.24532
  2.79052   1.03401
  1.93773   1.96473
 0.346022   1.02858
  2.65851   2.38554
 0.725226  0.973454
  1.99579   2.18521
  2.85526   2.30436
0.00659159   1.04257
  0.86364   1.72076
 0.311372   1.86871
  2.37155   2.08353
 0.565759   2.02567
  2.38497   2.67023
 0.450449   1.36871
  1.57932   1.57922
  1.22274   2.38303
  1.69837   2.88775
  1.78929   2.66714
 0.653743   1.19091
 0.219748  0.510487
  2.21571   2.98549
0.0361631   1.97186
  2.02727    2.2014
 0.172881   1.33639
 0.688222     1.881
   1.9806  0.638349
  1.29882  0.853849
0.0458357  0.123285
  2.54506  0.927697
  1.46297   2.19671
  2.45065   1.74025
 0.982544   1.49478
  1.30079   2.14827
  1.92392   2.91574
  2.61588  0.741304
  1.13392  0.923257
  1.97336    1.2602
 0.750513   0.92657
  2.85503   2.82469
  2.74346   1.50833
  2.69525   0.32564
  1.44323   1.84192
0.0109656   2.72083
 0.447808   1.82387
  1.49504    0.8575
  1.54099   1.44671
 0.450888  0.233583
  2.59086    1.2386
  2.39853   2.90529
  2.80561   2.90087
  2.33043   0.96147
  1.26578    2.1994
 0.869418   1.00637
  2.84097   2.80642
  1.72448   0.48621
 0.781923   2.60146
  2.28904 0.0222097
  2.25396  0.911238
  2.54478  0.362617
 0.658051   2.57139
  1.61892   1.93788
  1.03085   1.75175
 0.784304   1.07068
  1.96277   2.74668
  2.17889   1.34647
 0.691968 0.0172277
 0.130418   1.04732
  1.94186   2.31594
 0.196468   2.02068
  1.99811   1.98265
   1.0104  0.348643
  2.72546   1.22498
 0.864206   2.33719
  2.82916  0.792923
 0.734263  0.748049
  2.45894   1.23691
   2.3178   1.88273
  2.03002   1.09833
   1.9187 0.0135881
 0.542293    1.5485
  2.81002   1.96267
  1.24011   1.59876
  2.59583  0.650503
   1.4108  0.710189
 0.145006 0.0445138
 0.458292   1.21545
  1.58982 0.0211456
  2.46761   2.53861
 0.455342   2.91681
 0.256877   1.66983
  2.86239   2.90749
  1.20775 0.00178535
 0.210596   2.52779
  2.18914   2.04588
  1.97228  0.911073
  2.63667  0.717512
  1.95096   2.78747
   2.1499   1.06055
 0.777633  0.285472
  1.58572   2.33814
  1.33356    2.4652
  1.60916   1.30166
 0.578102 0.0213195
  2.66242   2.30679
  1.37316   2.82122
  2.55155  0.535342
 0.849815   2.31457
  2.10807   2.23185
  2.51863   1.96433
  2.20813   1.70923
  2.47872   2.00101
  1.46938   1.75452
 0.402045   0.36559
  1.45752   2.28278
  2.72175  0.742866
  1.25006  0.271447
  2.67177  0.896476
  2.50177  0.666136
 0.336249   2.12163
  1.97493   1.64816
   1.4519  0.330575
 0.914682  0.216745
  2.21071   2.46625
  1.93433  0.229447
  1.97347     0.486
 0.731625   1.45573
  2.81928    2.8735
  2.45351   1.17119
  1.53541   1.81482
  1.11512 0.0865234
  1.99118   2.78659
  1.29046   2.53161
 0.141958  0.739167
 0.169743  0.941458
  2.77225   2.78323
  2.33662  0.131175
  1.45618  0.322128
  1.97757   0.89713
  1.96142   1.89426
  2.69975   2.51582
  1.44347  0.715296
  2.44988   2.60224
 0.471713   1.44789
 0.339885   1.68037
  2.52507  0.367371
  1.41115   1.47139
 0.948219   2.62445
  1.79151  0.489684
 0.395255    1.8482
  2.86173   2.06726
   2.8359  0.141781
  1.09423   1.97185
  2.82464  0.121932
  1.60373  0.608361
  2.95896   2.19992
 0.373086   2.98545
 0.894581   1.61347
  2.28408   1.08976
 0.195892   1.29577
  1.05369   1.90941
  2.60685   1.11413
 0.624664   1.76252
   2.9553  0.334094
  2.65204   1.09673
   2.1532   1.30293
  2.39094  0.557266
  2.62424   2.87695
  1.12066   2.55626
  0.81771   2.93809
 0.392878     2.026
 0.663039   1.67657
  1.67964   2.86169
   1.4835   1.27011
  2.55731  0.461267
  1.68042  0.859474
  2.12458   1.52859
  2.08613  0.384664
 0.167277  0.827185
 0.770754  0.145389
  2.27705   1.28322
   2.1717  0.634989
  1.38072   2.91056
  2.43447  0.862214
  1.18577  0.501341
 0.857475    1.7509
  1.29667   2.85507
  1.08184   2.51781
0.00753517   1.11944
  1.35438  0.908244
  1.85069  0.796233
 0.588833  0.844209
0.0492494 0.0464976
  2.23156  0.931477
  1.37548   1.59564
 0.787002   1.81621
  1.91449   1.97377
  2.69008   1.00396
  2.70081  0.825929
  2.45864 0.0642502
  1.01569   1.41462
  2.90815  0.775465
  2.13264   1.74095
  2.48456  0.714178
  1.49281   2.66792
  1.56996   1.72367
  2.47208   1.56042
 0.219736   2.43862
  2.73542  0.482666
 0.199331  0.927195
  2.62924   2.25161
 0.225304  0.512857
  2.65374   2.90102
  1.85266   2.49447
  2.17429   1.25547
  1.67957   2.62945
  2.54733 0.0585623
 0.370244   2.07863
   2.6539   2.11329
  2.29603  0.597324
  1.80692   2.17347
  0.12303   1.98433
  1.72284  0.691338
   1.9339   2.81741
 0.432895   0.22788
  2.86173  0.802623
  1.63675   2.39483
  1.54205   1.88255
   1.4905 0.00856286
 0.723951   1.91084
   2.2327    2.8492
 0.922965   2.64782
  2.54258     1.159
  1.18221   1.91993
  1.87753  0.751736
  2.30692   1.76856
  2.69029   2.41095
  2.77002  0.861034
  0.92397  0.169318
  1.37684  0.202796
  1.69284   1.32372
  2.32342     2.694
  2.55841   1.62053
  1.08002   2.66275
  0.16622   2.18456
 0.395482  0.938961
 0.755829  0.166388
  2.92542   1.05209
  1.73098    1.4933
  1.61946   2.25535
  2.63304   2.04321
  1.26498  0.483371
  1.77965   2.36743
 0.713524   1.49458
  1.41467   1.60202
0.0301517   1.95834
  1.02993   2.81553
  1.63894   1.82726
  2.94675   0.98503
  1.57642   1.64292
  1.13633    2.5312
  1.31675   2.31921
 0.686745 0.0715172
  2.57535  0.478027
   2.4815  0.254662
 0.364425   2.39241
 0.952394    2.5229
 0.845837   1.88488
  1.17618   2.83202
  1.44186   2.22437
  1.07246  0.845497
  2.32574  0.253081
  2.61708   2.92767
 0.589668   2.29268
  1.69751   2.07088
  2.98141  0.525517
  2.37184   1.65053
  0.50877  0.942297
  1.17078  0.229041
 0.111317   1.30376
 0.989865    2.7099
   2.5515    2.1216
  2.81816  0.792365
  2.14823   1.95716
  1.67542   2.33377
 0.482589   2.76542
  1.06386   1.14989
  1.47659   2.90357
  2.68507   1.04599
  1.61604   2.48559
 0.360053  0.233765
  2.59584   1.02836
 0.798617   1.45545
   1.6382  0.934574
  1.21534   2.87724
  2.53811   2.15838
  1.39428   1.45976
  1.37194  0.444516
  1.22331   2.24028
  1.86921   1.09041
  2.63077   0.94903
 0.766738   1.97103
  2.96807     2.674
  1.62907   2.72935
0.0367455   1.03367
  1.13446   1.14069
  1.15646   1.17692
 0.649613   1.69349
   0.8132   1.54936
  2.52613   1.56202
  1.36866   2.00036
   2.0684   1.02108
 0.918827   2.51384
  2.53292   1.41106
  2.03549  0.715057
 0.855325  0.965494
  1.05107   2.24846
0.0352452   1.07139
   2.0465   0.40163
  2.80148   2.22005
  1.47745   2.77359
  1.38841   2.69976
  1.77264   1.10901
  2.82337   2.29649
  1.58935   2.45165
  1.35543    2.0285
 0.594798  0.516834
  1.85284  0.116575
 0.470769   1.34066
0.0748225   2.28308
  1.45524  0.475436
 0.466585   2.15306
 0.316885  0.680539
  2.12774   2.07425
 0.139172  0.118814
  2.32797    2.3223
 0.125556   2.65791
  2.70339 0.0478446
  1.33308   1.43725
  1.29521    2.8556
  2.19501   1.28441
  1.24518   1.04529
 0.949751   1.37636
   1.3995   2.07646
  2.36163   1.72543
 0.675365   1.22365
 0.296553   2.80811
   1.2512   2.20386
  0.19985   1.76896
  2.84694  0.829384
 0.978361   2.07441
  0.90441   1.90291
 0.885236   2.33105
  2.40161   1.56904
 0.215592   2.28992
  1.04086     1.913
  0.98205   0.68574
 0.496218   1.62567
 0.720871   2.85243
 0.850943  0.891317
  1.38368   0.29678
 0.777064  0.483445
  1.24297   1.45945
 0.267149   2.52454
  2.05441   2.07819
  1.72541 0.0252098
  1.40394 0.0715573
  1.63298   2.99106
  1.18524   1.80194
 0.153664   1.95496
  1.05876  0.680473
  2.78686  0.575103
 0.415297    2.3919
  1.35715   2.58698
 0.294758 0.0159644
  2.62141    2.9444
 0.294863  0.768956
  2.03173   1.84517
  1.13833  0.416391
  2.73065  0.766458
 0.644782   1.28665
  1.57548  0.763012
  2.53217   2.79798
    2.786  0.960229
  1.48872   1.52939
 0.453101  0.610939
 0.900194  0.516611
  1.01882  0.776797
 0.441431   2.66553
  1.93708   2.88714
  1.20752   2.62283
  2.42749   1.07439
  2.31224  0.436664
  2.97833   2.35677
  2.07493   2.50938
  2.15645   1.75736
  2.34962  0.614785
 0.851442   2.75595
  2.18704   1.05249
  1.96183   1.53074
  1.73065  0.039415
0.0150107  0.587517
 0.269561    2.1837
  2.38307   2.02389
  1.36396   1.01939
 0.140596   2.27436
 0.154125  0.942165
  1.45373   2.39003
 0.440316   2.89337
  2.82563   1.54527
  2.57778    1.5212
  2.67003  0.693534
  2.18376   1.24939
  1.48827   1.65199
   1.8506   1.75836
0.0670634   2.48871
  2.57784   1.96271
  2.86297   1.49866
  1.23695    2.4016
 0.564952  0.940963
  1.80806   1.07307
 0.714099  0.938726
  1.31921  0.869032
 0.845473   2.89365
  2.73983   1.82678
  1.36434   2.04355
  1.34531  0.508256
 0.540273   2.65897
  1.63957  0.644659
   1.4571   1.91837
  2.28047  0.162584
 0.145146  0.549253
   1.9126  0.487769
 0.701482  0.878214
  0.97646   1.95705
 0.835689   1.86506
  2.34807   1.82893
  2.09311  0.581472
 0.534698  0.499515
  1.80029   1.56482
 0.424804  0.989824
   2.5839  0.173078
  2.25451   2.07709
  2.74616   2.56546
  2.45188   2.89939
  1.14168   2.91856
 0.224917   2.35622
  2.46684    2.7381
 0.973622   1.01793
  1.59596  0.117886
  1.32114  0.940669
  1.13714   1.16153
 0.900507     1.134
  1.54178   1.71856
  2.47064    1.7919
  2.99582   2.82913
  1.25793  0.526965
0.0380728  0.704367
  2.83983   2.42652
  2.15116   1.56599
 0.648959   2.09385
 0.752554   2.95743
   2.8872   1.16067
  2.27934   2.85245
 0.836866   2.39117
  2.02427   2.23415
  1.74057   1.84107
 0.248713    1.9434
  2.10705 0.0884078
  2.84966    2.0828
  1.79517   1.61987
  1.23328   1.61178
  1.85175   0.94508
  1.09848  0.740118
   2.8399   2.73078
  2.98825   1.98629
  2.71142    2.9549
 0.120535  0.297939
  1.28117  0.990216
 0.390136   1.58458
  2.60494    2.1179
 0.708898   1.54247
 0.439205   0.63742
  1.94742   2.52275
  2.69841   2.21992
  1.51535   1.73465
LINKS_SOURCE_DESTINATION_DISTANCE 1798
     0      1      1
     0      3      1
     0      4      1
     0     19      1
     0     22      1
     0     23      1
     0     57      1
     0    231      1
     1      0      1
     1      2      1
     1      6      1
     1     13      1
     1    347      1
     2      1      1
     2      8      1
     2      9      1
     2     68      1
     2     84      1
     2    144      1
     2    459      1
     2    848      1
     3      0      1
     3      5      1
     3     10      1
     3     25      1
     3     47      1
     3     66      1
     3    109      1
     3    171      1
     3    409      1
     4      0      1
     4     18      1
     4     41      1
     4    113      1
     4    316      1
     4    418      1
     4    492      1
     4    653      1
     5      3      1
     5     71      1
     5    229      1
     6      1      1
     6      7      1
     6     11      1
     6     29      1
     6    619      1
     6    736      1
     7      6      1
     7     33      1
     8      2      1
     8     20      1
     8     32      1
     8     60      1
     8    214      1
     8    491      1
     9      2      1
     9     16      1
     9     28      1
     9    116      1
     9    446      1
    10      3      1
    10     12      1
    10    111      1
    10    437      1
    10    649      1
    11      6      1
    11     15      1
    12     10      1
    12     40      1
    12    164      1
    12    181      1
    12    252      1
    13      1      1
    13     14      1
    13    195      1
    13    659      1
    14     13      1
    14    217      1
    14    881      1
    15     11      1
    15     31      1
    15     61      1
    15    507      1
    16      9      1
    16     17      1
    16     54      1
    16     64      1
    16     76      1
    16    411      1
    17     16      1
    17     21      1
    17     35      1
    17     80      1
    17    219      1
    18      4      1
    18     48      1
    18    256      1
    18    609      1
    19      0      1
    19     24      1
    19     27      1
    19     38      1
    19     46      1
    19    149      1
    19    770      1
    20      8      1
    20    253      1
    20    385      1
    20    391      1
    20    396      1
    20    576      1
    20    696      1
    21     17      1
    22      0      1
    22    132      1
    22    295      1
    22    329      1
    22    519      1
    22    808      1
    23      0      1
    23     30      1
    23     42      1
    23     56      1
    23    130      1
    24     19      1
    24     26      1
    24     36      1
    24     37      1
    24    226      1
    24    281      1
    24    429      1
    24    457      1
    25      3      1
    25     43      1
    25    216      1
    26     24      1
    26     51      1
    26     58      1
    26    276      1
    27     19      1
    27     45      1
    27     65      1
    27     75      1
    27    223      1
    27    301      1
    27    372      1
    27    476      1
    28      9      1
    28     34      1
    28    430      1
    29      6      1
    29    103      1
    29    706      1
    30     23      1
    30     72      1
    31     15      1
    31     90      1
    31    827      1
    32      8      1
    32     49      1
    32     77      1
    32    152      1
    32    161      1
    32    508      1
    33      7      1
    33    328      1
    33    444      1
    34     28      1
    34     44      1
    34     83      1
    34     99      1
    34    514      1
    35     17      1
    35    107      1
    36     24      1
    36     39      1
    37     24      1
    37     52      1
    37     74      1
    37     92      1
    37    141      1
    37    433      1
    37    436      1
    37    672      1
    37    715      1
    38     19      1
    38     70      1
    38     91      1
    39     36      1
    39    122      1
    39    500      1
    39    895      1
    40     12      1
    40    150      1
    41      4      1
    41     59      1
    41     67      1
    41    156      1
    42     23      1
    42    596      1
    43     25      1
    43    284      1
    43    486      1
    43    521      1
    43    695      1
    44     34      1
    44     50      1
    44     73      1
    44    148      1
    44    212      1
    44    605      1
    45     27      1
    45     53      1
    45     55      1
    45     95      1
    45    208      1
    45    600      1
    46     19      1
    46    123      1
    46    758      1
    47      3      1
    47     63      1
    48     18      1
    48     87      1
    48     89      1
    48    314      1
    48    349      1
    48    750      1
    49     32      1
    49     78      1
    50     44      1
    50    134      1
    50    752      1
    51     26      1
    51    282      1
    51    327      1
    51    379      1
    51    722      1
    52     37      1
    52    101      1
    52    136      1
    52    285      1
    52    351      1
    53     45      1
    53    204      1
    53    261      1
    53    501      1
    53    591      1
    53    608      1
    54     16      1
    54    128      1
    54    187      1
    54    479      1
    54    516      1
    55     45      1
    55     62      1
    55    177      1
    55    435      1
    56     23      1
    56    291      1
    56    548      1
    57      0      1
    57    143      1
    57    184      1
    57    289      1
    57    665      1
    58     26      1
    58    173      1
    58    286      1
    58    499      1
    59     41      1
    59     81      1
    59    176      1
    59    189      1
    59    239      1
    59    263      1
    59    489      1
    60      8      1
    60    175      1
    60    235      1
    61     15      1
    61     94      1
    61    367      1
    61    488      1
    61    588      1
    62     55      1
    62    106      1
    62    859      1
    63     47      1
    63     86      1
    63    236      1
    63    595      1
    64     16      1
    64     93      1
    65     27      1
    65    307      1
    65    599      1
    66      3      1
    66     69      1
    66     79      1
    66     82      1
    67     41      1
    67     85      1
    68      2      1
    68    100      1
    68    139      1
    68    393      1
    68    699      1
    69     66      1
    69    112      1
    69    166      1
    69    293      1
    69    340      1
    70     38      1
    71      5      1
    71    119      1
    71    241      1
    72     30      1
    72    273      1
    72    568      1
    73     44      1
    74     37      1
    74    133      1
    74    137      1
    74    280      1
    74    705      1
    74    824      1
    75     27      1
    75     96      1
    75    127      1
    75    362      1
    75    386      1
    76     16      1
    76    108      1
    76    131      1
    76    299      1
    76    341      1
    77     32      1
    77     97      1
    77    449      1
    77    804      1
    78     49      1
    78    350      1
    78    745      1
    79     66      1
    79    160      1
    80     17      1
    81     59      1
    81    145      1
    82     66      1
    82    159      1
    82    194      1
    82    271      1
    82    394      1
    82    730      1
    83     34      1
    83    140      1
    83    427      1
    83    711      1
    84      2      1
    84    102      1
    84    163      1
    84    165      1
    84    244      1
    85     67      1
    85    190      1
    85    819      1
    86     63      1
    86     88      1
    86    243      1
    86    246      1
    86    487      1
    86    794      1
    86    898      1
    87     48      1
    87     98      1
    87    105      1
    87    312      1
    88     86      1
    88    442      1
    89     48      1
    89    313      1
    89    431      1
    89    515      1
    89    622      1
    90     31      1
    90    594      1
    90    735      1
    91     38      1
    91    179      1
    91    517      1
    91    520      1
    92     37      1
    92    191      1
    92    484      1
    93     64      1
    93    816      1
    94     61      1
    94    118      1
    95     45      1
    95    168      1
    95    225      1
    96     75      1
    96    117      1
    96    169      1
    96    841      1
    96    885      1
    97     77      1
    97    254      1
    98     87      1
    98    129      1
    99     34      1
    99    104      1
    99    110      1
    99    151      1
    99    174      1
   100     68      1
   100    154      1
   101     52      1
   101    279      1
   101    494      1
   102     84      1
   102    120      1
   102    142      1
   102    466      1
   102    581      1
   103     29      1
   103    205      1
   103    729      1
   104     99      1
   104    138      1
   104    287      1
   104    360      1
   104    415      1
   105     87      1
   105    172      1
   105    694      1
   106     62      1
   106    218      1
   106    221      1
   106    325      1
   106    810      1
   107     35      1
   107    114      1
   107    180      1
   108     76      1
   109      3      1
   109    115      1
   109    124      1
   110     99      1
   110    125      1
   110    147      1
   111     10      1
   111    153      1
   111    321      1
   111    640      1
   111    652      1
   112     69      1
   112    531      1
   112    553      1
   112    561      1
   112    869      1
   113      4      1
   114    107      1
   114    121      1
   114    222      1
   115    109      1
   115    207      1
   115    277      1
   115    616      1
   116      9      1
   116    157      1
   116    541      1
   117     96      1
   117    215      1
   117    248      1
   117    387      1
   118     94      1
   118    369      1
   119     71      1
   120    102      1
   120    249      1
   120    264      1
   121    114      1
   121    126      1
   121    842      1
   122     39      1
   122    580      1
   123     46      1
   123    332      1
   123    335      1
   123    698      1
   124    109      1
   124    228      1
   124    528      1
   124    877      1
   125    110      1
   125    206      1
   125    294      1
   125    330      1
   125    879      1
   126    121      1
   126    135      1
   126    272      1
   126    403      1
   126    523      1
   127     75      1
   127    354      1
   127    708      1
   127    812      1
   128     54      1
   128    192      1
   128    373      1
   129     98      1
   129    158      1
   129    490      1
   129    518      1
   130     23      1
   130    193      1
   130    475      1
   130    799      1
   131     76      1
   131    162      1
   132     22      1
   132    310      1
   133     74      1
   133    155      1
   133    210      1
   133    660      1
   134     50      1
   134    473      1
   135    126      1
   135    251      1
   135    292      1
   136     52      1
   137     74      1
   137    170      1
   137    202      1
   137    320      1
   138    104      1
   138    319      1
   139     68      1
   139    503      1
   140     83      1
   140    483      1
   140    623      1
   140    734      1
   141     37      1
   141    211      1
   141    402      1
   142    102      1
   142    470      1
   142    545      1
   143     57      1
   143    146      1
   143    198      1
   143    209      1
   143    338      1
   144      2      1
   144    344      1
   144    468      1
   144    567      1
   144    647      1
   145     81      1
   145    584      1
   145    709      1
   145    719      1
   146    143      1
   146    357      1
   147    110      1
   147    382      1
   147    439      1
   148     44      1
   149     19      1
   150     40      1
   150    756      1
   151     99      1
   151    377      1
   152     32      1
   152    716      1
   153    111      1
   154    100      1
   154    275      1
   154    395      1
   154    586      1
   155    133      1
   155    178      1
   155    407      1
   155    524      1
   156     41      1
   157    116      1
   158    129      1
   158    485      1
   158    511      1
   159     82      1
   159    167      1
   159    200      1
   159    438      1
   160     79      1
   160    186      1
   160    352      1
   160    798      1
   161     32      1
   161    258      1
   161    315      1
   161    388      1
   161    676      1
   162    131      1
   162    801      1
   163     84      1
   164     12      1
   164    224      1
   164    376      1
   165     84      1
   165    269      1
   165    779      1
   165    831      1
   166     69      1
   166    555      1
   167    159      1
   168     95      1
   169     96      1
   169    397      1
   169    495      1
   170    137      1
   170    266      1
   170    399      1
   170    453      1
   171      3      1
   171    182      1
   171    196      1
   171    384      1
   171    720      1
   172    105      1
   172    671      1
   172    829      1
   172    863      1
   173     58      1
   173    467      1
   174     99      1
   174    297      1
   174    318      1
   174    358      1
   175     60      1
   175    201      1
   175    255      1
   175    840      1
   176     59      1
   176    378      1
   177     55      1
   177    262      1
   178    155      1
   178    185      1
   178    233      1
   178    607      1
   178    821      1
   179     91      1
   179    199      1
   179    268      1
   180    107      1
   180    188      1
   181     12      1
   181    183      1
   181    197      1
   181    298      1
   181    317      1
   181    400      1
   181    460      1
   182    171      1
   182    203      1
   182    257      1
   182    565      1
   182    628      1
   183    181      1
   183    238      1
   184     57      1
   184    441      1
   184    658      1
   185    178      1
   185    227      1
   185    334      1
   186    160      1
   186    559      1
   187     54      1
   188    180      1
   188    213      1
   188    806      1
   189     59      1
   189    245      1
   189    465      1
   189    790      1
   190     85      1
   190    363      1
   190    454      1
   190    610      1
   191     92      1
   191    274      1
   191    787      1
   192    128      1
   192    247      1
   193    130      1
   194     82      1
   195     13      1
   195    234      1
   196    171      1
   196    795      1
   197    181      1
   197    582      1
   198    143      1
   198    220      1
   198    447      1
   198    704      1
   199    179      1
   199    374      1
   200    159      1
   200    530      1
   200    710      1
   201    175      1
   202    137      1
   202    478      1
   202    505      1
   203    182      1
   204     53      1
   204    339      1
   204    606      1
   205    103      1
   205    604      1
   206    125      1
   206    237      1
   206    782      1
   207    115      1
   207    324      1
   207    342      1
   207    348      1
   207    774      1
   208     45      1
   208    270      1
   208    283      1
   208    305      1
   208    309      1
   208    410      1
   208    422      1
   209    143      1
   209    302      1
   209    304      1
   209    392      1
   209    777      1
   210    133      1
   210    365      1
   211    141      1
   211    826      1
   212     44      1
   212    250      1
   213    188      1
   213    371      1
   213    506      1
   214      8      1
   214    401      1
   214    498      1
   214    762      1
   215    117      1
   215    564      1
   216     25      1
   217     14      1
   217    428      1
   218    106      1
   219     17      1
   219    760      1
   220    198      1
   220    230      1
   221    106      1
   221    232      1
   222    114      1
   223     27      1
   223    618      1
   223    713      1
   223    733      1
   224    164      1
   224    333      1
   225     95      1
   225    240      1
   226     24      1
   227    185      1
   227    366      1
   227    412      1
   227    809      1
   228    124      1
   229      5      1
   230    220      1
   230    728      1
   231      0      1
   231    865      1
   232    221      1
   233    178      1
   233    288      1
   233    311      1
   233    536      1
   234    195      1
   234    346      1
   234    390      1
   234    575      1
   235     60      1
   235    757      1
   236     63      1
   236    617      1
   236    654      1
   237    206      1
   237    537      1
   237    807      1
   238    183      1
   239     59      1
   239    242      1
   239    259      1
   239    336      1
   239    389      1
   239    893      1
   240    225      1
   241     71      1
   242    239      1
   242    535      1
   243     86      1
   243    260      1
   244     84      1
   245    189      1
   246     86      1
   246    789      1
   247    192      1
   248    117      1
   248    743      1
   249    120      1
   249    679      1
   250    212      1
   250    856      1
   251    135      1
   251    303      1
   252     12      1
   252    471      1
   252    737      1
   252    738      1
   253     20      1
   253    278      1
   253    419      1
   254     97      1
   254    380      1
   255    175      1
   256     18      1
   256    359      1
   257    182      1
   257    267      1
   258    161      1
   258    871      1
   259    239      1
   259    547      1
   260    243      1
   260    265      1
   260    353      1
   260    398      1
   260    662      1
   261     53      1
   261    343      1
   262    177      1
   262    296      1
   262    480      1
   263     59      1
   264    120      1
   264    681      1
   265    260      1
   265    361      1
   266    170      1
   266    290      1
   266    308      1
   266    370      1
   267    257      1
   267    583      1
   268    179      1
   268    356      1
   268    578      1
   269    165      1
   270    208      1
   270    337      1
   270    497      1
   270    620      1
   271     82      1
   271    451      1
   271    691      1
   272    126      1
   272    534      1
   272    793      1
   273     72      1
   273    331      1
   273    603      1
   274    191      1
   274    775      1
   275    154      1
   275    355      1
   276     26      1
   277    115      1
   277    556      1
   278    253      1
   278    526      1
   278    726      1
   279    101      1
   279    551      1
   279    642      1
   279    891      1
   279    897      1
   280     74      1
   281     24      1
   282     51      1
   282    424      1
   282    861      1
   283    208      1
   284     43      1
   284    663      1
   284    845      1
   285     52      1
   286     58      1
   286    323      1
   287    104      1
   288    233      1
   289     57      1
   289    300      1
   290    266      1
   290    474      1
   291     56      1
   292    135      1
   292    626      1
   292    637      1
   293     69      1
   293    426      1
   293    462      1
   293    482      1
   294    125      1
   295     22      1
   295    721      1
   296    262      1
   296    684      1
   297    174      1
   297    408      1
   298    181      1
   299     76      1
   299    574      1
   300    289      1
   300    306      1
   300    683      1
   301     27      1
   301    800      1
   302    209      1
   303    251      1
   303    381      1
   303    458      1
   304    209      1
   305    208      1
   305    539      1
   305    570      1
   306    300      1
   307     65      1
   307    858      1
   308    266      1
   308    368      1
   308    677      1
   308    796      1
   309    208      1
   309    404      1
   310    132      1
   310    655      1
   311    233      1
   311    405      1
   311    579      1
   312     87      1
   313     89      1
   314     48      1
   314    326      1
   314    540      1
   314    611      1
   315    161      1
   316      4      1
   317    181      1
   317    406      1
   318    174      1
   318    630      1
   319    138      1
   319    413      1
   320    137      1
   320    322      1
   321    111      1
   322    320      1
   322    432      1
   323    286      1
   324    207      1
   324    805      1
   325    106      1
   325    504      1
   326    314      1
   327     51      1
   327    423      1
   328     33      1
   329     22      1
   329    532      1
   330    125      1
   331    273      1
   332    123      1
   333    224      1
   334    185      1
   334    414      1
   334    456      1
   334    477      1
   334    718      1
   334    754      1
   335    123      1
   336    239      1
   336    614      1
   337    270      1
   337    345      1
   337    601      1
   338    143      1
   338    522      1
   338    832      1
   339    204      1
   339    585      1
   340     69      1
   340    383      1
   340    416      1
   341     76      1
   342    207      1
   342    632      1
   343    261      1
   343    550      1
   344    144      1
   344    455      1
   344    577      1
   344    894      1
   345    337      1
   345    870      1
   346    234      1
   347      1      1
   348    207      1
   349     48      1
   350     78      1
   350    417      1
   351     52      1
   351    469      1
   352    160      1
   352    566      1
   353    260      1
   354    127      1
   354    375      1
   355    275      1
   355    525      1
   356    268      1
   356    364      1
   356    639      1
   357    146      1
   357    472      1
   357    593      1
   358    174      1
   358    420      1
   359    256      1
   359    766      1
   360    104      1
   360    759      1
   361    265      1
   362     75      1
   362    443      1
   362    687      1
   362    767      1
   363    190      1
   364    356      1
   364    509      1
   365    210      1
   366    227      1
   367     61      1
   368    308      1
   368    425      1
   368    464      1
   368    612      1
   369    118      1
   369    510      1
   370    266      1
   371    213      1
   372     27      1
   373    128      1
   373    496      1
   374    199      1
   375    354      1
   376    164      1
   377    151      1
   378    176      1
   379     51      1
   379    747      1
   380    254      1
   380    502      1
   381    303      1
   381    546      1
   381    852      1
   382    147      1
   383    340      1
   384    171      1
   384    866      1
   385     20      1
   385    440      1
   385    657      1
   386     75      1
   387    117      1
   387    857      1
   388    161      1
   389    239      1
   389    627      1
   390    234      1
   390    563      1
   390    631      1
   390    646      1
   390    791      1
   391     20      1
   392    209      1
   393     68      1
   394     82      1
   395    154      1
   395    543      1
   396     20      1
   396    746      1
   397    169      1
   398    260      1
   398    554      1
   399    170      1
   399    892      1
   400    181      1
   400    823      1
   401    214      1
   401    785      1
   402    141      1
   402    434      1
   403    126      1
   403    573      1
   404    309      1
   405    311      1
   406    317      1
   406    769      1
   407    155      1
   407    702      1
   408    297      1
   409      3      1
   410    208      1
   411     16      1
   411    712      1
   412    227      1
   412    597      1
   413    319      1
   413    448      1
   413    875      1
   414    334      1
   414    560      1
   415    104      1
   415    445      1
   416    340      1
   416    592      1
   417    350      1
   417    527      1
   418      4      1
   418    732      1
   418    813      1
   419    253      1
   420    358      1
   420    421      1
   420    602      1
   421    420      1
   422    208      1
   423    327      1
   423    569      1
   424    282      1
   424    463      1
   425    368      1
   425    778      1
   425    811      1
   426    293      1
   426    493      1
   427     83      1
   428    217      1
   429     24      1
   429    481      1
   430     28      1
   431     89      1
   432    322      1
   433     37      1
   433    572      1
   434    402      1
   435     55      1
   436     37      1
   436    512      1
   437     10      1
   438    159      1
   438    450      1
   438    615      1
   439    147      1
   439    452      1
   439    643      1
   439    844      1
   440    385      1
   441    184      1
   441    802      1
   442     88      1
   443    362      1
   443    839      1
   444     33      1
   444    670      1
   444    753      1
   445    415      1
   445    461      1
   446      9      1
   446    513      1
   446    690      1
   447    198      1
   447    562      1
   447    717      1
   448    413      1
   448    544      1
   448    624      1
   449     77      1
   450    438      1
   450    589      1
   450    803      1
   451    271      1
   452    439      1
   452    633      1
   453    170      1
   454    190      1
   454    666      1
   455    344      1
   455    675      1
   456    334      1
   457     24      1
   458    303      1
   459      2      1
   460    181      1
   460    629      1
   461    445      1
   462    293      1
   462    700      1
   462    776      1
   463    424      1
   463    843      1
   464    368      1
   464    641      1
   465    189      1
   466    102      1
   467    173      1
   468    144      1
   468    701      1
   469    351      1
   469    783      1
   470    142      1
   471    252      1
   472    357      1
   473    134      1
   474    290      1
   475    130      1
   476     27      1
   477    334      1
   477    549      1
   478    202      1
   479     54      1
   479    542      1
   479    727      1
   480    262      1
   480    590      1
   481    429      1
   482    293      1
   482    613      1
   483    140      1
   484     92      1
   484    529      1
   485    158      1
   486     43      1
   486    557      1
   487     86      1
   487    664      1
   488     61      1
   489     59      1
   489    533      1
   490    129      1
   491      8      1
   491    773      1
   491    873      1
   492      4      1
   493    426      1
   494    101      1
   494    651      1
   495    169      1
   496    373      1
   497    270      1
   497    855      1
   498    214      1
   499     58      1
   499    887      1
   500     39      1
   500    634      1
   501     53      1
   502    380      1
   503    139      1
   504    325      1
   505    202      1
   506    213      1
   507     15      1
   508     32      1
   508    558      1
   509    364      1
   509    635      1
   510    369      1
   510    661      1
   511    158      1
   512    436      1
   513    446      1
   514     34      1
   514    552      1
   515     89      1
   516     54      1
   517     91      1
   518    129      1
   518    876      1
   519     22      1
   519    538      1
   520     91      1
   521     43      1
   521    784      1
   522    338      1
   523    126      1
   524    155      1
   525    355      1
   525    822      1
   526    278      1
   527    417      1
   528    124      1
   529    484      1
   530    200      1
   530    571      1
   531    112      1
   532    329      1
   533    489      1
   534    272      1
   535    242      1
   536    233      1
   537    237      1
   537    685      1
   538    519      1
   538    638      1
   539    305      1
   539    707      1
   540    314      1
   540    830      1
   541    116      1
   542    479      1
   543    395      1
   543    741      1
   544    448      1
   544    828      1
   545    142      1
   546    381      1
   547    259      1
   548     56      1
   549    477      1
   550    343      1
   550    851      1
   551    279      1
   551    598      1
   552    514      1
   553    112      1
   554    398      1
   555    166      1
   556    277      1
   556    825      1
   557    486      1
   558    508      1
   558    882      1
   559    186      1
   560    414      1
   560    650      1
   561    112      1
   562    447      1
   563    390      1
   564    215      1
   565    182      1
   566    352      1
   566    867      1
   567    144      1
   568     72      1
   568    693      1
   568    838      1
   569    423      1
   569    587      1
   569    656      1
   570    305      1
   571    530      1
   571    768      1
   571    817      1
   572    433      1
   573    403      1
   573    648      1
   574    299      1
   575    234      1
   576     20      1
   577    344      1
   578    268      1
   579    311      1
   580    122      1
   581    102      1
   581    689      1
   582    197      1
   582    621      1
   583    267      1
   583    667      1
   584    145      1
   585    339      1
   585    686      1
   586    154      1
   586    680      1
   587    569      1
   588     61      1
   589    450      1
   590    480      1
   591     53      1
   591    714      1
   592    416      1
   592    764      1
   593    357      1
   593    625      1
   594     90      1
   594    725      1
   594    833      1
   595     63      1
   596     42      1
   596    703      1
   597    412      1
   597    780      1
   598    551      1
   599     65      1
   600     45      1
   601    337      1
   602    420      1
   603    273      1
   604    205      1
   605     44      1
   605    645      1
   605    883      1
   606    204      1
   607    178      1
   608     53      1
   608    644      1
   609     18      1
   609    678      1
   610    190      1
   610    781      1
   611    314      1
   612    368      1
   613    482      1
   613    692      1
   614    336      1
   615    438      1
   616    115      1
   617    236      1
   618    223      1
   619      6      1
   620    270      1
   621    582      1
   622     89      1
   623    140      1
   624    448      1
   625    593      1
   626    292      1
   626    636      1
   627    389      1
   627    814      1
   628    182      1
   629    460      1
   629    786      1
   630    318      1
   631    390      1
   632    342      1
   632    763      1
   633    452      1
   633    668      1
   634    500      1
   635    509      1
   636    626      1
   636    761      1
   637    292      1
   637    674      1
   638    538      1
   639    356      1
   640    111      1
   641    464      1
   641    731      1
   642    279      1
   643    439      1
   643    723      1
   643    884      1
   644    608      1
   645    605      1
   646    390      1
   646    673      1
   646    739      1
   647    144      1
   647    742      1
   648    573      1
   649     10      1
   649    818      1
   650    560      1
   650    724      1
   651    494      1
   651    849      1
   652    111      1
   652    669      1
   653      4      1
   654    236      1
   654    834      1
   655    310      1
   656    569      1
   656    697      1
   657    385      1
   658    184      1
   658    788      1
   659     13      1
   660    133      1
   660    740      1
   660    853      1
   661    510      1
   662    260      1
   663    284      1
   663    748      1
   664    487      1
   665     57      1
   666    454      1
   667    583      1
   668    633      1
   668    682      1
   669    652      1
   669    846      1
   670    444      1
   671    172      1
   672     37      1
   673    646      1
   674    637      1
   675    455      1
   676    161      1
   676    792      1
   677    308      1
   678    609      1
   679    249      1
   680    586      1
   681    264      1
   681    755      1
   682    668      1
   682    744      1
   683    300      1
   683    771      1
   684    296      1
   684    688      1
   685    537      1
   686    585      1
   687    362      1
   688    684      1
   688    749      1
   689    581      1
   690    446      1
   691    271      1
   692    613      1
   693    568      1
   694    105      1
   695     43      1
   696     20      1
   697    656      1
   697    874      1
   698    123      1
   699     68      1
   700    462      1
   700    864      1
   701    468      1
   702    407      1
   702    854      1
   702    880      1
   703    596      1
   704    198      1
   705     74      1
   706     29      1
   707    539      1
   708    127      1
   709    145      1
   710    200      1
   711     83      1
   712    411      1
   713    223      1
   714    591      1
   715     37      1
   716    152      1
   717    447      1
   718    334      1
   719    145      1
   720    171      1
   721    295      1
   722     51      1
   723    643      1
   724    650      1
   725    594      1
   726    278      1
   726    862      1
   727    479      1
   727    765      1
   727    889      1
   728    230      1
   728    820      1
   729    103      1
   729    797      1
   730     82      1
   731    641      1
   731    868      1
   731    878      1
   732    418      1
   733    223      1
   733    847      1
   734    140      1
   735     90      1
   736      6      1
   737    252      1
   738    252      1
   739    646      1
   740    660      1
   741    543      1
   742    647      1
   743    248      1
   743    836      1
   744    682      1
   745     78      1
   746    396      1
   747    379      1
   747    772      1
   748    663      1
   748    751      1
   749    688      1
   750     48      1
   751    748      1
   752     50      1
   753    444      1
   754    334      1
   755    681      1
   756    150      1
   757    235      1
   758     46      1
   759    360      1
   760    219      1
   761    636      1
   762    214      1
   763    632      1
   764    592      1
   765    727      1
   766    359      1
   767    362      1
   768    571      1
   769    406      1
   770     19      1
   771    683      1
   772    747      1
   773    491      1
   774    207      1
   775    274      1
   776    462      1
   777    209      1
   778    425      1
   779    165      1
   780    597      1
   781    610      1
   781    850      1
   782    206      1
   783    469      1
   784    521      1
   785    401      1
   786    629      1
   787    191      1
   788    658      1
   789    246      1
   790    189      1
   790    886      1
   791    390      1
   791    815      1
   792    676      1
   793    272      1
   794     86      1
   795    196      1
   796    308      1
   797    729      1
   798    160      1
   799    130      1
   800    301      1
   801    162      1
   801    860      1
   801    899      1
   802    441      1
   803    450      1
   804     77      1
   804    890      1
   805    324      1
   806    188      1
   806    835      1
   807    237      1
   808     22      1
   809    227      1
   810    106      1
   811    425      1
   811    872      1
   812    127      1
   813    418      1
   813    888      1
   814    627      1
   815    791      1
   816     93      1
   817    571      1
   818    649      1
   819     85      1
   820    728      1
   821    178      1
   822    525      1
   823    400      1
   824     74      1
   825    556      1
   826    211      1
   827     31      1
   828    544      1
   829    172      1
   830    540      1
   831    165      1
   832    338      1
   833    594      1
   834    654      1
   834    837      1
   835    806      1
   836    743      1
   837    834      1
   838    568      1
   839    443      1
   840    175      1
   841     96      1
   842    121      1
   843    463      1
   844    439      1
   845    284      1
   846    669      1
   847    733      1
   848      2      1
   849    651      1
   850    781      1
   851    550      1
   852    381      1
   853    660      1
   854    702      1
   855    497      1
   856    250      1
   857    387      1
   858    307      1
   859     62      1
   860    801      1
   861    282      1
   862    726      1
   863    172      1
   864    700      1
   865    231      1
   866    384      1
   866    896      1
   867    566      1
   868    731      1
   869    112      1
   870    345      1
   871    258      1
   872    811      1
   873    491      1
   874    697      1
   875    413      1
   876    518      1
   877    124      1
   878    731      1
   879    125      1
   880    702      1
   881     14      1
   882    558      1
   883    605      1
   884    643      1
   885     96      1
   886    790      1
   887    499      1
   888    813      1
   889    727      1
   890    804      1
   891    279      1
   892    399      1
   893    239      1
   894    344      1
   895     39      1
   896    866      1
   897    279      1
   898     86      1
   899    801      1
