COORD_X_Y 400
 0.791883   2.28922
0.0144159  0.453763
 0.271896   1.15035
 0.232577   2.18729
  1.86958   2.67549
  2.06614   1.79902
  1.16367   1.93403
  2.37965  0.828798
  2.43537   2.08297
 0.137638  0.872397
 0.168166   1.93316
  0.29088   1.80054
  1.48484   2.18624
  1.90227   2.45907
  1.59991   1.50346
  1.83486    1.1511
  2.45028  0.720005
   1.7708   1.99745
  1.61515   2.33971
  1.05106 0.0664857
  2.61627   1.08688
  2.23798   1.58449
  1.93904   2.81746
 0.420211 0.0441232
  2.20262  0.458408
  0.35653  0.912386
 0.386468    1.8777
  2.39234   2.97343
  0.19691  0.527151
  2.60626  0.272783
 0.199588    0.3192
  2.05879   2.49029
 0.127452   1.23484
 0.404556   1.45566
  1.39932   1.22856
 0.277549  0.800268
 0.262299   2.90935
 0.439058  0.413858
  1.27237   2.25845
0.0963814  0.592586
  1.69743   1.70781
 0.974656   2.89301
 0.496834  0.165636
  0.32356  0.248842
 0.293324  0.454416
  1.34033   1.37103
  1.60133   1.94386
 0.378212   2.92155
  1.36388   2.17764
 0.792835   1.71251
  1.19222   1.06405
 0.844051   1.10164
 0.471087   1.86976
  1.42433   0.42411
  2.87026  0.723377
 0.904424   1.32412
  2.27429   2.60684
 0.572408   2.35679
  2.19749   2.28041
  1.73374   1.17892
 0.938107   1.01624
  1.28947    2.3881
 0.808321    1.4082
   1.7564   1.98105
  1.23408 0.0978067
  1.90723   2.57112
  2.87544   2.14627
  2.23358  0.813997
  1.37386  0.534128
  2.27058   1.82306
  2.03371  0.791646
 0.963589    2.8208
 0.360574   2.00416
   1.3732   1.37252
  2.42682   2.85781
  2.84398   1.83209
  1.50204   1.88117
  2.28845   1.85152
 0.935486  0.112266
  1.41586   1.09675
  1.85166 0.0442348
   2.6762   1.47349
 0.935549   1.76342
0.00310928   1.99736
 0.961732  0.277768
 0.582753  0.572339
  1.77245   1.41731
 0.617666   1.96474
  2.61497   2.69419
 0.425737   1.39419
  2.49899  0.140811
  2.75312   2.00724
   2.0167  0.965031
   2.4143   2.11769
  1.22198   1.37506
0.0490676   0.30897
  2.34878   1.95521
  1.17084  0.135807
    1.507  0.171923
  1.41479  0.974971
 0.464179   1.03095
  1.47737   1.06523
  1.68365   1.53899
   1.7801   2.39676
 0.851117   1.90341
  1.70137   2.69178
  1.31583  0.468494
0.0428755   1.16212
  1.38347   1.38553
  1.34172   2.56019
  1.89106   2.75809
 0.947136   1.80005
  2.50683   2.82021
  2.74267   1.41657
   1.3757   2.78913
  1.32852  0.925633
  2.14432   2.57283
 0.761932   1.51141
  2.23219   2.32415
 0.424359  0.977581
 0.827655  0.139379
  2.30979   2.62882
    2.441  0.104067
   1.3692   1.48152
  1.34087   1.99956
  2.18736   2.75579
  1.78047   1.59888
  2.20415   1.13602
 0.374255   2.60213
  2.83134   1.36953
   2.6489 0.0418726
 0.503297  0.531614
  2.57774   2.94696
  2.04214  0.184656
   1.7827   2.02744
     2.36   2.01865
 0.438851    2.4183
  2.85172   1.54253
  2.26142   2.51872
 0.107799   1.60889
  2.58151   1.45064
 0.258607   1.44625
  2.41883   1.02816
  2.63715   1.51309
  1.66758  0.346191
  0.71922 0.0199316
  1.47313  0.745366
  1.58899   2.26647
 0.910104   1.79414
   1.3524   1.21002
  0.71408   2.55007
  2.28498   2.42723
 0.994554   2.47187
  1.66214   2.69442
  1.03046   2.71621
  1.79404   1.78994
  1.69978   2.87285
  2.82446   1.82342
  1.32105   1.88977
  2.43665   2.55859
  1.09042   2.14497
 0.522269   2.88784
  2.27918  0.172171
  2.58673   2.77735
  1.54619   1.33869
  2.73307  0.909192
  1.53559  0.660151
  1.11597   1.40344
 0.249211   1.95895
 0.387806  0.324205
  2.45084   2.74019
  2.45849   1.32409
  2.16775   1.37532
  0.82489   2.95495
  1.08348  0.332724
  1.83384  0.405828
 0.284579  0.854535
  1.21157   1.33937
 0.675116  0.699991
 0.597108   1.13827
  1.68686   2.66569
 0.798103   0.87223
 0.235734 0.0810211
  2.94112   2.15263
  2.85163   1.89808
 0.185909   1.72562
  1.31701  0.994627
  1.44968   1.67898
  2.64649   1.64829
 0.965298  0.326172
  0.72547   0.27061
 0.894042  0.892287
  1.43041  0.808871
  2.02782   2.47735
 0.960097   2.25895
  1.60487   2.54632
  2.28259   1.69596
  1.71512   1.44892
  1.42932   2.10718
  2.14277   2.06903
 0.789839  0.189507
 0.412393   2.16249
  2.13883  0.782271
 0.359357   2.99506
 0.523199  0.889832
 0.713145   1.67891
  1.05828   2.46583
  1.78557   1.77424
  1.41276  0.393065
 0.630598   1.19765
  1.97698   1.51313
  2.30851  0.978286
  2.19921   2.07003
  0.20687   2.05482
  2.53504    1.4662
0.0555057   1.89602
 0.204185  0.293427
  2.84463   1.60421
 0.470991   1.15796
  2.62552  0.611209
  1.00436   2.73708
  2.43018   1.47638
 0.312545   1.28584
  1.18303   1.83632
  2.47094   2.22199
  2.62082  0.137185
  2.94354   2.87131
  2.43139  0.393793
 0.163761   0.64698
  1.92278  0.559173
0.0659471   1.60337
  1.02687  0.636184
  2.56944   2.81337
  1.68438   2.28207
   2.2457   2.19698
 0.635908  0.112828
  2.72165   1.39362
  1.88317  0.879749
   0.7978   1.19809
  1.92281   2.32247
 0.692451   1.68251
0.0863887 0.00475231
  1.11797 0.00916483
 0.792511  0.553552
   0.8818  0.158591
  1.89996  0.714086
 0.521459  0.522421
  2.74645   2.93652
  1.98072   2.81573
  2.58363  0.399194
  2.02222  0.455482
  1.53035   2.32889
 0.956202   2.17712
  2.52582  0.553914
  2.80338   2.49155
 0.921221   2.98873
0.0471173   1.96905
  2.62495   2.33234
  1.77661   2.46189
  1.79686   2.71911
  2.27827   0.60922
  1.78744   2.85137
  1.23947  0.140651
  1.77101 0.0626339
  2.93384   1.44887
 0.399932   1.20595
  2.56904  0.483494
  2.45863   1.11896
  2.09883  0.540994
  1.89131   2.47709
   2.7353   2.29148
  2.74712   0.32443
 0.385795  0.239751
  1.55451   2.96227
  2.11355   2.48945
  2.64836   2.30908
  1.33658   1.63346
  1.24244   2.35868
 0.728294   1.48404
0.00426598  0.156378
  2.58177   1.17579
  1.84183   1.25983
  2.58381  0.527556
 0.357681   1.97937
 0.686708   2.92216
  2.72339   2.90689
 0.931002  0.927095
  2.19941  0.325329
 0.479602  0.917462
  2.63917   2.27681
  1.92657   1.45516
 0.641001  0.978517
0.0473652  0.256858
  2.18153   1.22243
 0.554677    1.0478
    1.233  0.535261
  1.87424  0.034036
  1.63002    2.7364
 0.115212  0.840839
 0.626092 0.0839206
 0.720036   2.44421
  2.50452   2.01409
  1.81617   2.81328
 0.435008   1.76178
  1.80127   2.82266
  1.10666   1.98787
  2.75063   1.97808
  1.64807   1.05018
 0.402782  0.269664
 0.161029  0.966507
  1.34564 0.0263746
  1.12834    1.0899
 0.583966   1.36089
  1.47163    2.9125
  1.17747   0.59897
  2.95258   2.19364
 0.143531   2.26267
  2.74706   2.28176
  1.00897   1.87334
  1.09629   1.06691
   0.8758  0.370878
 0.776561  0.569677
  1.17395  0.779573
 0.817792    1.4819
  1.43652  0.265882
  2.97375   1.27628
 0.855777   1.12002
  2.11286   2.63232
  1.61473   1.33609
 0.286567  0.345324
  2.07441   2.58705
  2.09811  0.853524
  1.81353   1.71821
 0.667049   2.76999
  1.14411   2.47489
  2.07694  0.245633
 0.110399   1.08296
  0.48748  0.857486
 0.553183  0.454091
 0.513496  0.185928
  2.42702  0.114296
 0.898636  0.616896
   1.7743   1.29972
  2.19899  0.542912
  2.12707   1.70636
  1.05416  0.176442
  2.00838   2.25864
 0.938148    0.8489
  2.34871   1.45924
  1.84748  0.290093
  1.16792  0.473021
 0.135171    1.6763
 0.641806  0.876796
   2.9465  0.303308
  2.68377  0.476763
  1.00651  0.987089
  1.28886   2.60256
  1.52247   2.75812
  0.48247    2.0573
 0.247074   2.87988
  1.11627  0.584845
  1.80992 0.0176536
   2.4501   2.11561
  2.82008   2.81183
 0.549029   1.24528
  2.30704   2.76188
 0.234541   2.40715
  1.55279  0.370494
0.0437159  0.731829
 0.843493   2.34733
   0.2439    2.7502
 0.565636   2.17292
  0.97641  0.186161
   1.4216   1.07296
 0.767233   2.13775
 0.767149   1.98909
  2.46359    2.6645
   2.4704   0.60067
  1.47476   1.77828
  1.91289   2.15506
 0.369396   1.17275
  1.28927  0.447133
  1.72583   0.37653
0.0931336   1.30384
  1.08654    0.8638
  2.98017   2.27123
  2.81534  0.495331
0.000712385  0.617532
  1.99162    1.1611
    2.036   1.33739
 0.193122   1.25481
  1.07954   2.84298
    0.527  0.723008
  2.17125    1.9621
0.0437567   1.71482
  2.10783   2.41458
  1.12263   2.38033
  1.18392  0.920465
  1.43164   2.66329
  1.73393   1.67725
LINKS_SOURCE_DESTINATION_DISTANCE 798
     0      1      1
     0     18      1
     0     38      1
     0    196      1
     1      0      1
     1      2      1
     1      3      1
     1      6      1
     1     14      1
     1     29      1
     1     36      1
     1     77      1
     1     79      1
     1    121      1
     1    132      1
     2      1      1
     2      7      1
     2     20      1
     2     43      1
     2     52      1
     2    176      1
     2    387      1
     3      1      1
     3      4      1
     3      5      1
     3      8      1
     3     23      1
     3    160      1
     3    220      1
     4      3      1
     4     39      1
     4     47      1
     4     69      1
     4    268      1
     5      3      1
     5     16      1
     5     30      1
     5     31      1
     5    209      1
     6      1      1
     6     10      1
     6     13      1
     6     66      1
     6     76      1
     6    137      1
     6    164      1
     6    212      1
     6    368      1
     7      2      1
     7     11      1
     7     51      1
     7    230      1
     7    338      1
     8      3      1
     8      9      1
     8     25      1
     8     50      1
     8     62      1
     8    265      1
     9      8      1
     9     12      1
     9     21      1
    10      6      1
    10    113      1
    10    185      1
    11      7      1
    11     33      1
    11     91      1
    11     92      1
    11    341      1
    12      9      1
    12     15      1
    12     24      1
    12     27      1
    12    108      1
    12    118      1
    12    134      1
    12    158      1
    13      6      1
    14      1      1
    14     35      1
    14     98      1
    14    174      1
    15     12      1
    15     17      1
    15    243      1
    15    247      1
    15    275      1
    16      5      1
    16    184      1
    17     15      1
    17     19      1
    17     22      1
    17     67      1
    17     93      1
    18      0      1
    18     32      1
    18     40      1
    18     61      1
    19     17      1
    19     26      1
    19     54      1
    20      2      1
    20     46      1
    21      9      1
    21     37      1
    21    115      1
    21    274      1
    22     17      1
    22     55      1
    22    103      1
    22    105      1
    22    133      1
    22    360      1
    23      3      1
    23     34      1
    24     12      1
    24     63      1
    25      8      1
    25    237      1
    25    398      1
    26     19      1
    26     28      1
    26     94      1
    26    107      1
    26    210      1
    26    357      1
    27     12      1
    27     58      1
    27    239      1
    28     26      1
    28     45      1
    28    276      1
    29      1      1
    29     53      1
    30      5      1
    30     64      1
    30    208      1
    31      5      1
    31     44      1
    31    207      1
    31    332      1
    32     18      1
    32     48      1
    33     11      1
    33     57      1
    33     85      1
    33    116      1
    33    149      1
    33    322      1
    34     23      1
    34    337      1
    35     14      1
    35     59      1
    35    286      1
    35    311      1
    35    328      1
    35    330      1
    36      1      1
    36     60      1
    36    106      1
    36    135      1
    36    228      1
    36    281      1
    36    333      1
    36    355      1
    37     21      1
    37    340      1
    37    396      1
    38      0      1
    38     65      1
    38    271      1
    39      4      1
    39     41      1
    39     78      1
    40     18      1
    40     42      1
    40    148      1
    40    226      1
    40    246      1
    41     39      1
    41    183      1
    41    393      1
    42     40      1
    42     83      1
    42    126      1
    42    309      1
    43      2      1
    43     49      1
    43    101      1
    43    293      1
    44     31      1
    44     68      1
    45     28      1
    45     56      1
    45    136      1
    45    156      1
    46     20      1
    46     95      1
    46    112      1
    46    195      1
    47      4      1
    47     82      1
    47     88      1
    47    111      1
    47    114      1
    48     32      1
    48     70      1
    48    124      1
    48    152      1
    48    180      1
    48    325      1
    48    366      1
    49     43      1
    49     75      1
    49    157      1
    50      8      1
    50    267      1
    50    346      1
    51      7      1
    51     72      1
    52      2      1
    52    130      1
    52    144      1
    52    146      1
    53     29      1
    53     90      1
    54     19      1
    55     22      1
    55     73      1
    55     99      1
    55    273      1
    56     45      1
    56     96      1
    56    356      1
    57     33      1
    57     81      1
    57     84      1
    57    104      1
    58     27      1
    58    385      1
    59     35      1
    59    129      1
    60     36      1
    61     18      1
    62      8      1
    62    165      1
    62    261      1
    63     24      1
    64     30      1
    64    120      1
    64    166      1
    64    211      1
    65     38      1
    65     80      1
    65     87      1
    65    100      1
    65    251      1
    66      6      1
    66     71      1
    66    119      1
    66    245      1
    67     17      1
    67    163      1
    67    227      1
    68     44      1
    68    102      1
    68    131      1
    69      4      1
    69     74      1
    69     89      1
    69    125      1
    69    127      1
    70     48      1
    70     97      1
    70    142      1
    71     66      1
    71    117      1
    72     51      1
    72    278      1
    73     55      1
    73    219      1
    74     69      1
    74     86      1
    74    147      1
    74    175      1
    75     49      1
    76      6      1
    77      1      1
    78     39      1
    78    256      1
    79      1      1
    79    138      1
    80     65      1
    80    324      1
    81     57      1
    81    221      1
    82     47      1
    82    280      1
    83     42      1
    83    109      1
    83    154      1
    84     57      1
    84    284      1
    85     33      1
    85    177      1
    86     74      1
    86    110      1
    86    223      1
    87     65      1
    88     47      1
    89     69      1
    90     53      1
    90    141      1
    91     11      1
    92     11      1
    93     17      1
    93    203      1
    93    224      1
    93    306      1
    93    308      1
    94     26      1
    94    139      1
    95     46      1
    96     56      1
    96    123      1
    97     70      1
    97    128      1
    97    232      1
    98     14      1
    98    190      1
    98    238      1
    99     55      1
    99    191      1
   100     65      1
   100    122      1
   100    188      1
   100    390      1
   101     43      1
   101    334      1
   101    391      1
   102     68      1
   102    169      1
   103     22      1
   104     57      1
   104    179      1
   104    382      1
   105     22      1
   106     36      1
   106    143      1
   106    153      1
   107     26      1
   107    150      1
   108     12      1
   108    187      1
   108    241      1
   109     83      1
   110     86      1
   110    218      1
   111     47      1
   111    161      1
   112     46      1
   112    194      1
   112    389      1
   113     10      1
   114     47      1
   115     21      1
   115    193      1
   115    258      1
   116     33      1
   116    168      1
   116    172      1
   117     71      1
   118     12      1
   119     66      1
   119    151      1
   119    253      1
   120     64      1
   120    312      1
   121      1      1
   122    100      1
   122    285      1
   123     96      1
   123    140      1
   123    178      1
   123    229      1
   124     48      1
   125     69      1
   126     42      1
   126    295      1
   127     69      1
   127    186      1
   128     97      1
   129     59      1
   129    255      1
   130     52      1
   130    145      1
   131     68      1
   131    171      1
   131    235      1
   131    248      1
   131    299      1
   131    327      1
   132      1      1
   132    173      1
   133     22      1
   133    354      1
   134     12      1
   134    343      1
   135     36      1
   135    200      1
   135    269      1
   135    314      1
   136     45      1
   137      6      1
   137    249      1
   138     79      1
   138    289      1
   139     94      1
   139    279      1
   139    318      1
   140    123      1
   140    170      1
   141     90      1
   142     70      1
   142    159      1
   142    181      1
   143    106      1
   143    262      1
   144     52      1
   145    130      1
   146     52      1
   146    198      1
   147     74      1
   148     40      1
   148    349      1
   149     33      1
   150    107      1
   150    155      1
   151    119      1
   151    197      1
   151    394      1
   152     48      1
   152    380      1
   153    106      1
   153    304      1
   154     83      1
   154    301      1
   154    383      1
   155    150      1
   155    167      1
   155    217      1
   155    375      1
   156     45      1
   156    234      1
   157     49      1
   158     12      1
   158    214      1
   158    310      1
   158    399      1
   159    142      1
   160      3      1
   161    111      1
   161    162      1
   162    161      1
   163     67      1
   163    358      1
   163    384      1
   164      6      1
   164    182      1
   164    205      1
   165     62      1
   165    189      1
   166     64      1
   167    155      1
   167    192      1
   168    116      1
   168    199      1
   168    213      1
   169    102      1
   169    240      1
   170    140      1
   171    131      1
   172    116      1
   172    364      1
   173    132      1
   173    266      1
   174     14      1
   175     74      1
   176      2      1
   176    297      1
   177     85      1
   177    272      1
   178    123      1
   178    225      1
   178    257      1
   179    104      1
   179    259      1
   180     48      1
   181    142      1
   181    392      1
   182    164      1
   182    231      1
   182    302      1
   182    381      1
   183     41      1
   183    204      1
   184     16      1
   184    216      1
   184    294      1
   184    362      1
   185     10      1
   186    127      1
   187    108      1
   187    206      1
   188    100      1
   188    244      1
   189    165      1
   190     98      1
   191     99      1
   191    252      1
   192    167      1
   193    115      1
   194    112      1
   194    202      1
   195     46      1
   195    336      1
   196      0      1
   197    151      1
   198    146      1
   198    291      1
   198    388      1
   199    168      1
   199    201      1
   200    135      1
   201    199      1
   202    194      1
   203     93      1
   204    183      1
   204    270      1
   204    303      1
   205    164      1
   206    187      1
   206    215      1
   207     31      1
   207    233      1
   207    254      1
   208     30      1
   209      5      1
   210     26      1
   211     64      1
   211    260      1
   212      6      1
   212    316      1
   212    379      1
   213    168      1
   214    158      1
   214    296      1
   215    206      1
   215    350      1
   216    184      1
   217    155      1
   217    329      1
   217    365      1
   218    110      1
   218    287      1
   219     73      1
   220      3      1
   220    222      1
   221     81      1
   221    263      1
   222    220      1
   223     86      1
   224     93      1
   225    178      1
   225    250      1
   226     40      1
   226    320      1
   227     67      1
   228     36      1
   229    123      1
   230      7      1
   231    182      1
   232     97      1
   232    236      1
   232    242      1
   233    207      1
   234    156      1
   235    131      1
   236    232      1
   236    323      1
   236    345      1
   237     25      1
   238     98      1
   239     27      1
   239    290      1
   240    169      1
   241    108      1
   241    363      1
   242    232      1
   242    347      1
   242    376      1
   243     15      1
   243    305      1
   244    188      1
   244    283      1
   245     66      1
   246     40      1
   247     15      1
   247    282      1
   247    344      1
   248    131      1
   249    137      1
   249    264      1
   250    225      1
   251     65      1
   252    191      1
   252    300      1
   252    373      1
   253    119      1
   254    207      1
   255    129      1
   255    369      1
   256     78      1
   257    178      1
   257    288      1
   258    115      1
   259    179      1
   259    298      1
   260    211      1
   260    292      1
   260    377      1
   261     62      1
   261    277      1
   262    143      1
   263    221      1
   264    249      1
   265      8      1
   265    331      1
   265    359      1
   266    173      1
   266    317      1
   267     50      1
   268      4      1
   269    135      1
   270    204      1
   271     38      1
   272    177      1
   273     55      1
   274     21      1
   275     15      1
   276     28      1
   277    261      1
   278     72      1
   279    139      1
   280     82      1
   280    351      1
   281     36      1
   281    315      1
   282    247      1
   283    244      1
   284     84      1
   285    122      1
   286     35      1
   286    353      1
   287    218      1
   288    257      1
   289    138      1
   289    307      1
   290    239      1
   290    342      1
   291    198      1
   291    367      1
   292    260      1
   293     43      1
   294    184      1
   295    126      1
   296    214      1
   297    176      1
   298    259      1
   299    131      1
   300    252      1
   301    154      1
   302    182      1
   303    204      1
   304    153      1
   305    243      1
   305    313      1
   306     93      1
   307    289      1
   308     93      1
   309     42      1
   310    158      1
   310    370      1
   311     35      1
   311    321      1
   312    120      1
   313    305      1
   314    135      1
   314    335      1
   314    378      1
   315    281      1
   316    212      1
   317    266      1
   318    139      1
   318    319      1
   319    318      1
   320    226      1
   321    311      1
   322     33      1
   322    326      1
   323    236      1
   324     80      1
   325     48      1
   325    374      1
   326    322      1
   327    131      1
   327    339      1
   328     35      1
   329    217      1
   330     35      1
   331    265      1
   332     31      1
   333     36      1
   333    372      1
   334    101      1
   334    352      1
   335    314      1
   336    195      1
   337     34      1
   338      7      1
   339    327      1
   340     37      1
   341     11      1
   341    386      1
   342    290      1
   343    134      1
   344    247      1
   345    236      1
   346     50      1
   346    348      1
   347    242      1
   348    346      1
   348    397      1
   349    148      1
   350    215      1
   351    280      1
   352    334      1
   353    286      1
   353    361      1
   354    133      1
   355     36      1
   356     56      1
   357     26      1
   358    163      1
   359    265      1
   359    371      1
   360     22      1
   361    353      1
   362    184      1
   363    241      1
   364    172      1
   365    217      1
   366     48      1
   367    291      1
   368      6      1
   369    255      1
   370    310      1
   371    359      1
   372    333      1
   373    252      1
   374    325      1
   375    155      1
   376    242      1
   377    260      1
   378    314      1
   379    212      1
   380    152      1
   381    182      1
   382    104      1
   383    154      1
   383    395      1
   384    163      1
   385     58      1
   386    341      1
   387      2      1
   388    198      1
   389    112      1
   390    100      1
   391    101      1
   392    181      1
   393     41      1
   394    151      1
   395    383      1
   396     37      1
   397    348      1
   398     25      1
   399    158      1
