COORD_X_Y 90
  2.87904  0.227768
 0.175302   2.81966
 0.964716   1.17794
  2.23438   2.67718
  2.32586   1.63633
  1.26007  0.290498
 0.306612  0.935748
  2.67099   1.96809
  1.89505   2.56877
 0.492542   2.60458
  1.36095   2.84303
  2.69142   1.26081
  1.60487  0.933269
 0.843762   2.32289
  1.72706   1.70039
 0.535862  0.948083
  2.86435   1.50126
  2.90529   1.81415
  1.88836   2.86156
  1.17738   2.59705
  1.01951   1.64719
 0.754087   1.01364
 0.228716    2.8792
  2.38252   1.19549
 0.344135   2.60376
 0.802581  0.515655
  2.07508   1.27071
  2.49958   1.03471
  0.39808   1.38236
  1.65198  0.633312
  2.11003   1.64527
  1.33979   2.73942
 0.537508  0.933343
 0.761076   1.03103
 0.826215   1.08862
   2.1695   1.84489
 0.805231   1.71974
 0.623246  0.337907
 0.865563   1.22583
 0.823943  0.889272
 0.308425  0.701541
 0.271613   2.90566
   2.0343   1.42363
 0.117602   2.77138
  0.49576   2.38004
  1.84418   2.85229
  1.70113   2.91509
  1.04337  0.886525
  2.62698    2.4213
 0.320635   1.99642
 0.321226  0.558741
  2.68856   2.36166
  1.82124   2.30332
  2.45965  0.375155
 0.233729   2.68586
   1.0946   2.62889
  2.16045   1.62017
  2.37715  0.836021
  2.03663  0.137198
  1.72488   2.90951
  2.24056   1.21154
  1.36844   2.86099
  2.87694   1.87927
  2.11923   2.69312
  2.55836   1.76076
 0.929877   1.63387
 0.991541   2.69169
 0.269928   2.26254
  2.81403    1.2107
  1.06077   0.78464
 0.618537   2.90925
  1.17207   2.01744
 0.915664   2.66593
  1.37497   2.81205
  2.07087   1.08294
  1.10494   2.85129
 0.819561   2.10144
  2.13368   1.81805
 0.549987  0.489979
  1.32967   1.45249
  2.28561  0.090877
 0.418228    2.0271
  2.40666  0.829905
  2.45552   2.43057
  1.74318  0.155414
  2.41809   1.62908
  2.70076   1.69014
  1.62647   2.27577
 0.261052   1.57268
  1.26957   1.16838
LINKS_SOURCE_DESTINATION_DISTANCE 178
     0      1      1
     0      7      1
     0     15      1
     0     25      1
     0     41      1
     0     78      1
     1      0      1
     1      2      1
     1      4      1
     1     13      1
     1     23      1
     1     29      1
     1     55      1
     2      1      1
     2      3      1
     2      5      1
     2     10      1
     2     11      1
     2     33      1
     2     34      1
     3      2      1
     3     17      1
     3     85      1
     4      1      1
     4     70      1
     4     86      1
     5      2      1
     5      6      1
     5      9      1
     5     88      1
     6      5      1
     6      8      1
     6     12      1
     6     31      1
     6     63      1
     7      0      1
     8      6      1
     8     69      1
     9      5      1
     9     24      1
    10      2      1
    10     43      1
    10     48      1
    10     66      1
    11      2      1
    11     19      1
    11     28      1
    12      6      1
    12     14      1
    12     16      1
    12     27      1
    13      1      1
    13     45      1
    13     57      1
    13     59      1
    13     73      1
    14     12      1
    14     21      1
    14     39      1
    14     52      1
    15      0      1
    15     36      1
    15     80      1
    16     12      1
    16     18      1
    17      3      1
    17     20      1
    17     22      1
    17     49      1
    17     50      1
    18     16      1
    19     11      1
    20     17      1
    21     14      1
    21     40      1
    21     46      1
    21     79      1
    21     82      1
    22     17      1
    22     38      1
    22     44      1
    23      1      1
    23     26      1
    23     30      1
    23     32      1
    24      9      1
    24     54      1
    25      0      1
    26     23      1
    27     12      1
    27     42      1
    27     61      1
    28     11      1
    29      1      1
    29     51      1
    30     23      1
    31      6      1
    31     37      1
    32     23      1
    33      2      1
    33     35      1
    34      2      1
    35     33      1
    35     53      1
    35     81      1
    36     15      1
    36     58      1
    37     31      1
    38     22      1
    38     47      1
    39     14      1
    40     21      1
    41      0      1
    42     27      1
    43     10      1
    43     75      1
    44     22      1
    45     13      1
    45     83      1
    46     21      1
    46     65      1
    46     71      1
    46     76      1
    47     38      1
    48     10      1
    49     17      1
    50     17      1
    50     74      1
    51     29      1
    52     14      1
    52     56      1
    52     64      1
    53     35      1
    53     60      1
    53     62      1
    53     68      1
    54     24      1
    55      1      1
    56     52      1
    56     77      1
    56     84      1
    57     13      1
    58     36      1
    58     72      1
    59     13      1
    60     53      1
    61     27      1
    62     53      1
    63      6      1
    64     52      1
    65     46      1
    65     67      1
    66     10      1
    67     65      1
    68     53      1
    68     89      1
    69      8      1
    70      4      1
    71     46      1
    72     58      1
    73     13      1
    74     50      1
    75     43      1
    76     46      1
    77     56      1
    78      0      1
    79     21      1
    80     15      1
    81     35      1
    82     21      1
    82     87      1
    83     45      1
    84     56      1
    85      3      1
    86      4      1
    87     82      1
    88      5      1
    89     68      1
