COORD_X_Y 400
 0.973609   1.87493
  2.09923   2.76365
   2.9649  0.292329
  1.32093   1.23045
  1.37594   2.23119
 0.170321   1.29173
    1.095   1.38023
  2.13401   1.10186
  1.51667   1.98678
  2.44128   2.29817
  2.33887   0.27099
  2.58347   2.07676
   2.7793   1.32757
  2.50606  0.985241
  1.30425   0.88763
  2.23352   1.54588
  2.96628    2.3661
 0.283082  0.813747
  2.25477   2.28175
 0.586177   2.79766
  2.66646  0.315094
  1.74453   2.77357
  0.66581   1.48704
   2.6507  0.649524
  2.56558   2.02455
  1.67989  0.470606
  1.92303   2.77291
  1.11086   1.87468
 0.695798  0.949831
 0.490111    2.4891
  2.38461 0.0552506
  1.00906   1.65229
   1.7204    1.4233
  1.51512   2.33495
  1.64625   2.94736
  1.67843  0.534428
  2.01181   1.81456
  1.20767   2.65785
  1.27981   1.62758
 0.417872   2.86351
   2.9567  0.538555
 0.180709   2.90997
  1.98137   1.58407
  2.67937 0.0340332
  1.60276   2.19311
  2.15225    2.4027
  2.56406   1.72093
 0.310151    2.1202
 0.871241   2.73867
  2.53226   1.87891
  1.50598  0.173434
 0.581491  0.876536
 0.056056  0.994681
  2.92061   1.64036
 0.427669   1.46659
  2.94572   1.00467
 0.245541   2.86891
  2.39198   1.29143
  1.21081   2.08331
  2.67233   1.97656
0.0294967   2.93669
  1.36862   2.43477
  2.93834  0.534112
  2.48815  0.701026
 0.282119   0.51149
  1.31776   1.57207
  2.26779   2.32088
 0.615226  0.668505
  1.26868   2.59483
 0.182253  0.433596
  1.93096 0.00465801
 0.506489    2.1528
  1.27562   1.46271
  2.46721  0.121966
 0.690155   2.67511
  1.74029    2.9501
  2.94882   1.64627
 0.574524  0.251663
0.0475786   1.92459
  2.96201  0.342675
 0.741667   1.83102
 0.840164   1.94387
 0.395831    2.8357
  2.96259   2.14509
 0.330731   1.04248
 0.871235  0.410736
 0.550463  0.472881
   1.4127  0.750096
 0.620943   2.36324
  1.53409   2.99143
 0.926088   1.06605
  1.61293   2.80009
   2.0025  0.848914
  2.13671   2.79255
  1.59497  0.199642
0.0809889  0.162044
  2.53085   1.16304
 0.832397   2.99487
  1.98159   1.64717
 0.272051   2.53817
  0.28983   2.14829
  1.64674  0.113715
  2.20628   1.24938
 0.263095    2.9892
  1.93671  0.858888
 0.306698    2.5276
 0.914669    2.8828
  2.62202   2.46127
  1.80806  0.338395
  1.55041  0.696511
 0.765466   1.04395
 0.357321   2.82251
  0.18538   2.06315
  1.53515  0.780365
  2.76551   1.63654
  1.08414   1.29939
 0.707377  0.347007
0.0898911   2.01447
  2.98941  0.883918
  2.09156  0.640769
  2.38782   1.76902
  1.29466   2.37278
 0.212553  0.447701
  1.10713    1.1889
  2.38487    1.0723
  2.57943   1.33012
  2.14518  0.915572
  1.92046  0.513689
 0.260257  0.231238
 0.832096  0.615085
  0.61334   2.34134
  2.80987   1.53498
  2.06615    2.6695
 0.694042   2.21442
 0.213654   1.07597
 0.686333   2.44239
  1.87237   2.50151
  1.27764  0.749116
 0.179378  0.611456
 0.620705   2.18399
  2.75372   1.33244
 0.853113  0.286982
  1.67685   2.20088
  2.95261   2.30977
 0.316889   1.52945
  2.92787   2.48552
  1.36903    2.0965
 0.243411   1.67659
  2.13399   2.44488
  2.55589 0.0538715
  1.09482   1.59592
  1.89802   0.87242
  1.71698  0.809437
  2.68044    1.7521
  2.39193    2.0392
 0.129101   2.63246
  2.72482    2.2502
  2.80921  0.513448
  2.55882   1.95147
  2.01507   1.67174
  2.22576   2.37689
  2.77613  0.955667
   1.9776   1.80339
  1.71066   2.36979
   2.5132  0.716184
  1.92406   2.22645
 0.339002   1.93971
0.00180197   2.08611
0.0926211   2.13376
 0.592001 0.0368052
  2.08429    1.6763
  2.27605   1.23042
  2.66608  0.111668
  0.17624   1.07301
  1.51603   1.86931
 0.624165   2.74539
  2.41843  0.585536
  2.96858   2.58003
  2.46254  0.847821
  2.30243   2.52784
  2.02485  0.558648
 0.977627   1.71634
  1.64438   1.01149
 0.541071   2.98533
  1.63604  0.969931
 0.193207   1.65749
 0.806297   1.39434
 0.583557   1.07724
  1.56169    1.8095
 0.267544 0.0329744
  1.11149  0.180467
  2.80135   0.61206
 0.736662     2.042
  1.13195  0.585614
  2.20481   2.04698
 0.902128   1.39677
   1.7601   1.00313
  2.73212   2.93956
  2.08057   2.49616
  1.28582  0.319308
 0.690216   2.95236
  2.06081   2.76042
  2.51792 0.0539735
  2.93161   1.88387
 0.657023  0.719344
  1.92311  0.232745
 0.778934  0.885605
  2.83713 0.0872449
  1.56622   1.34952
  1.57757   1.89264
  1.91734  0.515537
  1.39736   2.54066
   2.2864   2.44352
  0.91891  0.213194
  1.40518    1.7626
  1.30371   2.76966
 0.889447  0.496965
  0.22913  0.562507
  1.33622  0.995428
  1.47745   2.78796
  1.79609  0.973359
  2.90775   1.41284
  2.28535  0.555244
0.0252936  0.458999
  2.44409   2.38176
  0.34557  0.819695
  2.02231   2.41537
  2.35121  0.263603
  1.43482  0.862303
  2.42352   1.65551
  2.45059  0.297931
 0.535656  0.390628
  1.71289   2.65297
  1.71665   2.74025
  1.28779  0.238717
  1.35896    1.7863
  2.73928   1.13635
  1.92375   1.87167
  1.00261   1.85023
  2.92653  0.518013
0.0132445  0.697887
  2.64365  0.468858
  2.59377   1.57043
 0.209895    1.7465
0.00532776   1.11198
 0.674717   1.30342
  1.15324   2.21559
   2.3945   1.71919
  2.90459   2.13765
 0.855219   2.47967
 0.314079   2.40171
  1.40682  0.473151
  1.03107   2.34123
  1.56877   2.38312
  1.79829   0.80178
  1.33231   1.60054
 0.938049   2.78513
 0.344695   2.24225
   2.3149   1.18275
 0.792177   2.13387
  2.24103   2.52904
 0.119737  0.531808
  2.51086  0.110823
  2.85456   2.08007
  1.44956   2.58588
 0.130011   2.45303
  1.47209   1.16663
  1.29167   2.08752
  1.77559    2.3425
  2.52871  0.813353
  2.20789   2.88274
 0.635544   1.85506
  2.82803   1.87936
  1.26906  0.402945
 0.968156 0.00542563
  1.87006  0.792527
   0.7095   2.54098
  1.00933  0.277777
  1.27851   1.27967
  2.12334   2.99915
  1.57566    2.9094
  1.21089   2.58588
 0.881917   1.43888
 0.684251   1.39763
  2.36642  0.631959
 0.292943  0.592969
0.0702557    1.4855
0.00736586   2.14496
  1.36317  0.427753
 0.366705    2.7531
  0.60494    2.0006
  1.42338  0.682941
  2.33685   1.16556
  2.22464   2.20124
  2.63117   1.48848
   2.1714   2.22156
 0.687799  0.108624
 0.662945   2.30313
  2.05371   1.55708
  0.70197  0.266898
  1.55492   2.66861
  1.19098   2.07444
 0.556598   1.46068
  0.19637  0.262565
  2.33155  0.938674
  1.23292   2.26238
  2.54553   2.76372
  1.05947  0.286322
  1.46307   1.39394
 0.824787    2.4762
0.0313138   1.10938
  2.61912   1.11185
  1.74314  0.945166
 0.292328  0.262683
    2.027   2.08536
  2.05702   0.70086
  1.32662   2.17414
  1.56319  0.532789
  2.58723   2.82218
  1.01412   2.15702
  1.98456  0.733317
 0.309734  0.114752
   1.0224   2.42321
   2.5718   2.59951
  2.21887 0.0498219
    1.424   1.37655
  1.22478   1.21758
  2.13277   1.99617
  1.47679  0.394226
  2.72549   1.12325
 0.709092    2.8273
 0.670529  0.179309
  1.20046   1.67145
  1.81174   2.63569
  1.24674  0.275434
  2.22786   2.49685
0.00108719   1.49117
  1.40005   2.47446
  1.16088   2.39004
 0.728575   2.72081
 0.798477    2.5535
 0.440263  0.646747
  2.04244 0.0665172
  1.19378  0.974952
  1.45444  0.921443
0.0805399  0.963638
  2.69766   2.07283
  1.92302  0.355276
   1.1859  0.331716
  2.09795   1.31317
 0.900643    2.4107
 0.943049    2.2893
  2.85178   2.25198
  1.60664  0.173737
  1.56929   2.73054
  2.04021   2.21381
 0.994591   1.85227
  2.52399  0.232943
  2.54512   2.51906
   2.0293   1.88566
   2.0191   2.81339
 0.353264   2.93004
   2.2337  0.414873
   2.7464   1.50002
 0.174211   1.83354
 0.517736   2.12283
  2.71013   2.55103
 0.450248   1.62051
  2.57433   1.09508
  2.42103   2.85015
   1.6857   2.92865
 0.893712    1.1731
  1.78097  0.766124
  2.07311   1.36157
  1.53085   1.52267
  2.34928   2.45044
  2.57708   1.85121
 0.570636   2.65286
  2.96639   2.68844
  2.01018  0.928028
  1.86817   2.08986
 0.583108   1.72452
  2.36402   2.09505
  1.39038   2.63692
  2.09101   0.96558
 0.189496  0.917982
  1.19994 0.0159941
  1.46796 0.0012744
  2.63817  0.277415
 0.542562   2.33524
  2.24914  0.619889
 0.975781  0.606975
  2.74494   2.72843
  1.19099   1.09033
  1.25284   2.60106
0.0503417   1.05693
 0.693465    1.9098
  2.33629  0.142611
  1.67533  0.224935
  2.01931    1.7179
LINKS_SOURCE_DESTINATION_DISTANCE 798
     0      1      1
     0      2      1
     0      4      1
     0    206      1
     0    269      1
     1      0      1
     1      3      1
     1      5      1
     1      7      1
     1     57      1
     2      0      1
     2      8      1
     2     17      1
     2     20      1
     2     29      1
     2     33      1
     2    148      1
     3      1      1
     3     25      1
     3    102      1
     3    257      1
     4      0      1
     4     11      1
     4     24      1
     4     56      1
     4     65      1
     4     70      1
     4     98      1
     4    119      1
     4    262      1
     5      1      1
     5      6      1
     5     23      1
     5    320      1
     6      5      1
     6      9      1
     6     89      1
     6    138      1
     6    155      1
     6    219      1
     6    221      1
     6    253      1
     6    276      1
     6    309      1
     7      1      1
     7     13      1
     7     16      1
     7     49      1
     7     92      1
     8      2      1
     8     27      1
     8     62      1
     8    127      1
     9      6      1
     9     10      1
     9     12      1
    10      9      1
    10     72      1
    11      4      1
    11     68      1
    11     79      1
    11     86      1
    12      9      1
    12     14      1
    12     15      1
    12     18      1
    12     19      1
    12     28      1
    12     37      1
    12     41      1
    12     47      1
    12    129      1
    12    255      1
    13      7      1
    13     74      1
    13     81      1
    13    197      1
    13    334      1
    14     12      1
    14     32      1
    14     45      1
    14     53      1
    14    103      1
    15     12      1
    15     90      1
    15    381      1
    16      7      1
    16     22      1
    16     69      1
    16    196      1
    16    313      1
    17      2      1
    17     26      1
    17    310      1
    18     12      1
    18     31      1
    18     35      1
    18     43      1
    19     12      1
    19    247      1
    20      2      1
    20     21      1
    20     30      1
    20     48      1
    20     50      1
    20    184      1
    21     20      1
    21     39      1
    21    296      1
    21    372      1
    22     16      1
    22     73      1
    23      5      1
    23     36      1
    23     97      1
    24      4      1
    24     38      1
    24     55      1
    25      3      1
    25    217      1
    25    343      1
    26     17      1
    26    109      1
    27      8      1
    28     12      1
    28     34      1
    28     77      1
    28    114      1
    28    157      1
    28    236      1
    28    359      1
    29      2      1
    29     76      1
    29     85      1
    29    128      1
    29    259      1
    30     20      1
    30     40      1
    30    108      1
    30    180      1
    30    190      1
    30    272      1
    31     18      1
    31     58      1
    31     71      1
    31    388      1
    32     14      1
    32     51      1
    32     59      1
    32    240      1
    33      2      1
    34     28      1
    34     42      1
    34     84      1
    34    145      1
    34    336      1
    35     18      1
    35     82      1
    35    245      1
    35    289      1
    35    360      1
    36     23      1
    36    286      1
    37     12      1
    37    118      1
    37    139      1
    38     24      1
    38    393      1
    39     21      1
    39     67      1
    40     30      1
    40     52      1
    40    134      1
    40    151      1
    40    218      1
    40    361      1
    41     12      1
    41    115      1
    42     34      1
    42     44      1
    42     46      1
    42     63      1
    42    105      1
    43     18      1
    43    354      1
    44     42      1
    44     96      1
    44    152      1
    45     14      1
    45    265      1
    45    285      1
    46     42      1
    47     12      1
    47    106      1
    47    185      1
    47    356      1
    48     20      1
    49      7      1
    49    110      1
    49    186      1
    49    214      1
    50     20      1
    50     60      1
    50     91      1
    50     95      1
    51     32      1
    51     54      1
    51     64      1
    51     66      1
    52     40      1
    52     94      1
    52    125      1
    52    212      1
    53     14      1
    54     51      1
    55     24      1
    56      4      1
    57      1      1
    58     31      1
    58     99      1
    58    205      1
    58    229      1
    59     32      1
    59    121      1
    59    226      1
    60     50      1
    60     61      1
    60    100      1
    61     60      1
    61    131      1
    61    195      1
    62      8      1
    63     42      1
    63    256      1
    64     51      1
    64     80      1
    64    113      1
    64    227      1
    65      4      1
    65    385      1
    66     51      1
    66     78      1
    66    222      1
    66    268      1
    67     39      1
    67    130      1
    67    187      1
    67    344      1
    68     11      1
    68    147      1
    68    153      1
    69     16      1
    69     75      1
    69    199      1
    69    295      1
    69    398      1
    70      4      1
    71     31      1
    71     88      1
    71    112      1
    71    149      1
    71    231      1
    71    395      1
    72     10      1
    72    324      1
    73     22      1
    74     13      1
    74    165      1
    74    166      1
    74    396      1
    75     69      1
    75     87      1
    75    104      1
    75    173      1
    75    183      1
    75    278      1
    75    284      1
    76     29      1
    77     28      1
    77    116      1
    77    123      1
    77    237      1
    78     66      1
    78    202      1
    79     11      1
    79    160      1
    79    164      1
    79    193      1
    79    230      1
    80     64      1
    80    150      1
    80    367      1
    81     13      1
    81     83      1
    81    117      1
    81    220      1
    81    376      1
    82     35      1
    82     93      1
    82    163      1
    82    298      1
    82    371      1
    83     81      1
    84     34      1
    84    101      1
    84    158      1
    84    337      1
    85     29      1
    85    176      1
    85    291      1
    86     11      1
    86    215      1
    86    224      1
    86    287      1
    87     75      1
    87    124      1
    88     71      1
    88    304      1
    88    366      1
    89      6      1
    89    107      1
    89    144      1
    89    302      1
    90     15      1
    90    191      1
    90    273      1
    90    399      1
    91     50      1
    91    146      1
    91    317      1
    92      7      1
    92    135      1
    92    170      1
    92    348      1
    93     82      1
    93    169      1
    93    275      1
    94     52      1
    94    111      1
    94    364      1
    95     50      1
    96     44      1
    97     23      1
    98      4      1
    98    353      1
    99     58      1
    99    136      1
   100     60      1
   100    122      1
   101     84      1
   101    142      1
   101    143      1
   102      3      1
   103     14      1
   103    280      1
   104     75      1
   104    274      1
   104    363      1
   105     42      1
   105    132      1
   106     47      1
   107     89      1
   107    120      1
   108     30      1
   108    242      1
   109     26      1
   110     49      1
   111     94      1
   111    167      1
   111    213      1
   112     71      1
   112    294      1
   113     64      1
   113    338      1
   114     28      1
   114    171      1
   115     41      1
   115    347      1
   116     77      1
   117     81      1
   118     37      1
   118    141      1
   118    316      1
   118    340      1
   118    397      1
   119      4      1
   120    107      1
   120    126      1
   120    201      1
   120    264      1
   121     59      1
   121    133      1
   121    168      1
   121    192      1
   121    266      1
   122    100      1
   122    261      1
   123     77      1
   124     87      1
   125     52      1
   125    154      1
   126    120      1
   126    301      1
   126    394      1
   127      8      1
   128     29      1
   128    194      1
   129     12      1
   129    172      1
   130     67      1
   130    161      1
   130    175      1
   131     61      1
   131    156      1
   132    105      1
   132    341      1
   133    121      1
   133    140      1
   134     40      1
   134    137      1
   134    209      1
   134    238      1
   135     92      1
   135    333      1
   136     99      1
   136    321      1
   137    134      1
   137    208      1
   138      6      1
   139     37      1
   140    133      1
   140    162      1
   140    279      1
   141    118      1
   141    282      1
   142    101      1
   143    101      1
   144     89      1
   144    297      1
   145     34      1
   146     91      1
   146    181      1
   146    207      1
   147     68      1
   148      2      1
   148    178      1
   149     71      1
   149    210      1
   149    251      1
   149    374      1
   150     80      1
   150    241      1
   151     40      1
   152     44      1
   153     68      1
   153    260      1
   154    125      1
   154    159      1
   154    378      1
   155      6      1
   156    131      1
   157     28      1
   157    306      1
   158     84      1
   159    154      1
   160     79      1
   161    130      1
   162    140      1
   162    179      1
   162    182      1
   163     82      1
   163    174      1
   163    233      1
   163    248      1
   164     79      1
   164    252      1
   165     74      1
   165    198      1
   165    299      1
   165    330      1
   166     74      1
   167    111      1
   167    254      1
   168    121      1
   169     93      1
   170     92      1
   171    114      1
   171    216      1
   171    325      1
   172    129      1
   172    177      1
   173     75      1
   173    271      1
   174    163      1
   174    311      1
   175    130      1
   176     85      1
   177    172      1
   177    380      1
   178    148      1
   178    211      1
   179    162      1
   180     30      1
   180    375      1
   181    146      1
   182    162      1
   182    188      1
   183     75      1
   183    200      1
   184     20      1
   184    189      1
   185     47      1
   186     49      1
   186    204      1
   187     67      1
   188    182      1
   188    234      1
   188    386      1
   189    184      1
   190     30      1
   190    292      1
   191     90      1
   192    121      1
   192    223      1
   192    332      1
   193     79      1
   193    267      1
   193    368      1
   194    128      1
   194    225      1
   194    235      1
   194    314      1
   195     61      1
   195    346      1
   196     16      1
   196    323      1
   197     13      1
   197    319      1
   197    350      1
   197    384      1
   198    165      1
   198    293      1
   199     69      1
   199    203      1
   200    183      1
   200    258      1
   201    120      1
   201    228      1
   202     78      1
   203    199      1
   203    322      1
   204    186      1
   205     58      1
   205    232      1
   205    290      1
   206      0      1
   207    146      1
   207    250      1
   207    263      1
   208    137      1
   209    134      1
   209    365      1
   210    149      1
   210    358      1
   211    178      1
   211    244      1
   212     52      1
   212    357      1
   213    111      1
   214     49      1
   214    303      1
   214    312      1
   215     86      1
   215    379      1
   216    171      1
   217     25      1
   217    335      1
   218     40      1
   218    331      1
   218    351      1
   218    392      1
   219      6      1
   220     81      1
   221      6      1
   221    277      1
   221    283      1
   222     66      1
   222    305      1
   222    369      1
   223    192      1
   224     86      1
   224    246      1
   225    194      1
   226     59      1
   227     64      1
   228    201      1
   229     58      1
   230     79      1
   230    308      1
   231     71      1
   232    205      1
   233    163      1
   234    188      1
   235    194      1
   235    270      1
   236     28      1
   236    239      1
   237     77      1
   238    134      1
   238    249      1
   239    236      1
   240     32      1
   240    243      1
   241    150      1
   241    389      1
   242    108      1
   242    390      1
   243    240      1
   244    211      1
   244    288      1
   245     35      1
   246    224      1
   247     19      1
   247    352      1
   248    163      1
   248    355      1
   249    238      1
   250    207      1
   251    149      1
   252    164      1
   253      6      1
   254    167      1
   254    326      1
   255     12      1
   256     63      1
   257      3      1
   257    327      1
   257    370      1
   258    200      1
   259     29      1
   260    153      1
   261    122      1
   262      4      1
   263    207      1
   263    315      1
   263    342      1
   264    120      1
   265     45      1
   266    121      1
   267    193      1
   267    345      1
   268     66      1
   269      0      1
   270    235      1
   271    173      1
   271    329      1
   272     30      1
   273     90      1
   274    104      1
   275     93      1
   275    281      1
   276      6      1
   277    221      1
   278     75      1
   278    300      1
   279    140      1
   280    103      1
   281    275      1
   282    141      1
   283    221      1
   284     75      1
   285     45      1
   286     36      1
   287     86      1
   288    244      1
   289     35      1
   290    205      1
   291     85      1
   292    190      1
   293    198      1
   294    112      1
   295     69      1
   296     21      1
   297    144      1
   297    391      1
   298     82      1
   299    165      1
   299    373      1
   300    278      1
   301    126      1
   302     89      1
   303    214      1
   304     88      1
   304    307      1
   305    222      1
   306    157      1
   307    304      1
   307    349      1
   308    230      1
   309      6      1
   310     17      1
   311    174      1
   312    214      1
   313     16      1
   314    194      1
   315    263      1
   315    382      1
   316    118      1
   317     91      1
   317    318      1
   318    317      1
   319    197      1
   320      5      1
   321    136      1
   322    203      1
   323    196      1
   323    328      1
   324     72      1
   324    377      1
   325    171      1
   326    254      1
   327    257      1
   328    323      1
   329    271      1
   330    165      1
   331    218      1
   332    192      1
   333    135      1
   334     13      1
   335    217      1
   336     34      1
   336    339      1
   337     84      1
   338    113      1
   339    336      1
   340    118      1
   341    132      1
   342    263      1
   343     25      1
   344     67      1
   345    267      1
   346    195      1
   347    115      1
   348     92      1
   349    307      1
   350    197      1
   350    362      1
   351    218      1
   352    247      1
   353     98      1
   354     43      1
   355    248      1
   356     47      1
   357    212      1
   357    387      1
   358    210      1
   359     28      1
   360     35      1
   361     40      1
   362    350      1
   363    104      1
   364     94      1
   365    209      1
   366     88      1
   367     80      1
   367    383      1
   368    193      1
   369    222      1
   370    257      1
   371     82      1
   372     21      1
   373    299      1
   374    149      1
   375    180      1
   376     81      1
   377    324      1
   378    154      1
   379    215      1
   380    177      1
   381     15      1
   382    315      1
   383    367      1
   384    197      1
   385     65      1
   386    188      1
   387    357      1
   388     31      1
   389    241      1
   390    242      1
   391    297      1
   392    218      1
   393     38      1
   394    126      1
   395     71      1
   396     74      1
   397    118      1
   398     69      1
   399     90      1
