COORD_X_Y 50
 0.622988   0.56106
  1.14322  0.726144
  1.47067   2.96309
  2.26582  0.590649
  2.54761  0.793753
  2.27612   2.44664
  1.78535   1.90651
   1.0157  0.819374
  2.36211   0.74113
  2.50002   1.25197
 0.678878  0.235245
  2.94084   2.25826
  2.77271  0.178952
    2.845  0.376631
  2.30222   1.90953
 0.892318   1.95661
  2.10934   1.75977
 0.165015  0.580048
 0.226811   1.78859
  1.64119  0.656098
  1.09886   2.46272
  2.46065   1.57421
  1.12249    1.0808
  2.21265   2.26924
  2.73515   1.93134
0.0407559  0.744056
  0.32668   1.43522
  2.57949   2.38176
 0.926364   1.62221
  2.68383  0.149882
  0.68017   2.82113
  1.26808    1.2148
  1.11938  0.903394
  1.65752    2.4277
   1.1801   0.95207
  2.95423   2.43794
  2.17831  0.267607
  1.25658   1.66847
 0.648167  0.829569
  1.57997   2.91948
 0.190501   1.85948
 0.470325   1.83222
   1.1501   1.41001
 0.118126   1.98493
 0.908109   1.15859
  1.67002   1.10145
  1.31665   2.23444
  2.97538   1.59596
 0.976798    2.0139
  2.74262 0.0975437
LINKS_SOURCE_DESTINATION_DISTANCE 98
     0      1      1
     0     18      1
     0     25      1
     1      0      1
     1      2      1
     1      3      1
     1     13      1
     1     19      1
     1     27      1
     2      1      1
     2      6      1
     2     12      1
     2     29      1
     3      1      1
     3      4      1
     3      5      1
     4      3      1
     4      8      1
     4     15      1
     4     32      1
     5      3      1
     6      2      1
     6      7      1
     6      9      1
     6     21      1
     6     24      1
     7      6      1
     7     23      1
     7     40      1
     8      4      1
     8     11      1
     8     17      1
     8     20      1
     9      6      1
     9     10      1
     9     14      1
     9     38      1
     9     41      1
    10      9      1
    11      8      1
    11     47      1
    12      2      1
    13      1      1
    13     16      1
    14      9      1
    14     26      1
    15      4      1
    15     22      1
    15     35      1
    16     13      1
    16     28      1
    17      8      1
    17     45      1
    18      0      1
    18     33      1
    19      1      1
    20      8      1
    20     30      1
    20     37      1
    21      6      1
    21     36      1
    22     15      1
    22     44      1
    23      7      1
    24      6      1
    24     49      1
    25      0      1
    25     31      1
    25     34      1
    26     14      1
    27      1      1
    28     16      1
    28     39      1
    29      2      1
    30     20      1
    30     43      1
    31     25      1
    32      4      1
    32     42      1
    32     46      1
    33     18      1
    34     25      1
    35     15      1
    36     21      1
    37     20      1
    38      9      1
    39     28      1
    40      7      1
    41      9      1
    42     32      1
    43     30      1
    43     48      1
    44     22      1
    45     17      1
    46     32      1
    47     11      1
    48     43      1
    49     24      1
