COORD_X_Y 25
  2.00659   1.40168
  1.18297  0.151458
  1.20406   1.06345
0.0137866   2.41373
 0.941183   1.02426
  2.58454  0.690839
  2.64103   1.05723
  2.71166   1.96665
  1.70034   1.62977
  2.30203   1.49672
  1.57334  0.784032
 0.270788   1.73224
  2.72155  0.442069
 0.378871   1.36261
  2.77034  0.338738
  2.18503  0.200254
 0.673716  0.768671
  2.61125   0.48184
 0.825557   1.77171
  1.46363   1.30832
  1.26045   1.49127
  1.88329   2.65922
  1.27372   2.13563
  2.30335   1.34412
 0.165904   1.95281
LINKS_SOURCE_DESTINATION_DISTANCE 48
     0      1      1
     0      9      1
     0     16      1
     1      0      1
     1      2      1
     1      3      1
     1      7      1
     2      1      1
     2      4      1
     2     19      1
     2     21      1
     3      1      1
     3      6      1
     3     11      1
     4      2      1
     4      5      1
     5      4      1
     5      8      1
     5     14      1
     5     17      1
     5     18      1
     5     22      1
     6      3      1
     7      1      1
     7     12      1
     8      5      1
     9      0      1
     9     10      1
     9     23      1
    10      9      1
    10     13      1
    11      3      1
    12      7      1
    12     15      1
    13     10      1
    14      5      1
    14     20      1
    15     12      1
    16      0      1
    17      5      1
    18      5      1
    19      2      1
    19     24      1
    20     14      1
    21      2      1
    22      5      1
    23      9      1
    24     19      1
