COORD_X_Y 1000
  1.21415  0.114518
 0.955277   1.30072
  2.39311   2.61834
  1.35381 0.0412394
  2.15571 0.0863398
 0.833626  0.296186
  2.41116   1.80999
  2.75697   1.66965
  1.10116  0.348506
  1.38944   2.84744
   2.1445   1.75217
  1.15304   1.87943
  2.87147   1.88327
  2.18673   0.83345
0.0162247   1.73662
  1.80888  0.744315
  2.19043  0.966476
  0.74205   2.36241
   1.2797   2.38485
 0.907992   1.74149
 0.230057   0.48455
 0.804228   2.01467
 0.961438   0.59365
 0.157549  0.680355
  2.43079   1.92785
  2.46075   1.05938
  2.40484  0.173196
  2.70851 0.0922925
 0.539457   1.35535
 0.894842   1.16414
  2.12131    1.6266
  1.09575  0.626835
 0.953783   2.69937
  2.84494  0.154983
 0.202987   2.56262
 0.242868   1.85007
  2.23176   2.12601
  1.57544   2.98288
0.0479332    2.9756
 0.916426   2.67022
  2.15712   1.28474
  2.12835   2.25185
   1.7679   1.24284
 0.469387  0.793097
  2.29833  0.827741
 0.209253   2.57053
  1.42009  0.400871
 0.148572  0.206726
  1.44069   2.30776
  2.93119  0.900388
  2.37408   1.70987
  1.23614  0.544614
 0.422069   2.40825
  1.18297  0.888507
  2.52491  0.939582
 0.360472   1.97918
 0.637775   2.37021
  2.84655   2.26806
  2.41383   1.06411
  2.48089  0.184441
 0.981073   2.53428
 0.571476   1.76711
  2.71216   2.76988
    2.853    1.8738
  1.03599 0.0597411
  1.51461   1.10318
  2.30573  0.578403
 0.776002   2.68957
  2.35554   1.92112
  2.64663 0.0234047
  1.39492   2.43143
  2.54234    2.7387
  1.54924   1.46087
  1.12624   2.99229
  1.73133  0.218582
  1.33354   2.26441
    2.132   2.61609
  2.87377   2.13743
 0.432774  0.516616
 0.874089  0.553438
  2.05376   1.48718
  2.57836   2.61197
  1.05016   1.81703
 0.738702   2.07277
 0.266979   2.64933
 0.328351   1.40944
  1.35562   2.73623
  2.18137   2.65304
  2.30398   2.41513
  2.61969   2.19204
  2.85764   1.05354
0.0905175   1.46705
  2.81517   1.49824
 0.903143   2.90464
  1.83373   2.48847
  1.93055   2.25022
  2.28172   1.11688
  1.69244   2.57126
  1.31799   2.14644
  1.75111  0.766005
 0.729867   1.70979
  2.17192   1.89177
  2.25531   2.02075
  2.52174   1.42039
  1.93632   1.70488
 0.846186   1.17885
  1.90093   1.57269
 0.938769   0.21831
 0.602937   1.30164
 0.542531   2.78051
  2.57365    1.9837
  2.07223  0.898865
 0.941353   1.63732
  0.87988  0.951716
  2.14145   2.43285
  1.86309  0.748855
  0.57926   2.24089
  2.24391  0.919629
  1.82267   1.91296
  1.30741  0.903453
  1.41557    2.0363
  2.35693   2.07627
 0.512423    2.5786
  2.16028   2.84155
  2.37796   1.86133
  1.10384  0.439439
  2.68428   2.82141
  2.16423   1.24046
  2.26563  0.875263
  1.26478   2.12095
  2.46065   1.15272
  2.02701   2.36046
   1.0767   1.02684
  1.00275   1.10706
  2.81868   1.67872
  1.65333  0.562722
  2.19594   1.54152
  2.38951  0.237921
  2.36202   1.47109
  2.38491   2.79399
  2.05334   2.64216
 0.287099   2.74311
  2.67768 0.0886909
 0.341007   2.24998
0.0893972   2.99766
  1.45397   2.32907
 0.626224  0.205015
  2.63171   2.47274
  2.81983   2.74113
  2.86412   1.21271
  1.90607  0.872821
  1.95281   2.78402
  1.91429   2.52112
  2.01727  0.184254
 0.650348   2.65462
  2.38827    2.9671
 0.242268   1.31503
 0.192461    2.6482
  2.82913  0.345606
  2.64381   2.82415
  2.91131   1.92637
  1.19546  0.572064
  2.49989   2.12786
  2.35405   2.09627
  1.80318   2.70271
  1.93904   1.09417
  1.87192   1.55011
 0.569402   2.07384
 0.719526   2.40928
  2.11083   2.76079
 0.208032  0.498894
   2.9836    2.1584
0.00646256  0.782423
  1.21201  0.713667
  2.31637   1.59967
  2.63804   1.36648
 0.673711  0.272547
  0.75711   2.39527
  1.92198   1.52723
 0.489328  0.692368
  2.54674   1.44129
  1.35138   2.84269
  1.41873   1.55352
  2.11586   1.41434
  1.69577   2.57411
  1.72022   2.41802
 0.863548   2.54779
  1.63087   2.84867
  1.71495   2.93637
 0.444912  0.734085
 0.221409   2.92042
  2.20761   2.12683
  1.02164   2.35626
  2.67033   1.38406
  1.71953   1.88675
    1.172  0.528015
  1.02537  0.953277
  2.24344  0.333932
  1.97497   1.80211
 0.589102   1.08596
  1.62989   1.35259
 0.216504   2.83409
  2.66849   2.28643
  1.45626   2.72744
  1.27883   1.95192
  2.36807   1.98712
   1.5402   1.52563
  1.71818  0.740043
  1.05382   2.64828
 0.829282   2.20635
  1.20321   1.33826
  1.30723   1.14111
  0.74641   1.10833
  2.37888  0.457529
 0.884677   1.04839
  2.59475  0.950915
  1.88107  0.918887
  2.08156   2.20812
  1.61802   1.94425
  1.61208  0.511306
  1.17838  0.472978
  1.71508   2.47635
  1.91366  0.202609
 0.313174   2.15698
  1.75272   1.90459
   2.2011   1.11906
   1.6591  0.744369
  1.14865  0.629681
 0.875309    1.8843
0.0331667   2.19015
  2.88538  0.455244
  1.54628    2.3928
 0.688091   2.13328
  1.41011  0.708316
  2.31564    1.3404
  1.70836   1.79133
  2.07274   2.17406
  1.03627   1.05274
  2.75696   1.12021
  2.12021  0.602242
   2.8104  0.697495
 0.987861  0.289729
   1.8585   1.76779
 0.600216  0.150527
  1.23474   1.77887
  1.68879   1.19265
 0.339595     2.749
  1.82587  0.268105
  1.08676  0.856782
  1.37141   2.37812
 0.776644   2.79677
  2.70503   1.04982
 0.271878   1.21078
   2.6603   1.40642
  1.71629  0.459696
  2.50666   1.17843
   2.6934   1.66804
  2.18172  0.294721
  2.19208  0.335225
  1.03878   1.83688
  1.21373   1.27133
  1.45109   1.87392
 0.833174  0.709539
  2.06142   1.93326
 0.923176   2.81963
 0.647467   2.06326
  1.20584   2.73666
  1.78353   1.55527
   1.6212   1.87129
  2.50435   1.23967
0.0788212  0.677361
  1.83718   2.89505
  1.21192  0.865253
  2.82903  0.698931
    2.327   2.27949
0.0091341  0.107794
  0.66136   0.70263
 0.724288   1.50324
  2.89152   2.94335
  1.79122   1.48905
  2.55308  0.862516
 0.282818   1.41698
 0.997038   1.72035
 0.531227   1.63651
  1.80723    2.3583
 0.281441   2.33463
  1.04214   1.90165
  2.11637  0.836491
    2.745   1.05157
  2.26045  0.637643
  2.16502   1.26366
  2.18614   1.88883
  2.23931   1.52489
 0.108675   1.69371
  2.13749   2.98417
  2.98606   0.92331
  1.51967   2.75889
 0.443429   2.03762
  1.75453    2.3047
  2.20145  0.934045
 0.440666   2.96152
  2.31845  0.700157
 0.250591   2.70979
 0.504994   1.96772
 0.607981   2.80479
  1.12314   0.65986
  1.14369   2.81834
  2.15809  0.785913
  2.21132    2.1481
 0.402661  0.985707
 0.532582    2.8899
 0.328604 0.0622427
  1.58423     2.988
 0.709444  0.585045
  1.61241  0.198281
  1.15577   2.36925
  1.73163   2.89687
   1.3656  0.787538
 0.578072  0.935762
 0.535068   1.84326
 0.865039  0.826678
  2.47911   1.42762
  0.81511   2.86202
  1.61009   1.33798
  1.74863  0.476004
  1.11742 0.0124153
  1.94098   1.60216
  1.94618  0.595354
 0.276682  0.385702
  1.83375   1.84732
  1.43922   2.61975
 0.940619   2.39103
  1.19257   2.80348
  1.13057 0.00547321
  2.76407   1.54761
  1.05306   1.52147
  2.56499   2.08554
  1.72049   1.04761
   2.6422  0.209022
 0.625089   2.27206
  1.46708   1.12764
 0.891431  0.669214
  1.74075   1.36575
 0.359786   1.12356
   2.7944   2.32353
  0.14195    1.6746
0.0385076   1.36696
 0.483673   1.48125
  2.71456   1.54841
 0.742016  0.261489
  2.43445  0.276585
  2.51446   1.71902
  0.60924  0.823749
  1.41369   1.53534
  2.38197   1.11579
 0.541315    2.8164
  2.20595   2.86186
 0.582437   1.43073
  2.75059   1.81112
  2.10746   1.57392
  1.57268  0.467893
  2.89602   0.43857
 0.905524   2.14363
 0.151414   1.70271
  2.32485   2.30533
  2.68793   1.92417
  2.44338   2.70357
 0.265421   2.26754
 0.675155  0.824472
  1.73866   2.84916
 0.817407 0.0910254
  1.95283   2.32618
  1.35831  0.184958
 0.367568   2.48476
  1.84441  0.361783
  1.46582   2.94793
  1.36476  0.712145
0.0354467   2.74761
 0.554097  0.821674
 0.632371    1.7846
  1.77937   2.03692
0.0786831   2.95788
  1.71001   2.03293
 0.948986  0.316799
  1.75327  0.417167
  1.59025   1.64157
  1.00341   2.65127
   2.6111   2.62646
  1.40543    1.5374
  0.18506   1.40721
  1.81494   2.07089
  2.42099   1.07767
 0.416635  0.962971
 0.659611   1.15123
  2.06778    1.2988
 0.238369   1.06934
  2.58865   1.12791
  1.10201   2.66877
  2.97525  0.680874
  2.12736  0.570502
  1.25338   2.55087
  1.13801   1.57601
 0.504601   1.88466
  1.80007   1.38677
 0.560727   2.16243
  2.04979  0.579688
  2.57087   2.42128
   2.0191  0.242213
  1.52526  0.185475
  2.49519  0.869049
   2.6363  0.742759
   1.7077   2.82509
 0.644203   1.93116
  2.81872  0.719036
  2.77141   1.08781
   2.1321 0.0630031
  2.12311   2.32063
  1.00996   1.61809
  1.94338 0.0826283
  1.49037   1.91951
  2.89524  0.828569
  1.36152   1.10355
 0.687924  0.923458
  1.52138  0.477391
 0.234938   2.26279
   1.9877   0.89116
  2.24172   2.58216
  2.88151   2.86667
  1.35234   1.49071
 0.242843    2.8468
 0.785616  0.750795
 0.756722   1.95149
   2.0262   1.23656
  2.09516   2.94498
  1.10151   2.06898
  1.02881  0.759763
  1.63089   1.09501
  1.84473   2.80449
 0.712079  0.937342
  1.78348   2.46046
  1.10312  0.823581
 0.824745  0.535166
 0.295701   0.90927
  1.53979  0.705659
   2.9195    2.0444
  1.74249   2.39457
 0.404189   1.92337
 0.220751  0.997344
  2.08085   2.52215
  2.58949  0.831853
  2.66146    2.2097
  2.41016   2.37193
  2.71603 0.0938901
  1.26524   1.91309
 0.820378   1.85709
  1.22029  0.364999
 0.675358   0.20674
  2.94447   2.15003
  1.77972   1.80718
  1.27508   1.51953
  2.59545  0.449623
 0.101885   0.53011
 0.199164   2.96339
  2.24163  0.720592
  2.21554  0.181832
  1.96592   2.76594
  1.69159  0.935511
  2.75224   1.95777
0.0684653   1.20837
  2.77011   1.09261
  0.12568   2.38872
  1.38439    2.2843
  2.03664   2.75994
  2.79799  0.748205
    2.099  0.456247
 0.138759   2.19892
  2.82142   2.37757
 0.145774   2.56079
 0.526192   2.63876
  2.05882   1.51052
   2.3892   1.09803
  1.79634   2.67677
  1.52995   1.74658
  1.54704  0.875936
  2.35279   1.95997
   1.7237   1.77002
 0.470274   2.16048
  1.33185   2.62456
  1.94146  0.908231
  0.56883  0.633149
  2.71801   1.76749
 0.325226  0.633502
  1.89694  0.176582
  2.11424  0.870529
 0.355386   0.11361
 0.702005  0.408277
  2.46077   1.38127
  2.90151   2.12838
  0.39415  0.884573
   2.5393   2.39739
  0.11155   1.05688
  1.52058    1.8103
  1.95841    1.5632
  1.66208  0.303885
  0.28798   2.15244
 0.699582  0.809011
  2.17669  0.813108
 0.211658  0.152234
  1.78448     2.549
  1.13652   1.18101
  2.28321  0.755349
 0.715681 0.0681457
 0.744393   1.19315
  1.50141   2.53771
 0.695743    2.3941
  1.56132   1.23061
  2.75544   1.65084
 0.138905    1.9869
  2.57606   2.36741
  2.80148   1.29541
  2.65615   1.98985
  2.49072   2.83567
  1.87837 0.0938621
   0.7761   1.78548
 0.104078   1.42351
 0.268176    1.6651
 0.152648  0.135986
  1.46807  0.499998
  2.91995   1.28178
   2.0174   1.59713
 0.347214   1.33545
  2.01546   1.65486
 0.557251   1.36252
  2.48877   1.66967
  2.06013   2.59554
  2.23705   2.65242
 0.585386   1.56766
  2.05165   1.49855
 0.855783  0.522178
 0.954938   2.99078
   1.2554   1.33762
 0.380928  0.385591
  2.81294   1.96927
 0.076677  0.206983
 0.555891   2.26485
  0.93944   2.00641
  1.59741   1.66647
  2.70562   1.06454
0.0105571   2.70519
  1.40944  0.832547
0.0719198  0.272361
   1.4235   1.81066
  1.25399  0.586934
 0.838909  0.988656
  1.12192  0.988662
  1.31237  0.788563
  1.45535   1.71442
  2.58454   1.08716
 0.348777  0.805059
 0.838867   1.75167
  1.69123   1.28629
  2.93194   1.96645
  1.93007   2.88141
  2.00831   1.56538
  2.16373   0.32845
  2.82675   1.40473
  2.77514   1.94781
  1.82551   2.70686
  1.03808   2.04687
   2.2681   2.02389
 0.968442   1.44062
  2.57527   1.44042
  1.28578   2.48727
  2.18448   1.28807
  2.10179   1.57362
  1.93536  0.444034
  1.27364   2.94347
  2.50423   1.73991
  2.87266   1.44943
  1.18652  0.186924
  2.65872   1.58484
  2.56619   1.80281
  2.10878   0.59527
  1.65691   1.01759
  2.53021  0.472285
  2.92842  0.507121
  2.39272     2.249
   2.8464   2.05154
 0.110119   2.34832
 0.509284  0.344278
 0.527562  0.662212
 0.978852   1.11502
  2.64085   1.54351
 0.799502  0.370343
  2.00718   1.77146
 0.055277    2.3587
 0.459379    0.8417
  2.85815  0.586732
 0.125527   2.57018
 0.928741   2.61344
  2.27251   2.13886
 0.207581  0.264237
  0.12855 0.0683433
   1.8587  0.349223
  2.13406   2.28674
 0.376901   1.37791
 0.122419  0.606807
   1.6333   2.62075
 0.377202  0.977825
  2.26881   2.79954
  2.27776   1.58119
  1.29493   0.45454
 0.121337  0.421196
 0.614757   2.00067
 0.747204   2.78834
  2.82772  0.286313
   2.1687   2.78971
   1.5062   1.83488
  1.45714   0.92042
  2.34648   2.18106
  2.11624   1.96606
 0.401368   1.46817
   2.5742   1.52907
   2.6656   2.60685
0.0795255   2.27181
  1.98581   2.36968
  2.52275   2.19503
  2.66507   1.33705
  1.97835   1.51231
  1.26984   0.52829
 0.236991   0.24596
  2.87275   2.73688
 0.249371  0.538002
  1.11538  0.678141
 0.197792   2.50737
 0.249262  0.644165
  2.14753   1.60733
  1.13695  0.261408
 0.192986   2.27653
  2.36018 0.0180152
  2.02211  0.844736
   1.4637   2.77562
  1.39605  0.524355
  1.12741   2.87292
 0.324991   1.69232
  1.61588  0.835884
 0.461093    2.8746
  1.12583   1.43082
  2.44863   2.28543
  2.79844   1.57384
  2.34404   1.83979
 0.266711  0.746397
  2.19297   2.05364
  1.39244  0.617712
0.00194249    2.6748
  2.38493   1.27571
  2.38119  0.745906
  2.62219  0.374105
  1.41793   2.43768
 0.926614  0.276346
  1.62279   2.92843
  1.21952  0.868764
  1.03846  0.349233
  1.64919  0.256959
  2.18609  0.210001
  2.32261   1.77451
    1.798  0.425186
  2.39627  0.844203
  2.03152   2.03429
  2.31878    1.4725
  2.44662  0.780636
  2.44668  0.126198
  1.04046  0.441039
   1.9203   2.10361
  1.42774   1.44293
 0.230325  0.843064
  1.05977   1.51289
  1.78041   1.73579
  2.80712   1.32285
  2.55402  0.886558
  1.78525   2.95755
  1.54314   1.42386
 0.589949  0.794883
 0.153919   1.08212
 0.515304   2.59223
  1.58039  0.522752
  2.84446  0.641307
  1.29466   1.99296
  1.85546   2.78546
  1.01166   2.36949
0.0761161   1.42189
  2.80232   1.44372
0.0990167   1.61333
  2.36398 0.0669221
 0.981694   2.60692
  1.23609   2.35626
  2.55039   1.49016
 0.351049  0.163666
  2.02402    2.6572
  1.08956   1.14395
  2.13688  0.867989
  1.89337    1.7093
  1.64314   2.15142
   2.9161   1.97079
   1.6494 0.0285346
   1.3206  0.427612
  2.77775   1.17094
 0.185734 0.0558948
  2.07218   2.82347
   2.8588   1.84061
  2.84899   1.38117
  1.49971  0.231567
 0.812911   2.14955
   1.4523  0.478123
 0.661979   1.09737
  2.96396   2.17032
0.0771505 0.0016895
  0.52657   1.43788
  1.83434   1.14064
  0.17101   2.48315
  2.63231  0.117431
  2.20987   1.31467
 0.244622   2.71956
 0.565309   2.24472
 0.883682   2.57841
  1.08872   1.78581
  1.83534    1.2571
  2.29867   0.99027
  1.37295  0.015594
  2.70325   1.45466
  2.74231   2.15646
  2.06411   2.95008
 0.647598   0.35804
  1.54477   2.65937
0.0703052   1.38646
 0.656708   1.29995
  1.48443  0.612469
 0.645809  0.135557
 0.241351   2.69573
   2.6932   2.25324
  2.17429   1.07712
  2.75514   1.09917
 0.652949  0.194411
 0.862348   2.33931
 0.809904   2.53445
  1.01891   0.84383
  2.96203   1.56572
  2.18537   2.99603
  1.43025   1.07873
  1.80963 0.0108261
  1.66352   2.77224
   2.6996  0.872639
  2.06334   2.96522
   2.0771   1.34251
 0.348608   2.69436
   1.7272   1.89365
 0.763545   1.34283
  2.15027 0.0357621
   2.5589   2.33965
 0.919557  0.767998
  2.61938   0.06514
 0.542259   2.73562
  2.31588  0.424849
  1.12038   0.20053
 0.290868    2.4571
  2.89702   1.25492
  1.30087  0.714416
  1.80685   1.20332
  1.21563   1.12272
  1.67611  0.648754
  1.28832   2.03507
   2.3921   2.29263
  1.77897  0.124099
  1.24259   1.13191
  2.97358   2.76389
  2.32874  0.206672
  1.23566   1.30226
 0.187732   2.90376
  1.02461   1.88475
  1.17444   1.09968
  2.92711    1.6294
  1.60279  0.713165
  2.60764  0.356811
  2.44426   2.48075
 0.892876   2.59169
  1.73402  0.556661
   2.4343   2.17534
   1.6188  0.562152
  1.49879   1.71561
  2.95287   1.67796
 0.905824  0.496895
 0.598253      1.03
  1.76066  0.571737
 0.117156   1.25331
  1.56981  0.160194
  2.70367   1.73451
 0.913899  0.304046
  1.87889   2.42728
  2.01678   2.13479
 0.901821  0.106158
   2.7865   2.15715
 0.806293  0.455105
  2.83911   1.56472
  2.33764  0.745244
 0.749346   2.11831
0.0312956   2.41295
 0.469762    2.6631
 0.712538 0.0340606
  1.44715   1.40269
  1.60168  0.629554
  2.47309  0.983574
   2.4935   1.06228
  2.77811   2.87108
  2.72618   1.85747
  1.83177   1.56752
 0.289831 0.0433377
 0.792796   1.99043
 0.303814   1.83527
  2.81425   2.58764
  1.54766  0.550599
 0.830498   2.13517
   1.7057   2.75261
  2.51321   1.08177
  2.92171   2.54003
  2.57113   2.10898
  1.15044  0.651851
  0.76309   1.27245
   2.8894  0.636511
  1.24473   2.27657
  2.76432  0.487904
  1.34931   1.08058
  1.69479   1.98554
  1.15107   2.14087
0.0387745   1.26621
  1.03221  0.112612
  2.36172    1.6415
   2.5208  0.556879
  2.94725  0.562654
  2.61446    2.5676
 0.263844  0.575173
  1.64766   1.71643
 0.508769    1.4883
  1.52131   1.46258
  2.35003   2.48947
 0.022156  0.155955
  1.09113   2.26598
  2.36184   1.01484
  2.38671 0.0406022
  2.30606    2.7208
 0.739676  0.355809
     1.81  0.144011
 0.922478   2.03087
  2.67983   2.91404
  2.90543  0.476559
  2.01359  0.892965
  1.08142   1.43466
   1.6906   2.20231
 0.364546   1.69126
  2.37651  0.334586
  2.46876   1.24362
  1.55228  0.919555
 0.337685     2.725
 0.887516   2.75157
  2.55153   1.35641
 0.341677    1.6724
 0.116839  0.880773
  2.19894   0.79234
  1.58082   1.81628
  2.19363   2.59082
  2.13195   1.88259
  2.93377    2.9884
 0.820382   2.72743
  1.90354   2.86828
   1.7635   2.51372
 0.964414  0.630129
  0.34203  0.678328
 0.182252   2.06698
  1.58495  0.333675
  2.58372   1.00402
  1.66689  0.566166
 0.131281    2.5908
   2.1835   1.85721
  2.41059  0.693149
 0.933755   1.28828
  1.64062  0.430212
  1.30483    2.7443
  1.08596  0.292658
  0.47977  0.323282
 0.293273  0.505829
  2.01861    2.6247
 0.850383   1.18182
  1.68932   1.90014
  1.82536  0.555512
0.0942431   1.01874
0.0481282   2.93306
 0.170223   2.13895
  2.17043   1.94027
  2.00782  0.618238
 0.882812   1.64234
 0.270163   2.90207
  2.87284   2.22572
  1.75739   2.14729
  1.55586   2.33342
   1.3367  0.189575
  2.11715  0.696164
 0.694816   2.98317
 0.114462   1.14976
  1.16799   2.48015
  1.50941   2.00792
  1.95032   1.07232
  2.23556   2.23226
  0.87811   1.07938
  2.55168   2.12022
  0.08995  0.824126
   2.7289  0.589038
 0.025716   2.93772
  1.77506   1.80193
  1.10084   1.23156
     1.28  0.908661
 0.885656   2.15337
  2.76359   2.68384
 0.376979   1.05795
  1.48185   1.00277
  1.71618   1.04269
 0.886127   2.21662
  1.71889   1.32337
    2.912     2.157
  1.22008     1.235
 0.583955  0.837213
   1.4268   1.06681
  2.54216   1.41621
0.0100664   2.74958
 0.303529   2.88316
  1.41438    1.0213
 0.438573   1.12405
  1.48867  0.642324
 0.277876   1.03356
 0.374705  0.613316
  2.16994   1.17521
  2.48842    1.0762
  1.89099   1.81437
  1.16591   1.63176
  1.01398  0.263133
 0.114844   2.57527
  1.38499   1.09739
  2.70919   1.67656
  2.74023   2.05914
  2.77655 0.0206089
  1.09472   1.97291
  2.67065    2.8651
  0.36047   1.18727
  1.03369  0.868033
  2.37136  0.178384
  2.67613   2.95968
 0.706715   2.64502
  2.15417  0.150812
 0.500606   2.50951
  2.72839   2.85588
  2.50285   2.56418
 0.805688   2.95523
 0.397633    1.2576
  2.98856   2.49013
  2.23611   2.17854
  2.80078   0.63917
  0.45308   1.47264
   1.5233  0.270335
  1.37167   2.56269
  0.26672  0.354409
 0.651526   0.73812
  2.82928   1.33536
   2.3634   0.45567
  1.84325   2.46556
  2.24352   1.47781
  1.26672   1.79296
  2.58265  0.815752
  2.87357  0.513728
 0.782165   1.16517
   1.4801  0.676839
0.0144292   2.00767
  1.22735  0.154017
 0.411419   2.23769
  2.37997  0.316526
   0.3863   1.81199
 0.302438  0.784956
  2.57757  0.696053
  1.45066   2.90116
   1.5054   1.32277
  2.38205   1.20362
  2.10861  0.471607
  2.47195    2.4512
 0.920411  0.118118
  2.58892   1.30745
 0.853203   1.22415
   2.3764  0.768953
0.0341401   1.61455
  2.56852   1.20966
  1.25947  0.165709
   1.4694   2.58968
   1.8801  0.612663
 0.610871    1.6355
LINKS_SOURCE_DESTINATION_DISTANCE 1998
     0      1      1
     0      2      1
     0     23      1
     0     29      1
     0     39      1
     0     95      1
     1      0      1
     1      4      1
     1      5      1
     1      8      1
     1     12      1
     1     13      1
     1     37      1
     1     44      1
     1    502      1
     2      0      1
     2      3      1
     2      7      1
     2     14      1
     2     46      1
     2     68      1
     3      2      1
     3      6      1
     3      9      1
     3     26      1
     3    169      1
     3    177      1
     3    184      1
     3    325      1
     3    538      1
     3    977      1
     4      1      1
     4     42      1
     4    374      1
     5      1      1
     6      3      1
     6     10      1
     6     18      1
     6     30      1
     6     43      1
     6    164      1
     6    296      1
     7      2      1
     7     22      1
     7    144      1
     7    548      1
     7    712      1
     8      1      1
     8    812      1
     9      3      1
     9     16      1
     9     19      1
     9     24      1
     9     35      1
     9     73      1
     9    220      1
     9    293      1
    10      6      1
    10     11      1
    10     62      1
    10    166      1
    11     10      1
    11     17      1
    11     92      1
    11    100      1
    11    154      1
    11    260      1
    11    695      1
    12      1      1
    12     25      1
    12    858      1
    13      1      1
    13     41      1
    13     89      1
    13    195      1
    14      2      1
    14     15      1
    14     40      1
    15     14      1
    15     98      1
    15    390      1
    15    588      1
    15    648      1
    16      9      1
    16     20      1
    16     21      1
    16     32      1
    16    353      1
    16    376      1
    16    988      1
    17     11      1
    17     47      1
    17     71      1
    17    138      1
    17    720      1
    18      6      1
    18     60      1
    18    226      1
    18    267      1
    19      9      1
    19     27      1
    19     31      1
    19     67      1
    19     80      1
    19    219      1
    20     16      1
    20     50      1
    20     52      1
    20    113      1
    20    574      1
    21     16      1
    21     77      1
    21    590      1
    22      7      1
    22     33      1
    22     38      1
    22     93      1
    22    236      1
    22    693      1
    22    847      1
    23      0      1
    24      9      1
    24    629      1
    25     12      1
    25     28      1
    25    356      1
    25    370      1
    25    711      1
    26      3      1
    26     85      1
    27     19      1
    27    115      1
    27    492      1
    28     25      1
    28     36      1
    29      0      1
    29    145      1
    29    185      1
    29    628      1
    30      6      1
    30     87      1
    30    117      1
    30    170      1
    30    202      1
    30    495      1
    30    740      1
    31     19      1
    31     64      1
    31    114      1
    31    128      1
    31    308      1
    32     16      1
    32    111      1
    32    125      1
    33     22      1
    33     34      1
    33     45      1
    33     48      1
    33     74      1
    33    279      1
    33    432      1
    33    955      1
    34     33      1
    34    161      1
    34    859      1
    35      9      1
    35     53      1
    35     91      1
    35    790      1
    36     28      1
    36     49      1
    36     61      1
    36     97      1
    36    108      1
    36    258      1
    36    284      1
    36    792      1
    37      1      1
    37     69      1
    37    123      1
    37    140      1
    37    257      1
    37    288      1
    37    546      1
    37    580      1
    38     22      1
    38     63      1
    38     99      1
    38    106      1
    38    221      1
    39      0      1
    39     55      1
    39     58      1
    39    456      1
    40     14      1
    40     57      1
    40     78      1
    41     13      1
    41    110      1
    41    187      1
    41    196      1
    41    802      1
    42      4      1
    42     65      1
    42     66      1
    43      6      1
    43     51      1
    43     96      1
    43    286      1
    43    644      1
    44      1      1
    44    265      1
    44    460      1
    44    576      1
    44    637      1
    44    713      1
    45     33      1
    45    155      1
    45    167      1
    45    285      1
    45    313      1
    46      2      1
    46     54      1
    46    127      1
    46    162      1
    46    400      1
    46    408      1
    46    752      1
    46    950      1
    47     17      1
    47    142      1
    47    153      1
    47    206      1
    47    437      1
    47    573      1
    48     33      1
    48     56      1
    48    139      1
    48    156      1
    48    447      1
    48    632      1
    48    927      1
    49     36      1
    49    135      1
    49    203      1
    49    282      1
    49    562      1
    50     20      1
    50    383      1
    51     43      1
    51     72      1
    51    266      1
    51    738      1
    52     20      1
    52    136      1
    52    165      1
    52    311      1
    52    444      1
    52    464      1
    52    818      1
    53     35      1
    53    465      1
    53    760      1
    54     46      1
    54     88      1
    54    469      1
    54    654      1
    55     39      1
    55    126      1
    55    207      1
    55    550      1
    56     48      1
    56     75      1
    56    181      1
    56    249      1
    56    326      1
    56    787      1
    57     40      1
    57     59      1
    57    174      1
    57    330      1
    58     39      1
    58    688      1
    58    852      1
    59     57      1
    59    102      1
    59    394      1
    60     18      1
    60     94      1
    60    197      1
    60    254      1
    60    545      1
    61     36      1
    61    149      1
    61    566      1
    62     10      1
    62     81      1
    62    251      1
    62    264      1
    63     38      1
    63     86      1
    63    271      1
    64     31      1
    64    119      1
    64    176      1
    64    344      1
    65     42      1
    65     70      1
    66     42      1
    66     79      1
    66    332      1
    66    666      1
    66    755      1
    67     19      1
    68      2      1
    68    120      1
    69     37      1
    69    515      1
    70     65      1
    70    141      1
    70    349      1
    71     17      1
    71     76      1
    71    404      1
    71    430      1
    71    619      1
    71    997      1
    72     51      1
    72     84      1
    72    230      1
    72    717      1
    73      9      1
    73     83      1
    73    121      1
    74     33      1
    74    109      1
    74    158      1
    74    518      1
    74    736      1
    74    970      1
    75     56      1
    75    150      1
    76     71      1
    76    101      1
    76    122      1
    76    523      1
    76    909      1
    77     21      1
    77    190      1
    77    380      1
    78     40      1
    78    781      1
    79     66      1
    79     90      1
    79    300      1
    79    352      1
    79    919      1
    79    921      1
    80     19      1
    80     82      1
    80    143      1
    80    189      1
    80    215      1
    81     62      1
    81    409      1
    81    474      1
    81    870      1
    81    902      1
    82     80      1
    82    690      1
    83     73      1
    83    104      1
    83    112      1
    83    369      1
    83    466      1
    83    941      1
    84     72      1
    84    205      1
    84    498      1
    84    966      1
    85     26      1
    85    175      1
    85    451      1
    86     63      1
    86    262      1
    87     30      1
    87    107      1
    87    333      1
    88     54      1
    88    133      1
    88    173      1
    88    235      1
    89     13      1
    89    216      1
    89    567      1
    89    616      1
    90     79      1
    90    124      1
    90    549      1
    91     35      1
    91    227      1
    91    283      1
    91    601      1
    92     11      1
    92    116      1
    92    152      1
    93     22      1
    93    210      1
    93    224      1
    93    481      1
    94     60      1
    94    277      1
    95      0      1
    95    568      1
    96     43      1
    96    255      1
    96    584      1
    97     36      1
    97    275      1
    98     15      1
    98    281      1
    98    354      1
    98    540      1
    98    555      1
    99     38      1
    99    118      1
    99    273      1
   100     11      1
   100    105      1
   100    233      1
   100    355      1
   100    703      1
   101     76      1
   101    134      1
   101    658      1
   102     59      1
   102    103      1
   102    178      1
   102    259      1
   102    314      1
   102    479      1
   102    694      1
   103    102      1
   103    159      1
   103    243      1
   103    358      1
   103    507      1
   103    904      1
   104     83      1
   104    163      1
   104    168      1
   104    381      1
   105    100      1
   105    132      1
   105    188      1
   105    348      1
   105    453      1
   106     38      1
   107     87      1
   107    534      1
   108     36      1
   108    131      1
   108    367      1
   109     74      1
   109    179      1
   109    212      1
   109    228      1
   109    239      1
   109    989      1
   110     41      1
   110    194      1
   110    449      1
   110    559      1
   111     32      1
   111    341      1
   111    748      1
   112     83      1
   112    147      1
   112    605      1
   113     20      1
   114     31      1
   114    186      1
   114    237      1
   115     27      1
   115    129      1
   115    198      1
   115    280      1
   115    371      1
   116     92      1
   117     30      1
   118     99      1
   118    130      1
   118    309      1
   118    398      1
   118    459      1
   118    564      1
   119     64      1
   120     68      1
   120    303      1
   120    689      1
   120    964      1
   121     73      1
   121    137      1
   121    413      1
   122     76      1
   122    289      1
   122    918      1
   123     37      1
   123    234      1
   123    512      1
   123    655      1
   123    707      1
   124     90      1
   125     32      1
   125    182      1
   125    972      1
   126     55      1
   126    148      1
   126    505      1
   127     46      1
   127    248      1
   127    340      1
   128     31      1
   128    247      1
   129    115      1
   129    157      1
   129    160      1
   129    180      1
   129    475      1
   129    680      1
   130    118      1
   130    183      1
   130    272      1
   130    318      1
   131    108      1
   132    105      1
   132    223      1
   132    360      1
   132    797      1
   132    886      1
   133     88      1
   133    345      1
   133    396      1
   134    101      1
   134    565      1
   135     49      1
   135    372      1
   135    776      1
   136     52      1
   136    213      1
   136    668      1
   137    121      1
   137    674      1
   137    772      1
   138     17      1
   138    346      1
   138    347      1
   139     48      1
   139    211      1
   139    656      1
   140     37      1
   140    337      1
   140    513      1
   140    618      1
   140    766      1
   140    775      1
   141     70      1
   141    208      1
   141    824      1
   141    931      1
   142     47      1
   142    146      1
   143     80      1
   143    436      1
   144      7      1
   144    151      1
   144    328      1
   144    421      1
   144    529      1
   145     29      1
   145    480      1
   146    142      1
   147    112      1
   147    585      1
   147    610      1
   148    126      1
   148    287      1
   148    631      1
   148    643      1
   148    801      1
   149     61      1
   150     75      1
   150    209      1
   150    276      1
   150    463      1
   150    501      1
   151    144      1
   151    261      1
   151    531      1
   151    765      1
   152     92      1
   152    250      1
   152    351      1
   152    494      1
   152    866      1
   152    987      1
   153     47      1
   153    373      1
   154     11      1
   154    238      1
   154    399      1
   154    650      1
   154    846      1
   155     45      1
   155    217      1
   155    278      1
   155    306      1
   156     48      1
   157    129      1
   157    241      1
   157    245      1
   157    292      1
   157    335      1
   158     74      1
   158    359      1
   159    103      1
   159    321      1
   160    129      1
   160    298      1
   160    320      1
   161     34      1
   161    570      1
   161    795      1
   162     46      1
   162    193      1
   162    497      1
   163    104      1
   163    172      1
   163    780      1
   163    793      1
   164      6      1
   164    232      1
   164    554      1
   165     52      1
   165    263      1
   165    331      1
   166     10      1
   166    389      1
   167     45      1
   167    368      1
   167    525      1
   168    104      1
   168    192      1
   168    652      1
   168    973      1
   169      3      1
   169    301      1
   170     30      1
   170    171      1
   170    974      1
   171    170      1
   171    606      1
   171    657      1
   171    862      1
   172    163      1
   172    613      1
   172    889      1
   172    943      1
   173     88      1
   173    204      1
   173    892      1
   174     57      1
   174    253      1
   175     85      1
   175    945      1
   176     64      1
   176    597      1
   176    804      1
   177      3      1
   177    405      1
   177    471      1
   177    896      1
   178    102      1
   178    365      1
   179    109      1
   179    256      1
   180    129      1
   180    200      1
   180    218      1
   181     56      1
   181    316      1
   181    448      1
   181    526      1
   182    125      1
   182    729      1
   183    130      1
   183    472      1
   184      3      1
   184    741      1
   184    860      1
   185     29      1
   185    422      1
   185    686      1
   186    114      1
   186    506      1
   186    699      1
   186    728      1
   186    868      1
   187     41      1
   187    191      1
   187    401      1
   187    704      1
   187    734      1
   188    105      1
   188    252      1
   188    617      1
   189     80      1
   189    861      1
   190     77      1
   190    246      1
   190    718      1
   190    855      1
   190    953      1
   191    187      1
   191    231      1
   192    168      1
   192    470      1
   192    825      1
   193    162      1
   193    201      1
   194    110      1
   194    622      1
   195     13      1
   195    244      1
   195    327      1
   195    932      1
   196     41      1
   196    214      1
   196    229      1
   196    268      1
   196    378      1
   197     60      1
   197    199      1
   197    486      1
   198    115      1
   198    607      1
   199    197      1
   199    412      1
   199    626      1
   199    876      1
   199    916      1
   200    180      1
   201    193      1
   201    598      1
   202     30      1
   202    225      1
   203     49      1
   203    596      1
   204    173      1
   205     84      1
   205    393      1
   205    440      1
   205    476      1
   206     47      1
   206    310      1
   206    458      1
   207     55      1
   207    434      1
   208    141      1
   208    429      1
   209    150      1
   209    357      1
   209    395      1
   209    815      1
   210     93      1
   210    557      1
   211    139      1
   212    109      1
   213    136      1
   213    299      1
   213    388      1
   213    560      1
   213    701      1
   214    196      1
   215     80      1
   216     89      1
   216    467      1
   216    535      1
   216    794      1
   217    155      1
   217    222      1
   218    180      1
   218    290      1
   218    946      1
   219     19      1
   219    958      1
   220      9      1
   221     38      1
   222    217      1
   223    132      1
   223    489      1
   223    687      1
   223    800      1
   224     93      1
   225    202      1
   225    270      1
   225    391      1
   225    929      1
   226     18      1
   226    428      1
   227     91      1
   227    878      1
   228    109      1
   229    196      1
   229    536      1
   229    662      1
   229    676      1
   229    710      1
   230     72      1
   230    242      1
   230    339      1
   230    539      1
   230    984      1
   231    191      1
   232    164      1
   232    302      1
   232    329      1
   233    100      1
   233    387      1
   233    609      1
   234    123      1
   234    240      1
   235     88      1
   235    867      1
   236     22      1
   236    961      1
   237    114      1
   237    322      1
   237    897      1
   238    154      1
   238    578      1
   239    109      1
   239    438      1
   240    234      1
   240    297      1
   241    157      1
   242    230      1
   242    764      1
   243    103      1
   243    835      1
   244    195      1
   245    157      1
   246    190      1
   246    366      1
   246    603      1
   247    128      1
   247    435      1
   248    127      1
   249     56      1
   250    152      1
   250    542      1
   250    556      1
   251     62      1
   251    274      1
   251    504      1
   252    188      1
   252    488      1
   252    777      1
   253    174      1
   253    635      1
   254     60      1
   254    541      1
   254    726      1
   254    906      1
   255     96      1
   255    350      1
   255    375      1
   255    478      1
   255    678      1
   256    179      1
   256    294      1
   256    439      1
   257     37      1
   257    317      1
   258     36      1
   258    269      1
   258    291      1
   259    102      1
   259    671      1
   259    872      1
   260     11      1
   261    151      1
   261    887      1
   262     86      1
   262    561      1
   262    577      1
   263    165      1
   263    417      1
   264     62      1
   264    406      1
   265     44      1
   265    304      1
   266     51      1
   266    647      1
   267     18      1
   268    196      1
   269    258      1
   269    670      1
   269    754      1
   270    225      1
   270    730      1
   271     63      1
   271    683      1
   272    130      1
   272    295      1
   272    733      1
   273     99      1
   273    956      1
   274    251      1
   274    384      1
   275     97      1
   275    323      1
   275    630      1
   275    808      1
   275    963      1
   276    150      1
   276    307      1
   277     94      1
   277    324      1
   278    155      1
   278    450      1
   278    833      1
   279     33      1
   279    305      1
   279    947      1
   280    115      1
   281     98      1
   281    528      1
   282     49      1
   283     91      1
   284     36      1
   284    425      1
   285     45      1
   285    600      1
   285    615      1
   285    803      1
   286     43      1
   286    490      1
   286    499      1
   287    148      1
   288     37      1
   288    315      1
   289    122      1
   289    418      1
   289    482      1
   290    218      1
   291    258      1
   291    786      1
   291    922      1
   291    978      1
   292    157      1
   292    319      1
   293      9      1
   294    256      1
   295    272      1
   295    743      1
   296      6      1
   296    363      1
   296    779      1
   297    240      1
   297    477      1
   297    522      1
   297    524      1
   297    691      1
   297    751      1
   298    160      1
   299    213      1
   299    521      1
   300     79      1
   301    169      1
   302    232      1
   303    120      1
   304    265      1
   304    485      1
   305    279      1
   305    814      1
   306    155      1
   306    397      1
   307    276      1
   307    431      1
   307    591      1
   307    682      1
   307    871      1
   308     31      1
   308    496      1
   308    583      1
   308    602      1
   309    118      1
   309    312      1
   309    831      1
   309    849      1
   309    875      1
   310    206      1
   310    377      1
   310    415      1
   310    994      1
   311     52      1
   311    334      1
   311    473      1
   311    519      1
   311    863      1
   312    309      1
   313     45      1
   313    739      1
   313    837      1
   314    102      1
   314    442      1
   314    620      1
   315    288      1
   316    181      1
   316    579      1
   316    991      1
   317    257      1
   318    130      1
   318    385      1
   319    292      1
   319    517      1
   320    160      1
   320    342      1
   320    457      1
   321    159      1
   321    586      1
   322    237      1
   322    336      1
   323    275      1
   323    416      1
   323    592      1
   324    277      1
   324    338      1
   324    420      1
   324    462      1
   325      3      1
   326     56      1
   326    446      1
   327    195      1
   328    144      1
   328    967      1
   329    232      1
   329    828      1
   330     57      1
   331    165      1
   331    411      1
   332     66      1
   333     87      1
   333    343      1
   333    925      1
   334    311      1
   335    157      1
   335    753      1
   336    322      1
   336    361      1
   336    386      1
   336    426      1
   336    443      1
   336    461      1
   337    140      1
   337    853      1
   338    324      1
   339    230      1
   339    362      1
   339    791      1
   340    127      1
   340    639      1
   341    111      1
   342    320      1
   343    333      1
   343    675      1
   343    706      1
   344     64      1
   345    133      1
   345    364      1
   345    487      1
   345    604      1
   346    138      1
   347    138      1
   348    105      1
   348    677      1
   349     70      1
   349    589      1
   350    255      1
   350    452      1
   351    152      1
   351    552      1
   352     79      1
   352    614      1
   352    920      1
   353     16      1
   353    403      1
   354     98      1
   354    646      1
   355    100      1
   356     25      1
   357    209      1
   357    468      1
   357    500      1
   358    103      1
   359    158      1
   360    132      1
   361    336      1
   361    842      1
   362    339      1
   362    727      1
   363    296      1
   364    345      1
   364    558      1
   364    940      1
   365    178      1
   366    246      1
   367    108      1
   367    942      1
   368    167      1
   368    414      1
   368    547      1
   369     83      1
   369    773      1
   370     25      1
   371    115      1
   371    392      1
   372    135      1
   372    410      1
   373    153      1
   373    379      1
   373    382      1
   374      4      1
   375    255      1
   375    423      1
   376     16      1
   376    951      1
   377    310      1
   377    625      1
   378    196      1
   378    441      1
   378    454      1
   379    373      1
   379    820      1
   380     77      1
   380    817      1
   381    104      1
   382    373      1
   382    882      1
   383     50      1
   384    274      1
   384    445      1
   384    636      1
   385    318      1
   385    424      1
   385    491      1
   386    336      1
   386    954      1
   387    233      1
   388    213      1
   388    510      1
   389    166      1
   389    856      1
   390     15      1
   390    402      1
   391    225      1
   391    715      1
   392    371      1
   392    593      1
   393    205      1
   394     59      1
   395    209      1
   395    900      1
   396    133      1
   396    633      1
   397    306      1
   397    419      1
   398    118      1
   398    672      1
   399    154      1
   400     46      1
   400    433      1
   401    187      1
   401    667      1
   401    807      1
   402    390      1
   402    520      1
   402    575      1
   403    353      1
   403    407      1
   404     71      1
   404    427      1
   404    908      1
   405    177      1
   406    264      1
   406    532      1
   407    403      1
   408     46      1
   408    530      1
   409     81      1
   410    372      1
   411    331      1
   411    669      1
   412    199      1
   413    121      1
   413    746      1
   414    368      1
   415    310      1
   415    716      1
   416    323      1
   416    551      1
   417    263      1
   418    289      1
   419    397      1
   419    714      1
   420    324      1
   420    514      1
   421    144      1
   421    731      1
   422    185      1
   423    375      1
   423    778      1
   424    385      1
   425    284      1
   426    336      1
   427    404      1
   427    527      1
   427    924      1
   428    226      1
   428    709      1
   429    208      1
   430     71      1
   431    307      1
   431    627      1
   432     33      1
   432    747      1
   432    827      1
   433    400      1
   434    207      1
   435    247      1
   436    143      1
   436    455      1
   436    702      1
   437     47      1
   438    239      1
   438    700      1
   439    256      1
   440    205      1
   441    378      1
   442    314      1
   442    832      1
   443    336      1
   443    907      1
   444     52      1
   444    509      1
   445    384      1
   446    326      1
   446    483      1
   447     48      1
   448    181      1
   449    110      1
   449    789      1
   450    278      1
   451     85      1
   451    744      1
   451    822      1
   452    350      1
   453    105      1
   454    378      1
   455    436      1
   455    537      1
   455    563      1
   455    926      1
   456     39      1
   457    320      1
   458    206      1
   458    774      1
   459    118      1
   460     44      1
   460    608      1
   461    336      1
   462    324      1
   463    150      1
   464     52      1
   464    705      1
   465     53      1
   466     83      1
   466    484      1
   467    216      1
   467    659      1
   468    357      1
   468    784      1
   469     54      1
   470    192      1
   470    503      1
   470    595      1
   470    737      1
   471    177      1
   471    767      1
   472    183      1
   473    311      1
   473    611      1
   474     81      1
   474    572      1
   474    623      1
   475    129      1
   476    205      1
   476    493      1
   476    785      1
   477    297      1
   478    255      1
   479    102      1
   479    756      1
   480    145      1
   481     93      1
   481    543      1
   482    289      1
   483    446      1
   484    466      1
   485    304      1
   486    197      1
   486    735      1
   487    345      1
   488    252      1
   488    516      1
   489    223      1
   490    286      1
   491    385      1
   491    769      1
   492     27      1
   493    476      1
   494    152      1
   495     30      1
   495    813      1
   496    308      1
   496    533      1
   496    544      1
   497    162      1
   498     84      1
   498    681      1
   498    975      1
   499    286      1
   500    357      1
   501    150      1
   501    508      1
   502      1      1
   502    511      1
   503    470      1
   504    251      1
   505    126      1
   505    634      1
   505    806      1
   506    186      1
   507    103      1
   507    898      1
   508    501      1
   508    612      1
   509    444      1
   510    388      1
   510    553      1
   510    930      1
   511    502      1
   511    823      1
   512    123      1
   513    140      1
   513    935      1
   514    420      1
   515     69      1
   516    488      1
   516    569      1
   517    319      1
   518     74      1
   519    311      1
   520    402      1
   520    770      1
   521    299      1
   522    297      1
   523     76      1
   523    810      1
   524    297      1
   525    167      1
   526    181      1
   526    582      1
   527    427      1
   527    649      1
   527    771      1
   528    281      1
   529    144      1
   530    408      1
   530    890      1
   531    151      1
   531    840      1
   532    406      1
   533    496      1
   534    107      1
   535    216      1
   536    229      1
   536    910      1
   537    455      1
   537    848      1
   538      3      1
   538    881      1
   538    938      1
   539    230      1
   540     98      1
   541    254      1
   542    250      1
   542    624      1
   543    481      1
   544    496      1
   545     60      1
   545    685      1
   545    969      1
   546     37      1
   547    368      1
   548      7      1
   548    621      1
   549     90      1
   549    673      1
   549    899      1
   550     55      1
   550    698      1
   551    416      1
   552    351      1
   553    510      1
   554    164      1
   555     98      1
   556    250      1
   556    653      1
   557    210      1
   557    783      1
   558    364      1
   558    836      1
   559    110      1
   560    213      1
   560    587      1
   561    262      1
   561    883      1
   562     49      1
   563    455      1
   563    651      1
   564    118      1
   565    134      1
   565    962      1
   566     61      1
   567     89      1
   568     95      1
   569    516      1
   569    663      1
   570    161      1
   570    571      1
   570    581      1
   570    722      1
   571    570      1
   572    474      1
   573     47      1
   574     20      1
   574    696      1
   574    761      1
   575    402      1
   576     44      1
   576    826      1
   577    262      1
   578    238      1
   579    316      1
   579    865      1
   580     37      1
   580    841      1
   581    570      1
   582    526      1
   583    308      1
   583    594      1
   584     96      1
   584    768      1
   584    854      1
   585    147      1
   585    857      1
   586    321      1
   587    560      1
   588     15      1
   589    349      1
   590     21      1
   591    307      1
   591    721      1
   592    323      1
   593    392      1
   594    583      1
   594    641      1
   595    470      1
   595    599      1
   595    979      1
   596    203      1
   597    176      1
   597    684      1
   598    201      1
   599    595      1
   600    285      1
   600    936      1
   601     91      1
   601    821      1
   601    864      1
   602    308      1
   602    638      1
   603    246      1
   603    750      1
   604    345      1
   605    112      1
   605    640      1
   606    171      1
   607    198      1
   607    915      1
   608    460      1
   608    645      1
   609    233      1
   610    147      1
   610    661      1
   611    473      1
   611    998      1
   612    508      1
   612    879      1
   613    172      1
   613    874      1
   614    352      1
   614    679      1
   615    285      1
   616     89      1
   617    188      1
   617    692      1
   618    140      1
   619     71      1
   619    843      1
   619    933      1
   620    314      1
   620    708      1
   621    548      1
   622    194      1
   623    474      1
   624    542      1
   624    642      1
   625    377      1
   626    199      1
   627    431      1
   627    660      1
   628     29      1
   629     24      1
   630    275      1
   631    148      1
   632     48      1
   633    396      1
   634    505      1
   634    799      1
   634    993      1
   635    253      1
   636    384      1
   637     44      1
   638    602      1
   638    664      1
   638    965      1
   639    340      1
   640    605      1
   641    594      1
   642    624      1
   643    148      1
   643    758      1
   644     43      1
   645    608      1
   646    354      1
   646    762      1
   646    939      1
   647    266      1
   648     15      1
   648    665      1
   648    805      1
   649    527      1
   650    154      1
   650    788      1
   651    563      1
   652    168      1
   653    556      1
   653    944      1
   654     54      1
   654    719      1
   654    782      1
   655    123      1
   656    139      1
   656    724      1
   657    171      1
   658    101      1
   659    467      1
   660    627      1
   661    610      1
   662    229      1
   663    569      1
   663    971      1
   664    638      1
   665    648      1
   666     66      1
   667    401      1
   668    136      1
   669    411      1
   670    269      1
   671    259      1
   672    398      1
   673    549      1
   673    816      1
   674    137      1
   675    343      1
   676    229      1
   677    348      1
   678    255      1
   678    992      1
   679    614      1
   679    914      1
   679    985      1
   680    129      1
   681    498      1
   681    697      1
   682    307      1
   683    271      1
   683    759      1
   684    597      1
   685    545      1
   685    819      1
   686    185      1
   687    223      1
   687    928      1
   687    937      1
   688     58      1
   689    120      1
   689    757      1
   690     82      1
   690    742      1
   691    297      1
   692    617      1
   693     22      1
   694    102      1
   695     11      1
   696    574      1
   697    681      1
   698    550      1
   698    798      1
   698    982      1
   699    186      1
   700    438      1
   700    749      1
   701    213      1
   702    436      1
   703    100      1
   703    723      1
   703    830      1
   704    187      1
   705    464      1
   706    343      1
   707    123      1
   707    745      1
   708    620      1
   709    428      1
   710    229      1
   711     25      1
   711    957      1
   712      7      1
   713     44      1
   713    725      1
   714    419      1
   715    391      1
   715    903      1
   716    415      1
   717     72      1
   718    190      1
   719    654      1
   720     17      1
   721    591      1
   722    570      1
   722    732      1
   723    703      1
   724    656      1
   725    713      1
   725    809      1
   726    254      1
   727    362      1
   728    186      1
   729    182      1
   729    905      1
   730    270      1
   731    421      1
   732    722      1
   732    934      1
   733    272      1
   734    187      1
   735    486      1
   735    834      1
   736     74      1
   737    470      1
   738     51      1
   739    313      1
   740     30      1
   740    829      1
   741    184      1
   742    690      1
   742    839      1
   742    877      1
   742    980      1
   742    986      1
   743    295      1
   744    451      1
   745    707      1
   746    413      1
   747    432      1
   747    796      1
   748    111      1
   749    700      1
   750    603      1
   751    297      1
   752     46      1
   753    335      1
   754    269      1
   755     66      1
   756    479      1
   757    689      1
   757    763      1
   757    845      1
   758    643      1
   758    880      1
   758    894      1
   758    948      1
   759    683      1
   760     53      1
   761    574      1
   762    646      1
   763    757      1
   764    242      1
   765    151      1
   766    140      1
   767    471      1
   768    584      1
   769    491      1
   770    520      1
   771    527      1
   772    137      1
   773    369      1
   774    458      1
   774    891      1
   775    140      1
   776    135      1
   777    252      1
   778    423      1
   779    296      1
   780    163      1
   781     78      1
   782    654      1
   782    895      1
   783    557      1
   784    468      1
   785    476      1
   786    291      1
   786    912      1
   787     56      1
   788    650      1
   789    449      1
   790     35      1
   791    339      1
   791    949      1
   792     36      1
   793    163      1
   794    216      1
   794    850      1
   795    161      1
   796    747      1
   797    132      1
   798    698      1
   799    634      1
   799    811      1
   800    223      1
   801    148      1
   802     41      1
   803    285      1
   804    176      1
   805    648      1
   805    869      1
   805    885      1
   806    505      1
   807    401      1
   808    275      1
   809    725      1
   810    523      1
   811    799      1
   812      8      1
   812    959      1
   813    495      1
   813    844      1
   814    305      1
   815    209      1
   816    673      1
   817    380      1
   818     52      1
   819    685      1
   819    838      1
   820    379      1
   821    601      1
   822    451      1
   822    901      1
   823    511      1
   824    141      1
   825    192      1
   826    576      1
   826    851      1
   827    432      1
   828    329      1
   829    740      1
   830    703      1
   831    309      1
   832    442      1
   832    913      1
   833    278      1
   834    735      1
   835    243      1
   836    558      1
   837    313      1
   838    819      1
   839    742      1
   840    531      1
   841    580      1
   842    361      1
   843    619      1
   844    813      1
   845    757      1
   846    154      1
   847     22      1
   848    537      1
   849    309      1
   850    794      1
   850    968      1
   851    826      1
   851    873      1
   852     58      1
   853    337      1
   853    923      1
   854    584      1
   855    190      1
   856    389      1
   857    585      1
   858     12      1
   859     34      1
   860    184      1
   861    189      1
   862    171      1
   863    311      1
   864    601      1
   864    888      1
   865    579      1
   866    152      1
   867    235      1
   868    186      1
   869    805      1
   870     81      1
   870    996      1
   871    307      1
   871    893      1
   872    259      1
   873    851      1
   874    613      1
   875    309      1
   876    199      1
   877    742      1
   878    227      1
   878    884      1
   879    612      1
   880    758      1
   881    538      1
   882    382      1
   883    561      1
   883    952      1
   884    878      1
   885    805      1
   886    132      1
   886    911      1
   887    261      1
   888    864      1
   889    172      1
   890    530      1
   891    774      1
   892    173      1
   893    871      1
   894    758      1
   895    782      1
   895    917      1
   896    177      1
   896    990      1
   897    237      1
   898    507      1
   899    549      1
   899    999      1
   900    395      1
   901    822      1
   902     81      1
   903    715      1
   904    103      1
   905    729      1
   906    254      1
   907    443      1
   908    404      1
   909     76      1
   910    536      1
   911    886      1
   912    786      1
   912    983      1
   913    832      1
   914    679      1
   915    607      1
   916    199      1
   917    895      1
   918    122      1
   919     79      1
   920    352      1
   921     79      1
   922    291      1
   923    853      1
   924    427      1
   924    960      1
   925    333      1
   926    455      1
   927     48      1
   928    687      1
   929    225      1
   930    510      1
   931    141      1
   932    195      1
   933    619      1
   933    995      1
   934    732      1
   935    513      1
   936    600      1
   937    687      1
   938    538      1
   939    646      1
   940    364      1
   941     83      1
   942    367      1
   943    172      1
   944    653      1
   945    175      1
   946    218      1
   946    981      1
   947    279      1
   948    758      1
   949    791      1
   950     46      1
   951    376      1
   952    883      1
   953    190      1
   954    386      1
   955     33      1
   956    273      1
   957    711      1
   958    219      1
   959    812      1
   960    924      1
   960    976      1
   961    236      1
   962    565      1
   963    275      1
   964    120      1
   965    638      1
   966     84      1
   967    328      1
   968    850      1
   969    545      1
   970     74      1
   971    663      1
   972    125      1
   973    168      1
   974    170      1
   975    498      1
   976    960      1
   977      3      1
   978    291      1
   979    595      1
   980    742      1
   981    946      1
   982    698      1
   983    912      1
   984    230      1
   985    679      1
   986    742      1
   987    152      1
   988     16      1
   989    109      1
   990    896      1
   991    316      1
   992    678      1
   993    634      1
   994    310      1
   995    933      1
   996    870      1
   997     71      1
   998    611      1
   999    899      1
