COORD_X_Y 130
 0.714592    2.1225
  2.80868   2.92427
 0.493611   1.95225
  1.05396   0.24597
     2.14    2.6705
  1.88487 0.0410862
  2.66945    1.9485
 0.948446  0.554738
  1.15984   2.87383
 0.675997   1.48408
  2.23593    2.3751
 0.900382  0.217982
  2.04002   2.48197
  1.36396   1.24235
 0.117676  0.231455
  2.32302   1.72916
 0.463428   2.45138
  1.40108   2.30903
 0.371795  0.926902
 0.305208   2.31256
  2.03337   2.27012
 0.317589  0.430749
 0.703332   2.50139
   1.4484  0.509207
  1.83354   1.05125
 0.896053   1.87163
0.0444142  0.540026
  2.94342   2.69485
  2.64711   1.37412
 0.477451   2.39997
  2.46707  0.207131
   1.1319   2.82729
  1.67693  0.200056
 0.238816   1.84083
  0.87022   2.63285
  1.23343  0.790422
  0.29268  0.845249
   2.9694  0.950914
  2.14657  0.351938
 0.874382   2.24391
  2.05776   2.12429
  1.51566  0.579808
  2.34597  0.199513
 0.540364   2.45995
  1.15447  0.603174
  1.55041   2.56035
  2.71213   1.97546
  1.09152  0.137823
  2.66334  0.445855
 0.227224   2.56487
  1.23832   2.15259
  2.75432   1.61173
  1.91774   2.03267
 0.768993  0.165132
 0.505309 0.0676397
  2.35996    2.7461
 0.467572  0.202287
  2.21762   2.26799
  1.53154  0.234631
0.0331172   1.19464
  2.06127     2.419
  1.82033  0.311386
 0.724723  0.922465
  2.58449   2.10797
  1.86052   1.74686
  1.07742  0.534089
 0.435419  0.894802
  1.61508   1.41939
  1.31675   0.50661
  1.42253   2.46272
  1.19702   2.23193
  1.05376   1.83357
  2.65017  0.992426
 0.595266  0.336532
 0.295236  0.499222
  2.32078   1.58667
    1.757   2.77462
  2.91127   1.32678
  0.62253    2.8898
 0.898614   1.59057
   1.3038  0.276361
  2.10951   2.92975
  1.84423   2.31506
  0.34758   1.80254
 0.995006   2.28411
  2.81449   1.01457
   2.1696  0.113309
 0.627746  0.616998
  1.28687  0.830603
  2.50625   2.80112
 0.189318   2.51549
  2.01791   1.64148
  1.89518  0.919197
  2.53649   1.14669
  1.83814  0.774313
  1.96388  0.397433
  0.28467   2.64712
 0.988385    1.1414
 0.564423    2.7146
  2.97491  0.595251
  1.28168   2.57976
 0.448217   1.52427
  1.98645   2.75225
  0.68989   2.20108
 0.377721  0.765482
  1.29644   1.54381
 0.563775  0.443195
  2.61449  0.408775
  2.55289  0.714341
  2.71499  0.287474
  1.53719  0.651771
 0.189413   2.20164
 0.701045   2.93324
    2.874  0.858345
  1.73546   2.97646
  2.33999   2.24612
 0.373774   1.89399
  2.19907    1.7902
 0.221191   0.96333
  1.29482  0.977737
 0.132083  0.993348
 0.388026   1.44386
  2.15323   1.47343
  1.80557    2.3861
  1.68001    1.2681
  0.46155   2.61534
 0.500275   1.09334
 0.743633   1.79096
  1.98206  0.881802
 0.635999   2.49357
LINKS_SOURCE_DESTINATION_DISTANCE 258
     0      1      1
     0      2      1
     0      4      1
     0     15      1
     0     17      1
     0    125      1
     0    127      1
     1      0      1
     1      3      1
     1      9      1
     2      0      1
     2      6      1
     2     53      1
     2     58      1
     3      1      1
     3      5      1
     3      7      1
     3      8      1
     3     11      1
     3     14      1
     3     21      1
     3     40      1
     3     90      1
     4      0      1
     4     19      1
     4    113      1
     4    124      1
     5      3      1
     5     10      1
     5     22      1
     5     34      1
     5     60      1
     5     61      1
     6      2      1
     6     12      1
     6     16      1
     6     73      1
     7      3      1
     7     98      1
     8      3      1
     8     29      1
     9      1      1
     9     41      1
     9     92      1
    10      5      1
    10     28      1
    10    100      1
    10    116      1
    11      3      1
    11     13      1
    11     24      1
    11     37      1
    12      6      1
    12    110      1
    12    118      1
    13     11      1
    13     75      1
    14      3      1
    14     45      1
    15      0      1
    15     18      1
    15     81      1
    16      6      1
    16     25      1
    16     36      1
    16     42      1
    16    120      1
    17      0      1
    17     23      1
    17     26      1
    17     27      1
    17     33      1
    18     15      1
    18     20      1
    18     46      1
    19      4      1
    19     99      1
    20     18      1
    20     67      1
    20    105      1
    21      3      1
    21     48      1
    22      5      1
    22     49      1
    23     17      1
    23     35      1
    24     11      1
    24     51      1
    25     16      1
    25     38      1
    25     76      1
    25     93      1
    25    128      1
    26     17      1
    27     17      1
    27     70      1
    27     83      1
    27    101      1
    28     10      1
    28     43      1
    29      8      1
    29     30      1
    29     31      1
    30     29      1
    30     32      1
    30    106      1
    31     29      1
    31     84      1
    31     95      1
    32     30      1
    32     55      1
    33     17      1
    33     56      1
    33     78      1
    33    111      1
    34      5      1
    34     69      1
    35     23      1
    35     39      1
    35     44      1
    36     16      1
    36     54      1
    37     11      1
    37     74      1
    38     25      1
    38     47      1
    38     50      1
    38     57      1
    39     35      1
    39     52      1
    40      3      1
    40     94      1
    41      9      1
    41     68      1
    42     16      1
    42     97      1
    43     28      1
    43    119      1
    44     35      1
    44     80      1
    45     14      1
    46     18      1
    47     38      1
    47     59      1
    48     21      1
    48     66      1
    48     79      1
    48    112      1
    49     22      1
    49     72      1
    50     38      1
    50     62      1
    51     24      1
    51     63      1
    52     39      1
    52     65      1
    52     71      1
    52     77      1
    52     89      1
    53      2      1
    53     88      1
    54     36      1
    55     32      1
    55     64      1
    55     85      1
    56     33      1
    56     82      1
    56    123      1
    57     38      1
    58      2      1
    59     47      1
    59     86      1
    60      5      1
    61      5      1
    62     50      1
    63     51      1
    64     55      1
    65     52      1
    66     48      1
    66    114      1
    67     20      1
    67     91      1
    68     41      1
    69     34      1
    70     27      1
    71     52      1
    72     49      1
    73      6      1
    74     37      1
    74     87      1
    74    102      1
    75     13      1
    75    121      1
    76     25      1
    76     96      1
    77     52      1
    78     33      1
    78    104      1
    79     48      1
    80     44      1
    81     15      1
    81    108      1
    82     56      1
    83     27      1
    84     31      1
    84    103      1
    85     55      1
    86     59      1
    87     74      1
    88     53      1
    89     52      1
    90      3      1
    90    109      1
    91     67      1
    92      9      1
    93     25      1
    94     40      1
    95     31      1
    95    122      1
    96     76      1
    97     42      1
    97    107      1
    97    115      1
    97    126      1
    98      7      1
    99     19      1
   100     10      1
   101     27      1
   102     74      1
   103     84      1
   104     78      1
   105     20      1
   105    117      1
   106     30      1
   107     97      1
   108     81      1
   109     90      1
   109    129      1
   110     12      1
   111     33      1
   112     48      1
   113      4      1
   114     66      1
   115     97      1
   116     10      1
   117    105      1
   118     12      1
   119     43      1
   120     16      1
   121     75      1
   122     95      1
   123     56      1
   124      4      1
   125      0      1
   126     97      1
   127      0      1
   128     25      1
   129    109      1
