COORD_X_Y 15
  1.16803  0.632312
 0.181211  0.744975
  2.58159   2.50452
  1.20748   1.04832
  1.17853  0.257811
  2.30159    1.3144
  2.11927 0.0627772
  0.94797  0.405127
 0.713056  0.761587
  2.39504    2.1466
 0.175039   1.80463
 0.367851    0.8377
  1.86495   2.98559
 0.450829     2.681
   2.6214    1.4448
LINKS_SOURCE_DESTINATION_DISTANCE 28
     0      1      1
     0      6      1
     0      7      1
     0     10      1
     1      0      1
     1      2      1
     1      3      1
     1      5      1
     2      1      1
     2      4      1
     3      1      1
     3      8      1
     4      2      1
     5      1      1
     5     13      1
     6      0      1
     6      9      1
     6     11      1
     6     14      1
     7      0      1
     8      3      1
     9      6      1
    10      0      1
    10     12      1
    11      6      1
    12     10      1
    13      5      1
    14      6      1
