COORD_X_Y 25
  0.18207    2.3214
  1.76666   1.02709
0.0426315   2.90446
   2.7217  0.641621
   1.2249   1.22882
  1.34185   0.25858
 0.629694   1.33393
 0.697158 0.0667185
  2.91473   1.84188
  1.49422   2.54528
 0.413173   1.95144
  2.34407  0.200733
  1.88837   1.33495
  0.18221   1.88565
 0.374642   2.78183
 0.397219  0.951028
  1.23666  0.993334
 0.661885   1.26774
  2.98835   2.20993
 0.812241    1.9014
 0.840217   1.93083
  2.82987  0.834331
  1.03607   1.27631
  1.46471   2.74523
  1.02025   1.43226
LINKS_SOURCE_DESTINATION_DISTANCE 48
     0      1      1
     0      3      1
     0     17      1
     1      0      1
     1      2      1
     1      9      1
     1     12      1
     2      1      1
     2      7      1
     2      8      1
     2     15      1
     2     19      1
     3      0      1
     3      4      1
     3      5      1
     3     11      1
     3     13      1
     4      3      1
     5      3      1
     5      6      1
     6      5      1
     7      2      1
     7     10      1
     7     14      1
     7     24      1
     8      2      1
     8     18      1
     9      1      1
    10      7      1
    10     21      1
    11      3      1
    12      1      1
    13      3      1
    14      7      1
    14     16      1
    15      2      1
    15     23      1
    16     14      1
    17      0      1
    17     22      1
    18      8      1
    19      2      1
    19     20      1
    20     19      1
    21     10      1
    22     17      1
    23     15      1
    24      7      1
