COORD_X_Y 300
  1.04778   2.14148
  2.71923   1.19227
  1.55442   2.18837
 0.581772  0.213072
  1.00658  0.356283
 0.219435   1.11491
  2.64019  0.593168
  2.71087   2.18912
  1.25651   2.78627
  1.19914   2.23475
  1.63234  0.351682
 0.667666  0.914391
  2.05707   1.96156
 0.996055   2.52783
  1.00274  0.361767
  1.75353   2.47227
  2.88149  0.985771
  1.23708    2.8342
 0.643638   1.08354
  1.75064  0.985555
   2.2686   1.08422
   1.0236  0.900897
  1.73304   0.73995
  2.81355   1.49661
  1.47076   1.77569
   1.7029  0.577259
  2.79577  0.657844
  1.65872  0.354117
 0.590517   2.19198
  1.05038   1.64045
  2.35554      1.27
  1.59262   1.86414
    1.249   1.77122
  2.24972  0.298441
  1.00927    1.5919
  2.59968   1.59532
  0.38435  0.804313
  1.88017   2.21816
  2.82516  0.404805
 0.254781  0.481158
  2.90878  0.455682
  1.60085  0.203987
  1.71041  0.278121
 0.741896   1.50029
  2.66074  0.560981
  1.74936   2.77662
  1.26731    1.9923
  2.45037   1.02587
  1.72583   0.51765
  2.23567   1.93681
  1.51752   1.25617
0.0883738  0.385663
  1.06106   2.29002
 0.725787   2.38495
 0.248064  0.515183
 0.850708   1.05759
   1.0226  0.903231
  2.29688  0.204356
  2.05498   1.07381
  2.21699   1.89246
  2.40612   2.08848
  1.24912  0.124999
  1.85068   1.19562
  2.18123   2.27793
  2.82845   0.46211
  2.02121   1.93972
 0.126994   2.21954
  0.47301  0.622035
  2.29449   1.01103
  1.18395  0.040791
  1.77621   2.73602
  2.48962   2.16128
  2.19511    1.4434
 0.289859   1.29251
  2.39666  0.760835
 0.624054    1.7488
  2.09339   2.46215
 0.895861   1.31196
  2.73935  0.629521
  1.06193  0.547048
  1.41419   1.47337
 0.373572   2.12091
  2.27793  0.639899
  0.26461   0.82052
  1.14852   2.63533
  2.78561   1.71646
  2.99528  0.753932
  1.13678   1.31425
  1.29143   2.25503
   1.5535   1.43523
  1.25768    1.7334
 0.463825   1.88028
  2.83659   1.65673
  1.46291   1.14715
  1.71917  0.515394
  2.20206  0.406932
  2.61727  0.158495
0.0378999 0.00219013
  1.66886  0.817864
  2.28951  0.745031
 0.213763    2.7483
  2.77496  0.134856
 0.796536   2.35008
 0.479899    1.4921
  1.41898  0.267937
 0.244316  0.752456
0.00571871   2.04585
  2.26847  0.421335
  2.19265    2.1589
  1.06509  0.461735
  2.94401   1.86022
  2.56883   1.52108
0.00290771  0.444692
  1.05914  0.160397
  2.76747  0.360091
  2.99714  0.518168
  0.95106   1.15739
  0.97083   1.87777
 0.430945   1.33875
  2.09031   1.98759
  1.64884   1.34044
  2.62943   1.77284
 0.707087   1.43284
  1.91435   2.89401
  2.62808   2.88156
 0.670528   1.51375
  2.49731   2.10125
  1.71232   1.68084
 0.521129   2.06913
  2.52211   2.54746
  2.97489  0.933425
  2.93131   2.75466
  1.87884   2.15829
  1.39554   2.65084
 0.524532   1.48048
  1.84093     2.598
 0.182595   2.51262
 0.509097   1.93391
0.0403877  0.373235
 0.694768  0.531079
 0.764111   2.12297
  0.36141 0.0525101
   2.5259  0.122791
  2.69431   2.72889
  2.38792  0.581611
  2.30161  0.381011
  1.38285   1.31369
  2.88214   1.65123
  1.53414    2.8059
 0.548002   1.78149
   2.3914   1.44073
  2.62508  0.962613
  1.41114   1.91002
  1.05974   1.05474
  1.04528   2.52022
   2.2132   1.57367
 0.945639   1.64289
  2.23798   1.56754
 0.328666    2.7151
   1.1779   1.96674
  1.22193   2.30179
   2.1678   2.72428
  2.72497    1.1405
  1.41594  0.685509
  2.09373  0.855217
 0.752781    2.9611
  1.43103   2.03519
  2.35391   2.19797
   1.8787  0.857521
 0.856294   2.25958
  1.82629   2.51943
 0.114238    2.6038
  2.53334   2.53969
  1.88178  0.367568
 0.176991   2.92173
  2.40469   2.10674
 0.619457  0.329896
  1.54606   2.05701
  2.98955   1.61458
  2.78139   1.31176
 0.677403   2.60085
  2.35224  0.871989
 0.371174 0.0601289
  2.91342   2.05926
  2.13114 0.00862907
 0.978632   1.04955
  2.64209   1.07197
 0.882508  0.738201
 0.235175   1.11909
 0.307463   1.11664
 0.784803    2.4545
 0.343643  0.231101
  2.90292   1.15198
  2.30537  0.849735
 0.865654  0.370936
  2.30543  0.308074
  2.44818  0.128021
  1.41825   2.43428
  1.42143   1.90127
  2.40255  0.239858
   1.3721   2.18703
 0.593364   2.62494
  2.95847   2.20718
  1.10501   1.80451
  1.94242   1.30885
  1.17719   2.56372
  1.63192   1.36371
  1.59737   2.33995
 0.995402  0.646949
  0.56374   1.04778
 0.267764   2.78611
  1.77022  0.925974
  1.52315   2.07331
  0.97795   2.29897
  1.10202   0.64434
  2.26625  0.668855
  1.51126   2.85042
 0.587692   2.59721
  2.15316   2.22823
  1.97394  0.636024
 0.389028   1.19744
  2.34636   1.97685
   1.1591   1.14776
  2.60547  0.686993
  2.13242  0.191738
  2.43561   1.57557
  2.17227   2.51216
 0.958006   2.64331
  2.85751  0.714011
  1.33717   1.65225
 0.312042   2.92161
  2.61662   2.03425
  2.14601  0.469145
  1.01494   2.17039
  1.84851   2.33343
 0.830735   0.15355
  2.81749   1.89212
  2.55842   2.65092
  2.34438   1.78797
  2.18114   2.71003
  2.04821   1.90877
  2.22389   1.25036
  2.76171   1.87891
  1.56052    2.2807
  1.90002  0.532675
 0.717189    2.3289
 0.756133   2.02256
   2.9391   1.26442
  2.91177   2.05046
  2.25235   1.20805
   2.8846   0.60651
  1.11942  0.823139
  1.06003   1.47789
  1.53941   0.83878
  1.92367   2.23282
 0.593929  0.850084
  2.67042   1.64135
  2.20136   2.93683
  2.93636   1.53108
 0.430545   2.07523
  1.71003   2.26779
  2.35992  0.544994
  2.96791   2.14636
  1.27504 0.0675323
  2.89698   2.86822
 0.558278  0.184299
  1.34839   2.55042
   2.0696   1.26951
  1.17878   2.02908
 0.643865   2.82228
  2.35189   1.17361
  0.96508   1.57239
 0.950024   1.96041
 0.245659   1.00294
 0.860086   1.37298
  2.17902   1.70932
  2.17978   2.89648
 0.312482   1.43542
 0.687401  0.291295
 0.850174   1.51455
  1.30429    2.3085
  2.61966     1.144
   1.8648  0.409431
  2.15946   2.40161
 0.857159   2.16288
0.0168544   2.83401
 0.207327   2.35674
 0.988984  0.857699
  2.34623   1.84322
  1.47764   2.44563
  1.50419   1.38626
  2.97382   2.00289
  2.08596   2.00062
  1.76406  0.807065
  0.95993   2.02889
  1.03508   1.24219
  1.05279   1.34721
  1.07263   1.87287
  1.64791   2.24048
  2.04698    2.4527
LINKS_SOURCE_DESTINATION_DISTANCE 598
     0      1      1
     0     12      1
     0     24      1
     0     44      1
     0    249      1
     1      0      1
     1      2      1
     1      3      1
     1      4      1
     1     70      1
     1    274      1
     2      1      1
     2      5      1
     2     60      1
     2     83      1
     3      1      1
     3      8      1
     4      1      1
     4      6      1
     4      7      1
     4     84      1
     4     97      1
     4    106      1
     4    298      1
     5      2      1
     5      9      1
     5     10      1
     5     74      1
     5     80      1
     5     95      1
     5    109      1
     5    125      1
     5    131      1
     5    276      1
     6      4      1
     6     11      1
     6     20      1
     6     25      1
     7      4      1
     7     15      1
     7     33      1
     7     66      1
     7     82      1
     7    147      1
     8      3      1
     8     16      1
     9      5      1
     9     13      1
     9    119      1
    10      5      1
    10     14      1
    10     38      1
    10     91      1
    10    153      1
    11      6      1
    11     29      1
    11     39      1
    11    229      1
    11    233      1
    12      0      1
    12     31      1
    13      9      1
    13     17      1
    13     19      1
    13     61      1
    13     96      1
    14     10      1
    14     18      1
    14     23      1
    14     78      1
    14    157      1
    14    165      1
    14    167      1
    15      7      1
    15    151      1
    15    152      1
    15    283      1
    16      8      1
    16     21      1
    16    224      1
    17     13      1
    17     22      1
    17    120      1
    17    222      1
    18     14      1
    19     13      1
    19     26      1
    19     58      1
    19    103      1
    19    196      1
    19    206      1
    19    251      1
    19    265      1
    20      6      1
    20     72      1
    20    146      1
    20    176      1
    21     16      1
    21     67      1
    21     99      1
    21    128      1
    22     17      1
    22     36      1
    22     47      1
    22     52      1
    22     54      1
    23     14      1
    23     35      1
    23    299      1
    24      0      1
    24     28      1
    24     32      1
    24     48      1
    24     49      1
    24    115      1
    25      6      1
    25     27      1
    25     30      1
    25     41      1
    25    139      1
    25    170      1
    25    201      1
    25    220      1
    25    227      1
    26     19      1
    27     25      1
    27     45      1
    27    197      1
    27    294      1
    28     24      1
    28    142      1
    28    163      1
    29     11      1
    29     65      1
    29    145      1
    30     25      1
    30     37      1
    30     42      1
    30     77      1
    31     12      1
    32     24      1
    32     56      1
    32    180      1
    33      7      1
    33     34      1
    33    122      1
    33    159      1
    34     33      1
    35     23      1
    35     40      1
    35     43      1
    35    160      1
    35    168      1
    36     22      1
    36    225      1
    37     30      1
    37    239      1
    37    278      1
    38     10      1
    38     64      1
    38     68      1
    38    108      1
    38    116      1
    38    204      1
    38    259      1
    39     11      1
    39     98      1
    39    290      1
    40     35      1
    40     53      1
    40     57      1
    41     25      1
    41     46      1
    41    173      1
    42     30      1
    42     71      1
    43     35      1
    43     50      1
    43     92      1
    43    221      1
    43    260      1
    44      0      1
    44     51      1
    44    193      1
    45     27      1
    45    205      1
    46     41      1
    47     22      1
    47     73      1
    48     24      1
    48     86      1
    49     24      1
    49     55      1
    49    133      1
    50     43      1
    50    126      1
    50    161      1
    51     44      1
    51     81      1
    51     89      1
    51    232      1
    52     22      1
    52    141      1
    52    190      1
    53     40      1
    53     69      1
    53    162      1
    54     22      1
    54    189      1
    55     49      1
    55     63      1
    55     85      1
    55    121      1
    56     32      1
    56    217      1
    57     40      1
    57     62      1
    57    117      1
    57    212      1
    58     19      1
    58     59      1
    58    130      1
    59     58      1
    60      2      1
    60     76      1
    61     13      1
    62     57      1
    62    104      1
    62    185      1
    63     55      1
    64     38      1
    64    101      1
    64    110      1
    64    247      1
    65     29      1
    66      7      1
    67     21      1
    67    134      1
    67    226      1
    68     38      1
    68    295      1
    69     53      1
    69     75      1
    69    280      1
    70      1      1
    71     42      1
    72     20      1
    72    150      1
    73     47      1
    73    112      1
    73    113      1
    73    123      1
    73    187      1
    74      5      1
    74    144      1
    75     69      1
    75     88      1
    75    179      1
    76     60      1
    76     90      1
    76    268      1
    77     30      1
    77    107      1
    78     14      1
    78     79      1
    79     78      1
    79    191      1
    79    209      1
    79    271      1
    80      5      1
    80    100      1
    80    246      1
    81     51      1
    81    297      1
    82      7      1
    82    143      1
    83      2      1
    83    135      1
    84      4      1
    85     55      1
    85     94      1
    85    102      1
    86     48      1
    86     87      1
    86    111      1
    86    235      1
    87     86      1
    87    118      1
    87    261      1
    88     75      1
    88    105      1
    89     51      1
    90     76      1
    90    210      1
    91     10      1
    91     93      1
    91    137      1
    91    195      1
    91    255      1
    92     43      1
    92    138      1
    93     91      1
    93    289      1
    94     85      1
    94    155      1
    95      5      1
    95    166      1
    96     13      1
    96    172      1
    97      4      1
    97    175      1
    98     39      1
    98    186      1
    99     21      1
   100     80      1
   101     64      1
   101    234      1
   102     85      1
   102    129      1
   103     19      1
   103    183      1
   103    293      1
   104     62      1
   105     88      1
   105    114      1
   106      4      1
   106    127      1
   106    132      1
   107     77      1
   108     38      1
   108    284      1
   109      5      1
   110     64      1
   110    230      1
   110    240      1
   111     86      1
   111    244      1
   111    279      1
   112     73      1
   112    188      1
   112    207      1
   112    228      1
   113     73      1
   113    281      1
   114    105      1
   114    136      1
   115     24      1
   115    181      1
   115    208      1
   115    219      1
   116     38      1
   116    169      1
   117     57      1
   118     87      1
   118    213      1
   118    236      1
   119      9      1
   120     17      1
   120    124      1
   120    148      1
   121     55      1
   122     33      1
   123     73      1
   123    164      1
   124    120      1
   125      5      1
   125    140      1
   126     50      1
   127    106      1
   127    216      1
   127    267      1
   128     21      1
   128    199      1
   129    102      1
   130     58      1
   131      5      1
   131    171      1
   132    106      1
   133     49      1
   134     67      1
   135     83      1
   136    114      1
   137     91      1
   137    178      1
   138     92      1
   138    149      1
   139     25      1
   140    125      1
   141     52      1
   142     28      1
   143     82      1
   144     74      1
   145     29      1
   146     20      1
   146    237      1
   147      7      1
   147    156      1
   148    120      1
   149    138      1
   149    262      1
   150     72      1
   150    154      1
   151     15      1
   152     15      1
   152    218      1
   153     10      1
   153    198      1
   154    150      1
   154    177      1
   155     94      1
   155    223      1
   156    147      1
   157     14      1
   157    158      1
   157    266      1
   158    157      1
   158    174      1
   159     33      1
   159    242      1
   160     35      1
   160    202      1
   160    275      1
   161     50      1
   162     53      1
   163     28      1
   163    277      1
   164    123      1
   165     14      1
   165    245      1
   166     95      1
   167     14      1
   167    231      1
   168     35      1
   169    116      1
   170     25      1
   171    131      1
   172     96      1
   173     41      1
   173    238      1
   174    158      1
   174    184      1
   175     97      1
   175    215      1
   176     20      1
   177    154      1
   177    253      1
   178    137      1
   179     75      1
   180     32      1
   180    182      1
   180    211      1
   180    214      1
   181    115      1
   182    180      1
   183    103      1
   183    194      1
   184    174      1
   185     62      1
   186     98      1
   186    200      1
   187     73      1
   188    112      1
   188    203      1
   188    291      1
   189     54      1
   190     52      1
   191     79      1
   191    192      1
   192    191      1
   192    241      1
   193     44      1
   193    252      1
   193    264      1
   194    183      1
   195     91      1
   196     19      1
   197     27      1
   198    153      1
   198    273      1
   199    128      1
   200    186      1
   200    254      1
   201     25      1
   202    160      1
   203    188      1
   204     38      1
   205     45      1
   205    263      1
   206     19      1
   206    256      1
   207    112      1
   208    115      1
   208    296      1
   209     79      1
   210     90      1
   210    258      1
   211    180      1
   211    257      1
   212     57      1
   213    118      1
   214    180      1
   215    175      1
   215    272      1
   216    127      1
   217     56      1
   218    152      1
   218    288      1
   219    115      1
   220     25      1
   220    269      1
   221     43      1
   222     17      1
   223    155      1
   223    270      1
   224     16      1
   225     36      1
   226     67      1
   227     25      1
   228    112      1
   228    248      1
   229     11      1
   229    282      1
   230    110      1
   231    167      1
   232     51      1
   232    250      1
   233     11      1
   234    101      1
   235     86      1
   235    292      1
   236    118      1
   236    243      1
   237    146      1
   238    173      1
   239     37      1
   240    110      1
   241    192      1
   242    159      1
   243    236      1
   244    111      1
   245    165      1
   246     80      1
   247     64      1
   247    286      1
   248    228      1
   248    285      1
   249      0      1
   250    232      1
   251     19      1
   252    193      1
   253    177      1
   253    287      1
   254    200      1
   255     91      1
   256    206      1
   257    211      1
   258    210      1
   259     38      1
   260     43      1
   261     87      1
   262    149      1
   263    205      1
   264    193      1
   265     19      1
   266    157      1
   267    127      1
   268     76      1
   269    220      1
   270    223      1
   271     79      1
   272    215      1
   273    198      1
   274      1      1
   275    160      1
   276      5      1
   277    163      1
   278     37      1
   279    111      1
   280     69      1
   281    113      1
   282    229      1
   283     15      1
   284    108      1
   285    248      1
   286    247      1
   287    253      1
   288    218      1
   289     93      1
   290     39      1
   291    188      1
   292    235      1
   293    103      1
   294     27      1
   295     68      1
   296    208      1
   297     81      1
   298      4      1
   299     23      1
