COORD_X_Y 200
  2.27577  0.261052
  1.57268   1.26957
  1.16838   2.70982
  2.18784   2.67948
  2.44041   1.15042
  0.29953  0.569286
 0.536578   1.04766
 0.300477  0.369342
 0.586225   1.94289
 0.309674   2.75868
  1.88869   2.47635
 0.633829  0.694934
   1.5785  0.670067
  2.41385   2.80663
   1.5094   1.17715
  1.52844  0.386122
  1.17688   2.27356
  2.54147   2.96461
  2.50074   1.50669
  1.59679   2.20881
  1.04698 0.0533137
  1.11823  0.411261
  2.71425  0.437502
  2.13489  0.357342
  2.15264  0.798331
  2.66314   2.12427
   2.2039   1.29844
  2.83259   1.97598
  2.38612    2.3404
  2.88924   2.13197
 0.340066  0.846166
   1.3931   2.78673
  2.83441   2.23985
  1.34801   2.66143
  2.99508    1.3526
 0.467123   1.70724
 0.357869   2.35759
   2.7993  0.850592
  2.05904   1.61433
 0.900266   2.99788
  2.98613   2.23223
  1.60184   1.88605
  1.85354    2.4246
  2.56723    1.1739
  2.17949    2.1722
  1.02106   1.11815
  2.71956   2.53224
  1.13354  0.354497
 0.767843    1.4538
  2.48039   2.96661
 0.578496   2.65459
  2.52306   2.07082
 0.359987   2.68133
 0.265823   2.46115
 0.531962  0.605199
  2.52351  0.785165
  1.54642   1.66104
  1.57881   1.36074
  2.01887   2.30303
  2.84382   1.24447
  1.61688   1.58485
  2.72529   1.86808
  2.03939   2.92275
 0.432975   0.85426
  1.94688   2.00621
  2.14296  0.683003
  1.38227  0.703751
  1.35989   1.42989
 0.874029   1.85947
0.0607414  0.856568
 0.200832   0.66304
 0.487233   1.61321
0.0326018  0.959807
  2.98636   1.33738
 0.628846   2.59472
 0.989357  0.965506
  1.03935    1.4627
 0.552531  0.200227
  1.09859  0.387172
 0.380567 0.0199358
  2.61979  0.588726
  1.62255   1.97479
 0.967239   1.24013
  2.59412   1.81998
  2.03062  0.733565
  1.60196   1.33651
  2.79706   1.28637
  1.72406  0.590795
 0.286048   1.95001
  2.10563      1.16
 0.494307   2.02946
  2.60577    0.7219
  1.13213   0.21954
 0.389258   1.43464
  2.27974   1.36394
  1.02731  0.347653
  0.13426   1.22196
  1.22246   1.31275
 0.782092   1.80519
  1.19166   1.02425
 0.982561  0.057881
  1.79985   2.55814
  2.21352 0.0833833
  1.87682   2.55419
 0.728698   2.25097
 0.158114  0.667924
  2.90594   0.32807
  1.00021   1.42139
 0.596119  0.354594
  1.97179   1.47555
  2.83481   1.42615
  1.98997  0.722708
 0.756497   2.66983
   2.5374   1.85482
  1.81087  0.540933
  2.53521   0.79386
   2.4416    2.5273
  1.06118    0.5987
  2.56178   2.60762
0.00519032   2.27042
  1.30401    1.6763
    1.278   1.28474
    1.714   1.89995
    1.788   2.38055
  1.84227  0.642982
 0.910696   1.79945
  2.26653   1.02423
  2.73741   2.03341
   1.2349   1.88282
  1.24082  0.601772
  2.99323   1.20404
 0.195542 0.0108208
 0.492438  0.941266
 0.895485  0.875613
  0.14779   2.43374
   0.1945   2.92661
  0.17685  0.942305
  1.97699    2.3725
   1.0458   2.75145
 0.161135   2.27916
  1.41607   2.05671
  2.96114   2.47357
  2.83217   2.99413
  2.37445  0.456069
 0.730174  0.968975
  2.94245   2.67739
  1.91802    1.2296
  2.19111   1.73273
  1.72918  0.918742
  1.72175  0.799241
 0.299623   2.58059
  2.71411   1.22538
  1.43503   1.15145
  1.53583   2.36573
  0.25768     2.533
  1.10408   2.05598
  2.05516  0.523574
  1.36703  0.330831
  1.11618   2.34073
 0.948072  0.274571
  2.76046   2.76058
 0.254859   1.75013
  2.72164   1.96133
 0.548848   2.65898
 0.992022   1.38091
  1.50537   1.02571
  2.62316   1.45184
  0.93254   1.95433
 0.152434   1.98928
 0.841222   2.91983
  1.02253   2.38859
  1.89847   1.17538
  2.23013   2.24954
 0.268043   2.35706
 0.641685   0.46244
  1.53532   2.26722
  1.13169 0.0950432
  2.99591   1.53577
  1.89604   2.58982
  2.97193   1.68499
  1.32149  0.937553
 0.209786   2.48074
  2.10351  0.425697
  2.35996  0.326575
  1.94942   1.46455
  2.43649   1.96376
 0.924682   1.12704
  2.31877   2.09866
 0.746566   1.22981
  1.33082   2.80782
  2.65373 0.0731581
 0.926438   1.50533
  2.82135  0.821183
 0.970213  0.590377
 0.338523    1.7915
  1.52944  0.297568
  1.92638   2.23236
  2.23792   1.69153
   1.2737   2.90534
 0.164423     1.076
LINKS_SOURCE_DESTINATION_DISTANCE 398
     0      1      1
     0      6      1
     0      7      1
     0      8      1
     0     11      1
     0     15      1
     0     53      1
     0     66      1
     1      0      1
     1      2      1
     1      9      1
     1    126      1
     2      1      1
     2      3      1
     2      4      1
     2     10      1
     2     27      1
     2     29      1
     2     84      1
     2    197      1
     3      2      1
     3     12      1
     3     18      1
     4      2      1
     4      5      1
     4     13      1
     4     20      1
     4     25      1
     5      4      1
     6      0      1
     6     19      1
     6     26      1
     6     35      1
     6     38      1
     6     79      1
     7      0      1
     8      0      1
     8     34      1
     8     69      1
     9      1      1
     9     14      1
     9     17      1
    10      2      1
    10     37      1
    10     63      1
    10     75      1
    11      0      1
    11     16      1
    11     55      1
    11     70      1
    11     72      1
    11    107      1
    12      3      1
    12     21      1
    12     52      1
    12     59      1
    12    115      1
    13      4      1
    13     87      1
    14      9      1
    14     24      1
    14     83      1
    14    187      1
    15      0      1
    15     40      1
    15     64      1
    15    127      1
    16     11      1
    17      9      1
    17     22      1
    17     31      1
    17     73      1
    17    105      1
    18      3      1
    18     23      1
    18     41      1
    18    170      1
    19      6      1
    19     36      1
    19     56      1
    19    168      1
    19    184      1
    20      4      1
    20     32      1
    20     39      1
    20     61      1
    20     67      1
    21     12      1
    21     47      1
    21    102      1
    21    132      1
    22     17      1
    22    100      1
    22    133      1
    22    161      1
    22    192      1
    23     18      1
    23     77      1
    23    155      1
    23    156      1
    24     14      1
    24     28      1
    24    196      1
    25      4      1
    25     44      1
    25     54      1
    26      6      1
    26     33      1
    26    112      1
    26    138      1
    27      2      1
    27     30      1
    27     45      1
    27     51      1
    27    110      1
    28     24      1
    28    195      1
    29      2      1
    30     27      1
    30     43      1
    31     17      1
    31     68      1
    32     20      1
    32    157      1
    33     26      1
    33    167      1
    34      8      1
    34     65      1
    34     95      1
    35      6      1
    35     46      1
    35     88      1
    35     90      1
    36     19      1
    36     60      1
    36    130      1
    36    158      1
    36    190      1
    37     10      1
    37    106      1
    38      6      1
    38     42      1
    38    131      1
    39     20      1
    39     93      1
    39    111      1
    40     15      1
    40     71      1
    40     76      1
    41     18      1
    41    103      1
    42     38      1
    43     30      1
    43     94      1
    44     25      1
    44     48      1
    45     27      1
    45     57      1
    46     35      1
    46     50      1
    47     21      1
    47     49      1
    48     44      1
    48    114      1
    48    124      1
    49     47      1
    49     92      1
    49    119      1
    49    120      1
    50     46      1
    51     27      1
    51     99      1
    51    159      1
    51    185      1
    52     12      1
    52     74      1
    52     98      1
    53      0      1
    54     25      1
    54     58      1
    54    122      1
    55     11      1
    55    180      1
    56     19      1
    56    148      1
    57     45      1
    58     54      1
    59     12      1
    59     78      1
    60     36      1
    60     62      1
    61     20      1
    61    149      1
    62     60      1
    62     97      1
    63     10      1
    64     15      1
    64    117      1
    64    140      1
    65     34      1
    65     89      1
    66      0      1
    66    186      1
    67     20      1
    68     31      1
    69      8      1
    69    142      1
    70     11      1
    70    166      1
    70    182      1
    70    189      1
    71     40      1
    72     11      1
    72     96      1
    72    104      1
    73     17      1
    74     52      1
    74    109      1
    75     10      1
    76     40      1
    76     80      1
    77     23      1
    77     82      1
    78     59      1
    78     81      1
    78    129      1
    79      6      1
    79     91      1
    80     76      1
    80     85      1
    80     86      1
    81     78      1
    81    125      1
    82     77      1
    83     14      1
    84      2      1
    84    191      1
    85     80      1
    86     80      1
    87     13      1
    88     35      1
    89     65      1
    89    101      1
    89    108      1
    89    123      1
    90     35      1
    90    139      1
    91     79      1
    91    151      1
    91    153      1
    92     49      1
    93     39      1
    94     43      1
    94    179      1
    95     34      1
    96     72      1
    96    141      1
    96    169      1
    97     62      1
    97    121      1
    98     52      1
    98    113      1
    98    118      1
    99     51      1
    99    183      1
   100     22      1
   101     89      1
   101    144      1
   102     21      1
   103     41      1
   103    145      1
   103    176      1
   103    199      1
   104     72      1
   105     17      1
   105    173      1
   106     37      1
   106    174      1
   107     11      1
   107    164      1
   108     89      1
   109     74      1
   110     27      1
   110    116      1
   111     39      1
   111    143      1
   112     26      1
   113     98      1
   114     48      1
   115     12      1
   116    110      1
   116    128      1
   117     64      1
   117    134      1
   118     98      1
   119     49      1
   120     49      1
   120    160      1
   121     97      1
   122     54      1
   123     89      1
   124     48      1
   124    137      1
   125     81      1
   125    163      1
   126      1      1
   127     15      1
   128    116      1
   129     78      1
   130     36      1
   131     38      1
   131    136      1
   131    146      1
   131    154      1
   132     21      1
   132    135      1
   133     22      1
   133    152      1
   134    117      1
   135    132      1
   136    131      1
   137    124      1
   138     26      1
   138    162      1
   138    165      1
   139     90      1
   139    172      1
   140     64      1
   140    147      1
   141     96      1
   142     69      1
   142    150      1
   142    175      1
   143    111      1
   144    101      1
   145    103      1
   146    131      1
   146    188      1
   147    140      1
   148     56      1
   149     61      1
   150    142      1
   150    177      1
   150    198      1
   151     91      1
   152    133      1
   153     91      1
   154    131      1
   155     23      1
   156     23      1
   157     32      1
   158     36      1
   159     51      1
   160    120      1
   161     22      1
   162    138      1
   163    125      1
   164    107      1
   165    138      1
   165    171      1
   166     70      1
   167     33      1
   168     19      1
   169     96      1
   170     18      1
   171    165      1
   172    139      1
   173    105      1
   174    106      1
   174    181      1
   175    142      1
   175    178      1
   175    193      1
   175    194      1
   176    103      1
   177    150      1
   178    175      1
   179     94      1
   180     55      1
   181    174      1
   182     70      1
   183     99      1
   184     19      1
   185     51      1
   186     66      1
   187     14      1
   188    146      1
   189     70      1
   190     36      1
   191     84      1
   192     22      1
   193    175      1
   194    175      1
   195     28      1
   196     24      1
   197      2      1
   198    150      1
   199    103      1
