COORD_X_Y 65
  2.36674   1.92881
  2.32119 0.0679581
  1.97056   2.87522
  1.68574  0.421852
  1.09696   2.88302
  2.87811   1.38063
  2.77926  0.386712
0.00451451   0.95675
 0.940153   0.28074
  1.20945   2.06234
  2.33938   0.84527
   1.7105    1.2201
  1.93943   1.63224
0.0712864   1.12158
 0.165643   1.08988
  2.83827  0.541415
  2.93219   1.03977
 0.170853   1.32166
  1.03966   1.53536
  2.43405   2.55763
  2.85859   0.19103
  1.20275   2.78042
   2.8209   2.53855
  1.91693    1.4376
  2.90212   2.99076
  2.57947    2.5832
  2.47934    2.3693
  2.87402   1.28687
  1.11679   0.66248
  2.79052   2.68793
  1.31319   1.27059
 0.306432 0.0792335
  2.18555  0.281517
  2.38241   1.38415
 0.983282   2.77515
  1.68037  0.589914
  1.53993  0.116698
  1.69529   1.94186
  2.03109  0.238601
 0.920643   2.54607
 0.387829  0.871215
  1.69231  0.631994
  1.00882    0.5329
  2.46916   0.48635
 0.375209   2.33953
 0.407671   2.07898
  2.49385   1.77629
  1.63542  0.520683
 0.149958   2.79349
  1.64727   1.51786
  2.83263   1.34527
  1.17358   2.31088
  2.43467   1.61929
   1.9318  0.281107
  2.01586   2.84014
  2.37977   2.67453
  1.75272  0.371994
 0.893506   1.05606
  2.94062 0.0279205
  1.23296   0.66299
  2.98921   1.50997
 0.980553   2.34666
  2.84847  0.647696
 0.547609   2.75796
  0.79025   2.70031
LINKS_SOURCE_DESTINATION_DISTANCE 128
     0      1      1
     0      2      1
     0     14      1
     0     53      1
     1      0      1
     1      3      1
     1      7      1
     1     16      1
     1     30      1
     2      0      1
     2      4      1
     3      1      1
     3      9      1
     3     10      1
     4      2      1
     4      5      1
     4      6      1
     4     11      1
     4     12      1
     4     24      1
     4     33      1
     4     34      1
     4     38      1
     5      4      1
     5     17      1
     5     31      1
     6      4      1
     6      8      1
     6     20      1
     6     40      1
     6     46      1
     6     54      1
     6     63      1
     7      1      1
     8      6      1
     8     23      1
     8     35      1
     9      3      1
     9     19      1
     9     21      1
    10      3      1
    10     22      1
    11      4      1
    12      4      1
    12     13      1
    12     15      1
    12     57      1
    13     12      1
    13     18      1
    14      0      1
    14     25      1
    15     12      1
    15     26      1
    16      1      1
    16     43      1
    17      5      1
    17     29      1
    17     49      1
    17     52      1
    18     13      1
    18     50      1
    19      9      1
    19     51      1
    20      6      1
    20     27      1
    20     64      1
    21      9      1
    21     36      1
    21     44      1
    21     61      1
    22     10      1
    22     37      1
    23      8      1
    24      4      1
    24     28      1
    25     14      1
    26     15      1
    26     32      1
    26     42      1
    27     20      1
    28     24      1
    29     17      1
    30      1      1
    31      5      1
    31     39      1
    32     26      1
    33      4      1
    34      4      1
    35      8      1
    35     45      1
    36     21      1
    37     22      1
    37     41      1
    38      4      1
    38     48      1
    39     31      1
    40      6      1
    41     37      1
    41     58      1
    42     26      1
    42     47      1
    43     16      1
    43     55      1
    44     21      1
    45     35      1
    46      6      1
    46     60      1
    47     42      1
    47     62      1
    48     38      1
    48     59      1
    49     17      1
    49     56      1
    50     18      1
    51     19      1
    52     17      1
    53      0      1
    54      6      1
    55     43      1
    56     49      1
    57     12      1
    58     41      1
    59     48      1
    60     46      1
    61     21      1
    62     47      1
    63      6      1
    64     20      1
