COORD_X_Y 300
  1.43382   2.77547
  1.86247  0.825034
  2.91254    2.2172
  1.07329   2.54311
   1.6602   1.12605
  2.76992   1.46956
0.0324482   1.51535
 0.809063   2.29922
 0.296781   2.24143
  2.99707 0.0688683
  1.78369   1.67948
 0.935548  0.970378
  2.61138   2.11264
 0.140262   1.42313
  1.28286  0.938892
  1.01426    2.3348
   2.3128  0.470298
   1.6427   1.21948
  1.82523   2.28337
  1.12154   1.35653
 0.350175  0.114229
  1.05136   2.66315
  2.47583   1.42614
  2.84015   2.80114
  2.33718   1.46281
 0.810605   1.40628
  1.58125  0.396614
   2.9434   1.43572
  1.22231   1.78401
  1.08731   1.60789
   1.0492   2.05323
 0.794983   1.04229
  2.12581   1.11205
  1.18739  0.572252
  1.20797  0.471434
  1.72201   1.44495
  1.45711  0.217997
  1.67611   1.10755
 0.859924   1.61466
0.0151565   2.78707
 0.162048   1.07738
  1.41744   2.11808
   1.6185  0.776789
 0.496669  0.284841
 0.450691   2.49818
  1.32873  0.852119
  2.76652   1.84356
  2.12372   1.92264
 0.529747  0.635213
  1.64966  0.572609
  2.34281  0.608683
  1.57113   1.79325
  1.39636   2.14863
  1.89717   2.91374
  1.46752   1.44536
 0.387919  0.877022
  2.36803   2.86486
 0.265529   2.28586
  1.78686   2.44781
 0.788063   0.37982
   1.5325   1.90951
   2.5292 0.0933544
  0.58054   1.58797
  2.90671   1.88613
  1.97723   1.29243
  1.18845   2.85109
  1.47282   1.33331
  1.53997  0.445308
  2.24158  0.502141
  1.17807    1.7675
  2.13421   1.72707
 0.820467   1.31566
  0.36418  0.040454
 0.186365   2.52795
 0.190457   1.92007
 0.574394  0.802902
   2.7202   1.58676
  1.90054  0.656875
  2.70973   1.07567
  1.99714   1.32789
  1.99941   2.91395
   2.2599   2.84496
 0.303157  0.180782
   1.1304  0.693527
  1.28873   2.74887
  1.63454   1.22401
  1.78968   2.87447
    1.691   1.14814
 0.570706   1.87618
 0.503987  0.280954
  1.48616    2.6847
  1.44542   1.46716
 0.658506  0.923411
 0.621772   1.63732
   2.4471   1.19828
  2.71414  0.828505
  1.40851   1.11545
  1.42581  0.719644
 0.858141  0.528535
 0.782562   2.03771
  2.21173   1.73411
  1.10854   2.24496
  1.88321   1.69374
  2.78966  0.882205
  1.22693   1.11067
  2.39406   1.56471
  1.23465  0.555762
  1.08895   1.45828
  2.55459   2.13418
 0.563828   2.21877
  1.82238    2.0444
 0.434757   2.81021
  2.92426  0.314426
  1.75119  0.570521
  1.97239   2.00306
 0.719753   1.36202
  1.65375  0.937472
  2.87533   1.66462
  1.06876   2.30975
  2.63562    2.1652
  1.04083    2.8782
  2.35876  0.777875
    1.575  0.392491
 0.242287    1.5691
   0.2507  0.113609
  2.66281   0.82374
  1.48724   1.23508
 0.253439  0.682736
 0.879898    2.0863
0.00965126  0.569812
  1.64511   1.87941
 0.716809  0.783432
 0.955073   1.09354
  2.67527   2.34945
0.0507672  0.285365
 0.984811   2.59848
  1.52903   2.10337
  1.54895  0.123339
  2.63548   1.08146
  0.45125  0.319802
 0.761936   2.02421
  2.33063  0.599709
   1.9582  0.685599
  1.85318   1.80772
  2.96885  0.920897
  2.58427   2.71187
  2.04698  0.572043
 0.658227   2.90455
 0.305189  0.857365
 0.302426 0.0172064
  1.34215   2.20363
  2.98688  0.577536
  2.92243  0.473544
  2.54267   2.72645
  1.97874 0.0878796
  1.19034   2.05713
   2.9212  0.131343
  1.37157  0.484247
  1.85135   2.90905
  1.69923   2.79397
  2.98502  0.128363
  2.45293   1.11733
  1.15331   2.06865
  2.19765  0.839178
  1.04028  0.342465
 0.119071   2.12558
  1.51459  0.808662
  1.52121   2.83548
  2.87015 0.0339056
  1.81866   2.75476
  0.35645  0.315614
  1.94919   2.67294
  2.12531  0.401321
  1.84211   0.21481
 0.561519  0.570522
  1.62611  0.588947
 0.369843  0.819346
  2.77409   2.16046
  2.39751  0.684637
  2.63087   0.33617
 0.372978   2.00057
  1.26439    2.5718
  2.23885  0.908632
 0.548322   2.36122
  2.12043   2.10666
 0.754671   2.02506
 0.743206  0.498886
 0.067273   1.13026
  2.57255   1.65534
  2.34621   2.66284
  1.36946   1.45001
  1.06905  0.835951
   2.9918     2.084
  1.20974   0.89865
  1.81876   1.32703
 0.232592   1.32629
  1.58811  0.642073
  2.20877   2.51938
 0.876388  0.496023
  2.78062  0.134921
  2.27459  0.518882
  2.32799   2.43728
  1.81507   1.03278
  2.22159    2.8528
 0.340698  0.744025
  2.79979   1.12771
  2.23279   1.62161
 0.955707   2.78582
 0.975457   1.71463
  2.72224   2.45019
  2.91622   1.58496
  1.84204   1.94751
  2.93263   2.73221
  1.95494   1.40859
  1.48365   1.20114
  1.78674   2.66966
  1.29167   1.06564
 0.536194   2.55121
  1.99881   2.59022
  1.57394   2.02359
  2.22927     2.239
  0.61572   1.37194
   2.6778  0.538733
  1.56004   2.22674
 0.592673   1.86562
  1.80821  0.581278
  1.55302  0.647867
  1.70923   1.63353
  1.42725   1.12271
  1.52012   1.14235
  2.06773   1.66246
  2.88947   1.47949
  2.18157  0.611006
 0.761946  0.796806
  0.36378   2.44192
 0.116127   1.01151
 0.947986   1.58635
  2.62887  0.666024
  2.40978   1.32437
 0.217676  0.781383
 0.148965  0.389037
  1.58467   2.22587
  2.63052   2.02146
  1.74325   2.29002
  1.16719   2.15934
  1.60508   1.49265
 0.153848    1.3141
  1.62088   2.77077
 0.487869  0.680753
 0.345654   1.02099
 0.574423   1.72281
0.0754226   2.00891
  1.88921 0.0386611
  1.99362   2.50914
  2.34833   1.51899
  2.91872   2.73905
  1.44958   1.47913
  1.32643    2.7714
  2.54258  0.218524
  1.50705   2.86061
  2.39569   2.89056
 0.430584   1.53678
  2.22294   1.74812
 0.345539   1.54826
  1.90697   1.59035
  2.52752   2.13425
  1.85597    2.6881
  2.58021   1.75929
 0.447988    1.3652
0.0495528   1.65749
  2.95775   2.41416
  2.89278   2.09841
  1.98981   1.03315
0.0505132  0.587427
  0.52017   1.26951
 0.824244   1.07627
  2.67865   1.15081
  1.34346 0.000696586
   2.2139   1.60451
  0.37728   2.90643
  2.39168   1.88442
  2.10698   2.34868
 0.747374  0.727524
  1.64698   2.84385
  2.24527   1.05382
  2.80295   0.88995
  2.46938   1.12354
  0.19738  0.213751
  0.96955  0.031255
  2.57001   2.70368
  1.99811   1.88901
    2.235   1.97072
  2.72751   1.06901
  1.07906  0.547315
 0.453415   2.39511
  1.70082  0.239856
 0.707025    1.7469
  1.65104  0.594426
  1.88177  0.294247
 0.216288   1.59704
LINKS_SOURCE_DESTINATION_DISTANCE 598
     0      1      1
     0      5      1
     0      6      1
     0      7      1
     0     45      1
     0     77      1
     1      0      1
     1      2      1
     1      3      1
     1     31      1
     1    155      1
     2      1      1
     2     10      1
     2     17      1
     2     21      1
     2     24      1
     2     42      1
     2    128      1
     2    277      1
     3      1      1
     3      4      1
     3     11      1
     3     34      1
     3     57      1
     3     88      1
     3     96      1
     3    139      1
     4      3      1
     4     20      1
     4    133      1
     5      0      1
     5      8      1
     6      0      1
     6      9      1
     6     14      1
     6     18      1
     6     25      1
     7      0      1
     7    188      1
     8      5      1
     8     27      1
     8     40      1
     8     56      1
     8     70      1
     8     99      1
     8    211      1
     9      6      1
     9     54      1
     9     74      1
     9     78      1
    10      2      1
    10     12      1
    10     13      1
    10    238      1
    11      3      1
    11     29      1
    11     38      1
    11    210      1
    12     10      1
    12     62      1
    12     92      1
    12    127      1
    13     10      1
    13    214      1
    14      6      1
    14     15      1
    14     16      1
    14     48      1
    14     82      1
    14     97      1
    15     14      1
    15     46      1
    15    202      1
    16     14      1
    16     67      1
    16     81      1
    16     83      1
    16    100      1
    16    106      1
    17      2      1
    17     23      1
    17     28      1
    17     53      1
    17     75      1
    17     94      1
    17    286      1
    18      6      1
    18     19      1
    18     36      1
    18    109      1
    18    148      1
    18    164      1
    19     18      1
    20      4      1
    20     32      1
    20     50      1
    20    189      1
    21      2      1
    21     22      1
    22     21      1
    23     17      1
    23     33      1
    23     95      1
    23    153      1
    23    228      1
    24      2      1
    24     26      1
    24     30      1
    25      6      1
    25     47      1
    25     55      1
    25    217      1
    26     24      1
    27      8      1
    27     89      1
    27    257      1
    28     17      1
    28     59      1
    28     64      1
    28    180      1
    28    201      1
    29     11      1
    29    242      1
    29    274      1
    30     24      1
    30     37      1
    30     65      1
    31      1      1
    32     20      1
    32     35      1
    33     23      1
    33     39      1
    33     44      1
    33     49      1
    33     87      1
    33     91      1
    34      3      1
    34     41      1
    34     63      1
    34    111      1
    34    114      1
    34    118      1
    35     32      1
    35     58      1
    35    110      1
    36     18      1
    36     80      1
    36     98      1
    36    142      1
    36    283      1
    37     30      1
    37     69      1
    37     86      1
    37    104      1
    38     11      1
    38     52      1
    38     76      1
    38    102      1
    39     33      1
    39     43      1
    39    149      1
    40      8      1
    40    135      1
    41     34      1
    41     85      1
    41    258      1
    42      2      1
    42    220      1
    43     39      1
    43    115      1
    44     33      1
    45      0      1
    45    140      1
    45    219      1
    46     15      1
    46    252      1
    47     25      1
    47    207      1
    47    256      1
    48     14      1
    48    107      1
    48    159      1
    49     33      1
    49     51      1
    49    154      1
    49    187      1
    50     20      1
    50     68      1
    50     73      1
    50    161      1
    51     49      1
    52     38      1
    53     17      1
    53    113      1
    53    121      1
    53    156      1
    54      9      1
    55     25      1
    55     60      1
    55     66      1
    55    184      1
    55    196      1
    55    197      1
    55    249      1
    56      8      1
    56     61      1
    56     72      1
    57      3      1
    57     90      1
    57    227      1
    58     35      1
    59     28      1
    59    231      1
    60     55      1
    61     56      1
    61    181      1
    61    265      1
    62     12      1
    62     71      1
    62     93      1
    62    108      1
    63     34      1
    64     28      1
    64    117      1
    64    193      1
    65     30      1
    65     79      1
    65    203      1
    66     55      1
    66     84      1
    66    101      1
    66    223      1
    67     16      1
    67    116      1
    67    146      1
    68     50      1
    68    119      1
    69     37      1
    69    173      1
    70      8      1
    70    152      1
    70    204      1
    70    215      1
    70    281      1
    71     62      1
    72     56      1
    72    200      1
    73     50      1
    73    176      1
    73    254      1
    74      9      1
    75     17      1
    75    125      1
    76     38      1
    76    132      1
    76    198      1
    77      0      1
    78      9      1
    78    124      1
    78    275      1
    79     65      1
    79    160      1
    80     36      1
    80    129      1
    80    171      1
    81     16      1
    82     14      1
    83     16      1
    83    138      1
    84     66      1
    84    103      1
    84    172      1
    85     41      1
    86     37      1
    86    230      1
    86    269      1
    87     33      1
    87    235      1
    88      3      1
    89     27      1
    90     57      1
    90    105      1
    90    126      1
    90    190      1
    91     33      1
    92     12      1
    92    221      1
    93     62      1
    93    158      1
    93    169      1
    94     17      1
    94    112      1
    94    167      1
    94    178      1
    94    299      1
    95     23      1
    96      3      1
    96    229      1
    96    260      1
    97     14      1
    98     36      1
    98    162      1
    99      8      1
    99    205      1
   100     16      1
   100    120      1
   100    237      1
   101     66      1
   101    136      1
   102     38      1
   102    216      1
   103     84      1
   103    263      1
   104     37      1
   104    123      1
   104    212      1
   105     90      1
   106     16      1
   107     48      1
   108     62      1
   109     18      1
   110     35      1
   110    191      1
   110    222      1
   111     34      1
   111    199      1
   112     94      1
   112    122      1
   112    137      1
   113     53      1
   114     34      1
   114    243      1
   114    255      1
   115     43      1
   115    131      1
   115    134      1
   115    143      1
   116     67      1
   116    247      1
   116    282      1
   117     64      1
   117    150      1
   117    226      1
   118     34      1
   118    166      1
   118    266      1
   119     68      1
   119    130      1
   119    296      1
   120    100      1
   121     53      1
   122    112      1
   122    144      1
   122    271      1
   123    104      1
   123    183      1
   123    268      1
   124     78      1
   125     75      1
   126     90      1
   127     12      1
   128      2      1
   128    194      1
   129     80      1
   129    192      1
   130    119      1
   131    115      1
   131    253      1
   132     76      1
   133      4      1
   134    115      1
   134    145      1
   134    267      1
   135     40      1
   136    101      1
   136    147      1
   136    157      1
   136    248      1
   137    112      1
   138     83      1
   139      3      1
   139    141      1
   139    163      1
   140     45      1
   141    139      1
   142     36      1
   143    115      1
   144    122      1
   145    134      1
   146     67      1
   146    279      1
   147    136      1
   148     18      1
   148    170      1
   149     39      1
   149    151      1
   149    179      1
   150    117      1
   151    149      1
   151    232      1
   152     70      1
   152    276      1
   152    285      1
   153     23      1
   154     49      1
   155      1      1
   156     53      1
   156    218      1
   156    241      1
   156    259      1
   157    136      1
   158     93      1
   158    270      1
   159     48      1
   160     79      1
   161     50      1
   161    165      1
   162     98      1
   162    177      1
   163    139      1
   163    174      1
   164     18      1
   165    161      1
   166    118      1
   166    168      1
   166    224      1
   167     94      1
   167    240      1
   168    166      1
   169     93      1
   170    148      1
   170    182      1
   170    280      1
   171     80      1
   172     84      1
   172    186      1
   173     69      1
   173    175      1
   174    163      1
   175    173      1
   176     73      1
   176    264      1
   177    162      1
   178     94      1
   179    149      1
   179    209      1
   180     28      1
   180    298      1
   181     61      1
   182    170      1
   183    123      1
   183    185      1
   184     55      1
   185    183      1
   186    172      1
   186    195      1
   186    245      1
   187     49      1
   187    292      1
   188      7      1
   189     20      1
   189    233      1
   190     90      1
   191    110      1
   192    129      1
   193     64      1
   193    294      1
   194    128      1
   194    290      1
   195    186      1
   196     55      1
   196    208      1
   197     55      1
   197    206      1
   197    234      1
   198     76      1
   199    111      1
   200     72      1
   201     28      1
   202     15      1
   203     65      1
   204     70      1
   204    213      1
   205     99      1
   205    236      1
   206    197      1
   206    278      1
   206    295      1
   207     47      1
   208    196      1
   208    244      1
   208    246      1
   209    179      1
   209    239      1
   209    293      1
   210     11      1
   211      8      1
   212    104      1
   212    289      1
   213    204      1
   214     13      1
   215     70      1
   216    102      1
   216    273      1
   217     25      1
   218    156      1
   219     45      1
   220     42      1
   221     92      1
   221    261      1
   222    110      1
   222    225      1
   223     66      1
   224    166      1
   225    222      1
   226    117      1
   227     57      1
   228     23      1
   228    250      1
   229     96      1
   230     86      1
   231     59      1
   232    151      1
   233    189      1
   234    197      1
   235     87      1
   236    205      1
   237    100      1
   238     10      1
   239    209      1
   240    167      1
   241    156      1
   241    251      1
   241    288      1
   242     29      1
   243    114      1
   244    208      1
   245    186      1
   246    208      1
   247    116      1
   248    136      1
   249     55      1
   250    228      1
   251    241      1
   252     46      1
   253    131      1
   253    284      1
   254     73      1
   255    114      1
   256     47      1
   257     27      1
   258     41      1
   259    156      1
   259    262      1
   260     96      1
   260    272      1
   261    221      1
   262    259      1
   262    297      1
   263    103      1
   264    176      1
   265     61      1
   266    118      1
   267    134      1
   268    123      1
   269     86      1
   270    158      1
   271    122      1
   272    260      1
   273    216      1
   274     29      1
   275     78      1
   276    152      1
   276    287      1
   277      2      1
   278    206      1
   279    146      1
   279    291      1
   280    170      1
   281     70      1
   282    116      1
   283     36      1
   284    253      1
   285    152      1
   286     17      1
   287    276      1
   288    241      1
   289    212      1
   290    194      1
   291    279      1
   292    187      1
   293    209      1
   294    193      1
   295    206      1
   296    119      1
   297    262      1
   298    180      1
   299     94      1
