COORD_X_Y 65
   2.3019   2.38447
  1.59033   1.65351
  1.76437  0.824166
   2.5599   1.71662
  2.98327   1.29226
 0.383813  0.385003
  2.82015   2.18725
  1.99879   1.59509
  0.70868   1.46622
  2.41811    2.3497
  1.36797  0.603589
  2.94512   2.30673
  1.85825   2.85852
  2.30827   2.62793
  1.94779   2.12999
  2.62784   1.24728
  2.70465   1.63553
  1.83323  0.305243
 0.159082   2.12908
  1.22904    2.0326
   1.0348  0.329365
  1.13465   1.47148
  2.77248 0.0290303
  1.32656   0.73683
   1.9898   0.15397
  2.35758 0.0242286
 0.368044  0.620864
  2.58911   2.68439
  2.54459  0.966975
 0.971046   2.76169
  1.03993   2.14384
  1.06702    1.3977
  2.25302  0.879856
  1.01089  0.127258
  1.05739   1.97602
  1.40159  0.270414
  1.67415   1.62542
  1.67585   2.38872
  2.17783  0.082274
 0.413229   2.30168
  2.03165   2.27685
0.0856219  0.421473
  1.15223   1.78951
0.0578967  0.499998
  1.29732   1.37725
  1.51253  0.688942
  1.29854   1.93522
  1.25119   2.37802
  2.41844   1.32539
  1.05898  0.647068
  1.14435  0.765028
  1.49651  0.934302
  1.39045   2.76699
  2.07753   2.59334
 0.227149   1.08784
 0.765456   2.76119
 0.120724   1.68795
  2.83344   2.39091
   0.7716  0.180046
  2.42097 0.0619415
   1.4259   1.71439
 0.284867    2.8795
  2.83629   2.99036
  2.43319  0.785641
  2.83813   2.73362
LINKS_SOURCE_DESTINATION_DISTANCE 128
     0      1      1
     0      3      1
     0     14      1
     0     17      1
     0     34      1
     1      0      1
     1      2      1
     1      4      1
     1      8      1
     1     11      1
     1     37      1
     1     44      1
     2      1      1
     2      7      1
     3      0      1
     3      5      1
     3     33      1
     4      1      1
     4      6      1
     4     10      1
     4     18      1
     4     25      1
     5      3      1
     5     43      1
     5     59      1
     6      4      1
     6      9      1
     7      2      1
     7     19      1
     7     21      1
     7     23      1
     8      1      1
     8     12      1
     8     13      1
     8     29      1
     8     30      1
     9      6      1
     9     15      1
     9     54      1
     9     60      1
    10      4      1
    11      1      1
    11     16      1
    11     24      1
    12      8      1
    12     36      1
    13      8      1
    13     20      1
    13     26      1
    13     61      1
    14      0      1
    15      9      1
    15     28      1
    16     11      1
    17      0      1
    18      4      1
    18     27      1
    18     46      1
    18     51      1
    19      7      1
    20     13      1
    20     22      1
    20     31      1
    20     62      1
    21      7      1
    21     32      1
    21     49      1
    21     56      1
    22     20      1
    22     57      1
    23      7      1
    23     40      1
    24     11      1
    24     45      1
    24     47      1
    25      4      1
    26     13      1
    27     18      1
    27     39      1
    28     15      1
    28     38      1
    28     53      1
    29      8      1
    29     55      1
    30      8      1
    31     20      1
    31     35      1
    31     50      1
    32     21      1
    33      3      1
    34      0      1
    35     31      1
    36     12      1
    37      1      1
    37     41      1
    38     28      1
    38     58      1
    39     27      1
    39     64      1
    40     23      1
    40     42      1
    41     37      1
    41     48      1
    42     40      1
    43      5      1
    44      1      1
    45     24      1
    46     18      1
    47     24      1
    48     41      1
    48     52      1
    49     21      1
    50     31      1
    51     18      1
    52     48      1
    53     28      1
    54      9      1
    54     63      1
    55     29      1
    56     21      1
    57     22      1
    58     38      1
    59      5      1
    60      9      1
    61     13      1
    62     20      1
    63     54      1
    64     39      1
