COORD_X_Y 400
  1.60144   1.27569
  1.70176   2.77325
  2.73743 0.0259341
  2.76501   0.39128
   1.9936   2.91143
0.0196188  0.422616
  2.63144   2.52363
 0.268137  0.399794
 0.364384   1.02578
 0.426245  0.908092
  2.61465   1.43752
 0.441763  0.171537
 0.118019  0.449782
  2.53673   1.40953
  2.02274  0.400744
 0.120453   1.16046
 0.476026  0.550978
  1.98526 0.0659448
 0.393095  0.979564
  2.33226  0.270223
  1.23407   2.58792
   1.5924   1.93896
  0.93061   2.90603
  1.14025  0.535901
 0.252721   1.51854
 0.545947  0.837891
  0.08795    2.7739
  1.96856  0.870491
  1.76413   2.97342
  2.45586   2.97168
 0.252093   1.43753
  1.94419   2.00861
  1.06031   2.43489
  2.11164    1.5453
0.0902382    1.6198
  1.36332   2.26142
 0.948698   1.48398
 0.147228  0.791025
 0.333361   1.79166
  1.20199  0.474459
  0.32742   2.86856
 0.182133   1.63865
  2.73306   1.33117
  1.74874   1.22383
  2.82743   1.10199
  2.16347   1.37398
  2.12157  0.774383
   1.9659   1.58586
 0.158193  0.732383
  2.86827  0.612697
  1.62948   2.69771
  1.53645 0.0756458
 0.629362   1.33853
  2.07065  0.289669
  2.87815   2.51578
  2.31289  0.137375
  1.55606   2.81141
 0.240788   2.02566
  1.36797  0.248476
  2.64492  0.268302
 0.501757   2.06712
 0.319346   2.76463
  1.42084 0.0415441
 0.382051   1.20482
0.0486776   1.36244
  1.44035  0.159729
  2.11148  0.712745
  2.73233   1.03069
  1.58788   1.80649
 0.454596   1.10472
  1.85153   1.60917
 0.325185   2.17169
  1.83023  0.663328
  2.92223 0.0789009
 0.231262  0.790108
  2.77269   2.19767
 0.918602    2.2678
  1.57529   1.24864
  0.51879    1.6604
  2.67181   1.21784
  2.36622   1.77262
  2.70422   2.32216
  2.64317   2.89907
  1.93306   2.77643
  1.10091   2.22486
  1.41676   2.10302
 0.331304  0.779525
 0.595511   1.50515
 0.878529  0.250182
  1.12929   1.51824
   2.6846  0.188311
  2.51406   1.46933
  1.00898   1.29117
 0.167683  0.361286
  1.15761    2.5021
  2.13817  0.714849
  2.28501  0.599456
  2.53737   1.18675
 0.535007   2.83964
 0.339806   2.66404
  2.00316  0.774521
 0.349398  0.669827
  2.27662  0.260121
  2.17917    1.4315
     2.94  0.878479
  1.14865   2.69935
 0.440295   1.73272
  2.84796  0.128886
 0.351971   1.02196
  2.03921  0.208372
  2.86371  0.730625
  2.44346   1.50705
 0.193073   2.86084
 0.450765   2.02537
0.0991766   2.67116
  1.15485  0.798253
  2.70345  0.208194
  1.51199    1.0585
  2.88506   2.41858
 0.951247   0.71199
  2.31117  0.486039
  1.13302   1.65299
   1.2695   2.17933
 0.124201   2.93118
 0.797791   1.57032
  2.55594   1.68549
  2.41795   1.76953
   1.0297  0.513517
0.0543471    1.1028
  2.51097   1.41956
  1.07995   1.20483
  2.57646    1.0318
  2.27539   2.68404
  2.23095   1.27234
   2.4736 0.0180969
  1.52339   1.84416
  1.53117    2.7651
  2.70276  0.822609
  2.78354   1.98685
  1.16346   2.73426
  2.62078   2.27019
 0.787828   2.50062
  1.58441  0.764722
0.0503355   2.68554
  1.55585   2.62364
  2.63529   2.04131
  1.47369   1.77884
  1.04681 0.0759999
 0.931392   1.51931
 0.888725  0.980644
 0.538653   2.58093
  2.35425  0.170494
  1.71711   1.16871
  2.24039  0.771233
 0.238176   2.35123
0.0631621  0.952565
  1.77342   1.71377
 0.491803  0.135278
  2.43978   2.61945
  2.98268   2.70414
  2.58408   2.05218
0.0828707   2.53854
 0.373484  0.606029
    2.317    0.4312
  2.03047   2.75256
  1.83939   2.55273
 0.604051   1.07321
  1.96211   1.28651
   1.6502  0.370649
  2.16211 0.0541217
  1.79896   1.97224
 0.218745   2.20639
 0.548414   1.77148
  2.84679  0.666982
 0.496376   2.03757
  1.51755   1.00467
  2.66278   1.90083
  1.28451   2.36048
   1.6151   2.19944
  1.73616   2.08306
  1.36478   1.67238
  2.17874  0.662417
0.0795609  0.133601
  1.02408   2.76486
  1.51359   1.51175
  1.62063   2.88158
  1.20495   2.06958
 0.486849    2.2257
0.0071688    1.0632
  2.23745  0.861025
  2.42561   1.91412
 0.132899   2.13654
 0.344664   2.44459
  2.52052  0.201032
 0.407193  0.666589
 0.423244   2.74567
  2.79037   2.61632
 0.534489  0.344828
  1.47197   1.40978
  1.93792   1.25136
 0.194607   2.24789
  1.02213   1.44059
  2.71953   2.32336
  1.99947   1.57319
 0.877904  0.817658
  1.66685   1.37249
  1.42143    1.7437
  2.32859  0.641946
 0.691018   1.23832
  1.33875   2.14247
 0.786098   1.20105
  1.53486   2.57541
  2.96374  0.825157
 0.555551   2.76943
  2.97992  0.336341
 0.508189   1.83171
  1.86812  0.912352
  1.74895   2.26515
  1.52065   1.32061
  2.24044   0.46827
  2.28908  0.834783
  2.49107   1.82162
 0.117335    2.7795
  2.13624   2.82473
  1.68124   2.21123
   1.7919   2.96523
 0.942585   1.36805
  2.18185   1.38721
  2.12975   1.31557
   1.8262   2.09181
  2.29514   1.56906
  1.48252   1.43575
  2.13088   2.59395
  2.12336   2.23532
  1.84501   2.24897
  2.43969  0.497801
  2.85818   2.19026
  2.95055   1.62792
  2.15339   2.67708
 0.590776   0.79967
  2.75981  0.644428
  1.95279   2.94912
  2.48312   1.82466
  2.83427   1.49225
  1.13583   2.37683
  1.96459   1.33208
 0.201735   1.75388
  1.12199   2.51416
  2.94717   0.76497
  1.03834   1.69776
 0.912175  0.444272
  2.84489    2.4389
  1.61904   2.06711
  2.82048    1.7016
  1.40836   2.81473
  1.00903   1.41215
  1.48748   1.85616
  1.89121   1.04728
0.0763352   1.54983
  1.42808   2.90194
  1.80446   1.63074
 0.368246   1.64716
 0.787826   2.30696
  1.79079   2.75306
  2.89623  0.804093
 0.163135   0.59082
  2.34293   1.16069
 0.129381   2.81813
0.0316862   1.55879
  1.78121   2.17654
 0.667845    1.3659
 0.202603  0.736901
  2.72818   1.88627
 0.392368   2.13078
  2.61774  0.506305
 0.354109   2.68096
   2.7733   1.78573
   1.4457   1.12355
  2.44576   2.57218
   1.6084   2.74719
 0.850073  0.227898
  1.11055  0.977739
  2.65016   1.47541
 0.808474   1.39006
  1.39613  0.136283
 0.138054  0.955378
  2.74928   2.23218
  2.83663   2.69427
 0.612834   1.92915
 0.280845   2.45168
  1.39093   1.93527
  1.08347   1.78118
  1.50112   1.32143
  2.17729   1.22299
 0.804366  0.284252
  2.43453   2.32771
  1.90068  0.770753
  1.16375   2.11253
  2.14953   2.75408
  2.37312    1.7126
  1.45272  0.513414
  2.31085  0.556587
 0.191561   1.75621
  2.81936   2.67346
  1.34078   2.90156
  1.66664    2.0592
0.0618841   2.04917
 0.348545   1.30925
  1.79581  0.431285
  1.55906   2.22187
  1.82871   1.37672
    2.062    1.3681
  1.49439   1.90731
 0.283753    1.9772
  1.77979  0.780646
  2.78815  0.929605
  2.91256   2.69063
  2.34876   2.22225
 0.890579  0.825539
  2.64915   1.35536
  1.46331  0.304559
 0.229178    1.0927
  2.30813  0.137304
  1.96324   2.68025
 0.427799   1.34743
  2.28337   2.95403
  1.16865  0.126535
 0.973215   2.96132
  1.74457  0.183581
 0.547642  0.982717
  1.14962  0.952064
  0.18693   2.98866
0.00319357   1.39129
 0.905762   2.46052
   1.1249    1.8922
  2.06896  0.534633
 0.119407  0.787274
 0.994493   2.52283
  1.89001   1.25697
  2.10721  0.691671
 0.581718   1.39697
  1.42829   2.56189
 0.444541   2.65129
  1.30762   2.32702
  2.90414 0.0940706
  2.88429   2.04275
  2.09179   0.85124
  2.54536   0.30939
  1.62587  0.614553
  2.56384   2.60734
  1.63053  0.521878
  2.44457   0.36517
 0.963195  0.247344
  2.07614   2.62178
  2.58982   1.36691
0.0159325   2.26224
  2.38266   1.69597
  1.05324   2.95488
 0.561945   0.62192
 0.325663   1.35522
  2.44633   2.13634
  2.89265  0.690389
 0.231141   0.61764
 0.733606   1.88888
  0.75668 0.0627688
  2.88815   2.49369
  1.49442  0.456608
   0.1027   1.10894
  1.41439    2.0715
0.00339983   2.78951
  2.81919   2.48161
  2.28704   0.66906
  1.95534   2.85363
  2.74948   0.29359
  2.46294 0.0639799
  1.56202  0.114665
 0.418198   2.28345
 0.948046   2.65614
  1.48011   1.32003
 0.508247   1.81087
  2.72092   0.30708
  1.01183    0.7143
  2.35087    1.0404
 0.951198    2.8893
 0.341224   2.79099
 0.245716    1.0565
  2.58489   2.49298
  2.36562  0.556721
 0.968345   1.55693
  2.46447   1.45493
0.0495141   1.72823
  1.65039  0.370109
  2.79029  0.280887
  1.60824   1.76183
  2.71392   2.28626
  2.55866   1.16607
 0.706776  0.507171
  2.99424   2.98659
 0.457435   1.04447
  1.33235   1.09945
LINKS_SOURCE_DESTINATION_DISTANCE 798
     0      1      1
     0      2      1
     0      5      1
     0     95      1
     0    116      1
     0    146      1
     1      0      1
     1     18      1
     1     47      1
     1     57      1
     1     69      1
     1     71      1
     1     97      1
     1    211      1
     1    299      1
     2      0      1
     2      3      1
     2      7      1
     2      8      1
     2     10      1
     2     12      1
     2     13      1
     2     23      1
     2     32      1
     2     74      1
     2    103      1
     2    112      1
     2    166      1
     2    262      1
     3      2      1
     3      4      1
     3      6      1
     3     99      1
     4      3      1
     4     15      1
     4     16      1
     4     64      1
     5      0      1
     5     11      1
     5     45      1
     5     61      1
     5    200      1
     5    229      1
     6      3      1
     6     14      1
     6     36      1
     6     72      1
     6     93      1
     6    118      1
     6    196      1
     7      2      1
     7      9      1
     7     28      1
     7    193      1
     7    214      1
     7    221      1
     8      2      1
     8     40      1
     8     56      1
     8     58      1
     8    117      1
     8    388      1
     9      7      1
     9     22      1
     9     37      1
     9     50      1
    10      2      1
    10     19      1
    10     21      1
    10     66      1
    10    153      1
    10    261      1
    11      5      1
    11     24      1
    11     25      1
    11     29      1
    11    129      1
    12      2      1
    12     30      1
    12     31      1
    12    224      1
    13      2      1
    13     17      1
    13     51      1
    13     68      1
    13     73      1
    13    155      1
    14      6      1
    14    368      1
    15      4      1
    15     27      1
    15    385      1
    16      4      1
    16    109      1
    16    234      1
    17     13      1
    17     35      1
    17     38      1
    17    158      1
    17    202      1
    18      1      1
    18     20      1
    19     10      1
    19     89      1
    19    147      1
    19    212      1
    20     18      1
    20     26      1
    20    104      1
    21     10      1
    21     33      1
    21    110      1
    21    181      1
    21    281      1
    22      9      1
    23      2      1
    23     85      1
    23    137      1
    23    149      1
    24     11      1
    24     83      1
    24     96      1
    24    194      1
    25     11      1
    25     34      1
    25    289      1
    26     20      1
    27     15      1
    27     87      1
    27    139      1
    28      7      1
    28    227      1
    29     11      1
    29     63      1
    30     12      1
    30    106      1
    31     12      1
    31     86      1
    31    230      1
    31    392      1
    32      2      1
    32     70      1
    33     21      1
    33     80      1
    34     25      1
    34     54      1
    34    168      1
    34    298      1
    35     17      1
    35     48      1
    35     52      1
    35     82      1
    35    111      1
    35    126      1
    35    191      1
    36      6      1
    36     39      1
    36     41      1
    36     46      1
    36     88      1
    36    125      1
    37      9      1
    37     62      1
    38     17      1
    38     44      1
    38     49      1
    39     36      1
    39     42      1
    39    218      1
    40      8      1
    40    143      1
    40    160      1
    41     36      1
    41     43      1
    41    225      1
    41    360      1
    42     39      1
    42    188      1
    42    371      1
    42    387      1
    43     41      1
    43     55      1
    44     38      1
    44     53      1
    44     59      1
    44    350      1
    45      5      1
    46     36      1
    47      1      1
    47     77      1
    47     79      1
    47    164      1
    47    182      1
    47    267      1
    48     35      1
    48     65      1
    48     78      1
    48    249      1
    49     38      1
    49    173      1
    50      9      1
    50    178      1
    51     13      1
    51     75      1
    51    263      1
    52     35      1
    53     44      1
    53    199      1
    54     34      1
    54    341      1
    55     43      1
    55     76      1
    56      8      1
    56    176      1
    56    374      1
    57      1      1
    57     92      1
    57    203      1
    58      8      1
    58     60      1
    58     84      1
    58    124      1
    58    231      1
    59     44      1
    59    213      1
    59    264      1
    59    372      1
    60     58      1
    60    306      1
    61      5      1
    61    113      1
    61    114      1
    61    335      1
    62     37      1
    63     29      1
    63    195      1
    63    279      1
    64      4      1
    64     90      1
    64    349      1
    65     48      1
    65    107      1
    65    170      1
    66     10      1
    66     67      1
    66     81      1
    67     66      1
    67    120      1
    67    248      1
    68     13      1
    68     91      1
    68    105      1
    68    144      1
    68    357      1
    69      1      1
    69     94      1
    69    270      1
    69    324      1
    70     32      1
    70     98      1
    70    163      1
    71      1      1
    72      6      1
    72    128      1
    73     13      1
    74      2      1
    75     51      1
    75    115      1
    75    171      1
    76     55      1
    76    367      1
    76    370      1
    77     47      1
    77    393      1
    78     48      1
    78    134      1
    79     47      1
    79    255      1
    80     33      1
    81     66      1
    82     35      1
    82    145      1
    83     24      1
    83    108      1
    84     58      1
    84    254      1
    84    384      1
    85     23      1
    85    192      1
    85    328      1
    85    383      1
    86     31      1
    87     27      1
    88     36      1
    88    161      1
    89     19      1
    89    101      1
    89    220      1
    89    238      1
    90     64      1
    90    123      1
    91     68      1
    91    130      1
    91    222      1
    92     57      1
    92    242      1
    93      6      1
    93    100      1
    93    154      1
    93    373      1
    94     69      1
    94    127      1
    94    135      1
    95      0      1
    95    215      1
    96     24      1
    96    156      1
    97      1      1
    97    122      1
    97    131      1
    98     70      1
    98    119      1
    98    121      1
    98    282      1
    99      3      1
    99    133      1
    99    308      1
   100     93      1
   100    201      1
   101     89      1
   101    102      1
   101    246      1
   101    257      1
   101    334      1
   102    101      1
   102    228      1
   103      2      1
   104     20      1
   104    132      1
   104    157      1
   105     68      1
   105    241      1
   105    243      1
   106     30      1
   106    297      1
   106    333      1
   107     65      1
   107    180      1
   107    183      1
   107    239      1
   108     83      1
   108    184      1
   108    205      1
   109     16      1
   109    136      1
   109    252      1
   109    294      1
   110     21      1
   110    189      1
   110    272      1
   111     35      1
   112      2      1
   112    174      1
   113     61      1
   114     61      1
   114    256      1
   115     75      1
   115    159      1
   115    283      1
   116      0      1
   116    259      1
   116    332      1
   117      8      1
   117    141      1
   118      6      1
   118    175      1
   119     98      1
   120     67      1
   121     98      1
   121    288      1
   121    363      1
   122     97      1
   122    148      1
   122    355      1
   123     90      1
   124     58      1
   124    277      1
   125     36      1
   125    362      1
   126     35      1
   126    150      1
   126    376      1
   127     94      1
   127    142      1
   127    273      1
   128     72      1
   129     11      1
   130     91      1
   130    309      1
   131     97      1
   131    172      1
   131    361      1
   132    104      1
   133     99      1
   133    356      1
   134     78      1
   135     94      1
   135    138      1
   135    258      1
   136    109      1
   137     23      1
   137    165      1
   138    135      1
   138    323      1
   138    325      1
   139     27      1
   139    140      1
   140    139      1
   141    117      1
   141    152      1
   141    364      1
   142    127      1
   142    209      1
   143     40      1
   143    162      1
   143    235      1
   143    303      1
   143    339      1
   144     68      1
   144    327      1
   145     82      1
   145    331      1
   146      0      1
   146    167      1
   146    301      1
   147     19      1
   147    296      1
   147    391      1
   148    122      1
   149     23      1
   149    151      1
   150    126      1
   151    149      1
   151    260      1
   152    141      1
   153     10      1
   154     93      1
   154    369      1
   155     13      1
   156     96      1
   156    236      1
   157    104      1
   157    375      1
   157    380      1
   158     17      1
   159    115      1
   160     40      1
   160    179      1
   160    329      1
   161     88      1
   161    169      1
   161    186      1
   162    143      1
   163     70      1
   164     47      1
   164    190      1
   165    137      1
   165    223      1
   165    318      1
   166      2      1
   166    237      1
   166    366      1
   167    146      1
   167    177      1
   168     34      1
   168    274      1
   169    161      1
   170     65      1
   170    206      1
   170    207      1
   170    342      1
   171     75      1
   171    204      1
   171    344      1
   172    131      1
   172    216      1
   172    232      1
   172    245      1
   173     49      1
   173    197      1
   173    233      1
   173    337      1
   174    112      1
   175    118      1
   176     56      1
   176    187      1
   176    198      1
   177    167      1
   177    219      1
   177    244      1
   177    286      1
   178     50      1
   178    226      1
   179    160      1
   180    107      1
   180    185      1
   181     21      1
   181    210      1
   182     47      1
   182    276      1
   183    107      1
   184    108      1
   184    316      1
   185    180      1
   186    161      1
   186    275      1
   186    348      1
   187    176      1
   188     42      1
   188    397      1
   189    110      1
   189    285      1
   190    164      1
   191     35      1
   192     85      1
   192    317      1
   193      7      1
   193    240      1
   193    307      1
   194     24      1
   194    347      1
   195     63      1
   195    290      1
   196      6      1
   196    266      1
   197    173      1
   198    176      1
   199     53      1
   200      5      1
   201    100      1
   201    381      1
   202     17      1
   203     57      1
   204    171      1
   204    287      1
   205    108      1
   205    208      1
   206    170      1
   207    170      1
   207    284      1
   207    343      1
   207    395      1
   208    205      1
   208    278      1
   209    142      1
   209    326      1
   209    336      1
   210    181      1
   210    217      1
   211      1      1
   212     19      1
   213     59      1
   214      7      1
   215     95      1
   215    359      1
   216    172      1
   217    210      1
   217    291      1
   218     39      1
   219    177      1
   220     89      1
   220    253      1
   221      7      1
   222     91      1
   223    165      1
   223    251      1
   223    322      1
   224     12      1
   224    311      1
   225     41      1
   225    265      1
   226    178      1
   226    250      1
   227     28      1
   228    102      1
   229      5      1
   230     31      1
   230    313      1
   231     58      1
   231    310      1
   231    314      1
   231    321      1
   232    172      1
   232    247      1
   233    173      1
   233    320      1
   234     16      1
   235    143      1
   235    293      1
   236    156      1
   236    330      1
   237    166      1
   238     89      1
   238    340      1
   238    378      1
   239    107      1
   240    193      1
   241    105      1
   242     92      1
   243    105      1
   243    269      1
   243    292      1
   244    177      1
   245    172      1
   245    271      1
   245    312      1
   246    101      1
   247    232      1
   248     67      1
   249     48      1
   250    226      1
   251    223      1
   252    109      1
   252    351      1
   252    354      1
   253    220      1
   254     84      1
   254    346      1
   255     79      1
   256    114      1
   257    101      1
   258    135      1
   259    116      1
   260    151      1
   261     10      1
   262      2      1
   263     51      1
   263    280      1
   264     59      1
   265    225      1
   265    268      1
   265    398      1
   266    196      1
   266    304      1
   267     47      1
   267    315      1
   268    265      1
   269    243      1
   269    305      1
   270     69      1
   271    245      1
   272    110      1
   273    127      1
   274    168      1
   275    186      1
   276    182      1
   277    124      1
   278    208      1
   279     63      1
   280    263      1
   281     21      1
   282     98      1
   283    115      1
   284    207      1
   285    189      1
   286    177      1
   287    204      1
   287    295      1
   287    300      1
   287    302      1
   288    121      1
   289     25      1
   290    195      1
   290    390      1
   291    217      1
   292    243      1
   292    338      1
   293    235      1
   293    358      1
   294    109      1
   295    287      1
   296    147      1
   297    106      1
   298     34      1
   299      1      1
   300    287      1
   301    146      1
   302    287      1
   303    143      1
   304    266      1
   304    352      1
   305    269      1
   305    345      1
   305    365      1
   306     60      1
   307    193      1
   308     99      1
   309    130      1
   310    231      1
   311    224      1
   312    245      1
   313    230      1
   314    231      1
   315    267      1
   316    184      1
   317    192      1
   317    319      1
   318    165      1
   318    382      1
   319    317      1
   319    386      1
   320    233      1
   320    394      1
   321    231      1
   322    223      1
   322    353      1
   323    138      1
   324     69      1
   325    138      1
   326    209      1
   327    144      1
   328     85      1
   329    160      1
   330    236      1
   331    145      1
   332    116      1
   333    106      1
   334    101      1
   335     61      1
   336    209      1
   337    173      1
   338    292      1
   339    143      1
   340    238      1
   341     54      1
   341    377      1
   342    170      1
   343    207      1
   344    171      1
   345    305      1
   346    254      1
   347    194      1
   348    186      1
   349     64      1
   350     44      1
   351    252      1
   352    304      1
   353    322      1
   354    252      1
   355    122      1
   356    133      1
   357     68      1
   358    293      1
   359    215      1
   360     41      1
   361    131      1
   362    125      1
   362    389      1
   363    121      1
   364    141      1
   365    305      1
   365    396      1
   366    166      1
   367     76      1
   368     14      1
   369    154      1
   370     76      1
   371     42      1
   372     59      1
   373     93      1
   373    379      1
   374     56      1
   375    157      1
   376    126      1
   377    341      1
   378    238      1
   379    373      1
   380    157      1
   381    201      1
   382    318      1
   383     85      1
   384     84      1
   385     15      1
   386    319      1
   387     42      1
   388      8      1
   389    362      1
   390    290      1
   391    147      1
   392     31      1
   393     77      1
   394    320      1
   395    207      1
   396    365      1
   397    188      1
   397    399      1
   398    265      1
   399    397      1
