COORD_X_Y 10
 0.304285   2.47658
  1.60973   2.61893
 0.233656 0.0700902
 0.923728  0.481733
  2.82677   1.35719
  1.34425   2.65915
  1.25747  0.625964
  1.30816   2.19802
 0.109733  0.782262
 0.200352   2.31566
LINKS_SOURCE_DESTINATION_DISTANCE 38
     0      1      1
     0      4      1
     0      6      1
     0      9      1
     1      0      1
     1      2      1
     2      1      1
     2      3      1
     2      4      1
     2      5      1
     2      6      1
     2      7      1
     2      9      1
     3      2      1
     3      5      1
     3      8      1
     3      9      1
     4      0      1
     4      2      1
     4      5      1
     5      4      1
     5      3      1
     5      2      1
     5      6      1
     5      7      1
     6      0      1
     6      2      1
     6      5      1
     6      8      1
     7      2      1
     7      5      1
     7      8      1
     8      7      1
     8      6      1
     8      3      1
     9      2      1
     9      0      1
     9      3      1
