COORD_X_Y 60
  1.47336   1.95235
  1.05844   2.66381
  1.81445   2.31212
 0.473722   1.71621
 0.694565    2.2076
  2.52053    1.2992
 0.487018   2.23367
  1.69153   2.14441
  2.13894   1.41882
 0.254567   1.57718
0.0656846   1.67826
   1.9628   1.11258
  2.47664   1.76925
  2.52098   0.59537
  1.98085  0.454538
  1.93383   1.83726
 0.695717   1.27015
  2.33872    2.0193
 0.736634   2.94381
  1.09203    2.3568
 0.376572  0.565848
  2.19449   2.90555
 0.990256   2.84772
  2.95903   1.99686
  0.94106  0.605035
  1.11434   1.68418
 0.321901   2.55041
  1.68438    1.9826
0.0332592   2.95851
  2.70967    2.4031
  2.22414   0.62401
 0.935788   2.83792
 0.887879   1.15663
0.0672935    1.8532
 0.468799   1.80312
 0.310827   1.21414
  1.33418  0.571839
   2.0367   2.74377
  2.22575     1.444
  2.98865 0.0383814
  2.72488   1.87875
  2.03582   1.18136
  1.13556    2.6578
  2.77021  0.790478
  2.04458  0.148232
  2.33725   1.34211
  2.25978   2.72453
  1.06803   1.12495
  2.95792  0.585074
 0.735647   2.49835
  1.75092    1.3176
  2.02808  0.625523
   1.4704   1.15394
 0.665754  0.370647
  1.28216   2.17395
  0.85809    1.1431
   1.3026   2.80974
  1.49461   1.90946
  0.46424  0.766665
  1.33514  0.564988
LINKS_SOURCE_DESTINATION_DISTANCE 118
     0      1      1
     0      4      1
     0      5      1
     0      6      1
     0     37      1
     1      0      1
     1      2      1
     1     10      1
     2      1      1
     2      3      1
     2      7      1
     2      9      1
     2     51      1
     3      2      1
     3     16      1
     3     18      1
     3     33      1
     3     48      1
     4      0      1
     4     23      1
     5      0      1
     5     14      1
     6      0      1
     7      2      1
     7      8      1
     7     20      1
     7     24      1
     8      7      1
     8     12      1
     8     13      1
     8     15      1
     8     17      1
     9      2      1
     9     11      1
    10      1      1
    10     27      1
    11      9      1
    12      8      1
    12     25      1
    13      8      1
    13     19      1
    14      5      1
    14     47      1
    15      8      1
    15     42      1
    16      3      1
    17      8      1
    17     29      1
    18      3      1
    18     22      1
    18     50      1
    19     13      1
    19     21      1
    19     36      1
    20      7      1
    20     28      1
    20     32      1
    21     19      1
    21     43      1
    22     18      1
    23      4      1
    24      7      1
    25     12      1
    25     26      1
    25     44      1
    26     25      1
    26     52      1
    26     53      1
    27     10      1
    27     30      1
    28     20      1
    29     17      1
    30     27      1
    30     31      1
    30     38      1
    30     40      1
    30     45      1
    31     30      1
    31     35      1
    31     57      1
    32     20      1
    32     46      1
    33      3      1
    33     34      1
    34     33      1
    34     41      1
    34     54      1
    35     31      1
    36     19      1
    36     56      1
    37      0      1
    38     30      1
    38     39      1
    38     49      1
    39     38      1
    40     30      1
    40     55      1
    41     34      1
    41     59      1
    42     15      1
    43     21      1
    44     25      1
    45     30      1
    46     32      1
    47     14      1
    48      3      1
    49     38      1
    50     18      1
    51      2      1
    52     26      1
    53     26      1
    54     34      1
    55     40      1
    56     36      1
    57     31      1
    57     58      1
    58     57      1
    59     41      1
