COORD_X_Y 25
 0.422329   0.51747
  1.77724   1.73301
 0.935523   1.54054
  1.10336  0.424543
  2.29434    2.8802
 0.579472   2.10457
  1.56536   0.33108
  2.64772   2.65267
  2.39892   2.38873
 0.572248   1.11878
  1.58566  0.822965
  2.85632   1.63693
  1.24189  0.498444
0.0903155   2.89642
 0.481586   2.19893
  2.26261   1.19935
0.0217512    2.8377
  2.70981   2.10177
 0.615802    2.9845
  1.17224   2.62279
  2.13856    2.2355
  1.72425  0.884548
 0.359414  0.335136
 0.935086   1.28356
  1.12256   2.55084
LINKS_SOURCE_DESTINATION_DISTANCE 48
     0      1      1
     0      3      1
     0      4      1
     0      6      1
     1      0      1
     1      2      1
     1      5      1
     2      1      1
     2      9      1
     2     20      1
     3      0      1
     3      7      1
     3     15      1
     3     22      1
     4      0      1
     4     11      1
     4     14      1
     5      1      1
     5     12      1
     5     16      1
     5     18      1
     6      0      1
     6      8      1
     7      3      1
     8      6      1
     9      2      1
     9     10      1
    10      9      1
    10     13      1
    11      4      1
    12      5      1
    12     17      1
    12     21      1
    13     10      1
    14      4      1
    15      3      1
    15     19      1
    16      5      1
    16     24      1
    17     12      1
    18      5      1
    19     15      1
    20      2      1
    21     12      1
    22      3      1
    22     23      1
    23     22      1
    24     16      1
