COORD_X_Y 25
 0.370757   2.87501
  1.67838  0.980899
  2.16263 0.0236347
  1.06039 0.0384447
  2.47343   2.82616
  1.54233  0.300554
 0.388862   2.22671
0.0856122   2.75908
 0.859532    1.8096
 0.495435   1.22206
  1.87523   2.25713
  1.84392   1.59823
 0.227549   0.44126
  2.33048    1.4647
 0.886306   1.88499
  1.50275  0.428288
 0.278152   2.90019
0.0283931  0.431653
 0.367957   2.83924
  1.98435   1.52923
  1.86185   2.98178
 0.712304   2.91168
  1.13789  0.570529
  2.44073 0.00293174
 0.236708   1.49247
LINKS_SOURCE_DESTINATION_DISTANCE 48
     0      1      1
     0      4      1
     0      6      1
     0     15      1
     1      0      1
     1      2      1
     1      7      1
     2      1      1
     2      3      1
     2      9      1
     3      2      1
     3      5      1
     3     10      1
     4      0      1
     4     21      1
     5      3      1
     6      0      1
     6     14      1
     7      1      1
     7      8      1
     7     11      1
     7     13      1
     7     16      1
     8      7      1
     9      2      1
    10      3      1
    10     12      1
    10     18      1
    11      7      1
    12     10      1
    13      7      1
    13     17      1
    14      6      1
    15      0      1
    15     23      1
    16      7      1
    16     20      1
    17     13      1
    18     10      1
    18     19      1
    19     18      1
    20     16      1
    21      4      1
    21     22      1
    22     21      1
    23     15      1
    23     24      1
    24     23      1
