COORD_X_Y 15
  1.72439   1.35787
 0.939189   1.72545
 0.562941   2.99191
  2.30102   1.87599
  1.89681  0.962635
  1.06169   2.76825
  2.24138   2.78116
 0.618835  0.198276
  2.56339  0.556373
  1.01642   2.70659
  2.99636  0.725843
  2.26686   2.99126
  2.20937   1.37019
  2.10144   1.51931
  2.00849   2.01286
LINKS_SOURCE_DESTINATION_DISTANCE 28
     0      1      1
     0      9      1
     1      0      1
     1      2      1
     2      1      1
     2      3      1
     2      4      1
     2     10      1
     3      2      1
     4      2      1
     4      5      1
     4      7      1
     4     11      1
     5      4      1
     5      6      1
     6      5      1
     6     14      1
     7      4      1
     7      8      1
     8      7      1
     8     13      1
     9      0      1
    10      2      1
    11      4      1
    11     12      1
    12     11      1
    13      8      1
    14      6      1
