COORD_X_Y 65
  2.18899  0.181997
   1.7547   1.21054
 0.542427   1.01719
   2.9278   0.72099
   1.1078   1.05557
  1.30649   1.73481
 0.804624  0.379407
  2.27092  0.809969
  0.83789   2.91742
  2.93572  0.114069
  1.08645  0.707087
  2.23306   1.59026
 0.273555   2.12636
  2.76819   1.35775
  1.26624   1.28391
 0.171588   2.99707
0.0858496   2.60207
0.0424515   1.49971
   2.8474  0.143152
  1.63487  0.421318
  1.37924   2.48848
  2.40884  0.720244
  1.58339   0.21224
  2.09804   1.76446
   2.1238  0.205457
0.0826563   1.29515
  2.91196   1.01051
 0.171718   1.45526
 0.979502   2.69839
  2.78997 0.0634248
  2.42279   2.12834
  1.48498   1.70473
  1.25932   1.77503
  1.61535   2.27203
 0.508494 0.0741444
  1.71436  0.231172
 0.473152   1.08221
 0.348197  0.636488
   0.4213   1.29182
  1.65763  0.515057
  1.90673  0.258926
  2.36028 0.0493878
  2.81349   1.54898
  1.65294   1.22172
 0.709718  0.389218
  2.44956  0.828905
  2.79054   2.77714
  2.11728  0.365114
  2.58229   2.54609
  1.15499   2.81134
 0.719008   2.49634
  1.14048   1.49804
0.0219848   2.90811
 0.912967  0.342414
  2.85775   1.15167
  1.41175   1.99903
  1.14082   2.93661
   0.1406    1.2643
  1.10827   1.23156
  1.47869   2.09895
 0.616861   1.97222
 0.744077   1.23333
 0.434194  0.576849
 0.901779   2.83999
  2.12101  0.338413
LINKS_SOURCE_DESTINATION_DISTANCE 128
     0      1      1
     0      2      1
     0      4      1
     0      6      1
     0     33      1
     1      0      1
     1      5      1
     1     23      1
     2      0      1
     2      3      1
     2     13      1
     3      2      1
     3     14      1
     3     20      1
     4      0      1
     4     16      1
     4     24      1
     4     60      1
     5      1      1
     5      7      1
     5      9      1
     5     28      1
     6      0      1
     6     43      1
     6     61      1
     7      5      1
     7      8      1
     7     19      1
     7     21      1
     7     32      1
     7     40      1
     8      7      1
     8     22      1
     8     57      1
     9      5      1
     9     10      1
     9     11      1
     9     36      1
     9     55      1
     9     56      1
    10      9      1
    10     15      1
    10     18      1
    10     41      1
    11      9      1
    11     12      1
    11     31      1
    11     34      1
    11     53      1
    12     11      1
    12     49      1
    12     62      1
    13      2      1
    13     37      1
    14      3      1
    14     26      1
    15     10      1
    15     25      1
    15     27      1
    15     35      1
    15     39      1
    15     46      1
    16      4      1
    16     17      1
    17     16      1
    18     10      1
    19      7      1
    20      3      1
    21      7      1
    22      8      1
    22     58      1
    22     59      1
    23      1      1
    24      4      1
    24     29      1
    24     64      1
    25     15      1
    26     14      1
    27     15      1
    28      5      1
    28     44      1
    29     24      1
    29     30      1
    30     29      1
    31     11      1
    31     38      1
    32      7      1
    33      0      1
    34     11      1
    35     15      1
    35     45      1
    36      9      1
    37     13      1
    37     47      1
    38     31      1
    39     15      1
    39     42      1
    40      7      1
    41     10      1
    42     39      1
    42     48      1
    42     50      1
    43      6      1
    43     52      1
    44     28      1
    45     35      1
    46     15      1
    47     37      1
    48     42      1
    48     51      1
    49     12      1
    50     42      1
    51     48      1
    52     43      1
    52     54      1
    53     11      1
    54     52      1
    55      9      1
    56      9      1
    57      8      1
    58     22      1
    59     22      1
    60      4      1
    61      6      1
    61     63      1
    62     12      1
    63     61      1
    64     24      1
