COORD_X_Y 15
  0.54078    1.5717
  2.73851   2.09414
  1.80365   2.56821
  1.35734   1.60974
  0.96765   2.02196
  2.15948   2.72138
  2.82484   1.60957
  1.49981   1.74129
  1.77908   2.73004
  2.80313    2.1763
0.0141093    2.8485
 0.115499   2.79896
  2.63319   1.25915
  2.25664   1.15264
0.0265388   2.88462
LINKS_SOURCE_DESTINATION_DISTANCE 28
     0      1      1
     0      2      1
     0      3      1
     0      5      1
     0      6      1
     0      9      1
     1      0      1
     1      4      1
     2      0      1
     2     14      1
     3      0      1
     3     10      1
     3     11      1
     4      1      1
     5      0      1
     5      8      1
     6      0      1
     6      7      1
     7      6      1
     8      5      1
     8     13      1
     9      0      1
    10      3      1
    11      3      1
    11     12      1
    12     11      1
    13      8      1
    14      2      1
