COORD_X_Y 120
 0.492321   1.28731
  2.72538   2.25132
  1.92626  0.725526
  1.63254   1.75866
   1.3306   2.97573
  2.97854  0.753563
  0.42312   1.21412
 0.564754   2.67425
 0.270674   2.27651
  2.07648  0.636241
 0.120996  0.713614
 0.550891  0.010038
  1.25854   2.08064
  2.22052   2.86942
  1.18588  0.311304
  1.99793   1.80771
  2.94712  0.264656
 0.612048   2.02634
  1.26266  0.486575
  2.21222   2.69505
  1.48238  0.707838
  1.60989   2.34654
   2.6608   2.54641
   1.6434   2.92732
 0.438337   2.61411
0.0928755  0.783428
   2.3804   1.16909
  2.76662   1.06338
  2.63983  0.951901
  2.34848   2.04549
  1.95628   1.66799
 0.946013    1.1902
 0.787297   1.43473
 0.444761  0.235712
 0.488165   2.41778
  1.26895   1.50378
  2.25238    1.1585
 0.754123   1.61013
 0.795883   2.31009
  1.87344   1.12625
   1.3046   1.54091
 0.779143   2.57452
  2.18143   2.52209
  2.47346   1.35915
  1.48155  0.326688
 0.721637   1.94608
  2.21493   2.25942
  2.75646   1.74911
  2.94664  0.810428
  2.06664   1.99309
  1.37725   2.69844
 0.541051   2.57654
  1.57524   1.25828
  2.84004    2.8144
  2.46053  0.143354
  2.45947   1.27805
  1.18248    2.1319
 0.473431   1.49718
  2.64018  0.701389
 0.253211  0.203835
  2.18116   2.12533
 0.666467   2.07619
 0.013535   2.34398
    1.112   2.87913
  1.71052   1.54361
  2.13603   2.03463
  1.23641  0.957447
0.0139506   1.31807
  2.62339   2.21632
  2.38312  0.416852
  1.51205   2.86967
  1.38287  0.918541
 0.759829  0.277334
  2.50294   1.67207
  1.04798   1.22897
   2.7908   2.25705
  1.99045   2.70405
  1.76588   1.77023
  0.88174  0.901979
 0.388695  0.357997
  2.28267   1.04438
 0.947294   1.52496
  1.34598   2.05721
  0.30098  0.550977
 0.787622  0.665001
  2.37594   1.83142
  2.07513   1.52229
  2.55392   2.61235
 0.515615    2.6222
 0.373192   1.45818
  2.90108  0.855955
  2.82965   2.49349
 0.661963   2.17077
  2.59373   1.29558
  2.73559  0.132682
  1.69815    2.1261
  1.40176   1.67667
  1.89545   1.49413
  1.65025    1.9986
 0.757016   1.09717
  1.65059   2.45688
 0.270127   2.91317
  1.57032  0.295232
  2.79089  0.482231
 0.169634   2.96761
 0.293759   2.86162
 0.811818  0.423908
  2.35232   1.98781
  2.78901   1.24722
  1.19715   1.06486
 0.206251   1.03594
 0.781426   1.18979
 0.677071   1.01615
  2.61913  0.914839
  0.73799  0.999779
 0.859823 0.0932154
  1.43228   2.70798
  2.50084    1.3969
  1.13293   2.70422
  1.95101   2.86541
LINKS_SOURCE_DESTINATION_DISTANCE 238
     0      1      1
     0      2      1
     0     87      1
     1      0      1
     1      5      1
     1     11      1
     1     33      1
     1     49      1
     2      0      1
     2      3      1
     2      4      1
     2      9      1
     2     13      1
     2     19      1
     2     37      1
     2     58      1
     2     89      1
     3      2      1
     3      7      1
     4      2      1
     4      6      1
     4     17      1
     4     25      1
     4     43      1
     5      1      1
     5     12      1
     5     34      1
     5     40      1
     5     84      1
     6      4      1
     6      8      1
     6     10      1
     6     20      1
     7      3      1
     7     77      1
     8      6      1
     8     29      1
     8     55      1
     9      2      1
     9     18      1
     9     41      1
    10      6      1
    10     14      1
    10     79      1
    11      1      1
    11     22      1
    12      5      1
    12     38      1
    13      2      1
    13     15      1
    13     16      1
    13     32      1
    13     71      1
    13     88      1
    13    115      1
    14     10      1
    14     21      1
    15     13      1
    15     66      1
    15    103      1
    16     13      1
    17      4      1
    18      9      1
    18     23      1
    18     26      1
    18    119      1
    19      2      1
    19     45      1
    19     74      1
    20      6      1
    20     46      1
    20     51      1
    20     81      1
    20    105      1
    21     14      1
    21     27      1
    21    106      1
    22     11      1
    23     18      1
    23     24      1
    24     23      1
    24     35      1
    24     64      1
    24     86      1
    25      4      1
    25     31      1
    26     18      1
    26     59      1
    26    118      1
    27     21      1
    27     28      1
    27     30      1
    27     57      1
    27     60      1
    28     27      1
    29      8      1
    29     39      1
    29     42      1
    30     27      1
    30     36      1
    30     85      1
    31     25      1
    31     67      1
    31    110      1
    32     13      1
    32    107      1
    33      1      1
    33     63      1
    33     69      1
    34      5      1
    34     54      1
    34     56      1
    35     24      1
    35     78      1
    36     30      1
    36     53      1
    36     75      1
    36    111      1
    37      2      1
    37     92      1
    38     12      1
    39     29      1
    39     44      1
    39     82      1
    40      5      1
    40     70      1
    41      9      1
    41     48      1
    41     61      1
    42     29      1
    43      4      1
    43     52      1
    43    100      1
    44     39      1
    45     19      1
    45     47      1
    46     20      1
    47     45      1
    48     41      1
    49      1      1
    49     50      1
    50     49      1
    51     20      1
    52     43      1
    53     36      1
    54     34      1
    54     97      1
    55      8      1
    56     34      1
    57     27      1
    58      2      1
    58     62      1
    59     26      1
    59     95      1
    60     27      1
    60    102      1
    61     41      1
    62     58      1
    62     93      1
    62     98      1
    63     33      1
    63     65      1
    64     24      1
    64     90      1
    65     63      1
    65     83      1
    65     94      1
    65    109      1
    66     15      1
    66     68      1
    67     31      1
    67     72      1
    67     73      1
    68     66      1
    69     33      1
    70     40      1
    70     80      1
    71     13      1
    71     99      1
    72     67      1
    73     67      1
    73     76      1
    73     91      1
    73    114      1
    74     19      1
    75     36      1
    75     96      1
    76     73      1
    77      7      1
    78     35      1
    78    113      1
    79     10      1
    79    104      1
    79    112      1
    80     70      1
    81     20      1
    82     39      1
    83     65      1
    84      5      1
    85     30      1
    86     24      1
    87      0      1
    88     13      1
    89      2      1
    90     64      1
    91     73      1
    92     37      1
    92    116      1
    93     62      1
    94     65      1
    94    101      1
    95     59      1
    95    108      1
    96     75      1
    97     54      1
    97    117      1
    98     62      1
    99     71      1
   100     43      1
   101     94      1
   102     60      1
   103     15      1
   104     79      1
   105     20      1
   106     21      1
   107     32      1
   108     95      1
   109     65      1
   110     31      1
   111     36      1
   112     79      1
   113     78      1
   114     73      1
   115     13      1
   116     92      1
   117     97      1
   118     26      1
   119     18      1
