COORD_X_Y 15
  2.79371  0.883165
 0.325991   2.58572
  1.25952   1.79381
  0.46151   1.40883
 0.330623   2.53799
 0.134266   2.95084
  2.70362   2.81999
  1.09697   1.60916
  2.03573   1.81605
  2.98012    2.1657
 0.639379    2.6302
  1.01109   1.59895
  1.20806   2.93417
 0.627924   1.79143
  1.50245   1.41222
LINKS_SOURCE_DESTINATION_DISTANCE 28
     0      1      1
     0      2      1
     0      4      1
     1      0      1
     1      3      1
     2      0      1
     2      6      1
     3      1      1
     3      5      1
     3      7      1
     3     12      1
     4      0      1
     5      3      1
     5     13      1
     6      2      1
     6      8      1
     7      3      1
     7      9      1
     7     11      1
     8      6      1
     8     14      1
     9      7      1
     9     10      1
    10      9      1
    11      7      1
    12      3      1
    13      5      1
    14      8      1
