COORD_X_Y 15
  1.78215   2.70563
  1.37967   2.30805
  0.24134  0.135915
  2.14382   1.24572
 0.129044   2.34283
  1.19732   2.48706
  1.82208   2.72826
  2.39586  0.990726
  1.71225   2.16008
 0.681503  0.773607
   1.9391   1.69015
  1.37189   1.06144
  1.57473  0.656853
 0.497988   2.47015
  1.16213   2.98228
LINKS_SOURCE_DESTINATION_DISTANCE 28
     0      1      1
     0      2      1
     0      4      1
     0      7      1
     0      8      1
     0     13      1
     1      0      1
     1      5      1
     2      0      1
     2      3      1
     3      2      1
     3      6      1
     3     10      1
     4      0      1
     5      1      1
     5     12      1
     6      3      1
     6     11      1
     7      0      1
     7      9      1
     8      0      1
     9      7      1
     9     14      1
    10      3      1
    11      6      1
    12      5      1
    13      0      1
    14      9      1
