COORD_X_Y 15
  1.09671   1.85431
  1.77508  0.239361
  1.06948   1.18061
0.0582188   2.28108
 0.997567   2.04206
  1.83804  0.813914
  1.44286  0.797697
  2.03496  0.917344
  1.29222   1.50591
  2.61176   1.46122
  2.37939   2.70475
  1.94065   2.34285
  2.65457    2.6158
 0.182414  0.271384
 0.965795   2.38603
LINKS_SOURCE_DESTINATION_DISTANCE 28
     0      1      1
     0      9      1
     1      0      1
     1      2      1
     1      4      1
     2      1      1
     2      3      1
     3      2      1
     3      5      1
     3      6      1
     3      7      1
     4      1      1
     4     10      1
     4     13      1
     5      3      1
     5      8      1
     6      3      1
     6     11      1
     7      3      1
     7     12      1
     8      5      1
     9      0      1
    10      4      1
    10     14      1
    11      6      1
    12      7      1
    13      4      1
    14     10      1
