COORD_X_Y 80
  1.60173    1.1114
 0.285511   1.65284
 0.341694   2.90504
   2.2817   1.34089
 0.940998  0.259837
0.0461191   2.47926
  1.62885   2.30146
   1.3988  0.154444
 0.360904   2.78411
  1.57896  0.692757
  1.28306   2.84202
 0.932218   1.53051
  1.32631    2.0447
   1.6042   1.27604
  1.80453  0.300155
  2.80535  0.203851
  1.72045   1.81267
  1.42491   2.22006
 0.103224   2.27274
  2.24498   2.90866
 0.593586   2.94371
  1.47731   2.43084
  1.79724  0.485173
  2.18559  0.768852
  1.67698  0.205441
  2.08696   1.80986
  1.48757   1.22562
  1.88584   2.30383
0.0876391   2.67721
 0.467278    2.8468
  2.83904  0.867112
  1.02099   2.93067
  2.21749   1.79987
 0.561603   2.49463
  2.69233   2.78172
  2.85453 0.0575937
  2.33308   1.50712
  1.84286   2.06488
  1.68589   0.70653
  1.56796   1.40486
   1.7733 0.0898946
  2.81445   1.38408
  1.30477   1.08494
  1.25135  0.101475
 0.877345   1.38479
 0.962517  0.402103
  1.38167   1.35529
  2.74583   1.73507
  1.96486   2.85404
  2.40949   1.28609
 0.403917  0.873566
  1.51357  0.239698
  0.58364   2.11112
0.0741684   2.19456
  2.62185   2.40546
  2.30999  0.886816
 0.965502  0.054163
  2.97897 0.0892532
  1.71128   1.03816
 0.937861   1.61577
 0.902347 0.0676572
  2.24011  0.432352
  1.81206   1.22965
  2.97835    2.3969
  2.85732   0.31884
  2.79132   1.21918
  1.37091   2.72746
  2.53519  0.830275
0.0701137   2.41405
  1.16015   2.17219
 0.684214   2.09427
 0.518301   1.60641
  2.94223   1.21191
  1.33334  0.236152
  2.68842   2.01303
  1.30683  0.661144
  2.74124  0.687172
  2.92159    2.8736
   1.2612   0.26837
  1.45904   2.15512
LINKS_SOURCE_DESTINATION_DISTANCE 158
     0      1      1
     0      2      1
     0     34      1
     0     44      1
     1      0      1
     1      3      1
     1     13      1
     2      0      1
     2      4      1
     2      5      1
     2      7      1
     2     14      1
     2     15      1
     3      1      1
     3     30      1
     3     42      1
     4      2      1
     4      6      1
     4     29      1
     5      2      1
     5      9      1
     6      4      1
     6     10      1
     6     54      1
     6     69      1
     6     76      1
     7      2      1
     7      8      1
     7     11      1
     7     12      1
     7     16      1
     7     53      1
     8      7      1
     8     17      1
     8     37      1
     9      5      1
     9     38      1
    10      6      1
    10     18      1
    10     19      1
    10     28      1
    10     62      1
    10     64      1
    11      7      1
    11     39      1
    11     51      1
    12      7      1
    12     20      1
    13      1      1
    13     21      1
    13     43      1
    14      2      1
    14     70      1
    15      2      1
    15     33      1
    16      7      1
    16     22      1
    17      8      1
    17     31      1
    17     66      1
    18     10      1
    18     25      1
    18     46      1
    18     49      1
    18     63      1
    19     10      1
    19     47      1
    20     12      1
    20     23      1
    20     24      1
    21     13      1
    21     27      1
    21     35      1
    22     16      1
    22     26      1
    22     79      1
    23     20      1
    23     67      1
    24     20      1
    24     48      1
    24     71      1
    25     18      1
    26     22      1
    27     21      1
    27     65      1
    28     10      1
    28     32      1
    28     40      1
    28     41      1
    28     56      1
    28     72      1
    29      4      1
    30      3      1
    30     36      1
    30     73      1
    31     17      1
    32     28      1
    33     15      1
    33     61      1
    34      0      1
    35     21      1
    35     50      1
    35     52      1
    36     30      1
    37      8      1
    38      9      1
    39     11      1
    40     28      1
    41     28      1
    41     60      1
    42      3      1
    42     57      1
    42     78      1
    43     13      1
    43     45      1
    44      0      1
    45     43      1
    46     18      1
    46     58      1
    47     19      1
    48     24      1
    48     55      1
    49     18      1
    50     35      1
    51     11      1
    52     35      1
    52     68      1
    53      7      1
    54      6      1
    54     59      1
    55     48      1
    55     74      1
    56     28      1
    57     42      1
    58     46      1
    59     54      1
    60     41      1
    61     33      1
    62     10      1
    63     18      1
    64     10      1
    65     27      1
    66     17      1
    66     77      1
    67     23      1
    68     52      1
    69      6      1
    70     14      1
    71     24      1
    72     28      1
    73     30      1
    74     55      1
    74     75      1
    75     74      1
    76      6      1
    77     66      1
    78     42      1
    79     22      1
