COORD_X_Y 25
  1.89211  0.429543
  0.42922   2.78612
 0.869571   1.93122
 0.295381  0.347498
  2.06996  0.512804
  2.61571  0.373484
  2.75343  0.295038
  0.34781   2.85285
  1.70774  0.120823
  1.94206   0.73642
  2.28358  0.852731
  1.38951   1.84634
  1.90804   1.97555
 0.541714  0.376008
 0.509004   1.42252
 0.547183   2.09674
  1.55775   1.39189
  2.12451  0.311441
  2.79595   2.98705
   1.3644   1.64493
 0.192531    1.7962
 0.969526   1.02939
  0.84325  0.335344
  1.72727   2.64536
  2.64964   2.78483
LINKS_SOURCE_DESTINATION_DISTANCE 48
     0      1      1
     0      3      1
     1      0      1
     1      2      1
     1      6      1
     1      8      1
     1     17      1
     2      1      1
     2      5      1
     2     19      1
     3      0      1
     3      4      1
     3      7      1
     3      9      1
     3     13      1
     4      3      1
     5      2      1
     5     15      1
     5     18      1
     6      1      1
     6     10      1
     7      3      1
     8      1      1
     8     11      1
     9      3      1
     9     21      1
    10      6      1
    10     12      1
    10     24      1
    11      8      1
    11     16      1
    11     22      1
    11     23      1
    12     10      1
    12     14      1
    12     20      1
    13      3      1
    14     12      1
    15      5      1
    16     11      1
    17      1      1
    18      5      1
    19      2      1
    20     12      1
    21      9      1
    22     11      1
    23     11      1
    24     10      1
