COORD_X_Y 900
 0.339506    1.0962
 0.776378   1.35824
   2.9424   2.34983
  2.11349   1.65829
  0.23691 0.0439007
0.0029025  0.491203
  2.84524  0.117155
  1.31051   2.27621
   1.2024   2.43693
  2.12735   2.59403
 0.078428  0.570695
  1.01372   1.51199
    1.853   2.00992
  2.52208  0.410308
  1.98905   1.22058
  2.17863   2.94957
   2.8692   2.35981
 0.181662   1.06629
   2.8977     1.452
 0.865961  0.162059
 0.519893   2.57487
   1.6731   2.40929
  1.51264  0.961709
  2.12667    2.0723
 0.297775   2.99241
 0.385954   1.73953
 0.695675   1.19508
  1.15553  0.280598
 0.529118    2.7174
 0.840637   1.86437
  2.75657   2.04454
  1.73736  0.879104
 0.548957  0.514569
 0.930209   1.21857
  1.44563   1.18752
  2.77079   2.27658
  2.32358   2.50213
 0.120673   1.51749
 0.192572  0.760481
  2.67888   1.96506
 0.511099   1.16275
  2.73372   2.06719
 0.794969   1.78051
  1.72283   2.86567
  2.05107   1.21063
  1.73429   2.04899
  1.29016   1.85679
  1.44905   1.19688
 0.301484   1.40146
  1.74095   1.21456
 0.723364  0.101681
0.0521578  0.492607
 0.335149  0.274968
  1.43136   2.99631
  1.13342   2.69057
  2.67496  0.542624
 0.247082 0.0116479
  2.41273   2.52395
  2.22128  0.582292
  2.59299  0.376661
  2.77814  0.997576
 0.975583   2.93103
  2.84698   1.69148
  2.50905  0.498377
  1.17818   2.74416
  1.73623  0.727014
  2.89375   1.23094
   2.3842   2.41487
 0.259234  0.371842
 0.406323   2.34382
 0.924464  0.775243
 0.269399   2.18964
 0.783644    2.0385
  1.20191   1.47739
  2.07482   1.58239
  2.31593   1.62136
 0.409695  0.809985
 0.296074   1.06932
  1.18911   2.65405
  1.11819   1.90609
 0.777483   2.42171
   2.7101   2.07505
  2.60742   2.24394
   1.6547   1.49852
  2.85851   1.88041
  2.46231   2.37512
 0.794301  0.109924
  1.87285   1.81432
   2.9606   2.62973
  1.13512   2.45561
 0.362221   1.66589
 0.564851 0.0813063
  1.47292   1.57794
  2.91145  0.586656
 0.982224   1.61824
  2.71259  0.505409
 0.668579   1.34388
 0.839916  0.546234
  2.49904  0.219053
  2.37654   1.48725
 0.262074    1.7847
  2.01825  0.879273
  1.06794   1.85555
 0.930064  0.453718
  1.49609  0.402339
  1.59709   2.53815
   2.1607   1.16003
0.0575591   1.38671
  2.71247   1.49316
  1.54277   2.73119
  1.86994   2.39124
   1.9477   2.39865
 0.642557   1.77981
  1.74956  0.335781
0.0751547    1.4475
 0.143083   1.45235
  1.00562   1.58627
 0.317934    1.1591
 0.904206  0.987876
   2.3953    1.2957
  1.18751   2.27751
  2.39346  0.847323
  1.10909   1.60133
  1.12904   2.10773
  1.99918   1.68305
  2.01146   0.50499
  1.39249   2.76757
 0.879388   1.82565
 0.138784 0.00395945
  1.71644 0.000865671
 0.146108   2.07771
  1.65588    2.4098
 0.879434   2.97218
 0.935001  0.806559
 0.970033   2.11529
  1.63741   1.91632
  1.04409   2.30844
 0.771558   1.58607
   1.9115  0.192809
 0.849213   2.22244
  1.69546   0.61954
  1.67178   1.95796
  2.00023   2.49124
0.0141767  0.413826
 0.327827    1.8188
  2.03157   2.01705
0.0686391  0.510443
  0.81247    2.6465
   1.9275  0.138392
  2.69214    1.2411
  1.16959   2.33001
  2.13989   1.24203
 0.466094    1.5671
  1.46569  0.440725
  1.79401   2.45218
  0.68405   1.11441
 0.364721   1.21083
  2.34915  0.749228
  1.18426  0.702501
  1.82306   1.79186
0.0053622   2.78682
  2.94311 0.00538809
  2.17871    1.3436
 0.556255  0.474309
 0.710806  0.977835
  1.13706   2.57869
 0.806296  0.645464
 0.225724   2.91852
  2.79628   2.70214
 0.932882  0.476503
 0.165103  0.974357
 0.278103   1.64233
   1.1338   2.04886
  2.34723   1.59218
 0.908747  0.782889
  1.67497   1.36556
  2.40675  0.210637
  1.77523  0.451224
 0.507238   1.66169
 0.874246   2.77425
 0.924192  0.278912
  1.45067   1.42495
  0.10874   2.49389
 0.909248  0.254958
  2.92715  0.655625
  2.15273  0.642713
  0.53243  0.445314
  1.60843  0.414724
  1.04268   2.80404
  2.56473   2.85277
  2.43683   2.45718
 0.206107   2.66208
  1.17773   1.83564
  2.42455   2.99044
  2.78275   1.36366
 0.655318    2.9238
 0.472016   1.19135
  1.95684   1.71021
  1.39078   2.73975
  1.87953  0.730139
  1.71953   1.38773
  1.04412   1.10106
  2.81392   2.21806
   0.2431  0.167236
 0.869706   2.75186
   2.4027   2.22022
  1.62947   0.39036
   1.3618   2.56626
  1.68627   1.22542
  2.33216  0.557273
   1.7912  0.615318
  2.91719  0.749416
  2.14114   2.61344
  1.96335  0.337317
  2.79363  0.101823
  1.84817   1.23676
  2.62208   2.26484
  1.78866   2.10032
  2.59745  0.614161
  1.49819  0.301537
  2.86485  0.183166
 0.748638   0.42103
 0.248158    1.6977
  2.19094   1.63078
  1.39664   0.76725
  1.71774   2.76516
   2.5832   2.82982
   1.7429   2.72071
0.0463403  0.435962
  2.42436   1.33724
 0.379845   1.76885
   1.9694  0.383798
  2.29525   1.55135
0.0186147   2.32818
  0.69584    1.6832
 0.289364  0.046497
  2.30779  0.130682
 0.339451  0.404675
  0.50287   0.29008
  2.57316   1.83832
  2.82493   2.88141
  1.70618   1.44536
 0.367586   1.84077
  1.53247   1.99265
  1.36972  0.572423
  2.59126   2.42847
  1.15063   2.56641
  1.39243    1.5922
   2.7944    2.0609
  2.68319   1.90261
 0.634811  0.707723
  1.63063   1.00755
  2.82371   1.70953
  2.55707   2.50911
  1.85655  0.431482
  2.48024   1.46633
  1.49728  0.775218
  1.03348  0.231246
 0.421195  0.835579
  2.63935 0.0521853
  1.42311   1.87804
 0.899715   1.68788
  2.46266   1.00524
  2.14304  0.217541
  1.99881    2.8208
 0.670583   1.70059
 0.991011   1.14361
   1.3793 0.0934184
  2.95751   0.78258
   2.3586   2.61349
  2.58981  0.764167
  1.09031  0.373175
 0.974467   2.12141
  1.24601   1.73683
  2.35816   0.86738
0.0762266   1.53986
  1.93225   1.89096
   2.7929   1.11212
  2.12318   2.11556
  1.85799  0.302601
  2.68271   1.47751
  2.24601   1.16574
  1.09477   1.34163
  0.99392   2.20473
  2.20393   0.21703
 0.600135  0.379544
  2.20544    1.9368
 0.983845   2.89589
 0.663406  0.595271
  1.58774   1.51358
  1.79413   2.85352
 0.736698   2.71423
  2.15394  0.937463
  1.26041   1.47739
  2.81211   1.52927
  2.65358   2.46251
 0.798565    2.2264
 0.818795   2.06882
  1.59518  0.400985
  1.98059   1.27251
  1.04647   1.88861
 0.526981  0.772727
  0.78018   2.13505
 0.727163   2.75075
  2.65535  0.912033
 0.717116 0.0870725
 0.903191   1.64418
 0.603271   2.01831
  1.12666   2.95663
  2.27292  0.992738
0.0313533  0.486856
  2.72536   2.28424
 0.214742   2.85485
  0.17713   1.24416
  1.42998    1.9641
  2.80502   2.68299
  2.88933   1.58533
  1.36897  0.215342
  1.70586  0.158842
   1.9398  0.811917
 0.639361    2.0864
 0.608683   1.89681
 0.218891 0.0719072
  2.84332    2.9556
 0.394519    2.8949
 0.118991   1.16382
  1.81244   2.25606
 0.765746   2.90678
  2.73474  0.221599
  1.32374  0.382085
 0.979324  0.566541
  1.20889    1.5553
0.0630643    2.3669
  2.56045 0.00690218
 0.853382   1.12513
  1.33094 0.0242353
  2.02508   2.40911
  2.36424  0.891446
  1.24519   1.16622
 0.980125 0.0574884
  2.17173   1.22524
 0.955112   2.10506
 0.495109   1.42762
  1.26209   2.89173
 0.697691   1.63599
0.0920361  0.405504
  1.98542    2.7913
  2.29324 0.00873713
  2.27318   1.19714
  2.46613   2.03679
  1.53239  0.787288
  1.91626 0.0816465
  2.97986   2.67589
  1.24507  0.409122
 0.653116   1.19604
0.0492101  0.411328
  2.43876   1.55068
 0.910671   1.86613
  1.05187   1.23753
  2.33244   0.58209
  2.03682  0.384201
 0.339373  0.512384
 0.993745   1.93885
 0.913208  0.365344
 0.958646   1.25686
  2.50349   1.31237
   2.7764    2.5235
  1.86908   1.42114
 0.363568  0.187788
 0.598662   2.69543
   2.4086  0.635361
 0.984455   2.67378
  0.91673   2.81242
  2.05362   1.97558
   2.6747  0.938861
  1.60467  0.449683
  0.16534  0.671182
  1.33764  0.356409
  1.00089 0.0680467
 0.992476   2.92845
  2.67246   2.32943
  1.86566  0.556102
   2.8041   1.08414
  1.85496   1.37701
   1.1713   1.78431
 0.414804   0.25518
  1.13249   1.40104
  2.06505   1.03417
  1.07035  0.463585
 0.668609  0.476373
  0.51465   1.88147
  1.09434   2.38992
 0.306676   2.77458
  0.31494  0.137175
  2.35299   1.57239
 0.867704   1.15554
  1.97015   1.87407
  2.63881   2.11147
 0.910962   2.52308
 0.251425   1.27095
  2.08722   2.27958
  2.07528   2.84958
  1.95497  0.846304
  2.02853  0.760733
 0.620969  0.637439
  1.98525   2.41324
  2.74185   1.90152
  1.84931   2.55137
  2.21799  0.338691
  2.24771   1.72154
  1.61024 0.0253572
  2.56969   1.63745
   2.4209  0.450439
0.0237919   1.30236
 0.800003  0.758908
 0.376338   1.58585
 0.141234  0.887597
  2.11281   1.59163
  1.17698   1.36183
  2.40307   2.93733
  2.27416   1.23011
  1.25145 0.0635934
  2.73635   0.70077
  1.13278   0.70701
  2.21116   0.66296
 0.203744   1.04703
  2.87157    1.1274
  1.40814   2.09861
  0.45249   2.98026
   2.8612   1.75539
 0.866353   1.71023
  1.74278   1.27315
0.0118431   1.27792
   1.1907   1.59631
  2.73381    1.3369
  1.78843   0.82425
  2.76424   1.94486
  2.84836   1.22298
  1.15642   1.71385
  0.35044   2.85314
 0.923106   1.57787
 0.456007   1.17607
  2.89789   2.33176
  1.94848  0.927239
  2.96052   2.33816
  2.57235   2.52359
 0.494336   2.62797
  0.22443   1.20706
 0.612165  0.261338
  2.95911   2.25799
  1.95037  0.543321
  2.74577   0.61158
 0.342659   1.51517
 0.510868   2.64378
 0.276192   1.84998
 0.752853   2.64816
 0.841972   2.43319
   1.3469  0.658085
  2.28093   0.19613
  2.67197   1.73299
  1.75744   1.92964
  1.28691   1.27352
 0.845161 0.0637233
  1.18054   2.96303
 0.621378    2.8236
   2.0874   2.26555
  1.68309   1.39502
 0.269388   2.36968
 0.376162  0.295146
  1.87273   1.22617
 0.692163   2.31591
0.00177792   1.89522
 0.675157   2.59143
  2.20049   2.13088
  1.31866  0.238634
 0.653913   1.61488
 0.907627  0.693146
 0.478694   2.49825
  2.20922   1.04356
0.0930918   1.83415
 0.657589    2.5308
  1.28256   2.74166
 0.187586   2.18928
  1.58861  0.871574
  2.71419  0.276595
 0.484039  0.363739
    1.589   2.90425
  2.34608   1.45034
 0.163979   1.86175
 0.642824   1.04777
  2.58371   1.67191
0.0412039   1.66856
   2.1082   1.94827
  1.71999    2.2855
  2.71931   2.99108
  1.92814 0.0690556
  1.42257  0.538665
  2.53421    2.8958
  1.82348  0.290239
  1.11119   2.62008
  1.90394   2.81164
  1.88036   2.93293
  1.28688  0.665068
  2.36544  0.307147
  1.66493    1.8534
 0.432245   1.31706
 0.316908   1.12041
  2.56609    1.6475
  2.30883   2.09397
  2.55628   1.78887
  1.95092   2.05819
  2.18807   2.10437
 0.211146 0.0521319
  2.70696   1.89911
  2.97649  0.451969
     1.76   2.01262
  2.55861   2.25803
   1.1335   2.95805
  1.50085   1.40078
  1.38158    2.5419
  1.46291   2.23611
 0.963229   1.19374
 0.154751    1.4823
 0.745175   0.98359
 0.601518   0.41868
  1.28853   1.81944
  2.39298   1.47828
  1.72537   1.36728
  2.61423  0.358144
  2.73862   1.51717
 0.197584   2.80813
   2.4944   1.24655
  2.03334   2.83094
  1.04196   2.11124
  2.87059   2.20949
  2.60971  0.784235
  2.18017   1.80139
  2.69426   2.81216
 0.318043    1.8346
  0.41201   1.90836
  1.74637   1.76721
  1.38967   2.22327
  2.46798  0.856226
  2.00954   2.30162
 0.782839    1.1085
  0.42158   2.36894
  1.54095   1.55207
  1.28469   2.39831
  1.19973  0.819399
0.0439757   0.84967
  1.47544   2.58964
  1.34636   2.67469
  1.99428   1.60629
  2.70384   1.15548
  2.17877  0.197752
  1.16798   1.49452
 0.761584  0.957113
  2.35659   0.31751
  2.51268   1.31702
  2.79841   1.98823
  1.77489   1.20855
  2.56975  0.723528
0.0715751   1.21198
 0.517341   2.60726
  2.02042   2.08448
  2.37116   2.20905
 0.309142   2.74287
  2.51777   0.90024
  1.32562  0.771397
  2.47281  0.643898
   2.4162   2.78394
  1.56238   1.21247
  1.95558   2.95982
  1.69895   1.21058
  0.69493   1.11564
  1.68455   2.50536
  1.12466  0.905553
  1.77169   2.14186
  2.40533   1.12144
  0.31701   0.55051
  2.63086   2.59933
  1.67919   1.33789
  0.76335  0.586823
  1.46941   1.45808
 0.368949   2.19155
 0.913083   1.32853
  1.25922   1.28612
  2.78387   0.84882
  2.34696   1.74453
  1.25805   2.40027
  1.53595    1.4693
0.0792816   1.59943
  1.29101   1.58887
   1.1244   2.52251
  1.36735   0.95985
  1.64526  0.565943
  2.25682 0.0183721
  2.39288   2.53626
  1.40574  0.934186
  1.93294  0.933249
   2.3246  0.428042
  2.43951   2.83261
  2.75918  0.958081
  2.60113   2.39666
  1.83449   2.37281
  1.83368   1.15621
  2.91463   1.72443
  0.62401   1.07152
   1.1798    1.3976
  1.45011  0.426168
0.0226722   2.61373
 0.908273   1.48175
  0.42543  0.970143
  1.76363   2.49852
 0.216747   1.52584
  1.88064   1.78936
  1.09693   2.67975
 0.417175  0.756332
  1.49016 0.0636502
  0.38046    2.1412
 0.399961     2.065
   2.2377   2.84186
  1.78648    1.2952
 0.965065   0.72756
  1.27153   1.60903
  0.51322   2.12855
  0.73543  0.401821
   1.7376   2.92178
 0.654369  0.301157
   1.5503   2.34651
  2.51072    2.0039
  1.72628   1.53778
 0.138769   1.68651
  2.51218   2.65537
0.0072661  0.363497
  2.60022   1.88243
  2.27206   2.14665
 0.326606   2.15914
 0.134876   0.31311
  2.89451  0.858962
 0.997698  0.685265
 0.360538   1.75748
  2.39783   2.11267
 0.406255   2.25264
  1.17869   1.50067
  1.89245  0.342622
  1.82285   2.88848
  1.50662   1.75064
  2.29292   1.01419
  1.77654   2.02126
 0.892649   2.17242
  1.12904   2.97722
  2.82435   1.81302
   2.1377   1.74413
  1.81138   2.67791
  1.38005  0.822312
  2.86445   2.32643
 0.608174   2.81537
 0.481621   2.79973
  2.41285   2.91838
  2.25483   1.95401
  1.88705   0.35308
  2.33075 0.0164218
  1.45954  0.383772
  1.67524   1.96499
  1.05789  0.784233
 0.768154  0.150165
   2.3609  0.418212
  1.79995 0.00825968
0.0703511  0.385432
  2.39233  0.111896
  1.24059   2.17587
  1.20587  0.199233
  2.92123  0.803264
 0.567426   1.87039
0.0219777   1.54406
  1.66082   2.50894
  1.91366   2.13227
 0.296222   2.15787
  2.73983   1.45263
  1.47461   1.20945
 0.635331   2.08522
  2.96614  0.131086
 0.244211   2.81005
 0.227469    2.6362
  1.21336  0.447123
  2.01262 0.0463924
  2.93874   2.69815
  2.15089   2.80919
  2.92032   1.98898
  1.85002   1.87458
 0.795211   0.99926
  1.00363  0.163809
  1.40392   2.72657
 0.215926  0.168997
 0.271989   2.56802
  1.77475    0.2091
  2.27162   2.58152
 0.318141   1.21587
  1.14074   2.13603
 0.850586   1.36136
 0.910773  0.671051
   1.8609   1.28136
 0.707194  0.555766
 0.226587  0.177001
  1.96294   1.61984
  2.21463  0.394437
0.0508395   2.49974
  1.83031  0.155931
  2.94903   2.86778
  2.66703   2.94281
  2.99852   2.85616
 0.263445   1.72332
 0.791686   2.50747
  2.17887  0.361682
  2.43238   2.13113
  1.72252   1.00377
  2.11405   1.48148
0.0206959    0.1553
  2.92287   1.24433
  2.04463    1.4127
   2.3108   2.84263
 0.822084   0.71938
  2.06573   2.51715
  1.13758  0.459795
  2.39247 0.0327017
  1.36556   2.43239
 0.199464  0.474739
 0.644367    1.0804
  2.80761  0.444842
  1.12734   1.88416
  1.01474  0.981311
  2.92223   1.40394
 0.382376  0.727878
 0.624642   1.03636
  1.83699    2.0682
  1.39854  0.436525
0.0716309   2.83585
  1.04559   1.39203
  1.12133   1.21264
  1.81445  0.358267
0.0532193   0.94476
  1.24641   2.50197
  2.49222   2.56476
 0.718767   2.09692
 0.882649  0.989366
  2.65278   1.98856
 0.754742   1.81767
 0.817783   1.76602
  1.26208   1.54886
 0.691897   2.59189
    2.621   2.07488
 0.157931   1.13016
  2.10457   1.96882
 0.500927  0.531467
  1.15859   2.82486
  1.52507   2.84737
  2.30165   1.29565
  1.44707  0.177667
0.0441918  0.407833
  2.42435    2.2427
 0.657523  0.286281
  2.16891   2.41412
 0.166884   2.30387
  2.82986  0.479111
 0.547477   1.12505
   0.6623 0.0626154
  2.55527   1.90861
0.00844306  0.508546
  2.36284   2.82442
  2.61258  0.859238
 0.477515   1.47142
 0.314343   1.43888
 0.725285   2.85637
  2.86665   2.09408
 0.389431   1.40154
  2.15401   1.06384
 0.704914 0.0485916
  1.12679   2.09695
  2.07093   1.91168
 0.518893    1.2471
  1.91448   2.63176
  1.02245   1.20306
  0.72853   2.80975
  2.51469  0.399385
 0.761849  0.537089
  2.35581   1.49295
   2.2024  0.812016
  1.75518  0.965475
 0.162575    2.4508
  2.32308    2.5969
  1.25845  0.934144
 0.280242  0.992738
  2.78151   1.93073
  2.16387   2.56405
  1.82831   1.08757
  0.43518   2.25316
  0.65028   2.78278
 0.357815   1.02496
 0.786327   1.38941
  2.29264   1.10866
  1.91197   2.21146
  2.46307   0.44211
  1.15158   1.87488
  2.58272   2.18451
 0.831992   2.20636
  2.34696  0.806076
  1.19043  0.199862
  1.57763  0.557204
 0.347915   2.56544
  1.54417   2.10237
  2.53723    2.2825
 0.105283   2.35295
   1.4343   2.12708
 0.790625   2.91455
  2.12864  0.464111
  2.42294   2.19588
 0.789975   1.58184
 0.768875   1.02989
 0.661468  0.426059
  2.77939   2.70403
 0.338317  0.994954
  2.76427  0.109992
0.0239247  0.599186
  2.59542  0.217718
 0.556383   2.71954
  0.48378  0.631365
  2.06181     2.912
  2.83643   1.05489
  2.44714   2.30369
  2.95935   1.10432
  2.98779  0.430141
  2.49857    1.9686
  2.44742  0.380211
  2.43756 0.0764493
    2.069  0.340568
 0.604477 0.0801869
   1.4453   2.26302
  2.79757  0.387934
0.0708518   2.36856
  2.46593   2.62437
   1.0253   1.84456
  1.01616  0.962233
  2.90945    1.9906
  1.69826   1.56555
 0.454664  0.548221
  2.19592  0.037585
 0.754231   2.83619
 0.743312   2.13352
  2.46515  0.231481
  0.89908   1.56647
  1.49651   1.32247
  2.62785   2.33834
  2.71659   2.33474
  1.82272   1.17927
  1.77848   1.79711
 0.476025  0.290405
 0.908705  0.422482
   1.7156   2.61632
  1.54602   1.40689
   2.8268  0.256384
 0.631787  0.455889
  1.96346 0.0314483
  2.65062   1.26373
  2.75919   2.06782
  1.07602   1.47568
  1.47925 0.00372953
  1.03079   2.19914
  2.15585   1.40097
  1.04665  0.242135
  1.49202  0.752047
  2.10214   2.26929
   1.5699   1.52923
 0.827408   2.43754
  2.09691   2.33193
 0.851883   0.98528
 0.986595   2.79536
  1.24311   2.04336
 0.311081   1.87778
  1.81118   1.27456
 0.484174     1.027
  2.80869   2.61824
   2.9058 0.0332888
  2.48125   1.76541
 0.404821   1.50109
 0.598273   1.38307
  1.33985   2.32258
  1.40791  0.532115
  1.40091   1.20367
  2.02365  0.115199
  1.77209  0.687142
 0.167056  0.721172
0.0133326   1.21981
  1.76671   0.52096
  1.86373    1.2576
  2.44067  0.163725
  1.34883 0.0511879
 0.189307  0.301939
 0.314875  0.214725
 0.441638 0.0538082
LINKS_SOURCE_DESTINATION_DISTANCE 1798
     0      1      1
     0      4      1
     0     15      1
     0     25      1
     0     65      1
     0    149      1
     0    513      1
     1      0      1
     1      2      1
     1      5      1
     1      8      1
     1     56      1
     1     84      1
     1    280      1
     1    510      1
     2      1      1
     2      3      1
     2      9      1
     2     58      1
     2    155      1
     2    224      1
     2    679      1
     2    811      1
     3      2      1
     3      6      1
     3     11      1
     3     28      1
     3    132      1
     4      0      1
     4      7      1
     4     10      1
     4     23      1
     4    103      1
     4    202      1
     4    336      1
     4    601      1
     4    852      1
     5      1      1
     5     55      1
     5    166      1
     6      3      1
     6     14      1
     6     24      1
     6     27      1
     6     32      1
     6     48      1
     6     62      1
     6     72      1
     6    251      1
     6    285      1
     6    325      1
     6    738      1
     7      4      1
     7     37      1
     7     82      1
     7    140      1
     7    217      1
     8      1      1
     8     18      1
     8     57      1
     8     68      1
     8    118      1
     8    454      1
     9      2      1
     9     17      1
     9    106      1
     9    658      1
    10      4      1
    10     20      1
    10     30      1
    10    499      1
    10    529      1
    10    583      1
    11      3      1
    11     12      1
    11     13      1
    11    170      1
    11    363      1
    11    398      1
    12     11      1
    12     21      1
    12     39      1
    12    232      1
    13     11      1
    13     36      1
    13    393      1
    13    795      1
    14      6      1
    14     16      1
    14     50      1
    14    617      1
    14    620      1
    15      0      1
    15    456      1
    16     14      1
    16     19      1
    16     22      1
    16    119      1
    16    494      1
    16    725      1
    16    899      1
    17      9      1
    17     31      1
    17    164      1
    18      8      1
    18    181      1
    18    370      1
    18    388      1
    19     16      1
    19    412      1
    19    836      1
    20     10      1
    20     97      1
    20    242      1
    21     12      1
    21     26      1
    21     59      1
    21    429      1
    22     16      1
    22     29      1
    22    186      1
    22    793      1
    23      4      1
    24      6      1
    24    127      1
    24    291      1
    24    485      1
    25      0      1
    25     33      1
    25     47      1
    25    371      1
    26     21      1
    26     86      1
    26     87      1
    27      6      1
    27     42      1
    28      3      1
    28     40      1
    28     69      1
    28     75      1
    28    547      1
    29     22      1
    29     41      1
    29    102      1
    29    214      1
    29    331      1
    29    357      1
    29    559      1
    30     10      1
    30     35      1
    30     38      1
    30     49      1
    30     77      1
    30    123      1
    30    163      1
    30    231      1
    30    256      1
    30    602      1
    30    827      1
    31     17      1
    31     34      1
    31     88      1
    31     92      1
    31    294      1
    32      6      1
    32    128      1
    32    253      1
    32    444      1
    32    889      1
    33     25      1
    33    346      1
    33    481      1
    34     31      1
    34    241      1
    34    422      1
    34    511      1
    34    539      1
    34    643      1
    35     30      1
    35    109      1
    35    120      1
    35    134      1
    35    543      1
    36     13      1
    36    344      1
    36    351      1
    36    518      1
    36    569      1
    37      7      1
    37     43      1
    37     90      1
    38     30      1
    38     44      1
    38     64      1
    38    105      1
    38    264      1
    38    334      1
    39     12      1
    39    277      1
    39    477      1
    40     28      1
    40     54      1
    40    288      1
    41     29      1
    41     45      1
    41     60      1
    41     78      1
    41    595      1
    42     27      1
    42     94      1
    42    165      1
    43     37      1
    43    116      1
    43    233      1
    44     38      1
    44    452      1
    44    464      1
    44    864      1
    45     41      1
    45     46      1
    45     52      1
    45     53      1
    45    158      1
    45    162      1
    45    479      1
    46     45      1
    46     63      1
    47     25      1
    47     51      1
    47     67      1
    47    153      1
    47    234      1
    47    318      1
    48      6      1
    48    101      1
    48    135      1
    48    161      1
    49     30      1
    49     89      1
    49     98      1
    49    252      1
    49    307      1
    50     14      1
    50     99      1
    50    190      1
    50    276      1
    50    391      1
    50    576      1
    51     47      1
    51     61      1
    51    172      1
    51    194      1
    52     45      1
    52    248      1
    52    300      1
    53     45      1
    53    143      1
    53    466      1
    53    807      1
    54     40      1
    54     83      1
    54    130      1
    54    147      1
    54    152      1
    54    397      1
    54    665      1
    55      5      1
    55     85      1
    55    138      1
    55    381      1
    56      1      1
    56    287      1
    57      8      1
    57     71      1
    57    104      1
    57    627      1
    57    642      1
    58      2      1
    59     21      1
    59     74      1
    59    619      1
    59    863      1
    60     41      1
    60     91      1
    60    519      1
    61     51      1
    61    208      1
    62      6      1
    62     81      1
    62    100      1
    62    182      1
    62    230      1
    62    654      1
    62    874      1
    63     46      1
    63     70      1
    63    200      1
    63    216      1
    64     38      1
    64     66      1
    64    125      1
    64    297      1
    64    476      1
    65      0      1
    65    113      1
    65    405      1
    65    514      1
    66     64      1
    66    111      1
    66    137      1
    66    249      1
    66    450      1
    67     47      1
    67    268      1
    67    289      1
    67    763      1
    68      8      1
    68     80      1
    68    245      1
    68    298      1
    68    801      1
    69     28      1
    70     63      1
    70     93      1
    70    174      1
    70    713      1
    71     57      1
    71     73      1
    72      6      1
    72    108      1
    72    122      1
    72    126      1
    72    723      1
    73     71      1
    73     76      1
    73    184      1
    73    255      1
    73    263      1
    73    520      1
    73    745      1
    74     59      1
    74    220      1
    75     28      1
    75    359      1
    75    419      1
    76     73      1
    76     79      1
    76    129      1
    76    281      1
    76    306      1
    77     30      1
    77    345      1
    77    564      1
    77    592      1
    77    667      1
    77    813      1
    78     41      1
    78    225      1
    79     76      1
    79    107      1
    79    180      1
    79    193      1
    79    201      1
    79    257      1
    80     68      1
    80    133      1
    80    524      1
    81     62      1
    81    203      1
    81    270      1
    81    315      1
    81    330      1
    82      7      1
    82    185      1
    82    312      1
    82    428      1
    83     54      1
    83     95      1
    83    762      1
    84      1      1
    84    148      1
    84    572      1
    85     55      1
    85     96      1
    85    150      1
    86     26      1
    87     26      1
    87    117      1
    87    240      1
    87    342      1
    88     31      1
    88    114      1
    88    379      1
    88    646      1
    88    876      1
    89     49      1
    89    316      1
    89    317      1
    89    730      1
    90     37      1
    90    110      1
    90    305      1
    90    603      1
    91     60      1
    91    191      1
    91    206      1
    91    407      1
    91    754      1
    92     31      1
    92    382      1
    93     70      1
    93    671      1
    94     42      1
    94    239      1
    95     83      1
    96     85      1
    96    131      1
    96    267      1
    96    399      1
    96    855      1
    97     20      1
    97    301      1
    97    647      1
    98     49      1
    99     50      1
    99    179      1
   100     62      1
   100    139      1
   100    169      1
   100    549      1
   101     48      1
   101    384      1
   101    423      1
   101    765      1
   102     29      1
   102    187      1
   102    244      1
   102    282      1
   102    502      1
   103      4      1
   103    274      1
   103    278      1
   103    404      1
   104     57      1
   104    219      1
   105     38      1
   105    136      1
   105    215      1
   105    385      1
   105    460      1
   106      9      1
   106    223      1
   106    275      1
   106    580      1
   107     79      1
   107    145      1
   107    167      1
   107    358      1
   107    471      1
   108     72      1
   108    146      1
   108    286      1
   109     35      1
   109    209      1
   109    773      1
   110     90      1
   110    112      1
   110    144      1
   111     66      1
   112    110      1
   112    115      1
   113     65      1
   113    175      1
   113    303      1
   114     88      1
   114    685      1
   115    112      1
   115    124      1
   115    183      1
   115    188      1
   116     43      1
   116    218      1
   116    349      1
   116    716      1
   117     87      1
   117    121      1
   117    142      1
   118      8      1
   118    678      1
   119     16      1
   119    292      1
   119    735      1
   119    873      1
   120     35      1
   120    154      1
   120    522      1
   120    598      1
   121    117      1
   121    176      1
   122     72      1
   122    151      1
   122    247      1
   123     30      1
   123    159      1
   123    579      1
   123    761      1
   124    115      1
   124    177      1
   124    868      1
   125     64      1
   125    360      1
   125    546      1
   126     72      1
   126    141      1
   127     24      1
   127    212      1
   128     32      1
   128    737      1
   129     76      1
   129    820      1
   130     54      1
   130    544      1
   131     96      1
   131    676      1
   131    752      1
   131    845      1
   132      3      1
   132    229      1
   133     80      1
   134     35      1
   134    582      1
   135     48      1
   135    785      1
   135    897      1
   136    105      1
   136    475      1
   136    490      1
   136    748      1
   136    774      1
   136    848      1
   137     66      1
   137    375      1
   138     55      1
   138    366      1
   139    100      1
   139    178      1
   139    226      1
   139    250      1
   140      7      1
   140    197      1
   140    392      1
   141    126      1
   141    321      1
   142    117      1
   142    205      1
   142    504      1
   143     53      1
   143    173      1
   143    537      1
   144    110      1
   144    156      1
   145    107      1
   145    415      1
   145    638      1
   146    108      1
   146    340      1
   147     54      1
   147    207      1
   148     84      1
   148    509      1
   149      0      1
   149    157      1
   149    237      1
   150     85      1
   151    122      1
   151    160      1
   152     54      1
   153     47      1
   154    120      1
   155      2      1
   155    189      1
   155    192      1
   156    144      1
   156    683      1
   156    734      1
   157    149      1
   157    329      1
   157    378      1
   157    442      1
   157    448      1
   158     45      1
   158    374      1
   158    581      1
   159    123      1
   159    199      1
   159    258      1
   159    272      1
   160    151      1
   160    171      1
   161     48      1
   161    204      1
   162     45      1
   162    295      1
   162    822      1
   163     30      1
   163    211      1
   163    235      1
   163    236      1
   164     17      1
   164    353      1
   164    669      1
   165     42      1
   165    227      1
   166      5      1
   166    296      1
   166    335      1
   167    107      1
   167    168      1
   167    571      1
   168    167      1
   168    394      1
   168    409      1
   169    100      1
   169    776      1
   169    867      1
   170     11      1
   170    310      1
   171    160      1
   171    195      1
   171    631      1
   172     51      1
   172    198      1
   173    143      1
   173    808      1
   174     70      1
   174    489      1
   174    593      1
   175    113      1
   175    744      1
   176    121      1
   177    124      1
   178    139      1
   178    254      1
   178    535      1
   179     99      1
   179    238      1
   179    720      1
   180     79      1
   180    222      1
   181     18      1
   182     62      1
   182    269      1
   182    709      1
   183    115      1
   183    468      1
   184     73      1
   184    196      1
   184    337      1
   185     82      1
   185    637      1
   186     22      1
   186    210      1
   186    417      1
   186    478      1
   186    722      1
   187    102      1
   187    313      1
   187    416      1
   187    548      1
   188    115      1
   188    213      1
   189    155      1
   189    455      1
   190     50      1
   190    333      1
   190    446      1
   191     91      1
   191    892      1
   192    155      1
   192    304      1
   192    309      1
   193     79      1
   193    246      1
   193    588      1
   193    590      1
   194     51      1
   195    171      1
   195    299      1
   196    184      1
   197    140      1
   197    439      1
   198    172      1
   198    390      1
   198    736      1
   199    159      1
   199    266      1
   199    322      1
   199    424      1
   200     63      1
   200    259      1
   200    320      1
   201     79      1
   201    751      1
   202      4      1
   202    697      1
   202    742      1
   202    810      1
   203     81      1
   203    339      1
   203    368      1
   204    161      1
   204    463      1
   205    142      1
   205    369      1
   205    396      1
   205    433      1
   205    621      1
   206     91      1
   207    147      1
   207    328      1
   207    453      1
   207    829      1
   208     61      1
   208    352      1
   208    566      1
   208    656      1
   209    109      1
   210    186      1
   210    260      1
   210    451      1
   211    163      1
   211    365      1
   211    482      1
   212    127      1
   213    188      1
   213    293      1
   214     29      1
   215    105      1
   215    221      1
   215    612      1
   216     63      1
   217      7      1
   217    806      1
   218    116      1
   218    284      1
   218    401      1
   219    104      1
   219    228      1
   219    364      1
   219    467      1
   220     74      1
   221    215      1
   221    465      1
   221    854      1
   222    180      1
   222    261      1
   223    106      1
   223    324      1
   223    383      1
   223    599      1
   223    629      1
   224      2      1
   225     78      1
   225    262      1
   225    319      1
   226    139      1
   226    243      1
   226    492      1
   227    165      1
   228    219      1
   229    132      1
   229    279      1
   229    332      1
   230     62      1
   230    341      1
   230    348      1
   230    459      1
   231     30      1
   231    395      1
   231    832      1
   231    846      1
   232     12      1
   232    437      1
   232    447      1
   232    512      1
   232    560      1
   233     43      1
   233    411      1
   233    711      1
   233    756      1
   234     47      1
   234    714      1
   235    163      1
   235    265      1
   235    413      1
   236    163      1
   237    149      1
   237    791      1
   238    179      1
   238    402      1
   238    516      1
   239     94      1
   240     87      1
   240    273      1
   240    436      1
   240    470      1
   240    673      1
   241     34      1
   241    380      1
   242     20      1
   242    302      1
   242    605      1
   243    226      1
   243    410      1
   243    616      1
   244    102      1
   245     68      1
   245    361      1
   245    531      1
   245    894      1
   246    193      1
   247    122      1
   247    271      1
   248     52      1
   249     66      1
   250    139      1
   251      6      1
   251    556      1
   252     49      1
   252    418      1
   252    632      1
   253     32      1
   253    427      1
   254    178      1
   254    326      1
   255     73      1
   256     30      1
   257     79      1
   258    159      1
   258    541      1
   259    200      1
   260    210      1
   260    425      1
   261    222      1
   261    670      1
   262    225      1
   263     73      1
   263    311      1
   264     38      1
   264    525      1
   264    551      1
   264    844      1
   265    235      1
   265    355      1
   265    420      1
   266    199      1
   266    314      1
   267     96      1
   268     67      1
   269    182      1
   269    536      1
   270     81      1
   271    247      1
   271    323      1
   271    432      1
   272    159      1
   272    408      1
   273    240      1
   273    655      1
   274    103      1
   275    106      1
   275    372      1
   275    484      1
   275    487      1
   275    626      1
   276     50      1
   276    431      1
   276    659      1
   277     39      1
   277    434      1
   278    103      1
   278    625      1
   279    229      1
   279    367      1
   280      1      1
   280    283      1
   280    440      1
   281     76      1
   282    102      1
   282    517      1
   283    280      1
   283    505      1
   283    589      1
   284    218      1
   284    483      1
   284    515      1
   284    703      1
   285      6      1
   286    108      1
   286    604      1
   287     56      1
   287    290      1
   287    880      1
   288     40      1
   288    871      1
   289     67      1
   289    760      1
   290    287      1
   290    563      1
   291     24      1
   291    421      1
   292    119      1
   292    508      1
   292    585      1
   293    213      1
   293    575      1
   294     31      1
   294    521      1
   295    162      1
   295    706      1
   295    865      1
   296    166      1
   296    538      1
   297     64      1
   297    308      1
   297    721      1
   298     68      1
   298    660      1
   299    195      1
   299    788      1
   300     52      1
   300    877      1
   301     97      1
   301    577      1
   302    242      1
   302    347      1
   303    113      1
   303    887      1
   304    192      1
   304    387      1
   304    823      1
   305     90      1
   305    350      1
   305    498      1
   306     76      1
   307     49      1
   307    435      1
   307    803      1
   308    297      1
   308    641      1
   309    192      1
   310    170      1
   310    327      1
   311    263      1
   312     82      1
   313    187      1
   313    862      1
   314    266      1
   315     81      1
   315    338      1
   315    753      1
   316     89      1
   316    500      1
   316    526      1
   317     89      1
   318     47      1
   319    225      1
   319    343      1
   319    441      1
   319    472      1
   319    700      1
   320    200      1
   321    141      1
   321    634      1
   321    657      1
   321    710      1
   322    199      1
   322    568      1
   322    675      1
   322    858      1
   323    271      1
   323    356      1
   324    223      1
   324    438      1
   325      6      1
   325    493      1
   325    545      1
   325    573      1
   326    254      1
   326    362      1
   326    445      1
   326    458      1
   327    310      1
   328    207      1
   328    474      1
   329    157      1
   330     81      1
   330    386      1
   331     29      1
   331    802      1
   332    229      1
   332    488      1
   333    190      1
   333    570      1
   334     38      1
   335    166      1
   336      4      1
   337    184      1
   338    315      1
   338    507      1
   338    649      1
   339    203      1
   339    609      1
   339    898      1
   340    146      1
   341    230      1
   342     87      1
   342    554      1
   342    652      1
   343    319      1
   343    373      1
   343    376      1
   343    574      1
   344     36      1
   344    462      1
   345     77      1
   345    506      1
   346     33      1
   346    414      1
   346    503      1
   347    302      1
   347    668      1
   347    814      1
   348    230      1
   349    116      1
   349    870      1
   350    305      1
   350    354      1
   350    682      1
   351     36      1
   352    208      1
   352    724      1
   353    164      1
   354    350      1
   354    650      1
   354    695      1
   354    746      1
   355    265      1
   355    702      1
   356    323      1
   356    403      1
   356    666      1
   356    875      1
   357     29      1
   358    107      1
   358    377      1
   358    812      1
   359     75      1
   360    125      1
   361    245      1
   362    326      1
   363     11      1
   364    219      1
   364    636      1
   365    211      1
   366    138      1
   366    886      1
   367    279      1
   367    555      1
   368    203      1
   369    205      1
   369    480      1
   369    879      1
   369    895      1
   370     18      1
   370    663      1
   371     25      1
   372    275      1
   372    389      1
   372    693      1
   373    343      1
   373    457      1
   374    158      1
   374    804      1
   375    137      1
   375    400      1
   376    343      1
   376    584      1
   377    358      1
   378    157      1
   378    640      1
   379     88      1
   380    241      1
   380    497      1
   380    628      1
   381     55      1
   381    729      1
   382     92      1
   382    443      1
   382    712      1
   383    223      1
   384    101      1
   385    105      1
   385    772      1
   386    330      1
   386    491      1
   386    687      1
   387    304      1
   388     18      1
   388    449      1
   389    372      1
   389    553      1
   390    198      1
   390    557      1
   391     50      1
   391    486      1
   391    639      1
   392    140      1
   392    406      1
   393     13      1
   394    168      1
   395    231      1
   395    528      1
   396    205      1
   396    686      1
   397     54      1
   398     11      1
   398    704      1
   399     96      1
   400    375      1
   400    523      1
   401    218      1
   402    238      1
   402    767      1
   403    356      1
   403    430      1
   403    798      1
   404    103      1
   405     65      1
   405    540      1
   405    891      1
   406    392      1
   407     91      1
   408    272      1
   409    168      1
   410    243      1
   411    233      1
   412     19      1
   413    235      1
   414    346      1
   414    677      1
   415    145      1
   416    187      1
   416    461      1
   417    186      1
   418    252      1
   419     75      1
   419    426      1
   420    265      1
   421    291      1
   421    623      1
   421    779      1
   421    799      1
   422     34      1
   423    101      1
   424    199      1
   424    861      1
   425    260      1
   426    419      1
   426    607      1
   427    253      1
   427    731      1
   427    841      1
   428     82      1
   428    562      1
   429     21      1
   429    587      1
   430    403      1
   431    276      1
   431    624      1
   432    271      1
   433    205      1
   434    277      1
   435    307      1
   435    739      1
   436    240      1
   436    696      1
   437    232      1
   437    558      1
   438    324      1
   438    771      1
   439    197      1
   439    689      1
   440    280      1
   440    550      1
   441    319      1
   442    157      1
   443    382      1
   443    469      1
   443    766      1
   444     32      1
   445    326      1
   446    190      1
   447    232      1
   447    691      1
   448    157      1
   449    388      1
   449    578      1
   450     66      1
   451    210      1
   451    533      1
   451    750      1
   451    834      1
   452     44      1
   452    495      1
   453    207      1
   453    842      1
   454      8      1
   454    473      1
   454    567      1
   455    189      1
   456     15      1
   456    817      1
   457    373      1
   458    326      1
   459    230      1
   459    692      1
   460    105      1
   461    416      1
   462    344      1
   463    204      1
   464     44      1
   464    847      1
   465    221      1
   465    597      1
   466     53      1
   467    219      1
   467    501      1
   468    183      1
   469    443      1
   469    732      1
   470    240      1
   470    591      1
   471    107      1
   472    319      1
   473    454      1
   473    674      1
   474    328      1
   474    727      1
   475    136      1
   475    532      1
   476     64      1
   477     39      1
   477    850      1
   478    186      1
   479     45      1
   479    784      1
   480    369      1
   481     33      1
   481    831      1
   482    211      1
   483    284      1
   484    275      1
   484    496      1
   484    828      1
   485     24      1
   486    391      1
   487    275      1
   488    332      1
   489    174      1
   490    136      1
   490    534      1
   491    386      1
   492    226      1
   493    325      1
   494     16      1
   495    452      1
   496    484      1
   497    380      1
   497    530      1
   498    305      1
   498    527      1
   498    859      1
   499     10      1
   499    561      1
   499    613      1
   500    316      1
   501    467      1
   501    878      1
   502    102      1
   502    718      1
   503    346      1
   504    142      1
   505    283      1
   505    740      1
   506    345      1
   506    896      1
   507    338      1
   508    292      1
   509    148      1
   509    755      1
   510      1      1
   510    684      1
   511     34      1
   512    232      1
   512    630      1
   513      0      1
   514     65      1
   515    284      1
   516    238      1
   516    610      1
   516    830      1
   517    282      1
   517    707      1
   518     36      1
   519     60      1
   519    542      1
   519    565      1
   519    794      1
   520     73      1
   521    294      1
   522    120      1
   523    400      1
   524     80      1
   525    264      1
   525    635      1
   526    316      1
   527    498      1
   528    395      1
   528    698      1
   529     10      1
   529    653      1
   530    497      1
   530    705      1
   531    245      1
   532    475      1
   532    608      1
   533    451      1
   533    747      1
   533    884      1
   534    490      1
   535    178      1
   536    269      1
   537    143      1
   537    552      1
   537    708      1
   537    787      1
   538    296      1
   538    780      1
   539     34      1
   540    405      1
   540    701      1
   541    258      1
   542    519      1
   543     35      1
   544    130      1
   545    325      1
   545    775      1
   546    125      1
   546    792      1
   546    815      1
   547     28      1
   548    187      1
   549    100      1
   549    615      1
   550    440      1
   550    596      1
   550    837      1
   551    264      1
   552    537      1
   552    664      1
   553    389      1
   554    342      1
   554    843      1
   555    367      1
   556    251      1
   557    390      1
   558    437      1
   558    819      1
   559     29      1
   560    232      1
   561    499      1
   562    428      1
   562    680      1
   563    290      1
   564     77      1
   564    606      1
   564    651      1
   565    519      1
   566    208      1
   566    594      1
   567    454      1
   568    322      1
   569     36      1
   570    333      1
   570    688      1
   571    167      1
   572     84      1
   573    325      1
   574    343      1
   574    622      1
   575    293      1
   576     50      1
   577    301      1
   577    600      1
   578    449      1
   578    586      1
   579    123      1
   579    883      1
   580    106      1
   580    618      1
   581    158      1
   581    662      1
   582    134      1
   583     10      1
   584    376      1
   585    292      1
   585    614      1
   586    578      1
   587    429      1
   587    821      1
   588    193      1
   589    283      1
   589    890      1
   590    193      1
   591    470      1
   592     77      1
   593    174      1
   594    566      1
   595     41      1
   595    645      1
   596    550      1
   596    781      1
   597    465      1
   597    741      1
   598    120      1
   599    223      1
   600    577      1
   601      4      1
   602     30      1
   603     90      1
   604    286      1
   605    242      1
   606    564      1
   607    426      1
   608    532      1
   608    853      1
   609    339      1
   610    516      1
   610    611      1
   610    805      1
   611    610      1
   611    648      1
   611    672      1
   611    681      1
   611    717      1
   612    215      1
   613    499      1
   614    585      1
   615    549      1
   616    243      1
   617     14      1
   618    580      1
   618    690      1
   619     59      1
   620     14      1
   621    205      1
   622    574      1
   623    421      1
   624    431      1
   625    278      1
   626    275      1
   627     57      1
   627    633      1
   627    778      1
   628    380      1
   628    733      1
   629    223      1
   629    719      1
   630    512      1
   630    644      1
   630    699      1
   630    786      1
   631    171      1
   632    252      1
   632    782      1
   633    627      1
   633    715      1
   633    893      1
   634    321      1
   634    777      1
   634    825      1
   634    835      1
   635    525      1
   636    364      1
   637    185      1
   638    145      1
   639    391      1
   640    378      1
   641    308      1
   641    769      1
   642     57      1
   643     34      1
   643    758      1
   644    630      1
   645    595      1
   646     88      1
   646    849      1
   647     97      1
   648    611      1
   649    338      1
   650    354      1
   650    839      1
   651    564      1
   651    833      1
   652    342      1
   653    529      1
   654     62      1
   655    273      1
   655    661      1
   655    728      1
   656    208      1
   657    321      1
   658      9      1
   658    838      1
   659    276      1
   660    298      1
   661    655      1
   661    694      1
   662    581      1
   663    370      1
   664    552      1
   665     54      1
   666    356      1
   667     77      1
   668    347      1
   669    164      1
   669    816      1
   669    881      1
   670    261      1
   671     93      1
   672    611      1
   673    240      1
   673    797      1
   674    473      1
   675    322      1
   676    131      1
   677    414      1
   677    726      1
   678    118      1
   679      2      1
   679    749      1
   680    562      1
   681    611      1
   681    783      1
   682    350      1
   683    156      1
   684    510      1
   685    114      1
   685    826      1
   686    396      1
   686    743      1
   687    386      1
   688    570      1
   689    439      1
   690    618      1
   690    872      1
   691    447      1
   692    459      1
   692    869      1
   693    372      1
   693    796      1
   694    661      1
   694    860      1
   695    354      1
   696    436      1
   697    202      1
   697    851      1
   698    528      1
   699    630      1
   700    319      1
   701    540      1
   701    856      1
   702    355      1
   702    759      1
   703    284      1
   704    398      1
   705    530      1
   706    295      1
   707    517      1
   708    537      1
   709    182      1
   710    321      1
   711    233      1
   712    382      1
   713     70      1
   714    234      1
   714    840      1
   715    633      1
   716    116      1
   717    611      1
   718    502      1
   719    629      1
   720    179      1
   721    297      1
   721    809      1
   722    186      1
   722    824      1
   723     72      1
   723    764      1
   724    352      1
   725     16      1
   726    677      1
   727    474      1
   728    655      1
   729    381      1
   730     89      1
   730    757      1
   730    800      1
   731    427      1
   732    469      1
   733    628      1
   734    156      1
   734    770      1
   735    119      1
   735    768      1
   736    198      1
   737    128      1
   738      6      1
   739    435      1
   740    505      1
   741    597      1
   742    202      1
   742    789      1
   743    686      1
   744    175      1
   745     73      1
   746    354      1
   747    533      1
   748    136      1
   749    679      1
   750    451      1
   751    201      1
   752    131      1
   753    315      1
   754     91      1
   755    509      1
   756    233      1
   757    730      1
   758    643      1
   759    702      1
   760    289      1
   761    123      1
   762     83      1
   762    790      1
   763     67      1
   764    723      1
   765    101      1
   766    443      1
   767    402      1
   768    735      1
   769    641      1
   770    734      1
   771    438      1
   772    385      1
   773    109      1
   774    136      1
   775    545      1
   776    169      1
   777    634      1
   778    627      1
   779    421      1
   780    538      1
   781    596      1
   781    882      1
   782    632      1
   783    681      1
   784    479      1
   785    135      1
   786    630      1
   787    537      1
   788    299      1
   789    742      1
   790    762      1
   791    237      1
   792    546      1
   793     22      1
   794    519      1
   795     13      1
   796    693      1
   797    673      1
   798    403      1
   798    818      1
   799    421      1
   800    730      1
   801     68      1
   802    331      1
   803    307      1
   804    374      1
   805    610      1
   806    217      1
   807     53      1
   808    173      1
   809    721      1
   810    202      1
   811      2      1
   812    358      1
   813     77      1
   814    347      1
   815    546      1
   816    669      1
   817    456      1
   818    798      1
   818    857      1
   819    558      1
   820    129      1
   821    587      1
   822    162      1
   823    304      1
   824    722      1
   825    634      1
   826    685      1
   827     30      1
   828    484      1
   829    207      1
   830    516      1
   831    481      1
   832    231      1
   833    651      1
   834    451      1
   835    634      1
   836     19      1
   837    550      1
   838    658      1
   838    866      1
   839    650      1
   840    714      1
   841    427      1
   842    453      1
   843    554      1
   844    264      1
   845    131      1
   846    231      1
   847    464      1
   848    136      1
   849    646      1
   850    477      1
   851    697      1
   852      4      1
   853    608      1
   854    221      1
   855     96      1
   856    701      1
   857    818      1
   858    322      1
   859    498      1
   860    694      1
   861    424      1
   862    313      1
   863     59      1
   864     44      1
   865    295      1
   866    838      1
   867    169      1
   868    124      1
   869    692      1
   870    349      1
   871    288      1
   872    690      1
   873    119      1
   874     62      1
   875    356      1
   876     88      1
   877    300      1
   878    501      1
   879    369      1
   880    287      1
   881    669      1
   882    781      1
   883    579      1
   884    533      1
   884    885      1
   885    884      1
   886    366      1
   887    303      1
   887    888      1
   888    887      1
   889     32      1
   890    589      1
   891    405      1
   892    191      1
   893    633      1
   894    245      1
   895    369      1
   896    506      1
   897    135      1
   898    339      1
   899     16      1
