COORD_X_Y 65
  1.23726  0.746817
 0.969093   0.95966
  2.30692   0.90154
 0.535657   2.97676
 0.692446   2.45387
  2.17473   2.85875
 0.260439   1.94766
 0.828735   1.52218
 0.830021  0.583282
  1.20413   2.75725
  1.44186    1.2771
  2.86273  0.357698
  1.90651   2.61783
 0.311707   2.96125
  2.25139   1.97598
  1.35297  0.146124
  1.76715  0.982104
  2.27235   2.48232
  1.39815   1.69172
  2.01328   1.81605
  1.86099   2.00101
  2.91046  0.744838
  2.87119   1.24198
  2.21897  0.407145
  2.11751   2.95738
   2.1286   1.10406
  2.19912   1.78762
   1.8452   2.13218
  2.03756   1.87888
0.0954661   2.10987
  1.34453   1.19081
  2.73995   2.54961
   1.9872   1.24731
   2.9467   1.64256
  2.14716  0.358223
  2.03385   1.69855
   2.6236   1.01943
 0.201153   0.68572
  2.48115  0.109188
  2.47448   1.07856
   2.1658   1.57749
 0.677254   1.25833
  1.65023   1.81678
  1.10695  0.755494
0.0927613   2.44962
  1.90422    2.8396
0.0118707  0.606478
  2.60759   2.94804
  1.01092   2.88589
 0.745585   2.51258
  2.76076 0.0799005
 0.844689  0.598273
  1.61032   2.23136
  1.18324  0.899916
  2.01976  0.681461
  2.19143  0.400735
  2.15504  0.890518
  1.43084   2.29644
  1.73246 0.0593253
  1.21173    1.5146
  1.70549   1.33659
  1.81693   2.08383
   2.7429   1.46403
   1.3948  0.136681
  2.15139  0.450456
LINKS_SOURCE_DESTINATION_DISTANCE 128
     0      1      1
     0      8      1
     0     20      1
     1      0      1
     1      2      1
     1     16      1
     1     32      1
     2      1      1
     2      3      1
     2      5      1
     2      6      1
     2     10      1
     2     18      1
     3      2      1
     3      4      1
     3     15      1
     3     58      1
     4      3      1
     4      9      1
     4     19      1
     4     26      1
     4     28      1
     4     47      1
     4     53      1
     5      2      1
     5      7      1
     5     27      1
     5     50      1
     6      2      1
     7      5      1
     7     24      1
     7     48      1
     8      0      1
     8     11      1
     8     56      1
     9      4      1
    10      2      1
    10     12      1
    10     13      1
    10     46      1
    11      8      1
    11     22      1
    11     40      1
    11     41      1
    12     10      1
    12     14      1
    13     10      1
    14     12      1
    14     55      1
    15      3      1
    15     17      1
    15     25      1
    16      1      1
    16     21      1
    16     34      1
    17     15      1
    17     23      1
    18      2      1
    18     29      1
    19      4      1
    19     35      1
    19     36      1
    19     52      1
    20      0      1
    21     16      1
    21     42      1
    21     59      1
    21     62      1
    22     11      1
    22     33      1
    23     17      1
    23     45      1
    24      7      1
    24     31      1
    24     43      1
    24     51      1
    25     15      1
    26      4      1
    27      5      1
    28      4      1
    28     30      1
    29     18      1
    29     61      1
    30     28      1
    31     24      1
    31     39      1
    32      1      1
    32     38      1
    32     64      1
    33     22      1
    33     57      1
    34     16      1
    35     19      1
    35     37      1
    35     44      1
    36     19      1
    36     49      1
    37     35      1
    37     60      1
    38     32      1
    39     31      1
    39     63      1
    40     11      1
    41     11      1
    42     21      1
    43     24      1
    44     35      1
    45     23      1
    46     10      1
    47      4      1
    48      7      1
    49     36      1
    50      5      1
    51     24      1
    51     54      1
    52     19      1
    53      4      1
    54     51      1
    55     14      1
    56      8      1
    57     33      1
    58      3      1
    59     21      1
    60     37      1
    61     29      1
    62     21      1
    63     39      1
    64     32      1
