COORD_X_Y 200
   2.9124   1.76588
 0.989797   1.98164
  1.73017  0.204782
  2.94317   2.44035
  2.15443   2.11087
  1.15964 0.0559076
  1.96064   1.38546
 0.974445   2.82243
 0.406586   1.79723
  1.88809 0.00708943
 0.479708  0.733679
 0.456631   1.42166
0.0648371   1.75873
  1.35177  0.952034
 0.113944    1.1348
  2.11245   2.97524
 0.545547   2.91542
  2.55135    1.0519
  1.13438  0.453939
  1.95962   2.20207
 0.408132   2.24893
  1.77543   2.07232
  2.53846  0.977766
  2.16436  0.169945
 0.725474   1.14355
  1.00788   0.30788
 0.981038   2.73327
  1.63742   2.96511
  1.89614  0.805454
  2.41501  0.560952
   2.0849   2.60437
  0.49172  0.959166
  1.85968  0.494017
 0.298172 0.00981685
  2.56372   1.21987
  1.67843   2.24668
  1.39901   1.24615
 0.929909   1.76748
  2.34581   2.26406
  1.14617   1.05473
  2.32594   2.87342
 0.350644   2.90333
  1.62632  0.115493
 0.308166   1.87932
 0.414312    2.5212
  1.93256   2.35902
  2.66054   1.11591
 0.846313   1.81257
  2.71939   2.79637
 0.569216   1.98439
  1.82289   2.50028
  1.46206   2.83824
  2.50507  0.220594
  1.64812   2.71601
   1.2027   2.11536
0.00256862  0.221275
  1.61391   1.79199
  1.71735   2.37866
  1.87627    2.6713
 0.258554    2.2147
  0.86897   1.20126
  2.01491  0.825739
   1.7492   2.26664
 0.869031   1.47372
 0.505559   1.66607
  1.04209   2.76315
 0.923685   1.25669
 0.943984   1.94586
  2.90669   2.33004
  2.06439   2.13922
  2.09688   2.56536
 0.893766   2.44885
   2.3048   2.62223
  2.15966   1.26525
  0.81983  0.265586
  1.99333   1.57677
  1.35857   1.82162
  1.06259  0.236559
 0.366691   2.12538
    2.841   1.65978
  2.68916   2.49269
 0.667399   1.93217
 0.279879   2.25104
 0.409205  0.173229
  2.73462  0.190745
 0.955682   1.95668
  2.22922   2.58283
  2.65629   1.21602
 0.524631   1.19427
  2.46664  0.679258
  2.32419   1.01973
  2.75811  0.501177
   1.1878   2.28994
  1.11923  0.465859
  1.32867   2.41867
   2.2913   2.33041
  2.34339 0.00796269
 0.651113  0.556545
  2.61752   2.70871
 0.769232   2.86837
 0.901804   2.10052
 0.404921   1.36948
  2.61507   2.71855
  0.42283    1.7223
  0.57363   1.57624
  1.41749  0.200048
 0.709064   1.41064
  1.11864   1.43533
 0.437316   2.04147
  1.10223  0.575829
  1.19909   1.62367
 0.343333   1.38814
  2.07624    2.1417
0.0971752  0.528738
 0.250507  0.284536
 0.218392  0.389582
  2.25572  0.497946
    2.842 0.0752481
  1.36815   2.66301
0.0448913  0.628448
  1.01554   2.61486
 0.111906   1.91895
  2.08298  0.731555
  1.92335   2.95708
  1.55219   2.53702
 0.528801   1.43528
  1.31119   1.60844
 0.149439   2.47721
  1.00704  0.277688
  2.23567  0.481361
  1.40013   2.62002
  2.33405   2.50255
  1.03212  0.280429
  1.65184  0.457877
  2.81399   1.31911
 0.303205   2.12841
 0.888388    1.4292
  1.60274    1.4427
  1.12347   2.32634
  1.63981   2.34377
  2.86847   1.23285
 0.339904   2.48334
  1.75705   2.11733
  0.59877    2.3705
  1.65183  0.611211
 0.710252  0.257428
  2.11662   2.29125
 0.412665   2.42836
  0.25922   1.80145
  1.35195   1.75302
0.0872397  0.169247
  2.11608   2.17317
  1.33944 0.0224819
  2.83829  0.883419
  2.86368   2.71134
 0.809692   0.55748
 0.800917   2.66804
  1.64371  0.261857
   1.2914  0.416964
  2.97085  0.175403
  1.37451  0.359987
 0.477796  0.167701
  1.41808  0.617822
  2.01874   0.29668
  2.53423   2.97252
  1.38577  0.908897
  2.66548   1.08466
  2.91599  0.946624
 0.457953   1.50329
  2.55002  0.277225
  2.55003   1.19586
  1.07035   1.38843
  1.45726   0.78252
  1.59533  0.520206
  1.01728   2.89714
 0.864937   2.22377
  1.15037   2.25864
 0.398051   2.66849
  1.43091   2.51686
  2.35689  0.105835
 0.266235  0.657177
  1.57977   1.12237
 0.782252   1.53032
  2.86327   1.97008
  2.48115   2.71403
  2.76458   1.82728
  2.24687   2.69675
  2.24942  0.417902
 0.690937   1.37722
 0.252461   2.86776
  1.51909  0.681902
  1.15217     2.396
   2.8807  0.512508
 0.492553  0.840762
 0.683922   2.34317
  1.34009     2.449
  2.83615  0.301736
 0.325798   2.12333
  2.56758  0.227246
  1.45721   2.35305
LINKS_SOURCE_DESTINATION_DISTANCE 398
     0      1      1
     0      3      1
     0      4      1
     0     22      1
     0     52      1
     0    103      1
     0    162      1
     1      0      1
     1      2      1
     1     60      1
     1     62      1
     1     87      1
     2      1      1
     2      6      1
     2      7      1
     2      8      1
     2     46      1
     3      0      1
     3      9      1
     3     28      1
     4      0      1
     4      5      1
     4     34      1
     4    135      1
     5      4      1
     5     57      1
     6      2      1
     6     14      1
     6    150      1
     7      2      1
     7     11      1
     7     12      1
     7     29      1
     7     50      1
     7     74      1
     8      2      1
     8     31      1
     8    122      1
     8    134      1
     9      3      1
     9     10      1
     9     15      1
     9     17      1
     9     27      1
     9     51      1
     9     59      1
     9     72      1
    10      9      1
    10     18      1
    10     19      1
    10     21      1
    10     48      1
    10     85      1
    10    101      1
    11      7      1
    11     16      1
    11     25      1
    11     47      1
    11     61      1
    12      7      1
    12     13      1
    12     49      1
    12    188      1
    13     12      1
    13     23      1
    13     30      1
    13     58      1
    14      6      1
    14     71      1
    14    120      1
    15      9      1
    15     88      1
    16     11      1
    16     84      1
    16    102      1
    16    148      1
    17      9      1
    17     20      1
    17     24      1
    17    152      1
    17    190      1
    18     10      1
    18    131      1
    18    142      1
    19     10      1
    19     41      1
    19     94      1
    20     17      1
    20    104      1
    20    147      1
    20    178      1
    21     10      1
    21     38      1
    21     43      1
    22      0      1
    22     37      1
    23     13      1
    23     33      1
    23    132      1
    23    171      1
    24     17      1
    24     98      1
    25     11      1
    25     26      1
    25    118      1
    25    124      1
    26     25      1
    26     68      1
    26     79      1
    26     86      1
    26    140      1
    26    153      1
    27      9      1
    28      3      1
    29      7      1
    29     32      1
    29     45      1
    29     92      1
    29    173      1
    30     13      1
    30     35      1
    30     40      1
    31      8      1
    31    144      1
    31    194      1
    32     29      1
    32     76      1
    32     78      1
    32    105      1
    33     23      1
    33     36      1
    33     42      1
    33     54      1
    33     56      1
    33     66      1
    34      4      1
    34     39      1
    35     30      1
    35     97      1
    36     33      1
    36     44      1
    36     70      1
    36     81      1
    36    154      1
    36    174      1
    37     22      1
    38     21      1
    39     34      1
    39     53      1
    40     30      1
    40    110      1
    40    127      1
    41     19      1
    41     91      1
    41    175      1
    42     33      1
    42    143      1
    43     21      1
    43     55      1
    44     36      1
    44     75      1
    45     29      1
    45    176      1
    45    181      1
    45    191      1
    46      2      1
    46     64      1
    47     11      1
    48     10      1
    49     12      1
    50      7      1
    50     69      1
    51      9      1
    51     80      1
    52      0      1
    53     39      1
    53     63      1
    53    141      1
    54     33      1
    54     73      1
    55     43      1
    56     33      1
    56     65      1
    57      5      1
    57     67      1
    58     13      1
    59      9      1
    59    107      1
    60      1      1
    61     11      1
    61     82      1
    61    126      1
    62      1      1
    62    113      1
    63     53      1
    63     90      1
    63    121      1
    64     46      1
    64     95      1
    65     56      1
    65    119      1
    65    133      1
    66     33      1
    67     57      1
    67    100      1
    68     26      1
    69     50      1
    69    111      1
    70     36      1
    70     83      1
    71     14      1
    72      9      1
    72     77      1
    72    109      1
    73     54      1
    74      7      1
    74    117      1
    74    185      1
    75     44      1
    75    149      1
    76     32      1
    76    197      1
    77     72      1
    77    155      1
    77    159      1
    78     32      1
    78    151      1
    78    163      1
    79     26      1
    80     51      1
    80    114      1
    81     36      1
    82     61      1
    83     70      1
    83     99      1
    84     16      1
    84    167      1
    85     10      1
    85     89      1
    85    161      1
    86     26      1
    86    115      1
    86    196      1
    87      1      1
    88     15      1
    88     93      1
    88    164      1
    89     85      1
    89    125      1
    90     63      1
    90    112      1
    90    146      1
    91     41      1
    92     29      1
    92    130      1
    92    186      1
    93     88      1
    94     19      1
    94     96      1
    94    139      1
    95     64      1
    95    123      1
    96     94      1
    96    108      1
    96    129      1
    96    170      1
    97     35      1
    98     24      1
    99     83      1
    99    106      1
   100     67      1
   101     10      1
   101    158      1
   102     16      1
   103      0      1
   104     20      1
   104    169      1
   104    192      1
   105     32      1
   105    137      1
   106     99      1
   107     59      1
   107    116      1
   107    172      1
   108     96      1
   109     72      1
   110     40      1
   111     69      1
   112     90      1
   112    182      1
   113     62      1
   113    145      1
   114     80      1
   114    128      1
   115     86      1
   116    107      1
   117     74      1
   117    180      1
   118     25      1
   119     65      1
   120     14      1
   120    160      1
   120    165      1
   120    198      1
   121     63      1
   121    156      1
   122      8      1
   122    136      1
   123     95      1
   124     25      1
   125     89      1
   126     61      1
   126    138      1
   127     40      1
   128    114      1
   129     96      1
   130     92      1
   130    184      1
   131     18      1
   132     23      1
   132    168      1
   133     65      1
   134      8      1
   135      4      1
   136    122      1
   137    105      1
   138    126      1
   139     94      1
   139    199      1
   140     26      1
   141     53      1
   142     18      1
   143     42      1
   143    177      1
   144     31      1
   145    113      1
   146     90      1
   147     20      1
   147    157      1
   148     16      1
   149     75      1
   149    193      1
   150      6      1
   151     78      1
   152     17      1
   153     26      1
   154     36      1
   155     77      1
   155    195      1
   156    121      1
   157    147      1
   158    101      1
   159     77      1
   160    120      1
   161     85      1
   161    183      1
   162      0      1
   163     78      1
   163    187      1
   164     88      1
   164    166      1
   165    120      1
   166    164      1
   167     84      1
   168    132      1
   169    104      1
   170     96      1
   171     23      1
   171    179      1
   171    189      1
   172    107      1
   173     29      1
   174     36      1
   175     41      1
   176     45      1
   177    143      1
   178     20      1
   179    171      1
   180    117      1
   181     45      1
   182    112      1
   183    161      1
   184    130      1
   185     74      1
   186     92      1
   187    163      1
   188     12      1
   189    171      1
   190     17      1
   191     45      1
   192    104      1
   193    149      1
   194     31      1
   195    155      1
   196     86      1
   197     76      1
   198    120      1
   199    139      1
