COORD_X_Y 40
  2.82929   1.48909
  2.58037  0.499881
  2.64706  0.739784
  2.56083   1.49463
  1.97878   2.64711
  2.89465  0.357794
 0.127591   2.42588
 0.129481   2.18074
  1.96377   0.75208
  2.16197   2.13886
   1.6565   1.64037
0.0297934   2.24297
 0.647429   2.78677
 0.679523   1.28521
  1.51286   2.54712
   1.6818   1.60111
   2.3977   2.18971
  1.60516  0.368705
  1.20722   1.47899
  1.14408   2.24558
  1.61205   2.33359
  1.17691   1.09868
 0.329894   1.33211
  1.37366   2.65726
  1.28642   2.33103
  2.17555   1.15323
  2.70882   1.61978
  1.35417   2.64441
  2.89771   1.25779
 0.596812   1.76439
  2.00227  0.938399
  2.02972    2.1473
  1.44264  0.207704
  2.17807   2.00096
  2.99315   2.73979
  1.48609   1.31354
   1.3622   2.45843
   0.9278  0.885723
  2.31931   0.30601
  2.41979   2.66516
LINKS_SOURCE_DESTINATION_DISTANCE 78
     0      1      1
     0      3      1
     1      0      1
     1      2      1
     1      7      1
     1     12      1
     1     23      1
     2      1      1
     2      4      1
     2      5      1
     2      8      1
     2     34      1
     3      0      1
     3      9      1
     3     10      1
     3     28      1
     4      2      1
     5      2      1
     5      6      1
     5     11      1
     5     29      1
     5     30      1
     5     32      1
     6      5      1
     6     16      1
     7      1      1
     7     13      1
     7     17      1
     7     19      1
     7     36      1
     8      2      1
     9      3      1
     9     14      1
     9     15      1
     9     22      1
    10      3      1
    10     33      1
    11      5      1
    12      1      1
    12     18      1
    12     20      1
    12     21      1
    13      7      1
    14      9      1
    14     25      1
    14     39      1
    15      9      1
    16      6      1
    17      7      1
    18     12      1
    19      7      1
    20     12      1
    21     12      1
    21     31      1
    22      9      1
    22     26      1
    22     38      1
    23      1      1
    23     24      1
    24     23      1
    24     27      1
    25     14      1
    26     22      1
    27     24      1
    28      3      1
    29      5      1
    29     35      1
    30      5      1
    31     21      1
    32      5      1
    33     10      1
    34      2      1
    35     29      1
    35     37      1
    36      7      1
    37     35      1
    38     22      1
    39     14      1
