COORD_X_Y 25
  2.79007  0.825003
  1.32511   1.33341
  1.64749   2.69035
  1.21601   1.70469
 0.153581  0.425231
  1.51903  0.535244
  1.51451  0.870883
 0.933732   1.91875
 0.534354  0.330702
  1.03749  0.930557
  1.83272  0.622017
  1.04431  0.266152
  2.47472   2.51464
  2.39505   2.64914
  2.50754  0.895867
 0.988086   2.16507
  1.55837  0.381908
  2.15988   2.28084
  1.93337 0.0413394
  1.22956   2.17557
  1.99887  0.698037
 0.740092   2.30348
 0.867198    2.6889
  1.01397   2.37772
  2.34974   1.16819
LINKS_SOURCE_DESTINATION_DISTANCE 48
     0      1      1
     0      2      1
     0      7      1
     0      8      1
     1      0      1
     1      3      1
     1      4      1
     2      0      1
     2      6      1
     2     17      1
     2     21      1
     3      1      1
     3      9      1
     3     19      1
     3     24      1
     4      1      1
     4      5      1
     5      4      1
     5     12      1
     6      2      1
     6     10      1
     6     14      1
     7      0      1
     7     11      1
     8      0      1
     8     18      1
     9      3      1
     9     23      1
    10      6      1
    10     20      1
    11      7      1
    11     13      1
    12      5      1
    12     22      1
    13     11      1
    13     15      1
    13     16      1
    14      6      1
    15     13      1
    16     13      1
    17      2      1
    18      8      1
    19      3      1
    20     10      1
    21      2      1
    22     12      1
    23      9      1
    24      3      1
