COORD_X_Y 400
  1.46937   2.56576
  1.29206    1.8437
  2.17482   1.76359
  1.29822   1.32018
 0.743824   2.48703
  2.92275  0.989079
  2.29096  0.799348
  1.58902   2.06401
  1.72357    2.3815
  1.87202   2.58313
  2.98547   2.93255
  2.92024    2.0874
  2.09941    1.1374
  1.28906   2.64963
  2.06704   1.51063
 0.708848  0.714444
 0.204404  0.448043
  1.32115   2.12326
  1.37789    2.5903
  1.30855  0.962192
  2.25213   1.43011
 0.226079    2.1212
  1.52871  0.949179
 0.206475  0.669975
 0.759568  0.487302
 0.149194   2.38733
  1.66638   1.82522
  1.65533   2.38289
 0.887003   2.44864
  2.89273  0.406203
  1.20167     1.659
  1.01901   2.81903
 0.446999  0.859286
 0.916897   2.12328
  2.22424  0.558214
 0.735901  0.787017
   2.7541   2.73599
  2.80549 0.0682825
 0.497572   2.41532
  1.05627   0.29515
 0.540675   2.09946
 0.401048 0.0408533
  0.17123   2.50485
  2.54017  0.530035
 0.527524   0.94111
 0.408212  0.340183
  2.73668   2.42236
  1.98984  0.296212
 0.871947  0.988091
 0.618405  0.898282
  2.62801  0.696766
    1.695  0.462456
  1.49282   2.55554
 0.412959  0.806819
  2.65122  0.942585
  2.94669  0.171586
  2.63447 0.0916325
  1.18862   1.04251
  2.39305  0.984816
 0.966074   0.31058
 0.850839   2.35993
  2.76185  0.413436
 0.395931 0.0541433
 0.594817   2.16126
  2.38541   2.48215
  1.24281   2.39066
  1.26393   2.72391
 0.822749   1.68891
  1.90061   2.93738
  1.21559   2.07554
  2.70684   2.95414
  1.35541   2.53094
  2.36829   1.31485
  1.53776   1.24695
0.0809823    1.0317
  1.00535   1.57732
  2.76944  0.568422
  2.86552  0.596551
 0.773642   2.87402
  1.66609   2.86987
  2.41806  0.645481
  1.89022  0.757506
  1.86329  0.874935
  1.50981    1.7746
  2.96696   2.26428
 0.986981   1.40485
 0.411524   1.88968
 0.683834  0.112002
  1.94426 0.0577104
  1.64992   1.80569
  2.60442   2.38185
 0.132879  0.393478
 0.499465   2.93232
  1.51859   1.24707
 0.616032   2.00773
  1.89629   1.40176
  1.87721   2.67504
  2.27469   1.04034
  1.16136   1.99334
  2.57863   2.39407
  2.04457   2.56454
 0.663549   1.49327
  2.94835   2.57945
  2.62073    1.6852
 0.440678 0.0250784
 0.840974  0.594474
   1.4876   1.29656
  2.97463   1.14432
  2.01702   1.58236
 0.520466   2.96015
 0.576638   1.31347
  1.52081   2.69532
  1.35891  0.676852
  1.78581  0.202215
  1.85914  0.339638
 0.189414   1.85296
 0.192813   1.88701
  2.51096    1.1821
  0.38676   1.28497
  2.49423   2.86905
  0.70069 0.0530306
 0.817232   1.75992
 0.754025  0.510134
  1.58351   1.14988
 0.798423    1.4896
  1.88404   1.39698
  2.16727   2.17837
  2.66224   1.51465
 0.593329   1.84943
  2.82292 0.0869303
   2.7089   1.52039
  1.96016   1.06874
 0.707145   1.06797
  2.23005   2.86199
 0.146893   1.05881
  2.08778   2.17206
  2.14113   2.09167
  2.63084  0.541002
 0.775669   1.63216
  2.73165  0.494418
 0.259243 0.0299821
  2.02733    0.8866
  1.93233  0.983355
  0.51887  0.701229
   2.1769   1.62406
  1.97151   1.14748
  1.22645   2.48301
 0.480538    1.3969
 0.539811   2.22907
  2.31885  0.741368
  1.06108    1.2713
  1.88013   2.23996
  2.76543  0.864771
  1.02908   0.48411
 0.791889   1.21363
  1.94454   1.01221
0.0374074   2.05149
 0.356945   1.60744
 0.517585   2.99798
  2.85127   1.45475
 0.101954   1.35363
 0.331775   1.38656
  1.80486   1.39609
  2.21072   2.23375
  2.64957   0.60439
  2.07811   1.42455
  2.09057  0.993413
 0.660462   1.55853
  2.76769   2.89345
  1.74991  0.223129
  2.88021   1.30416
0.0275154   2.33907
  2.82316   1.68361
  1.15529   2.49696
  1.53068  0.187693
 0.938541   2.95356
  1.65839    2.8057
  2.12702  0.963058
  2.64804   1.09816
  2.80514   1.35265
  1.38068   1.52956
  1.14441  0.781826
   1.5169   2.86623
  2.71574  0.161675
  1.66679   1.78243
   2.9962  0.801031
0.0127056  0.319801
 0.336417   2.44614
   2.7087  0.253067
  2.00223  0.528194
  2.00441  0.974573
   0.2142 0.0942891
  1.10362  0.674791
   2.6222   2.74406
 0.375013  0.452747
  2.73631   2.42853
  1.87459  0.298119
  2.71649   2.39595
  2.22073   2.44106
  2.50677   1.31592
 0.412062    2.7102
 0.466532  0.669169
  2.51812   2.55297
   1.0208   1.69944
   2.6631    2.7722
  1.82387   1.10049
  2.53867  0.479535
  1.07689   2.65582
  1.78616   1.52322
 0.820291   2.09424
   1.3143   1.59284
  1.62872   2.23049
 0.289839    2.6714
 0.170839   2.15831
  1.31343   1.75494
   2.4333   1.87928
  2.77679   2.47216
 0.594878   1.93549
  1.21362  0.244279
 0.820617   1.13415
  2.47746   1.22417
  1.57744    2.3578
  2.02033    1.2812
  2.52351    2.6731
 0.562977   1.89738
 0.711667 0.0670335
 0.361211   2.76762
  2.78608   1.29228
  2.70733   2.91183
  2.89893   1.17566
 0.382374   2.37289
 0.617343   1.20618
  1.19125   1.33818
  2.93643    2.8282
  2.71652   0.47947
   2.4976  0.766135
   1.2882   1.48971
   1.9476   2.10639
  0.12223   1.23585
  1.52526   1.91989
  2.54559   2.61942
  1.66328   1.77966
0.0434506    1.8824
0.0308834   0.74599
   2.3265   1.50622
  1.90107   1.60406
0.0918925  0.762877
 0.281943   2.33367
 0.940839   2.30955
  1.40072   1.98392
 0.348334   0.98522
  2.51485   1.69831
 0.966914   2.11544
  2.81714   1.89129
  1.55942   0.52619
  1.33694   2.66889
 0.812947   1.88189
0.0676358   2.65783
 0.732122  0.795187
  0.37426   2.08831
  1.69802  0.209161
  1.92325    1.4242
  1.75462   2.32402
  1.81024   1.36934
  1.97134  0.836853
 0.117039  0.454944
  2.13773   1.09613
  1.74362   1.85317
 0.388189  0.956804
  1.16278  0.794101
 0.331386   2.00896
  2.11103   2.76482
  1.62952   2.12134
  2.09635  0.595721
  1.82642  0.746079
  2.87629 0.0116812
  1.66157   1.57592
  1.34948   1.74175
 0.488141    0.8225
    1.129  0.681539
  2.18899   2.50508
  1.37917  0.519433
  1.79265  0.775623
  2.86476   1.93342
 0.755789  0.350678
 0.879357  0.786145
  2.84313  0.966669
 0.195963   2.73065
  2.45109    1.6703
  2.33652   1.03584
  2.45524   2.79811
 0.598768   2.84633
  1.24087   0.45983
  1.28943  0.487729
  1.85462    2.1047
 0.102607   1.43554
  1.07107   1.38395
  2.29557  0.536764
  1.23126   1.07081
0.0664149   1.18458
  0.11415   1.42752
  2.89039   2.53615
  2.36965   2.79559
  1.47619   1.02595
  1.33696   2.95485
   2.8297  0.383341
  1.82649  0.890984
   1.3713   2.20019
  2.71998   1.88903
  2.54296   1.35538
  1.06603   0.38486
  2.38209   2.08947
  2.82071   1.35158
  1.53593  0.711369
  1.18907  0.255318
  1.67792   1.04582
  1.08322   1.00827
  2.36003   2.53879
  2.51461  0.968269
 0.334459   1.61575
  1.10206   1.80558
  2.70225 0.000395435
 0.119306  0.451695
 0.711224  0.195129
 0.432356   1.42063
 0.567046  0.218435
  2.88307  0.978361
 0.244443    1.3727
  2.56145  0.984479
  1.69523   2.15502
 0.240588   2.61177
  2.10423   1.74626
   1.0103   2.32897
  2.12631  0.658999
  2.73411  0.226902
  2.23147   2.32505
 0.777881 0.0566186
   1.2944   2.28766
 0.818363  0.486801
  1.70632   1.45918
 0.399947   1.29395
  1.33555   2.53563
  1.59031   1.04821
  2.36213  0.614706
  1.68279   2.61313
 0.882968  0.512176
   2.8002  0.623925
  2.23204  0.223138
 0.871255  0.158236
 0.470046   2.27647
  2.45639   1.88215
 0.697938   2.95853
 0.168177   1.35791
  1.47244   1.75248
 0.869064   0.77917
  1.45951   2.73308
   2.5194   1.53757
  1.58518   1.04981
 0.138718  0.860099
   1.4288   1.21738
  2.39029   1.64813
  1.44538   1.13538
    1.777   2.41554
 0.916858   1.56727
  2.03994    1.4257
 0.918882    0.6667
  2.40746   2.89426
  1.34543   1.43325
  2.68692  0.598459
 0.481975   1.44674
  2.64839   2.49549
0.0108994    1.0015
  2.16761   2.67596
  2.90272   1.14409
  1.86946  0.146444
  1.14998  0.950621
  2.66106    2.9692
  2.28292   2.40202
  1.27822  0.496554
  1.96027   2.33995
  1.92527   1.21437
  1.35858   2.13816
   2.3968   1.44295
   2.8643   2.38368
 0.942645  0.668395
 0.768815   0.15687
 0.967917  0.336145
  1.15148 0.0560657
  2.69202  0.904733
 0.628888  0.278653
   1.3275   1.57247
  1.11516   1.71716
  2.30902  0.283371
  1.45596   1.12487
0.0936657   1.35207
  1.13711    1.3219
  1.67856   2.87974
  1.26953   1.33314
  1.87999   1.78883
 0.861749   2.05296
LINKS_SOURCE_DESTINATION_DISTANCE 798
     0      1      1
     0    128      1
     0    218      1
     0    293      1
     1      0      1
     1      2      1
     1     63      1
     1    110      1
     2      1      1
     2      3      1
     2     13      1
     2     48      1
     2    215      1
     2    314      1
     2    347      1
     3      2      1
     3      4      1
     3      5      1
     3      6      1
     3      7      1
     3      9      1
     3     16      1
     3     21      1
     3    391      1
     4      3      1
     4     10      1
     4     37      1
     4     69      1
     4    147      1
     4    181      1
     5      3      1
     5     18      1
     5     75      1
     5    133      1
     6      3      1
     6      8      1
     6     38      1
     6     42      1
     6     43      1
     6     52      1
     6    152      1
     7      3      1
     8      6      1
     8     86      1
     8    132      1
     8    221      1
     9      3      1
     9     11      1
     9     12      1
     9     83      1
     9    108      1
    10      4      1
    10     14      1
    10     17      1
    10     39      1
    11      9      1
    11     57      1
    11     91      1
    12      9      1
    12     46      1
    12     97      1
    13      2      1
    13     30      1
    13     47      1
    13     51      1
    13     76      1
    13    254      1
    14     10      1
    14     15      1
    14     19      1
    14     28      1
    14    126      1
    14    251      1
    15     14      1
    15     40      1
    16      3      1
    16     22      1
    16     50      1
    16     65      1
    16    185      1
    16    234      1
    17     10      1
    17     20      1
    18      5      1
    18     29      1
    18     79      1
    19     14      1
    19     23      1
    19     24      1
    19     25      1
    19     55      1
    19    296      1
    20     17      1
    20     35      1
    20     56      1
    21      3      1
    21     31      1
    21     67      1
    21     73      1
    22     16      1
    22     27      1
    22     41      1
    22     70      1
    22     87      1
    22     92      1
    22    111      1
    22    263      1
    22    366      1
    23     19      1
    23    112      1
    23    142      1
    23    196      1
    24     19      1
    24     26      1
    24     61      1
    24    225      1
    24    302      1
    25     19      1
    26     24      1
    26     34      1
    26     81      1
    26     98      1
    26    101      1
    26    309      1
    27     22      1
    27     58      1
    27    105      1
    27    136      1
    28     14      1
    28     33      1
    28     36      1
    29     18      1
    29    103      1
    29    155      1
    29    241      1
    30     13      1
    30    160      1
    30    222      1
    31     21      1
    31     32      1
    31     44      1
    31    120      1
    31    304      1
    31    324      1
    32     31      1
    32     49      1
    32    119      1
    32    182      1
    32    266      1
    33     28      1
    33     60      1
    34     26      1
    35     20      1
    35     53      1
    35     54      1
    35     93      1
    36     28      1
    36    236      1
    37      4      1
    38      6      1
    38     90      1
    39     10      1
    39     66      1
    39    207      1
    39    219      1
    40     15      1
    40    180      1
    40    306      1
    41     22      1
    41     45      1
    41     95      1
    41    252      1
    42      6      1
    42    377      1
    43      6      1
    44     31      1
    44    357      1
    45     41      1
    45    153      1
    46     12      1
    46     59      1
    47     13      1
    47    170      1
    47    349      1
    48      2      1
    48    202      1
    48    208      1
    49     32      1
    49     72      1
    49    109      1
    49    189      1
    49    280      1
    50     16      1
    50     85      1
    50    127      1
    50    229      1
    50    322      1
    51     13      1
    51     96      1
    51    113      1
    51    116      1
    51    351      1
    52      6      1
    52    200      1
    53     35      1
    54     35      1
    54    371      1
    55     19      1
    55    329      1
    56     20      1
    56    100      1
    56    125      1
    56    143      1
    56    150      1
    56    242      1
    57     11      1
    57     68      1
    57    259      1
    58     27      1
    58    144      1
    59     46      1
    59     62      1
    60     33      1
    61     24      1
    61    107      1
    61    161      1
    62     59      1
    62     64      1
    62     74      1
    62    114      1
    62    198      1
    62    237      1
    63      1      1
    63     84      1
    63    122      1
    64     62      1
    64    214      1
    65     16      1
    66     39      1
    66     78      1
    66    171      1
    66    209      1
    66    253      1
    67     21      1
    68     57      1
    68     77      1
    68    194      1
    69      4      1
    69    118      1
    70     22      1
    70     71      1
    70     80      1
    70     94      1
    70    285      1
    71     70      1
    72     49      1
    72     82      1
    72    156      1
    72    389      1
    73     21      1
    73    146      1
    73    168      1
    74     62      1
    74    137      1
    74    204      1
    74    247      1
    75      5      1
    75    303      1
    75    319      1
    76     13      1
    76    104      1
    77     68      1
    77    149      1
    77    310      1
    78     66      1
    79     18      1
    79    102      1
    79    154      1
    79    217      1
    79    300      1
    79    380      1
    80     70      1
    80    140      1
    80    145      1
    81     26      1
    81    157      1
    81    195      1
    82     72      1
    82    179      1
    83      9      1
    83    177      1
    84     63      1
    84     88      1
    84    151      1
    84    287      1
    84    388      1
    85     50      1
    85    130      1
    85    138      1
    85    187      1
    85    270      1
    86      8      1
    86     89      1
    86    228      1
    86    258      1
    87     22      1
    87    186      1
    88     84      1
    88     99      1
    89     86      1
    89    261      1
    89    292      1
    90     38      1
    91     11      1
    91    212      1
    91    235      1
    92     22      1
    92    135      1
    92    312      1
    93     35      1
    93    192      1
    94     70      1
    94    106      1
    94    374      1
    95     41      1
    95    123      1
    95    131      1
    96     51      1
    96    246      1
    97     12      1
    97    206      1
    98     26      1
    99     88      1
    99    167      1
    99    350      1
   100     56      1
   101     26      1
   101    165      1
   101    317      1
   102     79      1
   102    129      1
   102    183      1
   102    328      1
   103     29      1
   104     76      1
   105     27      1
   105    325      1
   106     94      1
   107     61      1
   107    115      1
   107    121      1
   107    169      1
   107    216      1
   107    220      1
   107    359      1
   108      9      1
   108    139      1
   109     49      1
   110      1      1
   110    249      1
   111     22      1
   111    184      1
   112     23      1
   113     51      1
   113    117      1
   114     62      1
   114    172      1
   114    313      1
   115    107      1
   115    124      1
   115    343      1
   116     51      1
   116    159      1
   116    286      1
   116    295      1
   116    320      1
   117    113      1
   118     69      1
   119     32      1
   120     31      1
   120    318      1
   120    367      1
   121    107      1
   122     63      1
   123     95      1
   123    134      1
   124    115      1
   124    284      1
   124    336      1
   125     56      1
   125    148      1
   125    158      1
   125    227      1
   125    386      1
   126     14      1
   127     50      1
   127    294      1
   128      0      1
   128    273      1
   128    298      1
   129    102      1
   129    239      1
   130     85      1
   130    163      1
   130    308      1
   131     95      1
   131    307      1
   131    340      1
   132      8      1
   132    211      1
   132    244      1
   133      5      1
   134    123      1
   134    176      1
   135     92      1
   136     27      1
   136    141      1
   136    290      1
   137     74      1
   138     85      1
   138    334      1
   139    108      1
   139    199      1
   140     80      1
   140    224      1
   140    250      1
   140    272      1
   141    136      1
   142     23      1
   142    166      1
   142    267      1
   143     56      1
   143    175      1
   143    178      1
   143    231      1
   144     58      1
   144    203      1
   144    339      1
   145     80      1
   146     73      1
   147      4      1
   147    210      1
   147    282      1
   148    125      1
   149     77      1
   150     56      1
   150    197      1
   151     84      1
   152      6      1
   152    190      1
   153     45      1
   153    311      1
   154     79      1
   154    327      1
   155     29      1
   155    173      1
   155    281      1
   156     72      1
   156    162      1
   156    164      1
   156    174      1
   156    335      1
   156    369      1
   157     81      1
   157    260      1
   158    125      1
   159    116      1
   159    274      1
   160     30      1
   160    238      1
   160    271      1
   161     61      1
   161    321      1
   162    156      1
   162    256      1
   163    130      1
   163    289      1
   164    156      1
   165    101      1
   165    230      1
   165    262      1
   166    142      1
   167     99      1
   168     73      1
   169    107      1
   169    188      1
   170     47      1
   170    288      1
   171     66      1
   172    114      1
   172    278      1
   172    333      1
   173    155      1
   173    191      1
   174    156      1
   174    232      1
   175    143      1
   175    299      1
   176    134      1
   176    392      1
   177     83      1
   177    201      1
   177    213      1
   178    143      1
   179     82      1
   180     40      1
   181      4      1
   182     32      1
   182    193      1
   182    240      1
   182    353      1
   183    102      1
   183    315      1
   184    111      1
   184    243      1
   185     16      1
   185    264      1
   185    279      1
   185    323      1
   186     87      1
   186    255      1
   187     85      1
   187    396      1
   188    169      1
   188    361      1
   189     49      1
   189    277      1
   190    152      1
   190    205      1
   191    173      1
   191    268      1
   192     93      1
   193    182      1
   193    223      1
   194     68      1
   195     81      1
   196     23      1
   196    226      1
   197    150      1
   197    301      1
   198     62      1
   198    382      1
   198    384      1
   199    139      1
   199    330      1
   199    395      1
   200     52      1
   201    177      1
   201    269      1
   202     48      1
   203    144      1
   203    379      1
   204     74      1
   205    190      1
   206     97      1
   207     39      1
   207    233      1
   208     48      1
   209     66      1
   210    147      1
   211    132      1
   212     91      1
   213    177      1
   214     64      1
   215      2      1
   216    107      1
   216    398      1
   217     79      1
   218      0      1
   219     39      1
   219    265      1
   220    107      1
   220    257      1
   221      8      1
   222     30      1
   223    193      1
   224    140      1
   225     24      1
   225    332      1
   226    196      1
   226    316      1
   227    125      1
   227    248      1
   228     86      1
   228    291      1
   229     50      1
   230    165      1
   230    245      1
   231    143      1
   231    276      1
   231    375      1
   232    174      1
   232    373      1
   232    387      1
   233    207      1
   233    342      1
   233    344      1
   233    356      1
   234     16      1
   235     91      1
   236     36      1
   236    331      1
   237     62      1
   237    381      1
   238    160      1
   239    129      1
   239    348      1
   240    182      1
   241     29      1
   241    362      1
   242     56      1
   243    184      1
   244    132      1
   244    275      1
   245    230      1
   246     96      1
   247     74      1
   247    364      1
   248    227      1
   249    110      1
   249    385      1
   250    140      1
   251     14      1
   252     41      1
   252    363      1
   253     66      1
   254     13      1
   255    186      1
   256    162      1
   257    220      1
   258     86      1
   259     57      1
   259    360      1
   259    393      1
   260    157      1
   261     89      1
   262    165      1
   263     22      1
   263    355      1
   264    185      1
   265    219      1
   266     32      1
   267    142      1
   267    383      1
   268    191      1
   268    354      1
   269    201      1
   269    399      1
   270     85      1
   271    160      1
   272    140      1
   272    283      1
   273    128      1
   274    159      1
   275    244      1
   276    231      1
   276    341      1
   277    189      1
   278    172      1
   279    185      1
   280     49      1
   281    155      1
   282    147      1
   283    272      1
   284    124      1
   284    297      1
   284    338      1
   285     70      1
   286    116      1
   287     84      1
   288    170      1
   289    163      1
   289    305      1
   290    136      1
   291    228      1
   291    326      1
   292     89      1
   292    365      1
   293      0      1
   294    127      1
   294    390      1
   295    116      1
   296     19      1
   297    284      1
   298    128      1
   299    175      1
   300     79      1
   301    197      1
   302     24      1
   302    368      1
   303     75      1
   304     31      1
   305    289      1
   306     40      1
   307    131      1
   308    130      1
   309     26      1
   310     77      1
   311    153      1
   311    352      1
   312     92      1
   313    114      1
   314      2      1
   315    183      1
   316    226      1
   317    101      1
   318    120      1
   318    346      1
   318    372      1
   319     75      1
   320    116      1
   321    161      1
   322     50      1
   323    185      1
   323    378      1
   324     31      1
   324    337      1
   325    105      1
   325    358      1
   326    291      1
   327    154      1
   328    102      1
   329     55      1
   329    345      1
   330    199      1
   331    236      1
   332    225      1
   333    172      1
   334    138      1
   335    156      1
   336    124      1
   337    324      1
   338    284      1
   339    144      1
   340    131      1
   341    276      1
   342    233      1
   343    115      1
   344    233      1
   345    329      1
   345    370      1
   346    318      1
   347      2      1
   348    239      1
   349     47      1
   350     99      1
   351     51      1
   352    311      1
   353    182      1
   354    268      1
   355    263      1
   356    233      1
   357     44      1
   358    325      1
   359    107      1
   360    259      1
   361    188      1
   362    241      1
   363    252      1
   364    247      1
   365    292      1
   366     22      1
   366    376      1
   367    120      1
   368    302      1
   369    156      1
   370    345      1
   371     54      1
   371    394      1
   372    318      1
   373    232      1
   374     94      1
   375    231      1
   376    366      1
   377     42      1
   378    323      1
   379    203      1
   380     79      1
   381    237      1
   382    198      1
   383    267      1
   384    198      1
   385    249      1
   385    397      1
   386    125      1
   387    232      1
   388     84      1
   389     72      1
   390    294      1
   391      3      1
   392    176      1
   393    259      1
   394    371      1
   395    199      1
   396    187      1
   397    385      1
   398    216      1
   399    269      1
