COORD_X_Y 30
  2.98906  0.297691
  2.36061   2.92266
 0.674129   2.16684
  1.31688   2.44438
  2.32521   2.77041
 0.726575  0.495297
 0.300275   1.28896
  2.52606    2.9051
  1.15241  0.634344
  2.12658 0.0123013
  1.12974  0.584121
  1.06207   2.10243
  1.77158   2.30737
 0.840409  0.780987
  1.90535   2.49089
  1.88073   2.94653
  1.59878   1.54617
  2.13787   2.52606
  2.73761   1.71423
 0.138684   1.18695
 0.689509   2.40841
  1.29698  0.670602
  2.25935   2.63373
  2.55748  0.173228
 0.161133  0.881611
 0.277873   1.56662
 0.517856   2.81516
  2.09752  0.566801
  0.49643   1.31695
 0.164617  0.995737
LINKS_SOURCE_DESTINATION_DISTANCE 58
     0      1      1
     0      2      1
     0      4      1
     0     13      1
     0     28      1
     1      0      1
     1      9      1
     1     10      1
     1     12      1
     2      0      1
     2      3      1
     2      8      1
     2     14      1
     2     23      1
     3      2      1
     3      5      1
     3      6      1
     3      7      1
     4      0      1
     5      3      1
     6      3      1
     6     20      1
     7      3      1
     7     25      1
     8      2      1
     8     27      1
     9      1      1
     9     11      1
     9     17      1
    10      1      1
    11      9      1
    11     15      1
    12      1      1
    12     29      1
    13      0      1
    13     16      1
    14      2      1
    15     11      1
    15     18      1
    15     21      1
    16     13      1
    16     19      1
    16     24      1
    17      9      1
    18     15      1
    19     16      1
    19     26      1
    20      6      1
    21     15      1
    21     22      1
    22     21      1
    23      2      1
    24     16      1
    25      7      1
    26     19      1
    27      8      1
    28      0      1
    29     12      1
