COORD_X_Y 65
  1.27643  0.820804
  1.83579   1.39323
  1.08244   1.32945
  1.54584     2.122
  2.42562   1.95547
 0.177156   1.17052
  2.06729   2.56287
  1.37767  0.585629
 0.490113  0.237745
  1.24439   1.34638
  1.96667   1.29166
 0.207525   1.75501
  2.53805  0.569545
  2.25308   2.30724
  1.44387   1.45902
  1.42633  0.475626
 0.451083   2.24235
  1.34435   2.02231
  1.26455   1.82353
 0.727638   1.10523
  1.28903   1.98089
  0.41484   2.86247
 0.158226   2.68024
  2.36614   1.50101
  2.86924  0.512699
  2.33209   2.52461
  1.84898   2.06872
  1.92669  0.842305
 0.848721  0.757822
  2.11131  0.122268
  1.94178  0.854097
  1.95838   1.12515
0.0984658 0.0412026
  1.17286    1.0272
  1.91396   2.59847
  1.26988 0.0563632
  1.26396   1.38216
 0.434478   0.64481
  2.30694   1.68419
  2.85401   2.09293
  2.44719  0.383036
 0.699944   2.64189
  2.50617  0.454546
 0.681128  0.894649
  2.32509   1.32036
  2.78124   1.13583
  2.46408   1.35349
 0.629361   0.27057
  1.58055    1.6966
  2.06385  0.894389
  1.57885  0.346065
 0.859843   1.20507
  1.51752   1.94451
 0.490599   1.38693
  1.90036   0.27277
  1.18683   2.60627
  2.19695   2.04787
  2.64136   1.83081
  1.29119  0.480187
 0.417587   2.33597
  2.21068   1.23387
  0.36082   1.65596
 0.361223   2.79091
 0.472064   2.31544
 0.700055  0.929801
LINKS_SOURCE_DESTINATION_DISTANCE 128
     0      1      1
     0      2      1
     0     12      1
     0     18      1
     0     19      1
     0     52      1
     0     58      1
     1      0      1
     1      3      1
     1      6      1
     1      9      1
     1     22      1
     1     23      1
     2      0      1
     2      4      1
     2      5      1
     3      1      1
     3     13      1
     3     14      1
     4      2      1
     4      7      1
     4     17      1
     4     25      1
     5      2      1
     6      1      1
     6      8      1
     6     10      1
     7      4      1
     8      6      1
     8     11      1
     8     29      1
     8     56      1
     9      1      1
     9     20      1
     9     27      1
     9     53      1
     9     64      1
    10      6      1
    11      8      1
    11     15      1
    11     37      1
    12      0      1
    12     40      1
    13      3      1
    13     16      1
    13     46      1
    13     55      1
    14      3      1
    14     28      1
    15     11      1
    15     24      1
    16     13      1
    17      4      1
    18      0      1
    18     31      1
    19      0      1
    19     21      1
    19     26      1
    19     42      1
    19     57      1
    20      9      1
    20     43      1
    21     19      1
    22      1      1
    22     34      1
    22     44      1
    22     48      1
    23      1      1
    23     35      1
    23     41      1
    24     15      1
    24     47      1
    24     50      1
    25      4      1
    25     33      1
    25     39      1
    26     19      1
    26     51      1
    27      9      1
    28     14      1
    28     61      1
    29      8      1
    29     30      1
    30     29      1
    31     18      1
    31     32      1
    31     63      1
    32     31      1
    33     25      1
    34     22      1
    34     36      1
    34     60      1
    35     23      1
    35     38      1
    36     34      1
    37     11      1
    38     35      1
    39     25      1
    40     12      1
    41     23      1
    42     19      1
    43     20      1
    43     49      1
    44     22      1
    44     45      1
    45     44      1
    46     13      1
    47     24      1
    48     22      1
    48     59      1
    49     43      1
    50     24      1
    51     26      1
    51     54      1
    52      0      1
    53      9      1
    54     51      1
    55     13      1
    55     62      1
    56      8      1
    57     19      1
    58      0      1
    59     48      1
    60     34      1
    61     28      1
    62     55      1
    63     31      1
    64      9      1
