COORD_X_Y 15
  2.26091  0.544438
 0.138729  0.281616
  1.67802  0.945881
  2.64587   1.73073
  1.12749  0.912963
 0.955868  0.825062
  2.72625  0.978023
 0.992403  0.924519
  1.44726   2.23601
  2.00127  0.390366
  1.18902   2.94136
   0.6074    2.7734
  1.16181   2.69798
 0.658321 0.00540809
  1.42054    2.5135
LINKS_SOURCE_DESTINATION_DISTANCE 28
     0      1      1
     0      2      1
     1      0      1
     2      0      1
     2      3      1
     2      4      1
     3      2      1
     3      5      1
     4      2      1
     4      6      1
     5      3      1
     5     12      1
     6      4      1
     6      7      1
     7      6      1
     7      8      1
     7      9      1
     7     11      1
     7     14      1
     8      7      1
     8     10      1
     9      7      1
    10      8      1
    10     13      1
    11      7      1
    12      5      1
    13     10      1
    14      7      1
