COORD_X_Y 90
 0.275599  0.526576
 0.874172   2.03779
 0.737893   2.18397
 0.508843   1.97727
 0.588062  0.474435
  2.68303  0.366015
   2.3345   1.28843
  1.65924   2.35264
 0.297364  0.917203
  2.17734   1.34761
0.00877866   1.88188
  2.72104   2.21649
 0.561809  0.411515
  2.91376 0.0286126
  2.83458   2.78606
   1.4746   2.42866
0.0179067    1.9435
  0.30086  0.110489
  2.82269   2.82726
  2.85151  0.852826
  1.73467  0.658163
  2.04187  0.896683
0.00381478   0.37028
  2.82144   1.25038
  1.14481  0.034596
  1.48499   2.75531
  2.13745  0.851409
 0.626311   1.40229
 0.968577    1.0094
 0.747229    2.8869
  2.58883   1.22946
0.0561255   2.24961
  1.67371  0.646598
 0.429292   1.46637
  2.98447   1.55571
  1.02202  0.971756
0.0184543   2.00104
  1.88724   1.51673
  2.14513   1.88634
 0.226016   2.40219
  1.42015   2.05841
 0.450688   2.41619
  1.84257   1.04594
   2.9299  0.855177
  1.99885   2.71404
 0.744164   2.36217
  1.97695   1.09055
  1.38445  0.102689
  1.54152   1.65405
  0.68589  0.427365
  2.04215  0.393042
  2.49099   2.92041
 0.104438   2.37594
 0.865219    1.7379
 0.986604   1.04514
  1.32118   2.17566
 0.308931   2.85491
  0.89996   2.52328
  2.75558   2.91416
  1.16454  0.736413
  2.46902   1.11758
  2.85045   2.17641
  1.68393   1.20811
  1.36938  0.867814
  2.21349  0.673129
  1.00501   2.05556
  1.11273 0.00715868
  2.80428   1.54625
  1.85592   2.60754
 0.519314  0.543425
   1.0055  0.208349
  2.13531   2.05318
  1.79889   1.46225
 0.922718   1.56449
  1.48752   1.31272
  1.31522   1.56511
  2.52281  0.877508
   1.9566  0.245364
  1.17247   1.33697
  2.52988   2.65658
  1.11646   1.13267
  2.63663   2.07463
 0.268796  0.415951
  2.24632   0.75515
 0.153702  0.811258
  1.05359 0.0723922
  2.51034  0.533836
  1.79951   2.36898
 0.309236   1.95514
 0.198798   2.07001
LINKS_SOURCE_DESTINATION_DISTANCE 178
     0      1      1
     0      2      1
     0      8      1
     1      0      1
     1      3      1
     1      4      1
     1     16      1
     1     42      1
     1     45      1
     2      0      1
     2      6      1
     2      7      1
     2     76      1
     3      1      1
     3      5      1
     3     11      1
     3     15      1
     3     40      1
     3     68      1
     4      1      1
     4     60      1
     5      3      1
     5     10      1
     5     14      1
     5     48      1
     6      2      1
     6      9      1
     6     17      1
     6     47      1
     7      2      1
     7     24      1
     7     36      1
     7     37      1
     7     38      1
     7     49      1
     8      0      1
     8     71      1
     9      6      1
     9     12      1
     9     19      1
     9     35      1
     9     73      1
    10      5      1
    10     21      1
    10     54      1
    11      3      1
    11     13      1
    11     26      1
    11     85      1
    11     86      1
    12      9      1
    12     29      1
    13     11      1
    13     20      1
    14      5      1
    14     53      1
    14     61      1
    15      3      1
    15     18      1
    15     22      1
    15     44      1
    15     52      1
    15     62      1
    16      1      1
    17      6      1
    17     32      1
    17     59      1
    18     15      1
    18     28      1
    19      9      1
    19     23      1
    20     13      1
    20     31      1
    20     57      1
    21     10      1
    21     27      1
    21     33      1
    21     43      1
    22     15      1
    22     30      1
    23     19      1
    24      7      1
    24     25      1
    25     24      1
    26     11      1
    26     72      1
    27     21      1
    28     18      1
    28     34      1
    29     12      1
    29     41      1
    30     22      1
    31     20      1
    31     51      1
    32     17      1
    33     21      1
    33     58      1
    33     69      1
    34     28      1
    35      9      1
    35     64      1
    36      7      1
    37      7      1
    37     55      1
    38      7      1
    38     39      1
    38     46      1
    39     38      1
    40      3      1
    40     78      1
    41     29      1
    42      1      1
    42     84      1
    43     21      1
    44     15      1
    44     70      1
    44     74      1
    45      1      1
    45     56      1
    46     38      1
    46     77      1
    47      6      1
    47     50      1
    48      5      1
    49      7      1
    49     83      1
    50     47      1
    50     66      1
    50     88      1
    51     31      1
    52     15      1
    53     14      1
    53     67      1
    54     10      1
    54     87      1
    55     37      1
    56     45      1
    57     20      1
    58     33      1
    58     63      1
    59     17      1
    60      4      1
    61     14      1
    61     80      1
    62     15      1
    63     58      1
    64     35      1
    64     65      1
    65     64      1
    65     81      1
    66     50      1
    66     75      1
    67     53      1
    68      3      1
    69     33      1
    69     79      1
    70     44      1
    70     82      1
    71      8      1
    72     26      1
    73      9      1
    74     44      1
    74     89      1
    75     66      1
    76      2      1
    77     46      1
    78     40      1
    79     69      1
    80     61      1
    81     65      1
    82     70      1
    83     49      1
    84     42      1
    85     11      1
    86     11      1
    87     54      1
    88     50      1
    89     74      1
