COORD_X_Y 30
 0.538568  0.280188
  1.73483   2.12543
 0.699784   2.57883
  1.25778  0.236071
  1.89603    1.5692
  1.64569  0.747942
   1.5162   1.35873
  2.31405   2.67575
 0.473345   1.54039
  2.23653   2.36678
 0.170221   2.39179
  1.42197   2.08991
 0.297622   1.71409
  2.03649    1.2484
  2.66288   0.10163
 0.904971   1.82956
  1.73332   1.58649
0.0357674   2.90616
  1.89888   1.63399
  2.92582  0.638857
  1.38301   2.16676
  1.81498  0.972194
  2.02227  0.454797
 0.851204   2.30556
   2.6543  0.554371
 0.845325   2.89606
  1.75849   2.06506
  1.25395   1.90775
 0.056869   2.05646
  1.48966   1.34971
LINKS_SOURCE_DESTINATION_DISTANCE 58
     0      1      1
     0      2      1
     0      9      1
     0     18      1
     0     23      1
     0     27      1
     1      0      1
     2      0      1
     2      3      1
     2      4      1
     2      7      1
     2      8      1
     2     13      1
     3      2      1
     3      5      1
     4      2      1
     4     12      1
     5      3      1
     5      6      1
     5     10      1
     5     11      1
     6      5      1
     7      2      1
     7     14      1
     8      2      1
     8     22      1
     8     29      1
     9      0      1
    10      5      1
    10     16      1
    11      5      1
    11     15      1
    11     20      1
    12      4      1
    13      2      1
    13     25      1
    14      7      1
    15     11      1
    16     10      1
    16     17      1
    16     24      1
    17     16      1
    17     21      1
    18      0      1
    18     19      1
    19     18      1
    20     11      1
    21     17      1
    22      8      1
    22     28      1
    23      0      1
    24     16      1
    25     13      1
    25     26      1
    26     25      1
    27      0      1
    28     22      1
    29      8      1
