COORD_X_Y 65
  1.21492   1.36573
 0.576231   1.79194
  1.53348   1.33633
  2.43479   2.91027
0.0475772   2.90324
  1.30282    2.1804
  1.96294   2.60811
  2.41027  0.797538
 0.370428   1.50415
  1.73171  0.332851
 0.474912  0.975928
 0.326584  0.333864
  1.72986     2.883
  1.03377  0.811957
  1.67281   1.56786
  2.27448   0.70828
 0.528663   2.59157
  2.50851   1.52556
   2.5936  0.893127
  2.38769  0.294345
   1.4641  0.150232
  1.24075   2.49458
  2.38226   2.99665
 0.427836   1.30165
  2.91736  0.216867
  1.81764  0.409287
 0.243912   2.33142
 0.529406   2.74915
 0.803111   2.49137
  1.86157   1.95742
   2.0484  0.900566
    1.659   2.43273
  1.09543 0.00222358
 0.392024    1.3243
  2.71393   1.26754
 0.281486  0.236834
  2.91607  0.128459
  1.71417 0.0214728
  2.03996   2.23879
 0.124252   2.27532
 0.321123   2.13275
  1.68905   2.34908
  1.11277   2.64631
  1.63331   2.47886
  1.61135   1.32702
 0.693199   1.08808
 0.270536   2.43212
   1.9984   1.61447
  2.98498 0.0326676
 0.204268 0.0770066
  0.99837  0.711297
 0.606459   2.18106
  1.79747   2.54333
  2.85658   2.22382
 0.958279    1.5219
  1.36337    2.2762
  1.88359   2.02238
  1.69061    1.4049
   1.8227  0.320662
 0.306351   1.64697
   1.0098  0.594483
   2.8217    1.9935
  2.47424  0.736659
  1.65177   1.18597
  1.32172   2.62323
LINKS_SOURCE_DESTINATION_DISTANCE 128
     0      1      1
     0      7      1
     0     56      1
     1      0      1
     1      2      1
     1      3      1
     1      8      1
     1     16      1
     1     19      1
     2      1      1
     2      4      1
     2      5      1
     3      1      1
     3     11      1
     4      2      1
     4     17      1
     4     18      1
     4     23      1
     4     28      1
     5      2      1
     5      6      1
     5     24      1
     5     33      1
     5     63      1
     6      5      1
     6     15      1
     6     62      1
     7      0      1
     7     45      1
     7     49      1
     8      1      1
     8      9      1
     8     26      1
     8     59      1
     9      8      1
     9     10      1
     9     31      1
     9     35      1
    10      9      1
    10     14      1
    11      3      1
    11     12      1
    11     13      1
    12     11      1
    12     30      1
    12     40      1
    12     41      1
    13     11      1
    14     10      1
    14     34      1
    14     36      1
    15      6      1
    15     25      1
    16      1      1
    16     21      1
    16     51      1
    17      4      1
    18      4      1
    18     20      1
    18     22      1
    18     37      1
    18     38      1
    19      1      1
    20     18      1
    21     16      1
    21     29      1
    22     18      1
    23      4      1
    24      5      1
    25     15      1
    26      8      1
    26     27      1
    26     43      1
    27     26      1
    27     44      1
    28      4      1
    28     32      1
    29     21      1
    30     12      1
    31      9      1
    31     60      1
    32     28      1
    33      5      1
    34     14      1
    35      9      1
    35     61      1
    36     14      1
    37     18      1
    37     39      1
    37     46      1
    37     57      1
    38     18      1
    39     37      1
    40     12      1
    40     42      1
    40     48      1
    40     55      1
    41     12      1
    42     40      1
    42     50      1
    43     26      1
    43     47      1
    44     27      1
    45      7      1
    45     64      1
    46     37      1
    46     52      1
    47     43      1
    47     53      1
    48     40      1
    48     58      1
    49      7      1
    50     42      1
    51     16      1
    52     46      1
    53     47      1
    53     54      1
    54     53      1
    55     40      1
    56      0      1
    57     37      1
    58     48      1
    59      8      1
    60     31      1
    61     35      1
    62      6      1
    63      5      1
    64     45      1
