COORD_X_Y 110
  2.90731  0.026666
  1.92074  0.551302
 0.398373   1.70717
  1.34148  0.988253
  2.42884   2.07915
 0.508754   1.60718
 0.789433   2.69031
 0.392314   1.55392
  2.79337  0.674074
0.0366548   2.44428
 0.194351  0.377478
  1.82884  0.453845
  0.59533   1.44879
  1.26572   1.83326
 0.974717   1.77691
  1.32282   2.66665
 0.911417  0.830289
   2.5661    1.3831
  1.42602   1.29628
  1.12631  0.512539
 0.283124   1.82572
   1.0173     2.604
 0.182558   1.35905
  2.71175  0.621555
  1.36644   2.57123
  1.72641  0.692996
  1.71491  0.407293
  2.73941   1.56286
  1.88116   1.57138
  2.04757   1.89049
 0.556297    1.7355
  1.27525   2.89121
   1.8089   1.57423
  2.41677   2.68775
   1.2565   2.97291
0.0148754  0.018437
 0.924356    2.7945
   1.7652   2.20205
  1.93454   2.58954
 0.294609   1.85147
 0.943183   1.63883
 0.692919   1.49164
  1.42162  0.945326
  2.00033   1.33253
  1.55358  0.896607
  1.81203   2.64027
0.0362136  0.956352
  1.71055   1.43433
  0.23352   2.01369
 0.399733   1.87586
 0.969888   1.25785
  1.78495   1.89489
 0.717413  0.657298
  1.89016   1.27601
 0.527374  0.257199
  1.04018   2.89165
  1.76469   2.20014
  1.41068  0.985774
  2.89718   2.35078
    1.834   1.02065
  2.03717 0.0808512
 0.975515   2.85371
  2.58922  0.740812
  2.80244  0.903104
  2.53781   2.73155
  2.17924   2.32905
  2.96095   2.75855
   2.9255   2.34635
  2.45715   0.89001
 0.784065   1.93555
 0.854632   2.00269
  1.30883  0.224206
0.00903378   1.79512
  1.67309    2.2647
    2.804   2.42898
  2.80244   1.69217
  1.20254   1.69225
  1.32591  0.359893
  2.30416   1.83761
  1.26837   2.45962
0.0175789  0.465678
 0.378919   2.32471
 0.753623   1.91242
  2.52903   2.81566
  1.18678  0.718187
 0.135709   1.69322
  1.44066   1.05286
  2.59265   2.98643
  2.76723    1.3009
 0.182484  0.329069
 0.379299   2.49218
 0.846081   1.63991
 0.815743   0.54554
 0.436175  0.391323
  2.76959   2.58586
  2.95666   1.97247
   2.0244  0.870043
  0.89897  0.142991
   2.4406  0.186601
    0.943   2.31954
 0.184605    2.7102
 0.103839  0.497614
   1.5457   1.23567
 0.655768  0.226258
   0.4815   1.88705
 0.295413   1.65874
  1.66521 0.0226949
  1.67185   1.36695
  2.20731   1.47723
  2.17866   2.18458
LINKS_SOURCE_DESTINATION_DISTANCE 218
     0      1      1
     0      2      1
     0      5      1
     0     15      1
     1      0      1
     1      3      1
     1      8      1
     1     17      1
     1     38      1
     2      0      1
     2      4      1
     2      7      1
     2     10      1
     3      1      1
     3     22      1
     4      2      1
     5      0      1
     5      6      1
     5     19      1
     5     88      1
     6      5      1
     6     11      1
     7      2      1
     7     13      1
     8      1      1
     8      9      1
     8     51      1
     8     74      1
     9      8      1
     9     12      1
    10      2      1
    10     16      1
    10     53      1
    10     58      1
    10     60      1
    11      6      1
    11     14      1
    11     28      1
    11     35      1
    12      9      1
    12     18      1
    12     31      1
    12     67      1
    12     90      1
    13      7      1
    13     21      1
    13     23      1
    13    105      1
    14     11      1
    14     61      1
    14    108      1
    15      0      1
    15     26      1
    15     63      1
    15    102      1
    16     10      1
    16     20      1
    16     33      1
    16     80      1
    17      1      1
    17     24      1
    17     32      1
    18     12      1
    18     25      1
    18     76      1
    19      5      1
    19    101      1
    20     16      1
    20     29      1
    20     30      1
    20     36      1
    20     42      1
    21     13      1
    21     27      1
    21     47      1
    21     87      1
    22      3      1
    22     41      1
    22     94      1
    22    106      1
    23     13      1
    23     56      1
    24     17      1
    24     59      1
    25     18      1
    25     34      1
    26     15      1
    27     21      1
    27     40      1
    27     54      1
    27     68      1
    28     11      1
    28     37      1
    28     44      1
    29     20      1
    29     70      1
    29     71      1
    30     20      1
    30     64      1
    31     12      1
    31     39      1
    31     49      1
    32     17      1
    33     16      1
    33     43      1
    33     92      1
    34     25      1
    35     11      1
    35    100      1
    36     20      1
    37     28      1
    37     45      1
    37     46      1
    37     50      1
    38      1      1
    38     66      1
    38     84      1
    39     31      1
    39     82      1
    40     27      1
    41     22      1
    41     48      1
    42     20      1
    42    103      1
    43     33      1
    43     81      1
    44     28      1
    45     37      1
    45     57      1
    45     79      1
    46     37      1
    46     55      1
    46     62      1
    47     21      1
    47     65      1
    48     41      1
    49     31      1
    49     69      1
    50     37      1
    50     52      1
    50     78      1
    51      8      1
    52     50      1
    52     72      1
    53     10      1
    54     27      1
    55     46      1
    56     23      1
    56     75      1
    56     85      1
    57     45      1
    57     73      1
    58     10      1
    59     24      1
    60     10      1
    61     14      1
    61    104      1
    62     46      1
    63     15      1
    64     30      1
    65     47      1
    66     38      1
    66     89      1
    66    107      1
    67     12      1
    67     93      1
    67    109      1
    68     27      1
    69     49      1
    70     29      1
    71     29      1
    71     98      1
    72     52      1
    73     57      1
    74      8      1
    74     77      1
    74     86      1
    75     56      1
    75     91      1
    76     18      1
    76     96      1
    77     74      1
    78     50      1
    78     97      1
    78     99      1
    79     45      1
    80     16      1
    81     43      1
    81     83      1
    82     39      1
    83     81      1
    84     38      1
    85     56      1
    86     74      1
    87     21      1
    88      5      1
    89     66      1
    90     12      1
    91     75      1
    92     33      1
    93     67      1
    93     95      1
    94     22      1
    95     93      1
    96     76      1
    97     78      1
    98     71      1
    99     78      1
   100     35      1
   101     19      1
   102     15      1
   103     42      1
   104     61      1
   105     13      1
   106     22      1
   107     66      1
   108     14      1
   109     67      1
