COORD_X_Y 15
  2.38623   1.89973
0.0951899   2.85194
 0.246499   2.89596
  2.66999   2.91506
  1.61607   2.62529
0.0974453   1.24815
  1.64552   2.94954
 0.915675   1.88309
  2.76618   2.74958
 0.257266   1.61341
 0.951452   1.22041
 0.567458   1.27373
   0.7856  0.535601
 0.193669  0.519736
  1.39612  0.758419
LINKS_SOURCE_DESTINATION_DISTANCE 28
     0      1      1
     1      0      1
     1      2      1
     2      1      1
     2      3      1
     2      4      1
     3      2      1
     4      2      1
     4      5      1
     4     12      1
     5      4      1
     5      6      1
     5      9      1
     6      5      1
     6      7      1
     6     11      1
     7      6      1
     7      8      1
     7     10      1
     8      7      1
     9      5      1
     9     13      1
    10      7      1
    11      6      1
    12      4      1
    12     14      1
    13      9      1
    14     12      1
