COORD_X_Y 1000
 0.814747   0.28708
  2.97198   1.35222
   2.4284   1.29597
  2.72724    1.0104
 0.803671   2.56446
  1.77418   1.33448
  2.97942   2.55558
  2.42519   1.88311
  1.92605   1.91883
  1.38777   1.66356
  1.13932   2.35484
  1.09005   2.90806
 0.700889   2.82296
  2.84884    1.2732
  2.76364   2.82149
  2.93483   2.42878
 0.874795   2.75891
 0.618654 0.0787346
    2.382   1.62453
  2.79881   2.36577
  1.00511   1.97476
 0.346171  0.682208
0.0767378  0.298651
 0.208293   1.87244
  2.07503  0.345652
  2.05383   2.45166
  2.85796   0.90788
 0.608772   2.15647
 0.462388   0.46783
 0.379189   1.91837
  1.65373  0.467489
  2.94445   1.94511
 0.971285   2.71316
 0.715151   2.46094
    1.241   2.22988
 0.642471   1.46366
  1.51757   1.91342
0.0815259  0.352688
  2.04882   1.59728
  2.16011   2.01275
  2.83316  0.156503
  1.89073   1.12142
 0.986258   1.98151
 0.737639   2.73359
  2.37666  0.151974
   1.4788  0.193439
  0.32484   2.52089
 0.333112   1.61634
 0.259546   2.71458
  1.39028   2.28201
  1.18729   2.00527
  2.70869   2.18014
 0.385866  0.543528
  1.83678   2.39228
 0.527686  0.646565
 0.446802 0.0270672
0.0357481   1.85662
 0.577642   1.80257
 0.402159  0.689863
   1.5467    2.1962
  2.20212   2.79723
  2.47669   2.20052
  2.10268  0.865176
  1.10999  0.255833
  1.63389   2.57176
 0.251095   2.97646
  2.18218    1.7641
  2.53633   1.66145
 0.700024   2.77735
   2.6482   1.18109
  1.82495  0.300369
 0.938512   2.08067
  0.66866   2.78393
  2.02677  0.573009
  2.42672   1.93783
  1.29741  0.701503
  2.05796  0.174152
  2.45672   2.45704
  1.40151    1.2166
  2.31362  0.912425
 0.949694   1.90203
 0.456747  0.185409
  1.81215  0.846516
  1.72252  0.107002
  2.02687  0.486639
   0.6364   2.76526
   1.7011   2.37794
  2.27913   2.99699
  0.98672  0.205281
 0.374058   1.32693
  0.51393   2.29578
 0.721467 0.0169266
  1.68393   1.23193
  1.44725   2.35825
  1.97906  0.163054
  1.02655     1.487
0.0590583  0.456739
  1.08297   2.61933
  1.95712  0.833351
  2.31788  0.426926
 0.353843   1.32215
  2.65605   1.94943
 0.416588   0.89329
  1.27253   1.45641
  1.07257  0.764704
  2.69682   2.75245
  2.29914  0.332527
  2.43608   2.61884
  2.41831  0.591012
 0.621394   2.70947
 0.652935  0.481123
  2.98306   1.25705
  2.85069   2.21118
  1.40579   2.20145
  2.54943   1.32195
  1.29343   2.77543
  1.88178   2.78611
  2.90689  0.541157
  2.09835  0.485285
  1.95981  0.137034
 0.764094  0.358009
  2.31184   1.87481
  1.09343   2.84677
  0.13754 0.0986057
 0.988633  0.522496
  2.38029   1.45534
0.0859323   1.56005
  1.68296   1.85625
0.0452887   2.61694
  1.77371   2.21839
   2.6885   1.25401
 0.687352   1.84536
  2.23733    1.5715
 0.431506   2.09627
 0.967467   1.56318
 0.353391   1.09748
  1.63369  0.755805
  1.20617   0.27455
  1.03935    1.7207
  2.88118  0.402688
  1.93391  0.736139
  2.00103   2.88285
  1.48872   2.61893
  1.86547   2.24079
  2.43083   1.90656
  1.97079   2.53166
 0.709674   1.73684
  2.81842   1.70937
  1.11372  0.117742
  2.27791   2.08325
  2.44663   2.60874
   1.4186   2.81126
  2.84612   2.48643
  2.89893   1.82705
  2.27045   2.19947
  2.70342  0.841194
  2.35434   2.93189
 0.959532  0.398891
 0.717321   2.71827
  2.85716   1.98535
  1.24736  0.520199
 0.489867    2.7549
  2.91114  0.849186
   2.8632   1.43169
 0.649316   2.84981
  1.37871   1.01501
  2.25633  0.231949
 0.262821   1.81678
  1.68907  0.656475
  1.68423  0.939256
  2.36575   1.20992
  2.47882  0.446498
  1.00518   1.73699
    2.545   0.47992
 0.485285   2.91482
 0.929166  0.258286
  1.06859   2.79718
  2.32614   2.34818
  1.52487  0.920839
   1.1997   2.13183
  0.66364   2.58876
  1.62082   2.00997
 0.780553  0.854212
   1.6564   2.32796
0.0272601    1.4778
  2.86156 0.0452882
  1.38408   2.39013
  1.33346   2.78865
  1.39079   2.20574
   2.4461   2.11771
   2.1405  0.936371
  1.08443   2.52189
  2.38946   2.46509
  1.82567   1.63745
   1.4765   1.79352
 0.549552   2.80707
  2.95959   2.95195
 0.228528  0.632347
  1.04159  0.165935
  1.83304    2.2377
 0.687505   1.47352
  2.21316  0.722916
 0.138561  0.499626
0.0986161   1.62845
 0.319512    1.4639
  2.65006   1.91707
 0.664969   1.81766
  2.77083  0.720516
 0.758148   1.97151
  1.30501  0.660968
  1.21086   2.13169
  2.46729  0.367687
  1.34054  0.334844
  2.92784   2.68225
  2.33493   2.09082
  1.55528   1.56409
  2.00538  0.284733
  1.23002   2.75396
   2.1063   1.75036
  2.64579   2.36039
  2.94963   2.97692
  1.94715  0.470285
 0.159087  0.387835
  2.37245   2.02779
  1.48752   2.68822
  1.25822  0.158419
 0.327828  0.938104
  1.02682   1.95994
  1.99373   1.85392
  1.59604  0.222961
  1.88532   1.46949
  1.56272  0.635598
   1.8098  0.767786
  1.76599   1.43254
  2.83498   2.06744
 0.669136  0.838246
 0.964239   1.60375
  1.01638  0.315398
 0.437504   0.15947
  1.28216 0.0504721
  2.11888  0.159978
  1.74446    1.9787
  2.96316  0.441241
  1.07351   2.29516
 0.971657   1.59803
  2.72561  0.889737
  1.69831   1.16335
  1.84428   2.07243
0.0320758  0.848038
 0.824924   1.35598
  2.87288   1.42038
0.0767115   1.98414
  2.61444   1.03641
   1.4956   2.50317
  2.97535   2.17438
 0.880336  0.782786
  1.47922   1.68895
  2.45756   2.09222
  2.84216   0.27683
 0.228133   1.96724
 0.843141   1.18263
  1.92979   1.53264
  1.35232   1.72477
  2.95383  0.145069
 0.138379   0.73719
  1.87896   2.92638
  1.34201   1.63999
 0.464183  0.412719
 0.610874  0.646061
  2.28115   2.44581
  2.88572   2.86613
 0.678128    2.2726
 0.845217   1.41245
 0.839206   1.44529
 0.542042   1.75136
   1.6925   2.31355
  2.75943  0.844043
  2.13831   0.67405
 0.460423  0.863592
  2.55137   1.95506
 0.145987   1.12076
 0.706337  0.166412
  1.65133   2.25461
0.0818591   2.64721
  1.52777   0.88187
   2.7811  0.690118
   1.0961  0.380075
  1.68991 0.0440615
  1.70264  0.821086
 0.730876   2.65736
  1.90527  0.726036
 0.480116   1.82842
   1.8645  0.673962
  2.26621   2.88713
  1.91779   2.00978
 0.602334   2.44359
  1.21867   2.71395
 0.252172  0.331749
  2.28327   2.14458
  1.43103   2.77127
   2.6833   2.94113
  0.80931  0.311821
  2.09546    2.3348
  1.37545   1.00277
  1.04306  0.543663
  2.08802   2.45268
   1.9332   2.13467
  2.57026   2.65976
  2.35117   1.20306
  1.42915   1.88758
  1.83649    1.2224
  1.00076   1.80606
 0.941879  0.339056
  1.22513   2.40119
  1.38899  0.522558
  2.44181  0.212809
  2.78321  0.953456
  1.93076   2.73696
0.0634137   1.97919
  1.18452     2.108
 0.134963    2.1563
  1.23879   2.51842
  2.09336   1.58704
   1.2233  0.328142
  2.21572  0.218861
  2.12263   2.91373
 0.915182  0.250225
  2.67816   2.22611
  2.80528   2.17322
   2.9399   2.67186
  2.73262   2.56843
0.0587451  0.962424
  1.17817   2.42095
 0.137107  0.486851
   1.2276   1.15199
   1.0953  0.718879
  2.76051   2.94466
  1.58374   1.73368
  1.87541   2.27228
  1.19868  0.208624
 0.415986   2.67765
  1.96425   2.60538
 0.901576 0.0976016
  1.13548   0.89746
  1.70858    1.5964
 0.458631   1.60867
 0.632183    1.2682
  1.11565    2.2077
   1.1064 0.0847251
  2.04985   2.26249
  2.44748  0.948307
  2.17657   2.47895
  2.68788   2.17746
 0.405425   2.48056
  2.66708  0.868467
 0.225583   1.31435
 0.961525   2.40263
  1.08919   1.96281
  2.02521   2.11963
 0.756883   1.08694
 0.673927  0.591283
  2.05053   2.11696
 0.820601  0.500325
   2.0616   1.37816
 0.213756    1.0345
   2.4459   1.83961
  1.90843  0.672902
 0.557822   2.11008
0.0242344  0.311101
 0.773202   1.79236
  1.41349  0.639986
  1.10737   2.49821
 0.798935   2.62407
 0.530024   1.71596
  1.42292   1.10376
 0.148695   1.21249
   1.9152   1.24769
  1.95165    1.2822
  2.33274   1.84023
  1.94034  0.761235
  1.87115  0.984111
 0.848979   1.83962
  1.08892   2.25264
  2.15722   1.41055
  1.98873   0.76082
 0.698294   1.30553
  1.96521   2.47115
  1.48419   2.64482
  1.61769   2.75652
    2.329   2.73857
  1.53953   1.65554
 0.456349   2.76917
  2.72433  0.385466
  2.57301  0.453662
  0.83675   2.44377
   2.1572   2.67629
  2.71753  0.241553
  2.02895  0.464455
 0.971332   0.26522
  2.18609   2.87276
  1.56438   2.33304
  1.94922  0.675611
  1.71152   2.10692
  1.20798  0.643602
  1.21601  0.972044
  1.86527   1.81343
   1.5565   2.26429
  1.11304     2.653
 0.395275    1.8148
  2.77275  0.130468
  2.60979  0.352981
0.0205861   0.74329
  2.88174   0.48155
 0.151833  0.583618
  2.37363   2.45092
  1.98495   1.16407
  1.08997   1.72472
  2.46928   2.34698
  1.09257   1.89685
  1.69655  0.349755
 0.355476    1.3253
  1.12628   2.21564
  0.75682  0.986571
  0.77048     0.122
  1.12952   1.72317
 0.701915   1.67787
  1.77012   2.90765
  2.21486   2.04495
  2.08871   1.07765
  1.27916  0.714901
  1.95985  0.777756
  2.85212  0.590775
  1.74648   1.58043
  1.38409   1.24288
  1.83302  0.620873
  1.40794   1.61822
  1.03607   2.71164
  1.98916   1.35122
  1.12801   1.67933
  1.02873  0.961757
 0.584047   2.22361
 0.800479   1.12235
  2.61703  0.681379
 0.409045   2.52161
  1.99547   2.76035
  1.65978  0.933634
  2.24054   1.76792
  1.88307   1.04448
  2.27186   2.43526
 0.734581   2.70584
 0.300827   1.37657
 0.686816  0.154988
  2.13142  0.666915
   2.0269     1.579
  2.21351   1.53672
   1.0766    1.5637
  1.84929    2.4208
  1.55657   2.93547
  2.51386  0.567265
  2.21022  0.882959
  1.63759  0.132854
 0.150422   1.93194
  1.05878   2.46052
 0.049854   2.48385
0.0231832   1.48301
   1.0313   1.43714
  0.73053   1.74583
 0.726659    2.2824
  1.17866   2.02874
  2.12711   2.69302
  1.42934   2.32128
  1.17776  0.378334
  1.70978   2.78069
 0.279831   2.28623
  1.22224   2.95111
  1.66084   2.31315
  2.64876   1.16858
  2.30258   1.96175
0.0151396   2.21111
  1.08816   2.39385
  1.45079   1.53902
 0.392377   1.74098
   2.8573   2.56352
 0.925595  0.357646
  1.21857  0.350214
  1.38783  0.253061
    1.595  0.595871
  2.05361  0.481094
  0.16426  0.235011
  1.84536   1.17126
  1.66808  0.220803
 0.611453  0.168023
  1.10468  0.351167
   1.8302   1.89548
   1.0684  0.108358
 0.481068    2.6264
  1.60956   2.20197
 0.837397   2.15757
    2.108   1.09915
  2.95683   2.54948
   2.7854  0.554013
  1.50487   2.04081
  1.94084   1.69527
  1.73862 0.0672351
  2.18308    1.8031
  1.64242   1.52595
  1.33905   2.46988
  2.89226   1.35738
     1.92  0.293275
  1.36088   1.99814
 0.483255   2.72363
  2.01508  0.570059
 0.060067   2.21863
  2.33383  0.452917
  2.36967  0.968758
  2.94216  0.939597
  2.23753   2.28703
  2.56696   2.90014
  2.97858   2.27209
  1.41464   1.19181
  1.21531    1.1772
 0.155016   1.22202
 0.552913  0.786616
  1.51692  0.357227
 0.959084  0.352868
 0.929426  0.576254
 0.876786   2.90166
  1.69049   1.76613
  2.50391   2.45493
 0.573448   1.18361
  2.86773  0.621431
  0.69644   1.13909
  2.62292   2.18156
  1.74497   2.46034
  2.60616  0.913184
 0.455476   1.20245
 0.622651   1.61831
  2.33433   2.32246
  1.77215    2.5867
 0.922549   1.12411
 0.217753 0.0978045
0.0634945   2.58448
 0.920155   1.96631
  2.17698   1.33502
  1.82613   1.99573
  0.75525   2.36252
  2.26208   2.99599
  1.67501    2.7301
  2.42578   1.85549
  2.38605   1.15893
  1.93764   2.68183
  1.29399   1.91426
  1.97018   2.28058
 0.228182   1.25283
  1.59232    2.6749
  2.36892   1.16009
  1.23289  0.283967
  1.45555   1.92515
  1.56813   2.50781
 0.623832  0.982228
  1.33206   2.31944
  2.90591   2.05051
  2.82109   1.76555
   1.1304    1.9847
 0.941223   1.98223
 0.711559   1.78996
  1.51436  0.141796
 0.719843    2.7322
  1.38683   0.61214
  2.62391   2.79096
  2.38805     1.635
 0.482152   2.88173
  2.88836   2.82015
  1.77134   2.87961
  2.90789    2.4239
  1.14543  0.679635
 0.207742  0.824994
  1.95442  0.276652
 0.172462  0.860911
  2.53135   2.07799
  1.60661   2.01964
  2.50826   1.66365
  1.92065   2.04388
  2.24365   2.59833
  1.01529   2.28304
0.0392793   1.31218
 0.471348  0.866356
 0.915734  0.422416
  1.84249   1.90029
   1.3413  0.766894
  0.65149   2.32803
   2.5343  0.346526
  2.34968    1.5193
  1.18926   1.60071
  2.00457   1.66331
  1.41141   1.44265
 0.527782  0.604643
  2.90688  0.131033
  1.18231  0.453509
 0.385417    2.2662
   1.4296   1.12407
  1.61698   2.27948
  2.19183   2.54187
  2.02852   1.85714
 0.327456  0.425382
  1.83332   0.79271
  2.01547   2.73224
  1.04625  0.135991
  1.78394   2.09472
 0.984828   2.02249
  1.31699    1.7799
  2.54887   2.90181
0.0988284   2.11066
   1.8836   2.94778
 0.149591   1.29997
 0.678469  0.671701
  1.69602   2.86334
  2.14062   2.85751
  0.45018  0.803124
  1.27446  0.875374
0.0321206  0.305433
 0.889409    1.8148
  2.93324  0.234845
  1.55073   1.07412
  1.67297   2.92759
  2.82329  0.271209
 0.422507  0.272521
  2.77926 0.0702467
  1.13393   1.72711
  1.62889   2.06234
  2.65668  0.173849
  2.20373   1.45416
 0.185439  0.690293
 0.166847    1.2822
  2.03584  0.286317
  1.70262   2.62649
  2.73224   2.85989
  1.89551   1.92327
 0.219415  0.759607
 0.345097  0.299845
  1.59552   1.53927
 0.951641   1.35172
  2.37619  0.802577
 0.994598   1.91536
  1.78266 0.0879786
 0.697481   2.23036
 0.108376   2.34004
  2.20374   2.98401
 0.630026   2.56162
  1.34475   2.56914
  2.55137   0.79975
 0.800783   2.27281
 0.490363   1.26161
  2.37204   1.10474
  1.48194   2.93389
  1.08467  0.484927
  1.44118   1.29636
  1.95988   1.50686
  2.23722   2.05722
  1.02172  0.621449
  2.69082  0.699928
  2.37503   0.54328
  2.24945   2.54264
 0.395073   1.04881
0.0741171   1.62217
 0.210675   2.54525
  2.43564  0.485906
   1.9325  0.969448
  2.99041   2.68618
  2.47404  0.222416
  1.70663   1.05761
  1.79263  0.937955
  1.45159   2.90075
  2.68916   2.11016
 0.048465   1.58216
  1.70342   1.60428
  1.22098   1.05928
  1.51993   0.41852
  1.04676   2.32827
  2.58255   2.70614
  2.82635  0.696405
0.0528863    0.6403
 0.402639   2.08232
  1.77407    1.7999
  1.97707   1.69008
  1.14089   1.72355
  1.58473 0.0270393
  1.31804   2.20142
  1.34007   1.65989
 0.704393   2.49431
 0.522655  0.213096
  2.26323  0.291777
 0.872184   2.73729
  1.09046   2.20072
  1.51266  0.842468
  2.96094   1.97509
 0.941711   1.69397
  2.93518   2.75314
  2.76491   1.75456
  0.97923  0.268425
   1.0282  0.864485
  0.46655   1.79384
  2.29296   1.80991
   1.6802  0.554906
 0.419995   1.26802
  1.43715   1.81301
 0.987385   2.23019
 0.613911   1.81803
 0.504328  0.760763
  2.74772   2.95009
  1.19092   2.29457
  0.54501   2.49303
0.0983484   1.32018
   2.7822   2.73756
  1.70077    1.7362
  1.46637   1.95679
 0.236744  0.941579
  1.27216 0.0251316
  1.65167    1.3342
  1.16917  0.161685
 0.588278   1.80302
  2.61506  0.140064
 0.508342   2.63051
 0.430494   2.94542
  2.30484    1.6517
 0.778661   2.04008
 0.996528   1.62701
   2.2015   1.43322
  2.27056   2.16026
  1.77683   1.20145
 0.176587   2.25989
  1.41925   2.27432
   2.0923  0.301089
  1.60285  0.301289
  1.71544   1.76508
    2.717   1.70672
  1.43454  0.873182
 0.167307   1.49655
 0.906588   2.95098
  1.96174   1.04993
  1.15131   2.92499
  2.69218   2.35354
  1.15458   2.32456
  1.31691   1.85914
  1.89827   1.96282
  1.80695  0.409474
   1.2158   2.03937
 0.585746  0.231567
  2.44032   1.49122
  2.38284  0.540121
 0.963368     1.409
 0.895973   1.03172
  1.00045   1.85982
 0.453909   1.52094
  2.62975   1.84724
  2.64962   1.95255
  1.23537  0.222435
  1.28853   2.15562
 0.627241   1.53218
 0.832752   0.31746
  1.55844   1.64061
  2.44658   1.68206
  1.72186   2.29183
 0.608114   1.46141
 0.688156   2.46169
   2.4464   2.22859
  2.18193   1.59686
  1.32467   2.84788
   1.0916   2.89547
  1.65003  0.614515
  1.10683  0.743371
  0.15072  0.558429
  1.88863   1.81557
 0.637422   0.40867
  2.80492  0.834025
  1.91984   2.01271
  1.17039   1.54963
 0.485705   1.19232
  1.07049   1.30749
 0.140475   1.06008
  2.88603   2.36413
   1.9198    2.3428
  2.77833   2.85432
 0.858732   2.70962
 0.775204   1.84955
 0.423394  0.853449
  1.97757   1.71508
  1.02685  0.147145
 0.650812   2.43634
 0.284074  0.295345
 0.955961   1.76057
   1.0167   1.84382
  1.72944   1.05281
  0.73525  0.646715
  1.06719   1.83086
  1.13697 0.00693132
  2.48928   1.35839
 0.222403   1.83576
   2.8034   2.99306
0.0665254     1.612
  2.53025    1.9488
  1.57107  0.978317
 0.957318   2.73231
  1.78719  0.882061
 0.182509   2.04983
  2.89419  0.583275
  0.48192    1.5177
 0.413206  0.344413
  0.79451  0.208952
  1.88873 0.00384156
  0.99645   2.94034
  2.47539 0.0601089
  1.06285   1.06282
 0.995525  0.654643
  1.22242   2.02589
 0.302042   1.57908
  2.66352   1.46213
 0.975304  0.398306
  2.20212  0.755391
  1.16104   2.33542
  2.92544  0.180936
  1.04433   2.39841
  2.00792   1.90238
 0.794601   1.40652
  1.26949   2.01037
  2.33462  0.216551
 0.747321  0.214261
  2.78744   0.13225
 0.947921   2.63384
  2.14877  0.258999
  1.45655   1.46665
  1.64283   2.70927
 0.741813  0.157125
  2.12832   2.61317
  1.34562     1.784
  2.37712   1.84594
  2.22944   2.31729
  0.51203   2.53489
  2.73766   1.21972
  1.87471   1.29282
 0.648632   1.69295
  2.82362  0.652593
  0.13356    2.3023
  2.35284  0.835718
  2.62802  0.960484
 0.729294   2.10863
  1.49692  0.847453
  2.25734   1.98815
 0.590226   2.68293
  2.98722   1.58309
  1.77211   1.63146
  2.03363   2.70724
 0.620187   2.80171
   2.1631   1.81644
  2.23868 0.0316399
  2.80417     1.402
 0.700885  0.808245
  1.42045  0.808894
  0.27673   2.31752
  2.90754  0.972018
  2.69248  0.877205
  2.68406   1.51559
  2.35753   2.41876
  1.56702    1.5561
  2.90569   2.95601
  1.75568   1.51869
  1.20526  0.342773
  0.86096  0.640523
  1.08851   2.40901
  1.21137  0.695308
  2.47183  0.730607
  1.93483  0.306748
  1.65105   1.16665
0.0276641  0.439136
 0.521545   1.34573
   1.0967   1.93594
  1.50398   1.95778
 0.269554   2.28425
 0.767163   2.78023
 0.301566   1.54251
  1.34974   2.35934
   2.3945   1.61033
  2.58038   1.29855
 0.942302    2.8623
  1.57945   2.16163
  1.47317  0.590385
  1.46074   2.94233
  1.45759   2.71492
  2.19401   2.18473
  1.87273  0.504554
  2.75111    1.1302
   2.0376   1.13969
 0.812579   1.46604
 0.747203   0.52609
  2.42704   2.97026
  1.95327   1.69197
  2.75944  0.735779
  0.67176   1.08528
0.0434371  0.116287
 0.207981   2.69808
   1.5573  0.306313
  0.22055   2.51245
  1.30082   2.53223
 0.167883   1.40136
   2.1009   1.55949
 0.377473   2.19553
  2.86026   2.50195
   1.5678 0.0887961
  2.36415   1.42961
  1.22751   1.23229
  1.42476  0.782427
  1.98872   2.51996
  2.32093   2.86228
 0.724223   1.11931
  1.36963   1.65272
  1.82128   1.06254
 0.136621   2.77012
   2.4342   2.89247
  1.76693  0.451607
 0.858686   1.84527
  2.05102   0.87802
 0.765366   2.35972
 0.618593   1.07243
 0.753953  0.625303
  2.62711  0.254707
  2.39784   1.92027
  1.82207   2.92042
  2.34345   2.86038
  2.47324   2.16972
  2.73573   2.37361
  2.54188    2.7942
 0.581017   1.18641
  1.81493   2.26944
  2.58829  0.377533
 0.561599   2.09113
0.0636446  0.299525
 0.689897  0.775499
  2.99869  0.779949
 0.595154   2.83641
  1.99365  0.384301
 0.463935   1.02134
  1.84346    1.4626
  1.69683   2.31011
  1.50523   2.29736
0.0788819   1.62075
  2.22197   1.61814
  2.97485  0.993291
  2.47736   2.77707
  2.03134  0.993526
 0.197286  0.279859
0.00984729  0.654583
  0.19961  0.710196
   2.0248   1.35606
  2.73164   1.06389
  2.42874   2.67499
  1.43477    2.8474
  2.25047    1.3409
  2.29705  0.341872
 0.210733  0.821971
 0.948396  0.688834
  2.86311   1.21996
0.0190917   2.30125
  2.34103   1.35394
   1.4283    1.2419
  1.04227   1.12653
  2.20356   1.64622
 0.464855  0.824638
0.000352656   1.38645
  1.55837  0.458221
  1.89026   2.02529
 0.735704   2.00708
  2.58057   2.84277
 0.831776   2.96215
   1.4377   1.44963
  1.07655   1.31581
 0.787743   2.94037
  2.30866  0.923566
  0.15806  0.430197
  1.32809 0.0577635
 0.686246   2.53149
  2.86983   0.55336
 0.102009   1.21008
  1.27727   1.25547
  0.22814   2.41112
  1.59443   1.73572
 0.283541  0.646252
 0.603184   2.52028
 0.604548   1.80745
  1.54542   1.78191
 0.363807  0.825986
  2.51788   1.70608
  2.27729   2.28282
  2.45188   2.62421
  2.18445  0.347053
  2.97447   1.07706
  2.91911 0.0534007
  1.24533  0.111949
   1.8273   2.25021
  2.01939    1.0912
  1.07349  0.168397
LINKS_SOURCE_DESTINATION_DISTANCE 1998
     0      1      1
     0      3      1
     0      5      1
     0     40      1
     0    119      1
     1      0      1
     1      2      1
     1      6      1
     1     27      1
     1     97      1
     1    198      1
     2      1      1
     2     12      1
     2     17      1
     2     19      1
     2     23      1
     2     44      1
     2     79      1
     2    363      1
     3      0      1
     3      4      1
     3      8      1
     3     50      1
     3     68      1
     3    170      1
     3    240      1
     3    427      1
     3    582      1
     3    998      1
     4      3      1
     4     11      1
     4    328      1
     4    330      1
     4    759      1
     5      0      1
     5      9      1
     5     15      1
     5     33      1
     5     36      1
     5     67      1
     5     83      1
     5     95      1
     5    147      1
     5    272      1
     5    740      1
     6      1      1
     6      7      1
     6     21      1
     6     37      1
     6    109      1
     6    471      1
     6    490      1
     7      6      1
     7     18      1
     7    318      1
     8      3      1
     8     10      1
     8     14      1
     8     38      1
     8    103      1
     8    204      1
     8    317      1
     8    894      1
     9      5      1
     9     30      1
     9     31      1
     9    121      1
     9    535      1
    10      8      1
    10     63      1
    10    175      1
    10    187      1
    10    954      1
    11      4      1
    11     13      1
    11     24      1
    11     48      1
    11     64      1
    11     73      1
    11    455      1
    11    586      1
    11    924      1
    12      2      1
    12     82      1
    12    159      1
    13     11      1
    13    124      1
    13    152      1
    13    221      1
    13    611      1
    14      8      1
    14     22      1
    14     42      1
    14     55      1
    14    194      1
    14    371      1
    14    567      1
    14    839      1
    15      5      1
    15     16      1
    15     20      1
    15     28      1
    15     32      1
    15     34      1
    15    112      1
    15    156      1
    15    364      1
    15    506      1
    15    670      1
    15    843      1
    16     15      1
    16    134      1
    16    177      1
    17      2      1
    17    138      1
    17    726      1
    18      7      1
    18     41      1
    18    139      1
    18    143      1
    18    173      1
    18    649      1
    19      2      1
    19     25      1
    19     93      1
    19    118      1
    19    249      1
    19    467      1
    19    642      1
    20     15      1
    20     26      1
    20    102      1
    20    110      1
    21      6      1
    21     85      1
    21    458      1
    21    851      1
    22     14      1
    22    367      1
    23      2      1
    23     45      1
    23    113      1
    23    412      1
    23    441      1
    23    848      1
    24     11      1
    24     29      1
    24     65      1
    24    169      1
    24    243      1
    24    299      1
    24    549      1
    24    580      1
    25     19      1
    26     20      1
    26     59      1
    26    133      1
    27      1      1
    27     66      1
    27    131      1
    28     15      1
    28    944      1
    29     24      1
    29     51      1
    29    369      1
    30      9      1
    30     86      1
    30    462      1
    30    647      1
    31      9      1
    31     35      1
    31    104      1
    31    123      1
    31    158      1
    31    396      1
    31    626      1
    31    776      1
    32     15      1
    32     78      1
    33      5      1
    33     39      1
    33    145      1
    33    861      1
    33    943      1
    34     15      1
    34    172      1
    34    220      1
    34    242      1
    35     31      1
    35    744      1
    36      5      1
    36     58      1
    36    100      1
    36    380      1
    37      6      1
    37    288      1
    37    630      1
    38      8      1
    38     54      1
    38     94      1
    38    438      1
    38    521      1
    38    738      1
    38    803      1
    38    994      1
    39     33      1
    39    163      1
    40      0      1
    40    161      1
    41     18      1
    41     47      1
    41    714      1
    42     14      1
    42     43      1
    42     52      1
    42    530      1
    42    736      1
    43     42      1
    43     49      1
    43     56      1
    43     70      1
    43    129      1
    43    284      1
    43    734      1
    44      2      1
    44     46      1
    44     53      1
    44     88      1
    44     98      1
    44    142      1
    44    210      1
    44    661      1
    45     23      1
    45     57      1
    45    260      1
    45    401      1
    45    513      1
    45    678      1
    46     44      1
    46    721      1
    47     41      1
    48     11      1
    48    498      1
    48    524      1
    48    928      1
    49     43      1
    49     60      1
    49     69      1
    49     80      1
    49    171      1
    50      3      1
    50    207      1
    50    218      1
    50    593      1
    51     29      1
    51    572      1
    52     42      1
    52    203      1
    52    555      1
    52    852      1
    53     44      1
    53    190      1
    54     38      1
    54     62      1
    54    862      1
    55     14      1
    55     90      1
    55    657      1
    56     43      1
    56    157      1
    56    197      1
    56    283      1
    56    492      1
    57     45      1
    57     77      1
    57    196      1
    57    289      1
    58     36      1
    58    189      1
    58    266      1
    58    329      1
    58    351      1
    59     26      1
    59     61      1
    59     74      1
    59    101      1
    59    292      1
    59    445      1
    59    477      1
    60     49      1
    60    162      1
    60    181      1
    60    241      1
    60    482      1
    60    680      1
    60    937      1
    61     59      1
    61     72      1
    61     84      1
    61    768      1
    62     54      1
    62    144      1
    63     10      1
    63    116      1
    63    140      1
    63    155      1
    63    178      1
    63    191      1
    63    276      1
    63    310      1
    63    497      1
    64     11      1
    64    238      1
    64    256      1
    64    387      1
    64    399      1
    64    914      1
    65     24      1
    65    219      1
    65    569      1
    65    617      1
    66     27      1
    66    394      1
    67      5      1
    67     71      1
    67     81      1
    67     89      1
    67    259      1
    67    403      1
    68      3      1
    68    592      1
    68    595      1
    68    667      1
    68    962      1
    69     49      1
    69    111      1
    69    135      1
    69    179      1
    69    314      1
    69    319      1
    69    972      1
    70     43      1
    70     76      1
    70    146      1
    70    212      1
    71     67      1
    71     75      1
    71    106      1
    72     61      1
    72    650      1
    73     11      1
    73     91      1
    73    183      1
    73    500      1
    74     59      1
    74    550      1
    75     71      1
    75    255      1
    75    695      1
    76     70      1
    76    166      1
    76    281      1
    77     57      1
    77    331      1
    77    423      1
    78     32      1
    78    201      1
    78    527      1
    79      2      1
    79    200      1
    79    646      1
    80     49      1
    80    128      1
    80    247      1
    80    656      1
    80    751      1
    81     67      1
    81    126      1
    81    202      1
    81    699      1
    82     12      1
    83      5      1
    83     99      1
    83    195      1
    83    436      1
    83    464      1
    83    995      1
    84     61      1
    84     87      1
    84    130      1
    84    209      1
    84    290      1
    85     21      1
    85    136      1
    85    151      1
    85    182      1
    86     30      1
    86    206      1
    86    439      1
    87     84      1
    87    430      1
    87    515      1
    87    681      1
    87    933      1
    88     44      1
    88     92      1
    88    107      1
    88    227      1
    88    406      1
    89     67      1
    89    274      1
    89    613      1
    89    813      1
    90     55      1
    90     96      1
    90    115      1
    90    225      1
    90    235      1
    91     73      1
    92     88      1
    92    174      1
    93     19      1
    93    335      1
    93    360      1
    93    585      1
    93    637      1
    93    866      1
    94     38      1
    94    230      1
    95      5      1
    95    120      1
    96     90      1
    96    253      1
    96    911      1
    97      1      1
    97    105      1
    97    248      1
    98     44      1
    98    222      1
    99     83      1
    99    122      1
   100     36      1
   100    184      1
   101     59      1
   101    108      1
   101    114      1
   101    245      1
   102     20      1
   102    127      1
   102    185      1
   102    192      1
   103      8      1
   103    165      1
   103    176      1
   103    532      1
   104     31      1
   104    295      1
   105     97      1
   105    801      1
   106     71      1
   107     88      1
   107    188      1
   107    388      1
   107    805      1
   108    101      1
   109      6      1
   109    132      1
   109    160      1
   109    164      1
   109    263      1
   109    378      1
   109    429      1
   110     20      1
   111     69      1
   111    141      1
   112     15      1
   113     23      1
   113    117      1
   113    392      1
   113    472      1
   114    101      1
   114    148      1
   114    271      1
   114    291      1
   114    342      1
   114    562      1
   114    643      1
   115     90      1
   115    326      1
   115    485      1
   116     63      1
   116    246      1
   116    509      1
   116    576      1
   116    710      1
   117    113      1
   117    846      1
   118     19      1
   118    125      1
   118    193      1
   118    262      1
   118    444      1
   119      0      1
   119    167      1
   119    309      1
   120     95      1
   120    149      1
   120    675      1
   120    901      1
   121      9      1
   121    226      1
   121    547      1
   122     99      1
   122    257      1
   122    370      1
   122    698      1
   123     31      1
   123    267      1
   123    356      1
   123    607      1
   124     13      1
   124    236      1
   125    118      1
   125    137      1
   125    180      1
   125    265      1
   125    385      1
   126     81      1
   126    150      1
   126    311      1
   126    610      1
   127    102      1
   127    410      1
   127    672      1
   127    727      1
   128     80      1
   128    205      1
   128    269      1
   128    426      1
   129     43      1
   129    528      1
   129    745      1
   130     84      1
   130    443      1
   131     27      1
   131    602      1
   131    920      1
   132    109      1
   132    623      1
   132    906      1
   133     26      1
   133    229      1
   133    717      1
   134     16      1
   135     69      1
   136     85      1
   136    286      1
   137    125      1
   137    153      1
   138     17      1
   138    208      1
   138    228      1
   138    273      1
   138    729      1
   139     18      1
   139    215      1
   139    382      1
   139    628      1
   140     63      1
   140    211      1
   141    111      1
   141    306      1
   141    347      1
   142     44      1
   142    254      1
   142    432      1
   143     18      1
   144     62      1
   145     33      1
   145    199      1
   146     70      1
   146    154      1
   147      5      1
   147    408      1
   147    732      1
   148    114      1
   148    268      1
   148    772      1
   148    868      1
   149    120      1
   149    275      1
   149    296      1
   149    373      1
   150    126      1
   150    743      1
   151     85      1
   152     13      1
   153    137      1
   154    146      1
   154    325      1
   155     63      1
   155    774      1
   156     15      1
   156    224      1
   156    258      1
   157     56      1
   158     31      1
   158    186      1
   158    231      1
   158    287      1
   158    376      1
   159     12      1
   159    636      1
   160    109      1
   160    552      1
   161     40      1
   161    332      1
   162     60      1
   162    344      1
   163     39      1
   163    619      1
   164    109      1
   164    466      1
   165    103      1
   165    168      1
   166     76      1
   166    990      1
   167    119      1
   167    339      1
   167    459      1
   167    564      1
   168    165      1
   168    424      1
   168    486      1
   169     24      1
   169    523      1
   169    648      1
   170      3      1
   171     49      1
   172     34      1
   172    315      1
   172    345      1
   173     18      1
   173    217      1
   173    666      1
   173    907      1
   174     92      1
   175     10      1
   175    624      1
   175    694      1
   176    103      1
   177     16      1
   177    216      1
   177    446      1
   178     63      1
   179     69      1
   179    214      1
   179    232      1
   180    125      1
   180    405      1
   180    484      1
   181     60      1
   181    834      1
   182     85      1
   183     73      1
   183    327      1
   184    100      1
   185    102      1
   185    573      1
   185    883      1
   186    158      1
   186    651      1
   187     10      1
   188    107      1
   188    393      1
   189     58      1
   189    302      1
   189    386      1
   189    546      1
   190     53      1
   190    709      1
   190    827      1
   190    980      1
   191     63      1
   191    244      1
   192    102      1
   192    213      1
   192    298      1
   192    340      1
   192    461      1
   193    118      1
   193    250      1
   194     14      1
   194    409      1
   195     83      1
   195    282      1
   196     57      1
   196    321      1
   196    841      1
   196    877      1
   197     56      1
   197    234      1
   197    297      1
   197    357      1
   198      1      1
   198    411      1
   199    145      1
   199    293      1
   200     79      1
   200    233      1
   200    421      1
   200    828      1
   201     78      1
   201    294      1
   201    383      1
   201    925      1
   202     81      1
   202    469      1
   203     52      1
   203    308      1
   204      8      1
   204    761      1
   204    978      1
   205    128      1
   206     86      1
   206    353      1
   206    442      1
   207     50      1
   207    320      1
   207    559      1
   208    138      1
   208    545      1
   209     84      1
   209    278      1
   210     44      1
   210    237      1
   210    239      1
   210    389      1
   211    140      1
   211    223      1
   211    514      1
   212     70      1
   212    341      1
   212    395      1
   212    764      1
   213    192      1
   213    660      1
   214    179      1
   215    139      1
   215    251      1
   215    270      1
   215    384      1
   216    177      1
   216    785      1
   217    173      1
   217    865      1
   217    939      1
   218     50      1
   219     65      1
   219    337      1
   219    414      1
   220     34      1
   220    280      1
   220    323      1
   220    358      1
   221     13      1
   221    264      1
   222     98      1
   222    481      1
   223    211      1
   223    454      1
   223    777      1
   224    156      1
   224    508      1
   224    874      1
   224    896      1
   225     90      1
   225    864      1
   225    930      1
   226    121      1
   226    516      1
   226    654      1
   227     88      1
   227    407      1
   227    536      1
   228    138      1
   229    133      1
   229    677      1
   230     94      1
   231    158      1
   231    307      1
   231    417      1
   231    543      1
   231    638      1
   231    845      1
   232    179      1
   233    200      1
   233    303      1
   233    324      1
   233    450      1
   233    616      1
   234    197      1
   235     90      1
   235    746      1
   236    124      1
   236    334      1
   236    473      1
   237    210      1
   237    541      1
   237    615      1
   238     64      1
   239    210      1
   239    449      1
   239    762      1
   240      3      1
   240    433      1
   240    577      1
   240    599      1
   240    973      1
   241     60      1
   241    783      1
   242     34      1
   242    398      1
   242    679      1
   243     24      1
   243    609      1
   244    191      1
   244    252      1
   245    101      1
   245    402      1
   246    116      1
   246    665      1
   247     80      1
   247    313      1
   247    333      1
   247    627      1
   248     97      1
   248    451      1
   248    558      1
   249     19      1
   249    487      1
   250    193      1
   250    605      1
   251    215      1
   251    336      1
   251    557      1
   252    244      1
   252    794      1
   253     96      1
   253    277      1
   254    142      1
   254    807      1
   255     75      1
   255    561      1
   256     64      1
   256    261      1
   256    493      1
   257    122      1
   257    415      1
   257    953      1
   258    156      1
   258    316      1
   258    435      1
   259     67      1
   259    804      1
   260     45      1
   261    256      1
   261    713      1
   261    730      1
   261    908      1
   262    118      1
   262    365      1
   262    501      1
   262    724      1
   263    109      1
   263    346      1
   263    419      1
   263    658      1
   263    765      1
   263    771      1
   264    221      1
   264    350      1
   264    645      1
   265    125      1
   265    634      1
   266     58      1
   266    618      1
   267    123      1
   268    148      1
   268    886      1
   269    128      1
   270    215      1
   271    114      1
   271    606      1
   271    903      1
   271    999      1
   272      5      1
   272    279      1
   272    687      1
   273    138      1
   273    285      1
   273    635      1
   274     89      1
   274    354      1
   275    149      1
   276     63      1
   276    434      1
   276    640      1
   277    253      1
   277    754      1
   277    814      1
   278    209      1
   279    272      1
   280    220      1
   280    548      1
   281     76      1
   281    808      1
   282    195      1
   282    534      1
   283     56      1
   284     43      1
   285    273      1
   285    300      1
   285    377      1
   285    456      1
   285    935      1
   286    136      1
   287    158      1
   288     37      1
   288    705      1
   289     57      1
   290     84      1
   290    372      1
   290    519      1
   290    747      1
   291    114      1
   291    304      1
   291    763      1
   292     59      1
   292    612      1
   293    199      1
   293    305      1
   293    971      1
   294    201      1
   295    104      1
   296    149      1
   296    301      1
   296    857      1
   296    904      1
   297    197      1
   297    431      1
   298    192      1
   298    940      1
   299     24      1
   300    285      1
   300    505      1
   301    296      1
   301    542      1
   301    863      1
   301    878      1
   302    189      1
   302    312      1
   302    348      1
   302    522      1
   303    233      1
   303    512      1
   303    594      1
   304    291      1
   304    784      1
   304    967      1
   304    975      1
   305    293      1
   305    368      1
   305    591      1
   305    969      1
   306    141      1
   306    374      1
   306    420      1
   307    231      1
   308    203      1
   308    416      1
   308    587      1
   309    119      1
   309    633      1
   310     63      1
   310    352      1
   311    126      1
   311    551      1
   312    302      1
   313    247      1
   314     69      1
   314    682      1
   315    172      1
   316    258      1
   317      8      1
   317    349      1
   318      7      1
   318    553      1
   318    831      1
   319     69      1
   320    207      1
   320    322      1
   321    196      1
   322    320      1
   323    220      1
   323    575      1
   323    737      1
   323    758      1
   323    948      1
   324    233      1
   325    154      1
   326    115      1
   326    375      1
   326    448      1
   327    183      1
   327    826      1
   328      4      1
   329     58      1
   329    413      1
   330      4      1
   330    362      1
   330    632      1
   330    893      1
   331     77      1
   331    355      1
   331    418      1
   332    161      1
   332    343      1
   332    474      1
   333    247      1
   333    361      1
   334    236      1
   335     93      1
   335    422      1
   336    251      1
   336    338      1
   336    460      1
   336    475      1
   336    491      1
   337    219      1
   338    336      1
   338    478      1
   338    970      1
   339    167      1
   339    495      1
   339    832      1
   340    192      1
   340    366      1
   340    589      1
   340    688      1
   341    212      1
   342    114      1
   342    404      1
   342    504      1
   343    332      1
   343    359      1
   343    391      1
   344    162      1
   344    526      1
   344    556      1
   344    644      1
   344    786      1
   345    172      1
   345    844      1
   346    263      1
   346    676      1
   346    949      1
   347    141      1
   347    905      1
   348    302      1
   348    655      1
   349    317      1
   349    428      1
   349    468      1
   349    529      1
   349    872      1
   349    895      1
   350    264      1
   350    463      1
   351     58      1
   351    581      1
   352    310      1
   352    598      1
   352    958      1
   353    206      1
   353    483      1
   354    274      1
   354    816      1
   354    880      1
   354    993      1
   355    331      1
   355    494      1
   355    989      1
   356    123      1
   356    400      1
   357    197      1
   358    220      1
   359    343      1
   359    898      1
   359    941      1
   360     93      1
   361    333      1
   362    330      1
   362    381      1
   363      2      1
   364     15      1
   365    262      1
   365    390      1
   365    781      1
   365    897      1
   365    929      1
   366    340      1
   367     22      1
   368    305      1
   369     29      1
   369    379      1
   369    565      1
   369    780      1
   370    122      1
   370    934      1
   371     14      1
   371    888      1
   372    290      1
   373    149      1
   373    625      1
   373    889      1
   374    306      1
   374    583      1
   374    685      1
   375    326      1
   375    447      1
   375    867      1
   376    158      1
   377    285      1
   378    109      1
   379    369      1
   379    686      1
   379    697      1
   379    931      1
   380     36      1
   380    517      1
   381    362      1
   381    560      1
   381    673      1
   382    139      1
   382    537      1
   382    715      1
   383    201      1
   384    215      1
   384    936      1
   385    125      1
   385    425      1
   386    189      1
   386    476      1
   387     64      1
   387    453      1
   387    520      1
   388    107      1
   388    539      1
   389    210      1
   389    540      1
   389    767      1
   390    365      1
   390    959      1
   391    343      1
   391    397      1
   391    510      1
   391    822      1
   392    113      1
   393    188      1
   393    957      1
   394     66      1
   395    212      1
   396     31      1
   396    570      1
   397    391      1
   398    242      1
   399     64      1
   399    674      1
   400    356      1
   400    503      1
   400    554      1
   401     45      1
   401    437      1
   402    245      1
   402    720      1
   402    890      1
   403     67      1
   403    465      1
   403    511      1
   403    793      1
   403    802      1
   403    966      1
   404    342      1
   404    480      1
   405    180      1
   405    819      1
   406     88      1
   407    227      1
   407    788      1
   408    147      1
   408    597      1
   409    194      1
   409    457      1
   410    127      1
   410    440      1
   411    198      1
   411    662      1
   411    979      1
   412     23      1
   413    329      1
   413    584      1
   413    600      1
   414    219      1
   414    502      1
   415    257      1
   415    769      1
   416    308      1
   417    231      1
   418    331      1
   418    706      1
   419    263      1
   420    306      1
   421    200      1
   422    335      1
   423     77      1
   424    168      1
   424    779      1
   425    385      1
   425    470      1
   426    128      1
   427      3      1
   428    349      1
   428    824      1
   429    109      1
   429    712      1
   429    820      1
   430     87      1
   431    297      1
   431    716      1
   432    142      1
   432    752      1
   433    240      1
   434    276      1
   434    631      1
   435    258      1
   435    604      1
   436     83      1
   436    835      1
   437    401      1
   437    664      1
   438     38      1
   439     86      1
   439    452      1
   440    410      1
   440    488      1
   441     23      1
   442    206      1
   442    739      1
   443    130      1
   443    544      1
   443    823      1
   443    997      1
   444    118      1
   444    538      1
   444    622      1
   445     59      1
   446    177      1
   446    579      1
   447    375      1
   447    821      1
   448    326      1
   449    239      1
   450    233      1
   451    248      1
   452    439      1
   452    496      1
   453    387      1
   454    223      1
   455     11      1
   456    285      1
   456    842      1
   456    860      1
   457    409      1
   458     21      1
   459    167      1
   459    671      1
   459    748      1
   459    956      1
   460    336      1
   461    192      1
   462     30      1
   463    350      1
   463    479      1
   464     83      1
   465    403      1
   466    164      1
   466    578      1
   466    588      1
   467     19      1
   467    596      1
   467    809      1
   468    349      1
   469    202      1
   470    425      1
   470    614      1
   471      6      1
   471    773      1
   472    113      1
   472    531      1
   472    652      1
   472    789      1
   472    887      1
   473    236      1
   473    836      1
   473    985      1
   474    332      1
   475    336      1
   475    718      1
   475    830      1
   476    386      1
   476    876      1
   477     59      1
   477    507      1
   478    338      1
   478    858      1
   479    463      1
   480    404      1
   481    222      1
   482     60      1
   483    353      1
   483    489      1
   483    499      1
   483    663      1
   483    733      1
   484    180      1
   485    115      1
   486    168      1
   486    568      1
   487    249      1
   488    440      1
   489    483      1
   490      6      1
   491    336      1
   491    659      1
   492     56      1
   493    256      1
   493    563      1
   493    947      1
   494    355      1
   495    339      1
   496    452      1
   497     63      1
   497    955      1
   498     48      1
   498    574      1
   498    668      1
   498    923      1
   499    483      1
   499    620      1
   500     73      1
   500    566      1
   500    621      1
   500    728      1
   501    262      1
   501    951      1
   502    414      1
   503    400      1
   504    342      1
   504    725      1
   505    300      1
   506     15      1
   506    525      1
   507    477      1
   508    224      1
   508    518      1
   509    116      1
   510    391      1
   511    403      1
   512    303      1
   512    755      1
   513     45      1
   513    641      1
   513    760      1
   514    211      1
   514    799      1
   515     87      1
   516    226      1
   516    952      1
   517    380      1
   517    601      1
   518    508      1
   519    290      1
   519    983      1
   520    387      1
   520    533      1
   521     38      1
   521    946      1
   522    302      1
   522    683      1
   523    169      1
   523    571      1
   524     48      1
   525    506      1
   525    778      1
   526    344      1
   527     78      1
   528    129      1
   529    349      1
   530     42      1
   531    472      1
   531    696      1
   532    103      1
   533    520      1
   534    282      1
   534    731      1
   535      9      1
   535    996      1
   536    227      1
   536    692      1
   536    700      1
   537    382      1
   538    444      1
   538    590      1
   538    735      1
   539    388      1
   539    986      1
   540    389      1
   540    684      1
   540    810      1
   541    237      1
   541    977      1
   542    301      1
   542    608      1
   543    231      1
   544    443      1
   544    982      1
   545    208      1
   545    885      1
   546    189      1
   546    701      1
   547    121      1
   548    280      1
   549     24      1
   550     74      1
   550    792      1
   550    800      1
   551    311      1
   551    766      1
   552    160      1
   552    913      1
   553    318      1
   553    707      1
   554    400      1
   555     52      1
   556    344      1
   557    251      1
   558    248      1
   558    603      1
   558    881      1
   559    207      1
   560    381      1
   560    918      1
   561    255      1
   562    114      1
   563    493      1
   563    703      1
   564    167      1
   564    992      1
   565    369      1
   565    849      1
   566    500      1
   567     14      1
   568    486      1
   569     65      1
   570    396      1
   570    689      1
   571    523      1
   572     51      1
   573    185      1
   574    498      1
   575    323      1
   576    116      1
   577    240      1
   578    466      1
   579    446      1
   579    639      1
   579    988      1
   580     24      1
   581    351      1
   582      3      1
   582    749      1
   583    374      1
   584    413      1
   584    900      1
   585     93      1
   586     11      1
   587    308      1
   588    466      1
   589    340      1
   590    538      1
   591    305      1
   592     68      1
   592    815      1
   593     50      1
   593    790      1
   594    303      1
   595     68      1
   595    629      1
   595    669      1
   595    919      1
   596    467      1
   597    408      1
   598    352      1
   598    797      1
   599    240      1
   600    413      1
   601    517      1
   601    818      1
   601    963      1
   602    131      1
   603    558      1
   603    742      1
   604    435      1
   605    250      1
   606    271      1
   607    123      1
   608    542      1
   609    243      1
   610    126      1
   610    750      1
   610    981      1
   611     13      1
   611    871      1
   612    292      1
   613     89      1
   614    470      1
   614    945      1
   615    237      1
   616    233      1
   617     65      1
   618    266      1
   619    163      1
   619    753      1
   620    499      1
   621    500      1
   622    444      1
   622    693      1
   622    702      1
   623    132      1
   624    175      1
   625    373      1
   625    840      1
   626     31      1
   627    247      1
   628    139      1
   629    595      1
   629    691      1
   630     37      1
   631    434      1
   632    330      1
   633    309      1
   634    265      1
   634    921      1
   634    942      1
   635    273      1
   636    159      1
   637     93      1
   637    837      1
   638    231      1
   638    856      1
   639    579      1
   639    879      1
   640    276      1
   641    513      1
   642     19      1
   643    114      1
   643    806      1
   644    344      1
   644    817      1
   645    264      1
   645    723      1
   646     79      1
   647     30      1
   647    653      1
   648    169      1
   649     18      1
   650     72      1
   651    186      1
   652    472      1
   653    647      1
   653    976      1
   654    226      1
   654    899      1
   655    348      1
   656     80      1
   657     55      1
   658    263      1
   658    859      1
   659    491      1
   660    213      1
   660    757      1
   661     44      1
   661    690      1
   662    411      1
   662    711      1
   663    483      1
   663    775      1
   664    437      1
   664    798      1
   665    246      1
   666    173      1
   666    756      1
   666    829      1
   667     68      1
   667    927      1
   667    960      1
   668    498      1
   669    595      1
   669    964      1
   670     15      1
   671    459      1
   672    127      1
   673    381      1
   674    399      1
   675    120      1
   675    825      1
   676    346      1
   677    229      1
   678     45      1
   678    719      1
   679    242      1
   679    708      1
   680     60      1
   681     87      1
   682    314      1
   683    522      1
   684    540      1
   685    374      1
   686    379      1
   687    272      1
   687    791      1
   688    340      1
   689    570      1
   690    661      1
   690    770      1
   690    884      1
   691    629      1
   692    536      1
   692    796      1
   693    622      1
   694    175      1
   695     75      1
   696    531      1
   697    379      1
   697    722      1
   698    122      1
   699     81      1
   700    536      1
   700    704      1
   701    546      1
   702    622      1
   703    563      1
   704    700      1
   705    288      1
   706    418      1
   707    553      1
   707    902      1
   708    679      1
   708    847      1
   709    190      1
   710    116      1
   711    662      1
   712    429      1
   712    938      1
   713    261      1
   714     41      1
   715    382      1
   715    811      1
   716    431      1
   717    133      1
   718    475      1
   719    678      1
   719    741      1
   719    875      1
   720    402      1
   721     46      1
   722    697      1
   723    645      1
   724    262      1
   725    504      1
   726     17      1
   727    127      1
   728    500      1
   728    787      1
   729    138      1
   730    261      1
   730    855      1
   731    534      1
   732    147      1
   733    483      1
   734     43      1
   735    538      1
   736     42      1
   737    323      1
   738     38      1
   739    442      1
   740      5      1
   741    719      1
   742    603      1
   743    150      1
   744     35      1
   745    129      1
   746    235      1
   747    290      1
   747    812      1
   748    459      1
   749    582      1
   750    610      1
   751     80      1
   751    892      1
   752    432      1
   753    619      1
   754    277      1
   754    782      1
   755    512      1
   756    666      1
   757    660      1
   758    323      1
   759      4      1
   760    513      1
   761    204      1
   761    968      1
   762    239      1
   762    873      1
   762    910      1
   763    291      1
   763    833      1
   764    212      1
   765    263      1
   766    551      1
   767    389      1
   768     61      1
   769    415      1
   769    961      1
   770    690      1
   771    263      1
   772    148      1
   773    471      1
   774    155      1
   775    663      1
   776     31      1
   777    223      1
   777    965      1
   778    525      1
   779    424      1
   780    369      1
   781    365      1
   782    754      1
   782    854      1
   783    241      1
   783    795      1
   784    304      1
   785    216      1
   786    344      1
   786    838      1
   787    728      1
   788    407      1
   788    853      1
   789    472      1
   790    593      1
   790    882      1
   791    687      1
   792    550      1
   793    403      1
   793    922      1
   794    252      1
   795    783      1
   796    692      1
   797    598      1
   798    664      1
   799    514      1
   800    550      1
   801    105      1
   802    403      1
   803     38      1
   804    259      1
   805    107      1
   806    643      1
   807    254      1
   808    281      1
   809    467      1
   810    540      1
   811    715      1
   812    747      1
   813     89      1
   814    277      1
   815    592      1
   816    354      1
   817    644      1
   818    601      1
   819    405      1
   820    429      1
   821    447      1
   822    391      1
   823    443      1
   824    428      1
   825    675      1
   825    869      1
   826    327      1
   827    190      1
   828    200      1
   828    850      1
   829    666      1
   830    475      1
   831    318      1
   832    339      1
   832    870      1
   833    763      1
   834    181      1
   835    436      1
   836    473      1
   837    637      1
   838    786      1
   839     14      1
   840    625      1
   841    196      1
   842    456      1
   843     15      1
   844    345      1
   845    231      1
   846    117      1
   847    708      1
   847    926      1
   848     23      1
   849    565      1
   850    828      1
   851     21      1
   852     52      1
   853    788      1
   854    782      1
   855    730      1
   856    638      1
   857    296      1
   858    478      1
   859    658      1
   860    456      1
   861     33      1
   861    917      1
   862     54      1
   863    301      1
   864    225      1
   865    217      1
   866     93      1
   867    375      1
   868    148      1
   869    825      1
   870    832      1
   871    611      1
   872    349      1
   872    915      1
   873    762      1
   874    224      1
   875    719      1
   876    476      1
   877    196      1
   878    301      1
   879    639      1
   880    354      1
   881    558      1
   881    891      1
   882    790      1
   883    185      1
   884    690      1
   885    545      1
   886    268      1
   887    472      1
   888    371      1
   888    950      1
   889    373      1
   889    909      1
   889    916      1
   890    402      1
   891    881      1
   891    932      1
   892    751      1
   892    984      1
   893    330      1
   894      8      1
   895    349      1
   896    224      1
   897    365      1
   898    359      1
   899    654      1
   900    584      1
   901    120      1
   901    991      1
   902    707      1
   903    271      1
   904    296      1
   905    347      1
   906    132      1
   907    173      1
   908    261      1
   908    912      1
   909    889      1
   910    762      1
   911     96      1
   912    908      1
   913    552      1
   914     64      1
   915    872      1
   916    889      1
   917    861      1
   918    560      1
   919    595      1
   920    131      1
   921    634      1
   922    793      1
   923    498      1
   924     11      1
   925    201      1
   926    847      1
   927    667      1
   928     48      1
   929    365      1
   930    225      1
   931    379      1
   932    891      1
   933     87      1
   934    370      1
   935    285      1
   936    384      1
   937     60      1
   938    712      1
   939    217      1
   940    298      1
   941    359      1
   942    634      1
   943     33      1
   943    974      1
   944     28      1
   945    614      1
   946    521      1
   947    493      1
   948    323      1
   949    346      1
   950    888      1
   951    501      1
   952    516      1
   953    257      1
   954     10      1
   955    497      1
   956    459      1
   957    393      1
   958    352      1
   959    390      1
   960    667      1
   961    769      1
   962     68      1
   963    601      1
   964    669      1
   965    777      1
   966    403      1
   967    304      1
   968    761      1
   969    305      1
   970    338      1
   971    293      1
   972     69      1
   973    240      1
   974    943      1
   974    987      1
   975    304      1
   976    653      1
   977    541      1
   978    204      1
   979    411      1
   980    190      1
   981    610      1
   982    544      1
   983    519      1
   984    892      1
   985    473      1
   986    539      1
   987    974      1
   988    579      1
   989    355      1
   990    166      1
   991    901      1
   992    564      1
   993    354      1
   994     38      1
   995     83      1
   996    535      1
   997    443      1
   998      3      1
   999    271      1
