COORD_X_Y 10
  1.09392  0.382896
  1.65712    1.1317
  2.05342  0.780868
  0.44256   1.58964
 0.529899  0.361917
  1.88872   0.16982
  1.52575  0.596196
  1.82981   2.09884
  2.16965  0.225491
  2.29083   1.87828
LINKS_SOURCE_DESTINATION_DISTANCE 18
     0      1      1
     0      6      1
     0      8      1
     1      0      1
     1      2      1
     1      4      1
     1      7      1
     2      1      1
     2      3      1
     2      5      1
     3      2      1
     4      1      1
     4      9      1
     5      2      1
     6      0      1
     7      1      1
     8      0      1
     9      4      1
