COORD_X_Y 65
  2.35255   1.92288
  1.42417   2.80748
  2.66331  0.929656
  2.45442   1.21182
  2.94353   1.04304
  1.39976  0.854439
 0.985621   1.74691
 0.908599   2.16077
  1.30512   1.81731
0.0729109  0.645945
  2.93877   1.95644
  2.29547  0.882713
   1.7906   1.67335
  1.66597   2.36687
  2.57568   1.38225
  2.09906   1.74543
  2.62667   2.13348
  2.18752    2.4358
  1.35502   2.51949
   1.5605   2.88948
  2.32795   1.54146
  2.09062  0.645514
  1.02211   2.15058
  2.57078   2.52536
  1.45875   1.89704
  2.43826  0.772565
  1.72508   1.44378
  1.69425   1.63667
  2.89609   1.01611
  1.08647   1.65302
  1.68939   1.22976
  1.69962  0.457629
 0.413956   1.80464
   2.6875    1.6455
  1.86925   1.69815
  1.42254  0.585696
  2.51296  0.305343
  2.26344   1.70801
 0.761964     2.213
 0.692887   1.61994
  1.02529   1.95906
0.00178566   1.12538
  2.69384   2.43454
 0.158351  0.435009
 0.622045   1.27074
 0.698714  0.838309
  1.91652   2.92226
  2.72194  0.716248
 0.966784   1.46003
  2.27987   1.83961
  2.40894    1.0901
  1.29438    2.2386
  1.26546  0.801913
  2.48809   2.42485
  2.69153  0.014012
  2.88931  0.160703
 0.405569   2.82466
  1.20614   2.65916
 0.938416   2.18237
  1.27436   2.14923
   1.9303  0.503989
  1.59137  0.822996
  1.27594   1.69637
  1.56727   1.02134
   1.4778   2.65828
LINKS_SOURCE_DESTINATION_DISTANCE 128
     0      1      1
     0     14      1
     1      0      1
     1      2      1
     2      1      1
     2      3      1
     2      4      1
     2     20      1
     2     21      1
     2     51      1
     3      2      1
     3      5      1
     3      7      1
     3      9      1
     3     47      1
     4      2      1
     4      6      1
     4     13      1
     4     30      1
     5      3      1
     5     53      1
     5     60      1
     5     61      1
     6      4      1
     6     11      1
     6     40      1
     6     42      1
     6     64      1
     7      3      1
     7      8      1
     7     23      1
     8      7      1
     8     16      1
     8     44      1
     9      3      1
     9     10      1
     9     12      1
    10      9      1
    10     15      1
    10     18      1
    10     24      1
    10     34      1
    10     59      1
    11      6      1
    11     36      1
    12      9      1
    12     62      1
    13      4      1
    14      0      1
    15     10      1
    15     35      1
    16      8      1
    16     17      1
    16     22      1
    16     27      1
    17     16      1
    18     10      1
    18     19      1
    18     63      1
    19     18      1
    19     25      1
    20      2      1
    21      2      1
    21     28      1
    21     31      1
    22     16      1
    22     43      1
    23      7      1
    23     37      1
    24     10      1
    24     26      1
    24     29      1
    24     45      1
    24     56      1
    25     19      1
    25     39      1
    26     24      1
    27     16      1
    27     54      1
    28     21      1
    28     38      1
    28     48      1
    29     24      1
    29     33      1
    30      4      1
    30     32      1
    31     21      1
    31     52      1
    32     30      1
    33     29      1
    34     10      1
    34     46      1
    35     15      1
    36     11      1
    37     23      1
    38     28      1
    38     41      1
    39     25      1
    40      6      1
    40     49      1
    41     38      1
    41     50      1
    42      6      1
    42     55      1
    43     22      1
    43     57      1
    44      8      1
    45     24      1
    46     34      1
    47      3      1
    48     28      1
    49     40      1
    50     41      1
    51      2      1
    52     31      1
    52     58      1
    53      5      1
    54     27      1
    55     42      1
    56     24      1
    57     43      1
    58     52      1
    59     10      1
    60      5      1
    61      5      1
    62     12      1
    63     18      1
    64      6      1
