COORD_X_Y 110
  2.96099   1.82222
  2.32715   2.17918
0.0631469   1.07916
   1.0724   1.58378
  1.59245   2.03246
  1.37802  0.172819
 0.458442  0.183599
0.0615638   1.11688
  2.93727   2.73259
  1.98731   1.17319
  2.13565  0.300816
  1.01406   2.08696
  1.44512  0.887208
0.0194481  0.355814
  2.77722  0.806793
  1.29555  0.861339
  1.86277   1.49723
  2.50569   2.90054
  2.92276    2.8494
  2.08596   2.54334
  2.05578   1.35422
  2.49057   1.55312
 0.249448   2.10657
 0.283587  0.777809
 0.561838  0.996442
  2.94546   2.70888
0.0983417   1.80505
 0.494638   1.71538
  2.77893  0.625654
  1.77964    1.5373
  1.53869   2.57408
  1.61177  0.968638
  1.62693   2.24114
 0.862065   1.44061
   1.5083   2.14471
  1.59405   2.55336
 0.929687  0.642483
  1.35779  0.738406
 0.823644  0.718763
 0.664368   1.60903
 0.652481   2.86368
   1.8002  0.474952
  2.54995   2.31144
  2.47974  0.516974
  1.04382   2.11875
  1.33924  0.298092
  2.16964    1.5983
  1.70426  0.125304
0.0575006   1.87128
  2.29327    2.1662
  2.96589   1.98722
  0.34244  0.855065
  0.66365   2.78786
 0.830977  0.165765
  2.10281   2.83463
  1.97139  0.163801
  1.94891  0.886589
  2.38132 0.0854129
 0.530426  0.792842
  1.57683  0.259121
  1.62173  0.243361
  1.13294   1.45332
  2.17319   2.04281
  2.24788   1.17347
   2.2417   1.43898
 0.112844   2.97022
  1.59703   2.51614
  2.41097   1.41433
  2.82224  0.485401
  1.06682  0.190931
  1.22667   2.38458
 0.440362  0.671343
  0.61811   1.30507
 0.634721   2.37422
  2.03836  0.405602
  1.66562   2.48203
  2.47762   1.44304
  2.90615  0.784442
  2.86772   1.60737
 0.727079  0.990138
 0.389041   2.07614
 0.570507   2.25551
 0.340727    2.0582
  1.48104    1.4942
  1.50765  0.503099
 0.571212  0.546629
 0.456567  0.747007
  1.43272   2.52883
  2.03236   2.84552
  1.05535   1.21173
 0.762142   1.40242
  1.81015   1.20185
  1.83386  0.731613
 0.992486     2.844
  2.43224    2.6327
 0.328152   1.68672
  1.76651   2.96337
  2.63327   1.21793
  2.44503    2.6386
  1.51696  0.572991
  1.54539  0.755893
  1.58285  0.986927
   2.1909   1.88005
  2.78116   2.87956
  1.09901   1.36953
  1.01804   1.12769
  1.20781   1.71826
  2.60673    1.0756
 0.595849  0.689988
  1.43138   1.19378
LINKS_SOURCE_DESTINATION_DISTANCE 218
     0      1      1
     0      3      1
     0      7      1
     0     15      1
     0     17      1
     0     28      1
     0     99      1
     1      0      1
     1      2      1
     1      5      1
     1      6      1
     1     22      1
     2      1      1
     2      4      1
     2      8      1
     2     14      1
     2     31      1
     2     36      1
     2     51      1
     3      0      1
     3     11      1
     3     77      1
     4      2      1
     4     18      1
     4     32      1
     4     87      1
     5      1      1
     5      9      1
     5     10      1
     5     25      1
     5     27      1
     5     44      1
     6      1      1
     6     66      1
     7      0      1
     7     12      1
     7     24      1
     7     72      1
     8      2      1
     8     42      1
     8    105      1
     9      5      1
     9     46      1
    10      5      1
    10     34      1
    10     43      1
    10     80      1
    11      3      1
    11     13      1
    11     16      1
    11     38      1
    11     48      1
    12      7      1
    13     11      1
    13     79      1
    13    103      1
    14      2      1
    14     70      1
    15      0      1
    15     20      1
    15     37      1
    15     58      1
    15    101      1
    16     11      1
    16     21      1
    17      0      1
    17     26      1
    18      4      1
    18     19      1
    18     47      1
    18     54      1
    19     18      1
    19     95      1
    20     15      1
    20     49      1
    21     16      1
    21     23      1
    21     30      1
    22      1      1
    23     21      1
    23     39      1
    23     53      1
    23     71      1
    23     88      1
    24      7      1
    25      5      1
    25     33      1
    25     35      1
    26     17      1
    26     29      1
    26     40      1
    26     64      1
    26     81      1
    27      5      1
    27     41      1
    28      0      1
    28     75      1
    29     26      1
    30     21      1
    30     84      1
    31      2      1
    31     57      1
    32      4      1
    33     25      1
    33     56      1
    33    100      1
    34     10      1
    35     25      1
    35     45      1
    35     50      1
    35     68      1
    36      2      1
    36     67      1
    37     15      1
    37     55      1
    37     69      1
    38     11      1
    38     52      1
    39     23      1
    40     26      1
    41     27      1
    41     82      1
    42      8      1
    42     78      1
    43     10      1
    43     65      1
    44      5      1
    45     35      1
    46      9      1
    46     60      1
    47     18      1
    48     11      1
    48     61      1
    48     63      1
    48    102      1
    49     20      1
    50     35      1
    50     59      1
    50     73      1
    51      2      1
    51     62      1
    51     94      1
    52     38      1
    52     98      1
    53     23      1
    53    106      1
    54     18      1
    54     76      1
    55     37      1
    56     33      1
    57     31      1
    58     15      1
    58     97      1
    59     50      1
    60     46      1
    61     48      1
    62     51      1
    62     96      1
    63     48      1
    63     86      1
    64     26      1
    65     43      1
    65     91      1
    66      6      1
    66     74      1
    67     36      1
    68     35      1
    69     37      1
    70     14      1
    71     23      1
    72      7      1
    73     50      1
    74     66      1
    74     85      1
    74     89      1
    75     28      1
    75     92      1
    76     54      1
    76     83      1
    76    107      1
    77      3      1
    78     42      1
    79     13      1
    80     10      1
    81     26      1
    82     41      1
    83     76      1
    83     90      1
    84     30      1
    85     74      1
    86     63      1
    86     93      1
    87      4      1
    88     23      1
    88    104      1
    89     74      1
    90     83      1
    91     65      1
    92     75      1
    93     86      1
    94     51      1
    95     19      1
    96     62      1
    97     58      1
    98     52      1
    99      0      1
    99    108      1
   100     33      1
   101     15      1
   102     48      1
   103     13      1
   104     88      1
   105      8      1
   105    109      1
   106     53      1
   107     76      1
   108     99      1
   109    105      1
