COORD_X_Y 100
  2.96851  0.639511
 0.201094   1.63166
  1.49366  0.585648
 0.268544   1.75688
 0.959501   2.57087
  2.60462   2.54996
  2.65575  0.505312
  2.10872   1.92218
  0.60841   1.63588
  2.53932   1.52584
 0.911923 0.0444646
  2.65256  0.165796
 0.437386   2.58199
  1.92987   2.69949
 0.938251   2.97995
 0.788362   2.12421
  1.46382   1.20628
  2.02764   1.03611
 0.843605  0.120028
  1.88192   1.10822
  1.02249   2.36131
  2.82217   0.53797
  2.26561  0.807399
  2.42005   2.45075
 0.691706     2.887
  2.38914  0.658906
  1.00368   0.72891
  1.06476  0.204913
  2.52735 0.0396004
  0.62703   1.10994
0.0954895   1.94661
  1.84895    2.3994
  2.05438  0.260004
  1.20951  0.676268
  2.69784 0.0987988
 0.242312   2.84985
  2.86994   1.11919
  2.46702   1.38961
  2.14647   1.07804
  2.73358  0.536087
  1.76385   1.23149
    1.715   1.18655
 0.312932  0.175447
  1.58906  0.324906
 0.914741   2.95596
 0.673221  0.944265
  2.68179   1.81512
  1.49976   2.20333
 0.147301  0.236963
  1.34257   1.27515
  2.70887   0.21075
  2.47589   2.75693
 0.979748  0.772387
  2.05846   2.47266
  1.73896   2.15562
    1.639   0.50232
  2.79378    2.6486
   1.1628   0.79186
  1.37434    2.1696
  1.53827   2.24086
  1.63942   2.17098
   2.7299  0.438141
 0.931432   1.70757
  1.95272   1.35673
 0.949178  0.882857
  2.92908   1.98364
  2.67733  0.153647
0.0797686   2.73361
  2.40775   2.41708
  1.54823    1.6065
 0.448985    2.0501
 0.523974   1.14821
  2.41215  0.585128
 0.705789   1.64464
  2.72201   1.59871
   1.1928   1.52097
 0.236901   1.73819
  1.79327  0.264801
 0.658773   2.64396
 0.721718    2.6559
  2.82325   2.47509
   1.8098  0.912153
  2.91803   1.33359
  1.84317  0.711368
  1.79261   0.86521
  2.79425   2.82813
 0.444907   1.63577
  2.26427   1.30049
 0.532699   2.61656
  2.89533  0.874304
0.0395687  0.924176
  2.06245   1.96282
   2.0851   1.44093
 0.958038   2.33238
 0.741156   2.56957
  1.25983   2.09294
  2.64565  0.135022
 0.238208   2.35433
  1.21722   2.16052
  2.91405   2.13473
LINKS_SOURCE_DESTINATION_DISTANCE 490
     0      1      1
     0      2      1
     0      6      1
     0      7      1
     0      9      1
     0     30      1
     0     46      1
     0     51      1
     0     58      1
     0     75      1
     1      0      1
     1      3      1
     1      4      1
     1      6      1
     1      7      1
     1      8      1
     1     11      1
     1     14      1
     1     18      1
     1     22      1
     1     36      1
     2      0      1
     2      5      1
     2      7      1
     2      9      1
     2     10      1
     2     12      1
     2     13      1
     2     16      1
     2     25      1
     2     30      1
     2     64      1
     2     71      1
     3      1      1
     3      4      1
     3      5      1
     3      9      1
     3     13      1
     3     31      1
     3     44      1
     3     79      1
     3     90      1
     4      1      1
     4      3      1
     4      5      1
     4      8      1
     4     13      1
     4     17      1
     4     74      1
     4     75      1
     4     92      1
     5      3      1
     5      2      1
     5      4      1
     5      6      1
     5     10      1
     5     11      1
     5     23      1
     5     80      1
     5     99      1
     6      1      1
     6      0      1
     6      5      1
     6     22      1
     6     24      1
     6     28      1
     6     78      1
     7      0      1
     7      1      1
     7      2      1
     7     14      1
     7     40      1
     7     45      1
     7     54      1
     7     62      1
     8      4      1
     8      1      1
     8     12      1
     8     17      1
     8     26      1
     8     32      1
     8     34      1
     8     39      1
     8     42      1
     8     45      1
     9      3      1
     9      0      1
     9      2      1
     9     10      1
     9     12      1
     9     19      1
     9     48      1
     9     55      1
     9     61      1
     9     86      1
    10      9      1
    10      2      1
    10      5      1
    10     33      1
    10     34      1
    10     38      1
    10     39      1
    10     53      1
    11      5      1
    11      1      1
    11     18      1
    11     27      1
    11     52      1
    11     98      1
    12      8      1
    12      2      1
    12      9      1
    12     15      1
    12     21      1
    12     26      1
    12     33      1
    12     35      1
    12     57      1
    13      2      1
    13      4      1
    13      3      1
    13     15      1
    13     16      1
    13     19      1
    13     20      1
    13     56      1
    13     59      1
    13     75      1
    14      1      1
    14      7      1
    14     29      1
    14     31      1
    14     55      1
    14     64      1
    15     13      1
    15     12      1
    15     23      1
    15     30      1
    15     60      1
    15     87      1
    16     13      1
    16      2      1
    16     20      1
    16     21      1
    16     26      1
    16     55      1
    16     63      1
    17      4      1
    17      8      1
    17     18      1
    17     23      1
    17     35      1
    17     57      1
    17     59      1
    17     60      1
    18     17      1
    18      1      1
    18     11      1
    18     28      1
    18     32      1
    18     50      1
    19      9      1
    19     13      1
    19     44      1
    19     57      1
    19     76      1
    19     97      1
    20     16      1
    20     13      1
    20     24      1
    20     33      1
    20     73      1
    20     79      1
    21     12      1
    21     16      1
    21     28      1
    21     82      1
    22      1      1
    22      6      1
    22     25      1
    22     27      1
    22     36      1
    22     83      1
    23     17      1
    23      5      1
    23     15      1
    23     29      1
    23     45      1
    23     49      1
    23     69      1
    23     77      1
    23     90      1
    23     94      1
    24     20      1
    24      6      1
    24     36      1
    24     43      1
    25     22      1
    25      2      1
    25     32      1
    25     37      1
    25     88      1
    26      8      1
    26     16      1
    26     12      1
    26     41      1
    26     51      1
    26     68      1
    26     73      1
    27     22      1
    27     11      1
    27     46      1
    27     48      1
    27     95      1
    28     21      1
    28     18      1
    28      6      1
    28     37      1
    28     76      1
    29     14      1
    29     23      1
    29     31      1
    29     38      1
    29     41      1
    29     56      1
    29     97      1
    30     15      1
    30      2      1
    30      0      1
    30     39      1
    30     41      1
    30     70      1
    31     29      1
    31     14      1
    31      3      1
    31     37      1
    31     42      1
    31     61      1
    32      8      1
    32     25      1
    32     18      1
    32     48      1
    32     62      1
    33     10      1
    33     20      1
    33     12      1
    34     10      1
    34      8      1
    34     49      1
    34     66      1
    34     86      1
    34     94      1
    35     17      1
    35     12      1
    35     97      1
    36     22      1
    36      1      1
    36     24      1
    36     40      1
    36     50      1
    36     62      1
    36     89      1
    36     98      1
    37     25      1
    37     31      1
    37     28      1
    37     54      1
    37     67      1
    37     70      1
    38     10      1
    38     29      1
    38     43      1
    38     53      1
    38     56      1
    39     10      1
    39     30      1
    39      8      1
    39     42      1
    39     47      1
    39     53      1
    39     61      1
    39     87      1
    40      7      1
    40     36      1
    40     52      1
    40     54      1
    40     74      1
    41     26      1
    41     30      1
    41     29      1
    41     84      1
    41     93      1
    42     31      1
    42      8      1
    42     39      1
    42     68      1
    42     80      1
    42     81      1
    43     38      1
    43     24      1
    43     72      1
    43     79      1
    43     85      1
    43     95      1
    44     19      1
    44      3      1
    44     47      1
    44     49      1
    44     52      1
    45      7      1
    45     23      1
    45      8      1
    45     65      1
    45     71      1
    46     27      1
    46      0      1
    46     63      1
    47     39      1
    47     44      1
    47     77      1
    47     91      1
    47     96      1
    48     32      1
    48     27      1
    48      9      1
    48     83      1
    48     88      1
    49     23      1
    49     44      1
    49     34      1
    49     50      1
    49     66      1
    50     49      1
    50     36      1
    50     18      1
    50     68      1
    50     78      1
    51      0      1
    51     26      1
    51     63      1
    52     40      1
    52     44      1
    52     11      1
    53     38      1
    53     39      1
    53     10      1
    53     58      1
    53     72      1
    54     40      1
    54     37      1
    54      7      1
    55     16      1
    55      9      1
    55     14      1
    55     59      1
    55     65      1
    55     84      1
    56     13      1
    56     29      1
    56     38      1
    56     81      1
    56     82      1
    57     12      1
    57     17      1
    57     19      1
    57     67      1
    58      0      1
    58     53      1
    59     17      1
    59     55      1
    59     13      1
    60     17      1
    60     15      1
    60     69      1
    60     96      1
    61     31      1
    61     39      1
    61      9      1
    61     76      1
    61     92      1
    62     36      1
    62     32      1
    62      7      1
    63     46      1
    63     51      1
    63     16      1
    64     14      1
    64      2      1
    64     78      1
    65     45      1
    65     55      1
    66     34      1
    66     49      1
    66     74      1
    67     57      1
    67     37      1
    67     80      1
    68     42      1
    68     50      1
    68     26      1
    68     89      1
    68     93      1
    69     60      1
    69     23      1
    69     85      1
    70     37      1
    70     30      1
    71     45      1
    71      2      1
    71     72      1
    72     43      1
    72     53      1
    72     71      1
    72     91      1
    73     26      1
    73     20      1
    73     77      1
    74      4      1
    74     66      1
    74     40      1
    75      4      1
    75      0      1
    75     13      1
    75     98      1
    76     61      1
    76     19      1
    76     28      1
    77     47      1
    77     23      1
    77     73      1
    77     99      1
    78     64      1
    78      6      1
    78     50      1
    79     43      1
    79      3      1
    79     20      1
    80     67      1
    80      5      1
    80     42      1
    80     87      1
    80     89      1
    81     42      1
    81     56      1
    81     82      1
    82     21      1
    82     81      1
    82     56      1
    83     22      1
    83     48      1
    84     41      1
    84     55      1
    85     43      1
    85     69      1
    86     34      1
    86      9      1
    86     90      1
    87     39      1
    87     15      1
    87     80      1
    88     25      1
    88     48      1
    89     80      1
    89     36      1
    89     68      1
    89     94      1
    90      3      1
    90     23      1
    90     86      1
    91     47      1
    91     72      1
    92     61      1
    92      4      1
    93     41      1
    93     68      1
    94     89      1
    94     34      1
    94     23      1
    95     43      1
    95     27      1
    96     60      1
    96     47      1
    97     35      1
    97     19      1
    97     29      1
    98     11      1
    98     75      1
    98     36      1
    99     77      1
    99      5      1
