COORD_X_Y 25
  2.62787   1.42304
  2.78198 0.0516668
  2.30415  0.909055
  1.40319   1.18945
  1.84793  0.601078
  2.78023  0.642237
  1.48937   2.35486
  1.69848 0.0381355
  2.19898  0.603869
  2.66905  0.928505
  2.88944  0.537796
  1.89359    1.6985
  1.81399 0.00183267
 0.830114   1.24014
 0.146754  0.219607
0.0492435   1.17158
  2.71892   1.22918
  1.43099   2.36116
 0.995244  0.613061
   1.6262  0.630343
  2.61114   1.03441
 0.276245  0.760746
 0.869548  0.268231
 0.238096   0.16701
  2.21527  0.344977
LINKS_SOURCE_DESTINATION_DISTANCE 48
     0      1      1
     0      3      1
     0     17      1
     0     24      1
     1      0      1
     1      2      1
     1     13      1
     2      1      1
     2      4      1
     2     14      1
     3      0      1
     3      6      1
     3      7      1
     4      2      1
     4      5      1
     5      4      1
     5      9      1
     5     10      1
     5     21      1
     6      3      1
     6      8      1
     6     11      1
     7      3      1
     8      6      1
     8     12      1
     9      5      1
    10      5      1
    10     16      1
    11      6      1
    12      8      1
    12     15      1
    12     18      1
    12     19      1
    13      1      1
    14      2      1
    15     12      1
    15     22      1
    16     10      1
    17      0      1
    18     12      1
    19     12      1
    19     20      1
    20     19      1
    21      5      1
    22     15      1
    22     23      1
    23     22      1
    24      0      1
