COORD_X_Y 80
  1.49169   1.30769
  2.51756   1.66686
  2.98898   2.85762
 0.606286   2.88857
 0.533681   2.23597
 0.566534   1.10482
 0.517373   2.37219
 0.308629  0.119554
  2.37455   2.88096
 0.543997   2.56156
  2.29024   1.10338
  1.81152  0.842421
  1.52446   2.93248
 0.580944   2.70835
 0.560934   2.60959
  2.65155   1.66988
 0.156392   0.91822
 0.098657   1.23337
  2.89896   2.28543
 0.328703   1.05568
 0.206245   2.94416
  2.02545   2.88551
  1.73305   1.45595
  1.22424  0.410705
  1.67666   2.08102
   1.8087   2.16422
  2.65114   2.41815
 0.577503  0.833009
  2.46199  0.570937
  0.42968 0.0738198
  0.95154  0.547327
  1.65559   1.55642
  1.28696  0.107575
  1.95183   1.80333
  1.72145   1.58281
 0.695299    1.0827
 0.192992   0.64472
  1.11008    1.7854
 0.248307    2.2374
  2.29076  0.236155
 0.431252   2.67338
  1.61552  0.986051
  2.69818   2.63592
 0.984687   1.55076
  2.37225   1.80035
 0.914022   1.54394
  1.91848   1.06623
 0.575156   2.78696
 0.646114  0.389489
 0.937044   2.59861
   2.9444 0.0287018
  2.95314   2.10677
 0.774947   2.80772
  1.49287    1.8513
  2.13301   2.62059
  2.21991   1.71457
  1.86788   1.12766
   2.4796   1.44015
 0.960798   1.35309
  1.04832   1.23934
 0.366982   2.51223
  1.39872    2.2712
 0.281059   2.23989
  1.29934  0.366993
0.0585138   1.97216
  1.22092   2.96211
 0.881163   2.09566
 0.775066   2.75275
  2.38206    2.0019
 0.628515    1.3125
   2.1649   2.41054
  2.50685   1.63147
  0.27219  0.103471
0.0159334   1.67484
  1.38079  0.826579
   2.1055  0.297902
  2.84431   2.26834
 0.572908    1.3824
 0.133229   1.20205
  2.57048   1.20544
LINKS_SOURCE_DESTINATION_DISTANCE 158
     0      1      1
     0     10      1
     0     13      1
     0     19      1
     0     39      1
     0     66      1
     1      0      1
     1      2      1
     1      7      1
     1     16      1
     1     50      1
     2      1      1
     2      3      1
     3      2      1
     3      4      1
     3      6      1
     3     22      1
     3     43      1
     3     60      1
     4      3      1
     4      5      1
     4      9      1
     4     26      1
     5      4      1
     5     15      1
     5     32      1
     5     41      1
     5     77      1
     6      3      1
     6     18      1
     6     20      1
     6     62      1
     6     63      1
     7      1      1
     7      8      1
     7     23      1
     8      7      1
     8     28      1
     8     30      1
     9      4      1
     9     12      1
     9     53      1
    10      0      1
    10     11      1
    11     10      1
    11     14      1
    11     51      1
    12      9      1
    12     27      1
    12     71      1
    13      0      1
    13     21      1
    13     79      1
    14     11      1
    14     25      1
    14     52      1
    15      5      1
    15     37      1
    15     70      1
    15     76      1
    16      1      1
    16     17      1
    16     40      1
    16     56      1
    16     64      1
    17     16      1
    17     24      1
    18      6      1
    18     49      1
    18     59      1
    19      0      1
    19     44      1
    20      6      1
    21     13      1
    21     57      1
    21     67      1
    22      3      1
    22     45      1
    23      7      1
    23     74      1
    24     17      1
    24     54      1
    25     14      1
    26      4      1
    26     29      1
    26     33      1
    26     35      1
    26     61      1
    27     12      1
    27     38      1
    27     48      1
    27     78      1
    28      8      1
    29     26      1
    29     34      1
    30      8      1
    30     31      1
    30     36      1
    31     30      1
    32      5      1
    32     65      1
    33     26      1
    34     29      1
    35     26      1
    36     30      1
    37     15      1
    37     55      1
    38     27      1
    39      0      1
    39     69      1
    40     16      1
    41      5      1
    41     42      1
    41     47      1
    42     41      1
    43      3      1
    44     19      1
    44     73      1
    45     22      1
    45     46      1
    46     45      1
    47     41      1
    48     27      1
    49     18      1
    49     72      1
    50      1      1
    51     11      1
    52     14      1
    53      9      1
    54     24      1
    55     37      1
    55     58      1
    56     16      1
    57     21      1
    58     55      1
    58     68      1
    59     18      1
    60      3      1
    61     26      1
    62      6      1
    62     75      1
    63      6      1
    64     16      1
    65     32      1
    66      0      1
    67     21      1
    68     58      1
    69     39      1
    70     15      1
    71     12      1
    72     49      1
    73     44      1
    74     23      1
    75     62      1
    76     15      1
    77      5      1
    78     27      1
    79     13      1
