COORD_X_Y 200
  1.96048    1.4182
  2.45005  0.951227
  1.26956  0.367253
  2.96696   1.74523
  1.54312   2.64611
  1.06759    1.4735
 0.364349  0.611583
  2.77965   1.55874
  1.68307  0.119211
  2.32704    1.0909
 0.308787  0.315259
  2.39036   2.92679
 0.791943   2.63439
  2.61089    2.0073
  1.42184   1.46703
  1.30515   2.94161
  1.00271   1.12134
  1.13126   1.92636
  2.67039    2.7158
 0.302109   2.99423
  2.21549  0.953582
 0.736498   1.80161
  1.57977  0.359825
 0.294408   2.87313
 0.362266   1.62687
 0.206715  0.933581
  2.79485   2.93785
  2.29197  0.191011
  2.56069   1.33384
 0.105477  0.455523
  2.40409   1.57016
 0.116787   1.99561
  2.43777   1.97258
 0.175714  0.521583
 0.555545   2.06752
 0.391512  0.354976
  1.40313   2.24939
  2.82426   1.19385
  2.52026   2.92684
   0.2073    1.1161
  2.54494   1.28955
 0.994847   1.69122
 0.270563   2.39791
  1.01728  0.614276
   1.4417  0.929012
  1.56858    2.4943
  1.88687   1.72588
   0.3436  0.739239
  1.93066   2.60919
 0.839915    1.4759
0.0591445  0.772553
  2.62669   2.49683
  1.25049  0.334347
   1.5487    1.9079
   1.2498  0.529749
  1.47576   2.48193
  2.29777   2.33194
  2.39152   1.24817
  1.68166   1.52709
  2.40755   2.37674
 0.449754   1.47711
 0.539738   2.43403
0.0187942   2.38293
 0.232768   2.90099
 0.955982  0.668231
  1.04077  0.798174
 0.937118   1.03078
 0.349179 0.00270744
  2.11861  0.797388
  1.86483  0.447883
   2.1952   2.37818
 0.695674  0.958509
 0.512098  0.999162
  2.54314    2.2753
   2.1226  0.824921
 0.713607   1.27071
  2.30744   1.49056
 0.299519   2.05589
  0.76926   1.92269
 0.713241   2.11659
  1.50793   1.77821
  2.91309   2.53132
 0.359599   2.50747
  1.18387   1.90542
 0.846278   1.66359
  2.33443  0.640516
 0.153553   1.56863
  2.44439 0.0921331
 0.800968    2.0034
 0.923859   2.74974
  2.89097   2.35666
  2.03539   1.56616
  2.65807   2.02746
  1.94923 0.0961998
  2.23118  0.969577
 0.350044    1.6279
  1.93205   1.86507
 0.166022   1.13937
  0.87202   1.13183
  1.75812   1.78907
  1.92774  0.408697
  1.48451   2.97975
  2.16972   1.39126
0.0110356   0.67078
  1.65046     1.799
  2.15066  0.873476
 0.434408   1.93009
   1.7033  0.608719
  1.53569     2.508
  2.52231   2.73589
 0.437076   2.21181
  1.14632    2.3912
  2.41843   2.61327
  1.12858   2.59177
 0.492054   2.75551
  1.24101   2.82638
  2.38165  0.796907
  1.82214     2.596
  1.65995   2.70732
 0.690393   1.60306
  2.28873   1.67792
  2.70308    1.9803
 0.791549   2.39048
 0.100042   2.80927
  1.55125   2.38565
 0.138975    1.6326
 0.789458    1.6052
 0.438451  0.588678
  2.42459   1.14449
  2.53629    1.3228
   2.8606    1.3604
  2.93014  0.442327
  2.77585  0.854782
  1.80963   2.71375
 0.827308   1.07894
  1.52722   2.99294
  2.93422   2.07948
  1.26222   1.79835
  1.11556 0.0834492
 0.328423   2.52709
  1.35376   2.01909
  1.86926   2.76248
0.0518025   2.96232
 0.509038   1.53083
   1.0927   2.91376
  2.01259  0.477725
  1.87086   2.17384
0.0869502  0.303556
0.0828125   2.60409
   2.0555   1.64864
  1.20799   2.68632
 0.566224   2.16029
 0.827466 0.0138314
  0.78616  0.968202
  1.05273   2.85631
 0.842984   1.58039
  2.48251   2.87787
  1.55105   1.64531
  1.13746   2.47608
 0.548781   1.36261
  2.71041  0.216303
 0.867992   2.15359
 0.326552    1.0604
  1.16976 0.0953331
  1.82527  0.190287
 0.499703   1.13537
  1.16722  0.340851
  1.24781 0.0922508
  2.07989   1.45479
  1.49306   1.86861
 0.618285   1.98915
 0.569797   1.44033
  2.05768  0.771388
 0.466209   2.19455
 0.518199  0.349436
 0.238854   2.72422
  1.75024   1.26663
  1.78739   1.06291
  1.06425   2.19373
  2.13654   1.02911
  2.26467    2.7516
 0.707252   1.36431
 0.481547   1.99146
  1.15543   1.03915
 0.894688  0.148974
  1.44102   0.08776
 0.263942  0.139305
  1.91554  0.594698
  0.96891   2.91109
 0.292448  0.901612
 0.989147    2.4944
  1.60874   2.05025
  2.83932  0.185513
 0.411113    2.7856
  1.55476 0.0755337
  2.09332   2.65052
  1.01653   2.73839
  2.83701   2.08297
 0.533068  0.970735
  1.11091  0.645244
LINKS_SOURCE_DESTINATION_DISTANCE 398
     0      1      1
     0     33      1
     0    145      1
     1      0      1
     1      2      1
     1      3      1
     1      7      1
     1     39      1
     2      1      1
     2      6      1
     3      1      1
     3      4      1
     3      9      1
     3     10      1
     3     20      1
     3     23      1
     3     31      1
     3    108      1
     3    111      1
     3    187      1
     4      3      1
     4      5      1
     4     29      1
     4     49      1
     4    186      1
     5      4      1
     5     18      1
     5     72      1
     5    100      1
     5    102      1
     6      2      1
     6      8      1
     6     19      1
     6     70      1
     6     74      1
     7      1      1
     7     13      1
     7     38      1
     8      6      1
     8     12      1
     8     73      1
     8     88      1
     8    192      1
     9      3      1
     9     26      1
     9     40      1
     9     84      1
    10      3      1
    10     11      1
    10     22      1
    10     24      1
    10     63      1
    10    198      1
    11     10      1
    11     17      1
    11     43      1
    11     79      1
    11     95      1
    11    161      1
    12      8      1
    12     16      1
    12     32      1
    12    135      1
    13      7      1
    13     14      1
    13     15      1
    13     37      1
    14     13      1
    14     75      1
    15     13      1
    15     59      1
    15    156      1
    16     12      1
    16     27      1
    16    165      1
    17     11      1
    17     60      1
    17     77      1
    18      5      1
    19      6      1
    19    112      1
    20      3      1
    20     21      1
    20     46      1
    20     50      1
    21     20      1
    22     10      1
    22     25      1
    22     30      1
    22     34      1
    22    151      1
    23      3      1
    23     28      1
    23     44      1
    23     47      1
    23     54      1
    23     91      1
    23    131      1
    24     10      1
    24     51      1
    24     57      1
    24    125      1
    25     22      1
    25     53      1
    25     83      1
    26      9      1
    26     45      1
    27     16      1
    27    153      1
    28     23      1
    28     58      1
    28    121      1
    28    195      1
    29      4      1
    29     48      1
    29     71      1
    30     22      1
    30    141      1
    31      3      1
    31     35      1
    31     36      1
    31     42      1
    31    140      1
    31    178      1
    32     12      1
    33      0      1
    33     68      1
    33    104      1
    34     22      1
    34     41      1
    34     87      1
    34    114      1
    34    116      1
    35     31      1
    35     99      1
    36     31      1
    36     55      1
    37     13      1
    38      7      1
    38    134      1
    38    172      1
    39      1      1
    39    190      1
    40      9      1
    40     80      1
    40    142      1
    40    160      1
    41     34      1
    41     64      1
    41    118      1
    42     31      1
    43     11      1
    43     61      1
    43    115      1
    43    122      1
    43    128      1
    44     23      1
    44     86      1
    44    101      1
    45     26      1
    46     20      1
    46     90      1
    46    124      1
    47     23      1
    48     29      1
    48     62      1
    48     78      1
    49      4      1
    49     89      1
    50     20      1
    50     52      1
    51     24      1
    52     50      1
    52     56      1
    53     25      1
    53     65      1
    54     23      1
    54     66      1
    54     92      1
    55     36      1
    56     52      1
    56    110      1
    56    197      1
    57     24      1
    57     69      1
    58     28      1
    58     67      1
    59     15      1
    59    159      1
    60     17      1
    61     43      1
    62     48      1
    62    171      1
    63     10      1
    63    157      1
    64     41      1
    64    109      1
    65     53      1
    65     82      1
    65    146      1
    66     54      1
    66     97      1
    66    123      1
    66    143      1
    66    191      1
    67     58      1
    67    120      1
    68     33      1
    69     57      1
    69     98      1
    70      6      1
    70     76      1
    70    149      1
    70    162      1
    70    175      1
    71     29      1
    72      5      1
    73      8      1
    73    127      1
    73    138      1
    73    139      1
    74      6      1
    74    113      1
    75     14      1
    76     70      1
    76    167      1
    77     17      1
    78     48      1
    78     81      1
    79     11      1
    79    177      1
    80     40      1
    81     78      1
    81    163      1
    82     65      1
    82     94      1
    82    107      1
    82    148      1
    83     25      1
    83     85      1
    84      9      1
    84    168      1
    85     83      1
    86     44      1
    86    103      1
    86    164      1
    87     34      1
    87    117      1
    87    158      1
    87    173      1
    87    174      1
    88      8      1
    88    129      1
    89     49      1
    89    133      1
    90     46      1
    91     23      1
    91     93      1
    92     54      1
    92    106      1
    93     91      1
    93    105      1
    93    136      1
    93    169      1
    94     82      1
    95     11      1
    95     96      1
    96     95      1
    96    170      1
    97     66      1
    98     69      1
    99     35      1
   100      5      1
   100    199      1
   101     44      1
   102      5      1
   102    119      1
   103     86      1
   104     33      1
   105     93      1
   106     92      1
   106    193      1
   107     82      1
   108      3      1
   109     64      1
   110     56      1
   111      3      1
   112     19      1
   112    130      1
   113     74      1
   114     34      1
   114    126      1
   115     43      1
   116     34      1
   117     87      1
   117    137      1
   117    181      1
   118     41      1
   119    102      1
   119    152      1
   119    155      1
   120     67      1
   121     28      1
   121    196      1
   122     43      1
   123     66      1
   124     46      1
   125     24      1
   126    114      1
   127     73      1
   128     43      1
   128    147      1
   129     88      1
   129    150      1
   130    112      1
   130    132      1
   130    176      1
   131     23      1
   131    144      1
   132    130      1
   133     89      1
   134     38      1
   135     12      1
   136     93      1
   137    117      1
   138     73      1
   139     73      1
   139    182      1
   140     31      1
   140    194      1
   141     30      1
   141    166      1
   142     40      1
   143     66      1
   144    131      1
   145      0      1
   145    154      1
   146     65      1
   146    188      1
   147    128      1
   148     82      1
   149     70      1
   150    129      1
   151     22      1
   152    119      1
   153     27      1
   154    145      1
   155    119      1
   156     15      1
   157     63      1
   158     87      1
   159     59      1
   160     40      1
   161     11      1
   162     70      1
   163     81      1
   163    179      1
   163    185      1
   164     86      1
   165     16      1
   166    141      1
   167     76      1
   168     84      1
   169     93      1
   170     96      1
   170    184      1
   171     62      1
   172     38      1
   173     87      1
   173    189      1
   174     87      1
   174    183      1
   175     70      1
   176    130      1
   177     79      1
   178     31      1
   179    163      1
   179    180      1
   180    179      1
   181    117      1
   182    139      1
   183    174      1
   184    170      1
   185    163      1
   186      4      1
   187      3      1
   188    146      1
   189    173      1
   190     39      1
   191     66      1
   192      8      1
   193    106      1
   194    140      1
   195     28      1
   196    121      1
   197     56      1
   198     10      1
   199    100      1
