COORD_X_Y 65
  2.54549   2.28096
   2.0054   2.59479
 0.581957  0.921416
  2.47092  0.451263
 0.931879   0.22026
  1.88791    2.8285
 0.177713  0.406395
  2.69354   2.67006
 0.703545 0.00397704
   1.7374   1.62863
  1.00371   2.92489
  1.91068  0.815567
  2.36606   1.47017
  1.18328   1.99405
 0.217633   2.29871
  2.38051  0.150206
  1.91979     2.793
  2.75295   1.97654
  2.97167   1.23128
  2.27758   2.72491
0.0826711   2.89761
  1.49374   1.62694
 0.292114  0.622545
 0.894413   2.75669
  2.92693   1.47139
 0.971313   2.43654
  2.34935   2.82533
 0.714667   2.27058
 0.745312   2.06329
0.0598554  0.950422
  0.61587    2.0246
  2.34572   1.32448
  1.33097   2.95254
  1.24379  0.245262
0.0569038   2.22008
 0.620826   1.56891
  2.65885  0.605189
  2.32242   1.07067
 0.128578  0.448572
  1.87655  0.746948
  2.56892  0.509799
 0.088568  0.405864
  2.82565   1.91704
   1.1166  0.812617
 0.118146   2.49415
 0.973416   2.37885
 0.660089   1.57629
  1.60048   2.74416
  2.02272   1.98212
  2.00902  0.256764
  2.01393   2.28115
  2.65976   2.90598
  2.51157   1.21847
 0.964953   1.58698
 0.424748   0.16168
  2.48651  0.194635
  2.15979  0.620522
 0.564747 0.00347847
  1.05109   1.70921
  0.37839  0.488752
0.0153269  0.374944
  2.30454  0.605322
 0.125192   2.75452
  2.67284  0.120929
  2.12591   1.00144
LINKS_SOURCE_DESTINATION_DISTANCE 128
     0      1      1
     0      3      1
     0      4      1
     0      9      1
     0     19      1
     1      0      1
     1      2      1
     1      8      1
     1     11      1
     1     12      1
     1     36      1
     2      1      1
     2     10      1
     3      0      1
     3      5      1
     4      0      1
     4      7      1
     4     23      1
     5      3      1
     5      6      1
     5     32      1
     6      5      1
     6     25      1
     7      4      1
     7     20      1
     7     21      1
     8      1      1
     9      0      1
     9     39      1
    10      2      1
    10     33      1
    11      1      1
    11     13      1
    11     16      1
    12      1      1
    12     14      1
    12     18      1
    12     42      1
    12     44      1
    12     46      1
    12     56      1
    13     11      1
    13     22      1
    13     51      1
    14     12      1
    14     15      1
    14     49      1
    14     59      1
    15     14      1
    16     11      1
    16     17      1
    16     26      1
    16     29      1
    16     31      1
    16     57      1
    16     62      1
    17     16      1
    17     28      1
    17     41      1
    18     12      1
    18     50      1
    19      0      1
    19     30      1
    20      7      1
    20     24      1
    21      7      1
    21     40      1
    21     45      1
    22     13      1
    22     37      1
    22     61      1
    23      4      1
    24     20      1
    24     27      1
    25      6      1
    25     47      1
    26     16      1
    27     24      1
    27     34      1
    28     17      1
    29     16      1
    30     19      1
    30     48      1
    31     16      1
    31     43      1
    31     64      1
    32      5      1
    32     54      1
    33     10      1
    34     27      1
    34     35      1
    35     34      1
    35     53      1
    36      1      1
    36     38      1
    37     22      1
    38     36      1
    39      9      1
    40     21      1
    41     17      1
    42     12      1
    43     31      1
    44     12      1
    44     55      1
    45     21      1
    46     12      1
    46     52      1
    47     25      1
    48     30      1
    48     63      1
    49     14      1
    49     60      1
    50     18      1
    51     13      1
    52     46      1
    53     35      1
    53     58      1
    54     32      1
    55     44      1
    56     12      1
    57     16      1
    58     53      1
    59     14      1
    60     49      1
    61     22      1
    62     16      1
    63     48      1
    64     31      1
