COORD_X_Y 40
  2.47158   2.98038
  1.78122  0.170628
 0.819437   2.98426
 0.636282   1.98759
 0.738023   2.57877
  1.21446   1.72566
  2.57171   1.54952
 0.542303   2.05876
  2.62221   1.22155
  1.82901   2.92588
   1.6496   1.18599
0.0512077   1.86389
 0.487976   2.32459
 0.342352  0.473805
  2.86566   2.47932
 0.637819   0.42184
  1.57721   1.66346
0.0355706   1.05467
  1.49948   2.97106
  2.41424   1.33992
  2.27761   2.60465
  1.71477   2.53403
  1.10178   1.98838
  2.55141   1.99963
  1.05361   1.53485
  1.25243   2.77436
  2.83018    1.3026
  1.58036  0.146641
 0.307032   2.47794
  2.82975   2.60222
  2.02531   1.67114
  1.00082  0.705347
 0.333857   2.14362
 0.829717    2.3382
 0.663394  0.904326
 0.283321   1.10174
  2.80226   2.61215
  1.59165   1.56355
  2.80498   2.19368
  2.90545   1.86024
LINKS_SOURCE_DESTINATION_DISTANCE 78
     0      1      1
     0      2      1
     0      4      1
     1      0      1
     1      3      1
     2      0      1
     2      5      1
     2      6      1
     2     17      1
     3      1      1
     3     35      1
     4      0      1
     4     14      1
     5      2      1
     5      7      1
     6      2      1
     6      8      1
     7      5      1
     7     11      1
     7     13      1
     7     21      1
     7     30      1
     8      6      1
     8      9      1
     8     10      1
     9      8      1
     9     20      1
     9     22      1
     9     26      1
    10      8      1
    10     15      1
    10     28      1
    10     36      1
    11      7      1
    11     12      1
    11     25      1
    12     11      1
    12     32      1
    12     34      1
    13      7      1
    13     16      1
    14      4      1
    14     19      1
    14     38      1
    15     10      1
    15     18      1
    16     13      1
    17      2      1
    17     33      1
    18     15      1
    19     14      1
    19     23      1
    19     31      1
    19     39      1
    20      9      1
    20     29      1
    21      7      1
    22      9      1
    23     19      1
    23     24      1
    24     23      1
    25     11      1
    26      9      1
    26     27      1
    27     26      1
    28     10      1
    29     20      1
    30      7      1
    31     19      1
    32     12      1
    33     17      1
    34     12      1
    35      3      1
    35     37      1
    36     10      1
    37     35      1
    38     14      1
    39     19      1
