COORD_X_Y 30
 0.356162   2.14289
 0.999241   1.05169
 0.229984   2.49383
  1.70267  0.622988
  0.56106   1.14322
 0.726144   1.47067
  2.96309   2.26582
 0.590649   2.54761
 0.793753   2.27612
  2.44664   1.78535
  1.90651    1.0157
 0.819374   2.36211
  0.74113   2.50002
  1.25197  0.678878
 0.235245   2.94084
  2.25826   2.77271
 0.178952     2.845
 0.376631   2.30222
  1.90953  0.892318
  1.95661   2.10934
  1.75977  0.165015
 0.580048  0.226811
  1.78859   1.64119
 0.656098   1.09886
  2.46272   2.46065
  1.57421   1.12249
   1.0808   2.21265
  2.26924   2.73515
  1.93134 0.0407559
 0.744056   0.32668
LINKS_SOURCE_DESTINATION_DISTANCE 58
     0      1      1
     1      0      1
     1      2      1
     1      3      1
     1      7      1
     1     10      1
     1     14      1
     2      1      1
     2      6      1
     2     19      1
     3      1      1
     3      4      1
     3     13      1
     4      3      1
     4      5      1
     4     11      1
     4     17      1
     5      4      1
     5     12      1
     5     16      1
     5     29      1
     6      2      1
     6      8      1
     6      9      1
     7      1      1
     7     23      1
     8      6      1
     8     20      1
     9      6      1
    10      1      1
    11      4      1
    12      5      1
    12     15      1
    13      3      1
    13     24      1
    14      1      1
    15     12      1
    16      5      1
    17      4      1
    17     18      1
    17     21      1
    18     17      1
    18     22      1
    19      2      1
    20      8      1
    20     26      1
    21     17      1
    22     18      1
    23      7      1
    24     13      1
    24     25      1
    24     28      1
    25     24      1
    25     27      1
    26     20      1
    27     25      1
    28     24      1
    29      5      1
