COORD_X_Y 80
  2.25606  0.847512
  2.94973 0.0569002
  0.12904   1.91795
  2.13361    1.3276
  2.22264   2.41047
 0.437097   2.08395
 0.547669  0.280047
 0.596196  0.182769
  2.85772   1.08017
 0.975681  0.333339
 0.930757   2.35938
 0.297784  0.577288
  2.58081  0.786671
   1.4061   1.74285
  2.12437   2.35924
  2.60708   2.57281
  2.57229  0.272264
  2.79005   1.65269
   2.8569  0.785173
  1.69905  0.675101
 0.350219   1.29776
  1.33239   2.71009
   1.0635  0.177323
  1.61134    2.1354
  2.40312   2.73161
 0.013262   2.91396
  2.39637   2.02484
   1.0616  0.375279
  0.16171   2.16814
  1.71365   2.95086
 0.947568   1.44774
 0.878321  0.742548
   1.9908  0.474598
  2.85845   2.87422
0.0876981   1.35024
  1.59899   1.56111
  2.39856    2.2548
  2.60749   1.88937
  2.33385   1.11397
  1.92025   1.49361
  1.33067    2.9151
  2.35677   1.44394
 0.688374  0.593762
  2.51971   2.04807
  1.88413 0.0304805
  1.50854   2.04667
 0.256958 0.0545616
0.0171441   2.08825
  1.51638   1.53693
 0.792674   1.31761
  2.77506   2.76841
  1.06625   1.21303
  2.11936   1.44199
 0.163359   1.47028
 0.649286  0.597523
0.0730166 0.0142421
  2.68913  0.462539
  2.53205  0.962849
  1.69153   0.60187
  2.54775  0.708153
0.0584111     1.295
   1.6388   2.64209
  1.29013  0.954515
  2.92538   1.95254
  1.51993   2.09631
  1.19523   1.35909
  2.79042  0.644529
 0.775857   1.00527
  1.50283   2.05604
0.0655457   2.42971
  1.93774   1.71882
  1.35298   1.47763
  2.08643   1.92489
   1.6331   1.16841
 0.244937   1.76169
  1.16562   2.85506
0.0672282   1.81007
 0.609226   2.48845
  1.62401   2.41008
  2.87862    2.8499
LINKS_SOURCE_DESTINATION_DISTANCE 378
     0      1      1
     0      2      1
     0      4      1
     0      8      1
     0     11      1
     0     15      1
     1      0      1
     1      3      1
     1      4      1
     1     10      1
     1     42      1
     1     49      1
     1     63      1
     2      0      1
     2      5      1
     2      6      1
     2      9      1
     2     10      1
     2     13      1
     2     24      1
     2     63      1
     2     69      1
     3      1      1
     3      4      1
     3      6      1
     3      7      1
     3     17      1
     3     22      1
     3     41      1
     3     71      1
     3     76      1
     4      0      1
     4      1      1
     4      3      1
     4      5      1
     4      8      1
     4     11      1
     4     12      1
     4     14      1
     4     44      1
     5      2      1
     5      4      1
     5      6      1
     5      7      1
     5      8      1
     5      9      1
     5     19      1
     5     22      1
     6      2      1
     6      5      1
     6      3      1
     6      9      1
     6     15      1
     6     25      1
     6     27      1
     6     28      1
     6     32      1
     6     61      1
     7      5      1
     7      3      1
     7     12      1
     7     17      1
     7     20      1
     7     23      1
     7     30      1
     7     43      1
     7     52      1
     8      4      1
     8      5      1
     8      0      1
     8     10      1
     8     20      1
     8     31      1
     8     37      1
     8     45      1
     9      5      1
     9      6      1
     9      2      1
     9     11      1
     9     12      1
     9     14      1
     9     18      1
     9     24      1
     9     33      1
     9     62      1
    10      2      1
    10      8      1
    10      1      1
    10     17      1
    10     20      1
    10     50      1
    11      0      1
    11      4      1
    11      9      1
    11     13      1
    11     40      1
    11     46      1
    12      7      1
    12      9      1
    12      4      1
    12     19      1
    12     26      1
    12     38      1
    12     42      1
    12     45      1
    12     73      1
    13      2      1
    13     11      1
    13     47      1
    13     65      1
    14      9      1
    14      4      1
    14     15      1
    14     16      1
    14     34      1
    14     35      1
    14     43      1
    14     59      1
    15      6      1
    15      0      1
    15     14      1
    15     16      1
    15     21      1
    15     30      1
    15     39      1
    16     14      1
    16     15      1
    16     18      1
    16     21      1
    16     36      1
    16     46      1
    16     49      1
    17      3      1
    17     10      1
    17      7      1
    17     27      1
    17     33      1
    17     39      1
    17     40      1
    18      9      1
    18     16      1
    18     21      1
    18     34      1
    19     12      1
    19      5      1
    20      7      1
    20     10      1
    20      8      1
    20     26      1
    20     45      1
    20     74      1
    21     15      1
    21     18      1
    21     16      1
    21     23      1
    21     24      1
    21     25      1
    21     29      1
    21     33      1
    21     41      1
    21     46      1
    21     60      1
    22      3      1
    22      5      1
    22     56      1
    23      7      1
    23     21      1
    23     28      1
    23     35      1
    23     78      1
    24      9      1
    24      2      1
    24     21      1
    24     60      1
    25     21      1
    25      6      1
    25     38      1
    25     73      1
    26     20      1
    26     12      1
    26     29      1
    26     30      1
    26     36      1
    26     40      1
    27     17      1
    27      6      1
    27     53      1
    27     74      1
    27     75      1
    28     23      1
    28      6      1
    28     41      1
    28     51      1
    28     59      1
    29     26      1
    29     21      1
    30     26      1
    30      7      1
    30     15      1
    30     31      1
    30     34      1
    30     57      1
    30     67      1
    31      8      1
    31     30      1
    31     32      1
    31     38      1
    31     47      1
    32      6      1
    32     31      1
    32     37      1
    32     47      1
    32     70      1
    33      9      1
    33     21      1
    33     17      1
    33     44      1
    33     53      1
    33     64      1
    34     30      1
    34     14      1
    34     18      1
    34     69      1
    35     14      1
    35     23      1
    35     50      1
    35     54      1
    36     26      1
    36     16      1
    36     48      1
    36     51      1
    37      8      1
    37     32      1
    37     58      1
    37     74      1
    38     25      1
    38     31      1
    38     12      1
    38     52      1
    38     56      1
    38     66      1
    38     68      1
    39     15      1
    39     17      1
    39     64      1
    40     26      1
    40     17      1
    40     11      1
    40     42      1
    40     48      1
    40     57      1
    40     58      1
    41      3      1
    41     28      1
    41     21      1
    41     62      1
    42     12      1
    42      1      1
    42     40      1
    42     60      1
    43      7      1
    43     14      1
    43     58      1
    44     33      1
    44      4      1
    44     61      1
    44     70      1
    44     75      1
    44     78      1
    45     12      1
    45      8      1
    45     20      1
    46     16      1
    46     21      1
    46     11      1
    47     31      1
    47     32      1
    47     13      1
    48     36      1
    48     40      1
    49      1      1
    49     16      1
    49     54      1
    50     10      1
    50     35      1
    50     55      1
    51     28      1
    51     36      1
    51     68      1
    51     73      1
    51     76      1
    51     79      1
    52      7      1
    52     38      1
    53     33      1
    53     27      1
    53     54      1
    53     55      1
    53     57      1
    53     64      1
    54     53      1
    54     49      1
    54     35      1
    54     65      1
    54     66      1
    54     71      1
    55     53      1
    55     50      1
    56     38      1
    56     22      1
    56     61      1
    57     40      1
    57     53      1
    57     30      1
    58     43      1
    58     40      1
    58     37      1
    58     67      1
    59     14      1
    59     28      1
    59     62      1
    60     24      1
    60     21      1
    60     42      1
    60     72      1
    60     75      1
    61      6      1
    61     44      1
    61     56      1
    61     72      1
    62     41      1
    62      9      1
    62     59      1
    63      2      1
    63      1      1
    64     39      1
    64     33      1
    64     53      1
    65     54      1
    65     13      1
    66     54      1
    66     38      1
    67     30      1
    67     58      1
    68     51      1
    68     38      1
    68     69      1
    69     34      1
    69      2      1
    69     68      1
    70     44      1
    70     32      1
    70     72      1
    71      3      1
    71     54      1
    71     79      1
    72     61      1
    72     70      1
    72     60      1
    73     12      1
    73     51      1
    73     25      1
    73     77      1
    74     37      1
    74     27      1
    74     20      1
    74     77      1
    75     27      1
    75     44      1
    75     60      1
    76      3      1
    76     51      1
    77     74      1
    77     73      1
    78     44      1
    78     23      1
    79     51      1
    79     71      1
