COORD_X_Y 350
 0.326013  0.638654
  2.33824   2.13607
0.00540855  0.774386
  1.11467   2.72101
  1.44911   2.70791
  2.47389   1.09392
 0.382896   1.65712
   1.1317   2.05342
 0.780868   0.44256
  1.58964  0.529899
 0.361917   1.88872
  0.16982   1.52575
 0.596196   1.82981
  2.09884   2.16965
 0.225491   2.29083
  1.87828  0.814909
  2.03633  0.778257
   2.8361   1.22101
 0.612442   1.67461
  2.71946  0.401188
  2.43401   2.38575
  1.15472   2.01458
  1.38217   2.73741
 0.649659   2.91959
  2.80979   1.31195
    2.006   1.84391
 0.642693  0.400709
  1.71887   2.67781
  2.03289  0.685722
  1.61896   2.56783
  2.00571   0.26157
  2.85756  0.341354
 0.879009   0.31323
  2.18626   2.50346
 0.675654  0.191112
 0.706067  0.547397
  2.93248   2.92658
  0.93342   1.55257
  2.79965  0.594497
   2.9953   1.32454
 0.589157   1.75932
  0.79491  0.604379
  2.16695  0.865086
  2.66441   1.61198
   2.6456  0.148342
  2.03296  0.518151
  2.51505   0.48981
   2.0485   2.38466
 0.452122   1.41308
  1.40677    2.7176
 0.812947   1.44674
 0.995165   2.07426
  2.59728   1.21979
  2.92351  0.462852
  1.85059  0.948911
 0.767014  0.536742
  2.47755   2.46617
 0.967277   1.45804
 0.766448   1.25759
   1.9635   2.40238
  1.55445   1.19103
 0.360105  0.916523
  2.60654   2.10978
    2.199   1.59269
  1.59634  0.560872
  2.24263  0.343841
  2.92369   1.77069
  1.93327  0.447982
  2.79523   2.96568
 0.292889  0.366028
  1.74764  0.272987
  2.12233  0.623194
  2.92454  0.282284
 0.202977   2.17624
  2.22755 0.0138663
 0.119989   2.64855
  2.10086   1.07056
  2.49643   1.29318
 0.912391  0.190709
  2.43184   2.75338
  0.99797   1.52355
 0.661792   2.32762
  2.64671   2.05017
  0.80333   2.68192
  2.31294  0.297933
  2.18906   1.05344
  1.15728   1.13617
0.0580523    2.9455
  1.92522   2.25697
  1.16884  0.476355
  2.92607   0.58225
  1.22524  0.633585
  2.01665  0.347546
 0.522629  0.307168
  1.64513   1.26902
  1.33289  0.759208
  1.68357   2.84512
 0.600763   0.66796
    2.848   1.25623
  2.51438   1.61141
 0.821331  0.736747
  1.35994   2.02386
 0.487254   1.70826
  1.50741 0.0782579
 0.483648 0.0433947
  1.24486   2.61124
  2.96157   1.16609
 0.757282   2.00698
  1.73646   1.92257
 0.787642   0.10148
 0.239321   1.09504
 0.277214   2.93771
  1.09668   2.84527
 0.692463    1.4344
 0.323983  0.129976
 0.377997  0.659878
 0.880683  0.210863
  2.52888   1.94322
  1.12209  0.514936
  2.21157   2.16016
 0.433758  0.649787
  2.46195   1.78025
  2.68468    1.8672
0.0471826   2.17713
 0.109525  0.596191
  2.70034   1.40662
  2.57768   2.22173
 0.374201   1.09749
  1.38732   1.93418
 0.831462  0.635204
  1.62466   1.57881
0.0294762  0.599707
 0.143942   1.77741
  1.73531  0.666707
 0.105576   1.10223
 0.270321   1.28774
    2.947  0.506915
 0.936349    1.2946
  0.64452  0.232848
  2.62936     2.813
  2.02845   2.61758
 0.774432 0.0767534
  1.17272   2.35979
  0.37871  0.100686
  0.86944  0.104174
 0.749719    2.3668
 0.272189   2.06823
 0.432199   0.67485
  2.47164  0.224415
  1.57672   1.12608
 0.480156  0.192486
  1.13339   2.18458
 0.900772   2.80862
 0.687527   1.04473
  2.77506   2.86127
   1.9942   1.66791
 0.828546   2.71191
  2.19349   1.15471
 0.323852   2.53251
  1.64037  0.460067
  2.00584   2.19163
   2.4441   1.65309
 0.349324   2.42641
  2.05047  0.809355
 0.986644   0.28428
  2.35925   1.85378
  2.78619   2.14034
  0.10339  0.967694
  1.86909  0.802604
  1.39568   2.53234
  2.97004   1.08853
  2.05307  0.899521
 0.419144   1.21985
  2.62279  0.461489
  2.45994   2.83553
  2.20223   1.67256
  2.96255   2.38451
 0.930854   2.10324
   1.8756  0.921405
  1.08965   2.96839
  1.00473   2.28719
  1.26189    2.0365
  2.35051  0.285149
  2.67526   1.62406
  1.43287   1.99604
  0.92542   2.26462
 0.291057    2.7297
  1.00695   2.88951
 0.886344    1.6392
  1.92538   2.87005
 0.547723   1.82862
  1.11291  0.860784
  0.46125   1.90951
 0.956111   2.18769
  2.36016   0.62788
  1.61549    2.3788
  1.69409   2.65007
  1.69369   1.89535
  1.67532   2.46439
 0.176656  0.334016
    2.182 0.0245755
  1.41766   1.38528
 0.129663   1.14495
  2.53055   1.24699
  2.54174   1.84411
  2.41717   1.47685
  2.46344   2.88073
  2.26642  0.278005
  2.45827   2.58654
 0.514849   0.65376
  0.98498  0.389667
 0.322451   1.74018
 0.533712   2.09963
  2.32375   2.04338
  2.51772    1.4273
  2.13884   2.23257
  2.00788  0.473045
  1.79092   2.16724
 0.925511  0.291431
 0.193564   2.11216
  2.61589  0.678161
  1.78827   2.72685
 0.645644   1.09013
 0.859441    2.3816
 0.141796   2.39005
  2.98145   1.70862
   1.1142   2.15493
  1.03165   1.03504
  2.47887    2.5872
  1.43474   1.57312
 0.468185   2.86487
  2.98595  0.194948
  2.10112 0.0604589
  2.14229  0.989541
  1.76912   1.56425
  2.41155   2.44832
  1.31249   1.15755
  1.34956  0.827615
 0.393928   2.14537
  2.93896  0.507617
  2.92532   2.12266
  2.33715    1.3241
  2.25667   2.90705
  1.48764   2.55864
  2.39089   1.54736
  2.44688    1.5582
0.0674623  0.220679
0.0438913   2.04651
  1.29637 0.0368176
  2.28138   1.73979
  1.24926   2.20628
  1.00221   2.53703
  2.48112  0.133548
  1.45936    2.7688
  1.39532   2.53325
  1.71778   1.40842
 0.748942   1.64767
 0.806149  0.568379
  2.03431  0.792311
  2.53958   1.42961
  1.41373   1.94871
  1.25491   2.39992
    1.707   1.08943
  2.51294   1.43892
  1.94308  0.292207
  2.47406  0.804641
 0.635246   2.54489
 0.926294   2.19554
  2.53766   2.21312
 0.861759   2.44279
  1.54622   1.99353
0.0300651   1.32105
  1.51905   2.72238
 0.473841   2.50148
  2.12397   2.28392
  1.02086   2.39029
 0.623701   2.35109
  1.21646  0.054214
 0.326097   2.82184
  1.48019   1.32931
  2.75614  0.992352
   2.5787   1.33907
   1.5402   1.75294
 0.102443   1.11958
 0.746635    1.2116
 0.264553  0.725771
  2.31356  0.946811
   2.6905   1.79299
  1.32781   2.67663
  2.27918  0.609179
 0.638687  0.380434
  1.50534   1.46727
 0.970693   2.21507
   2.9447   1.82589
  2.48845   1.05201
  1.04883    2.6256
  2.63035   2.28314
 0.317924    1.7289
 0.254432   1.69774
 0.609356   1.01175
 0.843894   2.81529
 0.167648 0.0468473
  1.41389   0.83505
  2.94386   1.83935
  2.76287  0.483742
  2.01481   2.03741
  1.32198   1.02901
  2.90016  0.511386
  1.26757   1.53265
  1.96787   2.09131
  1.67835  0.844482
 0.387011  0.196428
 0.806322   1.23068
  2.89282   2.09037
0.00323105  0.146135
  1.16013   0.64745
   2.9842   1.86292
  0.75959   1.33383
 0.880596   1.06016
  1.86215   1.41749
  1.93675    1.4896
  2.91625   2.04437
 0.699344   2.82288
  2.84802   2.28718
  2.65042   2.78429
  1.10433  0.847953
  2.29644  0.252535
  1.16469  0.827056
 0.318191   2.93101
 0.896618   2.15392
  2.16588  0.455442
 0.447123   1.84613
  2.89272   1.50756
  2.74855   0.98198
 0.263617   1.20358
  2.90454   1.52975
  1.34729   2.45717
 0.436149  0.839868
 0.587891   1.61594
  1.03793   1.13256
0.0924893   2.92771
  1.99562   1.88603
   0.1442   2.68755
  2.12024   2.27147
  1.67807   1.71143
  1.33973   2.71625
  1.84661  0.962637
  1.79425    1.8152
  1.73531   2.72778
  1.65259   2.99016
LINKS_SOURCE_DESTINATION_DISTANCE 1680
     0      1      1
     0      2      1
     0      4      1
     0      5      1
     0     20      1
     0     23      1
     0     30      1
     0     52      1
     0    135      1
     0    214      1
     0    330      1
     1      0      1
     1      4      1
     1      6      1
     1     13      1
     1     23      1
     1     47      1
     1     57      1
     1     69      1
     1     72      1
     1    161      1
     1    208      1
     2      0      1
     2      3      1
     2      7      1
     2     14      1
     2     18      1
     2     24      1
     2     52      1
     2     76      1
     2     93      1
     2     98      1
     2    191      1
     2    285      1
     2    344      1
     3      2      1
     3      4      1
     3      9      1
     3     10      1
     3     19      1
     3     38      1
     3     42      1
     3     47      1
     3     64      1
     3    210      1
     3    211      1
     3    247      1
     3    296      1
     3    304      1
     4      1      1
     4      3      1
     4      0      1
     4      5      1
     4      6      1
     4      9      1
     4     11      1
     4     21      1
     4     46      1
     4     72      1
     4     73      1
     4     88      1
     4    101      1
     4    112      1
     4    242      1
     4    319      1
     5      4      1
     5      0      1
     5      6      1
     5      7      1
     5      8      1
     5     27      1
     5     32      1
     5     35      1
     5     40      1
     5    261      1
     6      4      1
     6      1      1
     6      5      1
     6      8      1
     6     22      1
     6     26      1
     6     36      1
     6     38      1
     6     64      1
     6     66      1
     6    158      1
     6    205      1
     6    252      1
     6    326      1
     6    332      1
     7      2      1
     7      5      1
     7      8      1
     7     15      1
     7     17      1
     7     48      1
     7     83      1
     8      7      1
     8      6      1
     8      5      1
     8     11      1
     8     12      1
     8     13      1
     8     20      1
     8     34      1
     8     38      1
     8     51      1
     8     80      1
     8    166      1
     8    346      1
     9      4      1
     9      3      1
     9     10      1
     9     12      1
     9     19      1
     9     20      1
     9     22      1
     9     45      1
     9    263      1
    10      3      1
    10      9      1
    10     13      1
    10     14      1
    10     18      1
    10     42      1
    10     44      1
    10     60      1
    10     63      1
    10     67      1
    10    139      1
    10    150      1
    10    158      1
    10    161      1
    10    179      1
    10    189      1
    10    284      1
    11      8      1
    11      4      1
    11     17      1
    11     21      1
    11     28      1
    11     43      1
    11    127      1
    11    141      1
    11    177      1
    11    337      1
    12      9      1
    12      8      1
    12     29      1
    12     33      1
    12     65      1
    12     88      1
    12    226      1
    12    325      1
    13     10      1
    13      1      1
    13      8      1
    13     16      1
    13     36      1
    13     43      1
    13     48      1
    13     70      1
    13     78      1
    13     90      1
    13    268      1
    13    340      1
    14     10      1
    14      2      1
    14     15      1
    14     16      1
    14     19      1
    14     31      1
    14     37      1
    14     39      1
    14     40      1
    14     53      1
    14     56      1
    14     59      1
    14    169      1
    15      7      1
    15     14      1
    15     16      1
    15     24      1
    15     31      1
    15     32      1
    15     62      1
    15     67      1
    15    130      1
    16     15      1
    16     14      1
    16     13      1
    16     17      1
    16     25      1
    16     26      1
    16     52      1
    16     58      1
    16     75      1
    16    104      1
    16    216      1
    16    333      1
    17     11      1
    17     16      1
    17      7      1
    17     28      1
    17    107      1
    17    109      1
    18     10      1
    18      2      1
    18     28      1
    18     29      1
    18     53      1
    18     57      1
    18     85      1
    18     99      1
    18    144      1
    18    218      1
    18    232      1
    18    316      1
    19      3      1
    19     14      1
    19      9      1
    19     25      1
    19     34      1
    19    107      1
    19    348      1
    20      8      1
    20      0      1
    20      9      1
    20     91      1
    20    141      1
    20    215      1
    20    223      1
    20    264      1
    21     11      1
    21      4      1
    21     40      1
    21     76      1
    21    214      1
    21    327      1
    22      6      1
    22      9      1
    22     30      1
    22     51      1
    22     56      1
    22     89      1
    22     90      1
    23      0      1
    23      1      1
    23     92      1
    23     95      1
    23     97      1
    24      2      1
    24     15      1
    24     27      1
    24     33      1
    24     49      1
    24     61      1
    24     84      1
    24    102      1
    24    186      1
    24    192      1
    24    254      1
    25     19      1
    25     16      1
    25     32      1
    25     35      1
    25     62      1
    25    105      1
    25    154      1
    25    210      1
    26     16      1
    26      6      1
    26     39      1
    26     71      1
    26     78      1
    26     82      1
    26     86      1
    26    127      1
    26    143      1
    26    163      1
    26    319      1
    26    325      1
    27      5      1
    27     24      1
    27    101      1
    27    109      1
    27    115      1
    27    117      1
    27    127      1
    27    191      1
    27    265      1
    28     17      1
    28     11      1
    28     18      1
    28     44      1
    28     45      1
    28     59      1
    28     63      1
    28    166      1
    28    174      1
    28    242      1
    28    277      1
    29     12      1
    29     18      1
    29     30      1
    29     37      1
    29     54      1
    29     58      1
    29    142      1
    29    197      1
    29    338      1
    30     29      1
    30      0      1
    30     22      1
    30     33      1
    30     41      1
    30     50      1
    30     60      1
    30     68      1
    30    103      1
    30    173      1
    31     14      1
    31     15      1
    31     37      1
    31     48      1
    31     94      1
    31    130      1
    31    250      1
    31    341      1
    32      5      1
    32     15      1
    32     25      1
    32     77      1
    32     81      1
    33     12      1
    33     24      1
    33     30      1
    33     68      1
    33     92      1
    33    108      1
    33    126      1
    33    199      1
    33    233      1
    33    323      1
    34     19      1
    34      8      1
    34     45      1
    34     92      1
    34    155      1
    34    227      1
    34    237      1
    34    328      1
    35      5      1
    35     25      1
    35     66      1
    35    232      1
    35    297      1
    36      6      1
    36     13      1
    36     46      1
    36     75      1
    36     97      1
    36    193      1
    37     14      1
    37     29      1
    37     31      1
    37     55      1
    37     66      1
    37     87      1
    37     91      1
    37    174      1
    37    194      1
    37    200      1
    37    267      1
    37    288      1
    38      3      1
    38      6      1
    38      8      1
    38    156      1
    38    170      1
    38    189      1
    38    281      1
    39     14      1
    39     26      1
    39    103      1
    39    122      1
    39    161      1
    39    164      1
    39    175      1
    40      5      1
    40     21      1
    40     14      1
    40     41      1
    40    134      1
    40    217      1
    40    256      1
    41     40      1
    41     30      1
    41     94      1
    41    119      1
    41    186      1
    41    190      1
    41    307      1
    42      3      1
    42     10      1
    42     49      1
    42     54      1
    42     75      1
    42     89      1
    42    106      1
    42    182      1
    43     13      1
    43     11      1
    43     77      1
    43     95      1
    43    116      1
    43    162      1
    43    168      1
    43    251      1
    43    303      1
    44     28      1
    44     10      1
    44     47      1
    44     74      1
    44    158      1
    44    179      1
    44    182      1
    44    234      1
    44    316      1
    45     34      1
    45     28      1
    45      9      1
    45     51      1
    45     58      1
    45    125      1
    45    160      1
    45    213      1
    45    229      1
    46      4      1
    46     36      1
    46     50      1
    46     56      1
    46     79      1
    46    106      1
    46    183      1
    46    190      1
    47     44      1
    47      3      1
    47      1      1
    47     61      1
    47     63      1
    47    340      1
    47    347      1
    48     31      1
    48     13      1
    48      7      1
    48    193      1
    48    280      1
    48    286      1
    49     24      1
    49     42      1
    49     65      1
    49     90      1
    49     98      1
    49    117      1
    49    172      1
    49    254      1
    50     46      1
    50     30      1
    50     62      1
    50     67      1
    50    100      1
    50    153      1
    50    192      1
    50    196      1
    50    314      1
    51      8      1
    51     45      1
    51     22      1
    51     82      1
    51    110      1
    51    136      1
    51    147      1
    51    221      1
    51    238      1
    51    283      1
    52     16      1
    52      2      1
    52      0      1
    52    309      1
    53     14      1
    53     18      1
    53     69      1
    53    115      1
    53    236      1
    54     42      1
    54     29      1
    54     55      1
    54     70      1
    54    184      1
    54    294      1
    55     37      1
    55     54      1
    55     84      1
    56     14      1
    56     22      1
    56     46      1
    56     57      1
    56     74      1
    56     96      1
    56    253      1
    57     18      1
    57     56      1
    57      1      1
    57    282      1
    57    310      1
    58     45      1
    58     16      1
    58     29      1
    58    151      1
    58    153      1
    58    163      1
    58    168      1
    58    193      1
    58    198      1
    58    206      1
    59     28      1
    59     14      1
    59     77      1
    59    123      1
    59    134      1
    59    175      1
    60     10      1
    60     30      1
    60     84      1
    60    129      1
    60    171      1
    60    229      1
    60    240      1
    60    290      1
    60    305      1
    61     47      1
    61     24      1
    61    123      1
    61    139      1
    62     50      1
    62     25      1
    62     15      1
    62     73      1
    62    138      1
    62    336      1
    63     47      1
    63     28      1
    63     10      1
    63     83      1
    63     86      1
    63    142      1
    63    295      1
    63    346      1
    64      6      1
    64      3      1
    64     71      1
    64    119      1
    64    160      1
    64    178      1
    64    231      1
    65     12      1
    65     49      1
    65     87      1
    65    209      1
    65    304      1
    66     37      1
    66      6      1
    66     35      1
    66    128      1
    66    147      1
    66    205      1
    66    234      1
    66    257      1
    66    335      1
    66    339      1
    67     10      1
    67     15      1
    67     50      1
    67     71      1
    67     76      1
    67     79      1
    67     81      1
    67    118      1
    67    315      1
    68     30      1
    68     33      1
    68    152      1
    68    217      1
    69      1      1
    69     53      1
    69     70      1
    69    113      1
    69    145      1
    70     69      1
    70     54      1
    70     13      1
    70     82      1
    70    140      1
    70    175      1
    70    279      1
    71     67      1
    71     64      1
    71     26      1
    71     80      1
    71    149      1
    71    181      1
    71    184      1
    71    230      1
    72      1      1
    72      4      1
    72    236      1
    72    313      1
    73     62      1
    73      4      1
    73     83      1
    73    104      1
    73    156      1
    73    298      1
    74     56      1
    74     44      1
    74     81      1
    75     42      1
    75     16      1
    75     36      1
    75    100      1
    75    286      1
    76     67      1
    76     21      1
    76      2      1
    76    115      1
    76    228      1
    76    283      1
    76    309      1
    77     43      1
    77     32      1
    77     59      1
    77    133      1
    77    215      1
    78     26      1
    78     13      1
    78     99      1
    78    185      1
    78    222      1
    78    226      1
    79     67      1
    79     46      1
    79     89      1
    79    125      1
    80     71      1
    80      8      1
    80    124      1
    80    132      1
    80    180      1
    80    197      1
    80    291      1
    81     74      1
    81     32      1
    81     67      1
    81    105      1
    81    113      1
    81    201      1
    81    275      1
    82     26      1
    82     51      1
    82     70      1
    82     85      1
    82    219      1
    83     63      1
    83     73      1
    83      7      1
    83    112      1
    83    202      1
    83    238      1
    83    260      1
    83    280      1
    84     55      1
    84     60      1
    84     24      1
    84     93      1
    85     82      1
    85     18      1
    85     91      1
    85    121      1
    85    146      1
    86     63      1
    86     26      1
    86     96      1
    86    119      1
    86    162      1
    86    173      1
    87     37      1
    87     65      1
    87    129      1
    87    206      1
    87    290      1
    87    335      1
    88      4      1
    88     12      1
    88    241      1
    88    253      1
    88    269      1
    88    278      1
    88    293      1
    89     22      1
    89     79      1
    89     42      1
    89    200      1
    89    232      1
    90     22      1
    90     13      1
    90     49      1
    90     97      1
    90    100      1
    90    107      1
    90    110      1
    90    128      1
    91     20      1
    91     37      1
    91     85      1
    91    114      1
    91    285      1
    91    344      1
    92     34      1
    92     23      1
    92     33      1
    92    114      1
    92    141      1
    92    151      1
    92    244      1
    93     84      1
    93      2      1
    93    118      1
    93    123      1
    93    152      1
    94     41      1
    94     31      1
    94     98      1
    94    102      1
    94    171      1
    94    196      1
    94    231      1
    94    243      1
    94    342      1
    95     43      1
    95     23      1
    95    135      1
    95    165      1
    95    264      1
    95    288      1
    96     86      1
    96     56      1
    96    148      1
    96    150      1
    97     23      1
    97     36      1
    97     90      1
    97    103      1
    97    171      1
    97    219      1
    98     94      1
    98     49      1
    98      2      1
    99     78      1
    99     18      1
    99    122      1
    99    133      1
    99    201      1
   100     90      1
   100     75      1
   100     50      1
   100    116      1
   100    176      1
   100    243      1
   101     27      1
   101      4      1
   101    108      1
   101    140      1
   101    177      1
   101    262      1
   102     94      1
   102     24      1
   102    105      1
   102    167      1
   102    204      1
   103     97      1
   103     39      1
   103     30      1
   103    126      1
   103    131      1
   103    132      1
   103    218      1
   104     16      1
   104     73      1
   104    130      1
   104    181      1
   104    299      1
   104    336      1
   104    344      1
   105     81      1
   105     25      1
   105    102      1
   105    114      1
   105    122      1
   105    188      1
   105    321      1
   106     46      1
   106     42      1
   106    121      1
   107     90      1
   107     19      1
   107     17      1
   107    111      1
   107    117      1
   107    157      1
   107    282      1
   107    331      1
   108    101      1
   108     33      1
   108    109      1
   108    120      1
   108    134      1
   108    207      1
   108    220      1
   108    301      1
   109     17      1
   109    108      1
   109     27      1
   109    143      1
   109    176      1
   109    238      1
   110     51      1
   110     90      1
   110    111      1
   110    159      1
   110    331      1
   111    110      1
   111    107      1
   111    120      1
   111    145      1
   112     83      1
   112      4      1
   112    149      1
   112    272      1
   113     69      1
   113     81      1
   113    227      1
   114     92      1
   114     91      1
   114    105      1
   114    136      1
   114    138      1
   114    245      1
   114    266      1
   114    317      1
   115     27      1
   115     76      1
   115     53      1
   115    291      1
   116     43      1
   116    100      1
   116    139      1
   116    302      1
   117     49      1
   117    107      1
   117     27      1
   117    137      1
   117    246      1
   117    332      1
   118     93      1
   118     67      1
   118    124      1
   118    129      1
   118    172      1
   118    188      1
   119     86      1
   119     64      1
   119     41      1
   119    151      1
   120    108      1
   120    111      1
   121     85      1
   121    106      1
   121    196      1
   121    286      1
   121    349      1
   122    105      1
   122     39      1
   122     99      1
   122    155      1
   122    279      1
   123     93      1
   123     59      1
   123     61      1
   123    170      1
   123    223      1
   124     80      1
   124    118      1
   124    140      1
   124    313      1
   125     79      1
   125     45      1
   125    239      1
   125    276      1
   126    103      1
   126     33      1
   126    131      1
   126    133      1
   126    169      1
   126    187      1
   126    249      1
   127     27      1
   127     26      1
   127     11      1
   127    137      1
   127    245      1
   127    254      1
   127    259      1
   127    345      1
   128     66      1
   128     90      1
   129     60      1
   129     87      1
   129    118      1
   129    144      1
   129    165      1
   129    328      1
   130     31      1
   130     15      1
   130    104      1
   130    132      1
   130    148      1
   130    160      1
   130    302      1
   130    305      1
   131    103      1
   131    126      1
   131    149      1
   132     80      1
   132    103      1
   132    130      1
   132    146      1
   132    156      1
   132    164      1
   133     99      1
   133     77      1
   133    126      1
   133    173      1
   134     40      1
   134     59      1
   134    108      1
   134    183      1
   134    277      1
   135     95      1
   135      0      1
   135    284      1
   136    114      1
   136     51      1
   136    202      1
   136    212      1
   136    249      1
   136    290      1
   136    292      1
   137    117      1
   137    127      1
   138    114      1
   138     62      1
   138    144      1
   138    225      1
   138    228      1
   139    116      1
   139     10      1
   139     61      1
   139    153      1
   139    270      1
   140    101      1
   140    124      1
   140     70      1
   140    154      1
   140    240      1
   140    289      1
   140    314      1
   141     20      1
   141     11      1
   141     92      1
   141    169      1
   141    305      1
   142     63      1
   142     29      1
   142    147      1
   142    250      1
   142    262      1
   142    277      1
   142    306      1
   143     26      1
   143    109      1
   143    164      1
   143    167      1
   143    216      1
   143    235      1
   144    129      1
   144     18      1
   144    138      1
   144    258      1
   145     69      1
   145    111      1
   145    252      1
   145    296      1
   145    317      1
   145    334      1
   146    132      1
   146     85      1
   147    142      1
   147     51      1
   147     66      1
   147    314      1
   148    130      1
   148     96      1
   148    157      1
   148    322      1
   149    112      1
   149    131      1
   149     71      1
   149    278      1
   150     10      1
   150     96      1
   150    208      1
   151    119      1
   151     92      1
   151     58      1
   152     68      1
   152     93      1
   152    174      1
   152    190      1
   152    207      1
   152    241      1
   152    334      1
   153     58      1
   153    139      1
   153     50      1
   153    199      1
   153    218      1
   153    278      1
   154     25      1
   154    140      1
   154    273      1
   155     34      1
   155    122      1
   155    311      1
   156    132      1
   156     38      1
   156     73      1
   156    329      1
   157    148      1
   157    107      1
   158     10      1
   158     44      1
   158      6      1
   158    159      1
   158    233      1
   158    316      1
   159    158      1
   159    110      1
   159    203      1
   160     45      1
   160     64      1
   160    130      1
   160    257      1
   160    320      1
   161     39      1
   161      1      1
   161     10      1
   161    315      1
   162     86      1
   162     43      1
   162    272      1
   163     26      1
   163     58      1
   164    143      1
   164    132      1
   164     39      1
   164    184      1
   164    197      1
   164    222      1
   165     95      1
   165    129      1
   165    209      1
   165    322      1
   166      8      1
   166     28      1
   166    180      1
   166    221      1
   166    251      1
   166    256      1
   166    259      1
   166    302      1
   166    318      1
   166    333      1
   167    143      1
   167    102      1
   168     58      1
   168     43      1
   168    195      1
   168    198      1
   168    202      1
   168    253      1
   169     14      1
   169    126      1
   169    141      1
   169    185      1
   169    274      1
   169    312      1
   170    123      1
   170     38      1
   171     60      1
   171     97      1
   171     94      1
   171    182      1
   171    326      1
   172    118      1
   172     49      1
   172    177      1
   172    183      1
   172    199      1
   172    205      1
   172    293      1
   173    133      1
   173     30      1
   173     86      1
   173    213      1
   174     28      1
   174     37      1
   174    152      1
   174    178      1
   175     59      1
   175     70      1
   175     39      1
   175    185      1
   175    258      1
   176    109      1
   176    100      1
   176    298      1
   177     11      1
   177    101      1
   177    172      1
   178    174      1
   178     64      1
   178    192      1
   179     44      1
   179     10      1
   179    200      1
   179    247      1
   179    269      1
   179    273      1
   180    166      1
   180     80      1
   180    317      1
   181    104      1
   181     71      1
   181    201      1
   181    341      1
   181    347      1
   182     44      1
   182     42      1
   182    171      1
   182    187      1
   183     46      1
   183    134      1
   183    172      1
   184    164      1
   184     71      1
   184     54      1
   184    289      1
   185    175      1
   185     78      1
   185    169      1
   185    275      1
   185    299      1
   186     24      1
   186     41      1
   186    265      1
   187    182      1
   187    126      1
   187    239      1
   187    261      1
   187    266      1
   188    118      1
   188    105      1
   188    214      1
   188    283      1
   188    339      1
   189     10      1
   189     38      1
   189    203      1
   189    206      1
   189    235      1
   190     46      1
   190    152      1
   190     41      1
   191     27      1
   191      2      1
   191    276      1
   192    178      1
   192     50      1
   192     24      1
   192    194      1
   192    230      1
   192    300      1
   193     48      1
   193     36      1
   193     58      1
   193    195      1
   193    297      1
   194    192      1
   194     37      1
   194    204      1
   194    209      1
   195    193      1
   195    168      1
   196     50      1
   196    121      1
   196     94      1
   196    339      1
   197     80      1
   197    164      1
   197     29      1
   197    227      1
   198     58      1
   198    168      1
   198    220      1
   198    234      1
   198    258      1
   199    172      1
   199    153      1
   199     33      1
   199    246      1
   199    260      1
   199    330      1
   200    179      1
   200     37      1
   200     89      1
   201     99      1
   201     81      1
   201    181      1
   201    237      1
   202    136      1
   202     83      1
   202    168      1
   202    264      1
   203    159      1
   203    189      1
   203    318      1
   204    194      1
   204    102      1
   204    307      1
   205    172      1
   205      6      1
   205     66      1
   205    212      1
   205    215      1
   205    271      1
   206     58      1
   206    189      1
   206     87      1
   207    108      1
   207    152      1
   207    210      1
   207    224      1
   207    236      1
   207    281      1
   208    150      1
   208      1      1
   208    267      1
   208    306      1
   209     65      1
   209    194      1
   209    165      1
   210    207      1
   210     25      1
   210      3      1
   210    211      1
   210    220      1
   210    225      1
   210    343      1
   211    210      1
   211      3      1
   211    345      1
   212    136      1
   212    205      1
   212    249      1
   212    263      1
   212    287      1
   213     45      1
   213    173      1
   214    188      1
   214     21      1
   214      0      1
   214    284      1
   214    287      1
   215     77      1
   215    205      1
   215     20      1
   215    271      1
   216     16      1
   216    143      1
   217     68      1
   217     40      1
   217    279      1
   218     18      1
   218    153      1
   218    103      1
   219     97      1
   219     82      1
   219    241      1
   220    108      1
   220    210      1
   220    198      1
   220    268      1
   221    166      1
   221     51      1
   221    225      1
   222    164      1
   222     78      1
   222    224      1
   222    311      1
   223    123      1
   223     20      1
   223    287      1
   223    295      1
   224    222      1
   224    207      1
   225    138      1
   225    210      1
   225    221      1
   226     78      1
   226     12      1
   226    248      1
   226    308      1
   226    346      1
   227    197      1
   227    113      1
   227     34      1
   228    138      1
   228     76      1
   229     45      1
   229     60      1
   229    231      1
   229    292      1
   230    192      1
   230     71      1
   230    244      1
   231     64      1
   231     94      1
   231    229      1
   231    255      1
   231    312      1
   231    336      1
   232     89      1
   232     18      1
   232     35      1
   233     33      1
   233    158      1
   233    255      1
   233    299      1
   233    324      1
   233    335      1
   234     66      1
   234    198      1
   234     44      1
   234    248      1
   234    251      1
   235    189      1
   235    143      1
   235    237      1
   236     72      1
   236     53      1
   236    207      1
   236    239      1
   237     34      1
   237    235      1
   237    201      1
   238     51      1
   238     83      1
   238    109      1
   239    187      1
   239    125      1
   239    236      1
   240     60      1
   240    140      1
   240    324      1
   241    219      1
   241     88      1
   241    152      1
   242     28      1
   242      4      1
   242    274      1
   243    100      1
   243     94      1
   244    230      1
   244     92      1
   244    300      1
   245    114      1
   245    127      1
   245    246      1
   246    199      1
   246    117      1
   246    245      1
   246    294      1
   247    179      1
   247      3      1
   248    226      1
   248    234      1
   249    126      1
   249    212      1
   249    136      1
   250     31      1
   250    142      1
   251    234      1
   251    166      1
   251     43      1
   251    310      1
   252      6      1
   252    145      1
   252    329      1
   253     56      1
   253    168      1
   253     88      1
   254     49      1
   254    127      1
   254     24      1
   254    307      1
   254    332      1
   255    233      1
   255    231      1
   255    327      1
   256     40      1
   256    166      1
   257    160      1
   257     66      1
   258    175      1
   258    198      1
   258    144      1
   259    166      1
   259    127      1
   260    199      1
   260     83      1
   260    301      1
   260    320      1
   260    340      1
   261      5      1
   261    187      1
   262    142      1
   262    101      1
   263      9      1
   263    212      1
   264     95      1
   264     20      1
   264    202      1
   265     27      1
   265    186      1
   266    114      1
   266    187      1
   266    331      1
   267     37      1
   267    208      1
   267    282      1
   268    220      1
   268     13      1
   268    270      1
   269    179      1
   269     88      1
   270    268      1
   270    139      1
   271    215      1
   271    205      1
   272    162      1
   272    112      1
   273    179      1
   273    154      1
   273    342      1
   274    242      1
   274    169      1
   275     81      1
   275    185      1
   276    191      1
   276    125      1
   277    134      1
   277     28      1
   277    142      1
   277    308      1
   278     88      1
   278    149      1
   278    153      1
   279    122      1
   279     70      1
   279    217      1
   280     83      1
   280     48      1
   281     38      1
   281    207      1
   281    303      1
   282     57      1
   282    267      1
   282    107      1
   283     76      1
   283     51      1
   283    188      1
   284    135      1
   284     10      1
   284    214      1
   284    338      1
   285     91      1
   285      2      1
   286     75      1
   286    121      1
   286     48      1
   287    212      1
   287    223      1
   287    214      1
   288     95      1
   288     37      1
   289    184      1
   289    140      1
   290     87      1
   290    136      1
   290     60      1
   291     80      1
   291    115      1
   292    136      1
   292    229      1
   293     88      1
   293    172      1
   294    246      1
   294     54      1
   295    223      1
   295     63      1
   295    348      1
   296    145      1
   296      3      1
   296    349      1
   297     35      1
   297    193      1
   297    337      1
   298     73      1
   298    176      1
   299    185      1
   299    233      1
   299    104      1
   300    192      1
   300    244      1
   300    319      1
   301    260      1
   301    108      1
   301    337      1
   302    130      1
   302    116      1
   302    166      1
   303     43      1
   303    281      1
   304      3      1
   304     65      1
   305     60      1
   305    141      1
   305    130      1
   305    343      1
   306    208      1
   306    142      1
   307    204      1
   307     41      1
   307    254      1
   308    277      1
   308    226      1
   309     76      1
   309     52      1
   310    251      1
   310     57      1
   310    321      1
   311    155      1
   311    222      1
   312    231      1
   312    169      1
   313     72      1
   313    124      1
   313    323      1
   314    147      1
   314    140      1
   314     50      1
   315     67      1
   315    161      1
   316     18      1
   316    158      1
   316     44      1
   317    114      1
   317    180      1
   317    145      1
   318    203      1
   318    166      1
   318    345      1
   319      4      1
   319    300      1
   319     26      1
   320    160      1
   320    260      1
   321    310      1
   321    105      1
   322    148      1
   322    165      1
   323    313      1
   323     33      1
   324    233      1
   324    240      1
   325     26      1
   325     12      1
   325    349      1
   326      6      1
   326    171      1
   326    341      1
   327     21      1
   327    255      1
   328     34      1
   328    129      1
   329    156      1
   329    252      1
   330    199      1
   330      0      1
   331    110      1
   331    266      1
   331    107      1
   332    117      1
   332    254      1
   332      6      1
   333    166      1
   333     16      1
   334    145      1
   334    152      1
   335     87      1
   335    233      1
   335     66      1
   336    104      1
   336     62      1
   336    231      1
   337    297      1
   337     11      1
   337    301      1
   338     29      1
   338    284      1
   339    188      1
   339    196      1
   339     66      1
   340    260      1
   340     47      1
   340     13      1
   341     31      1
   341    326      1
   341    181      1
   342     94      1
   342    273      1
   343    305      1
   343    210      1
   344     91      1
   344    104      1
   344      2      1
   345    211      1
   345    127      1
   345    318      1
   346    226      1
   346     63      1
   346      8      1
   347    181      1
   347     47      1
   348    295      1
   348     19      1
   349    296      1
   349    121      1
   349    325      1
