COORD_X_Y 65
   2.6512 0.0396301
  1.27133   0.28354
 0.880446   2.44694
  2.22616   1.25867
 0.934252    2.0132
  1.15139   2.47906
 0.584066  0.206481
0.0251653   2.49122
  1.60339   1.71438
  2.32941  0.183875
 0.833047  0.200704
  1.70997  0.282725
  2.92366   2.86002
  1.61034  0.621503
   2.1789   1.26123
  2.63902   2.88043
 0.283301   2.11712
  0.59273  0.822561
  1.93181   2.48499
  1.48263   2.28599
0.0636393   2.48134
 0.485092   1.86838
 0.930831   1.86806
  1.88206   2.81225
   2.3433  0.778065
  2.23037   2.36181
  1.62389   2.80396
  2.61451   2.51282
 0.235962   1.35213
0.0970058   2.38505
 0.350114   1.59768
   1.0016   2.39753
  2.33931   2.28094
  2.77622   1.73187
  1.48954  0.506632
  2.62577  0.782211
  2.01361   2.58279
  2.35485  0.138449
  1.22095  0.937133
  2.14607   2.56746
  2.51025   1.05506
 0.491136   1.68658
 0.322752 0.0847372
  1.21266  0.810264
  1.00129   1.33688
 0.360894    1.0611
 0.211458  0.804394
  1.33289    1.8429
  1.22024   1.12962
 0.684891  0.692055
  2.00941   2.95617
  2.64374  0.448329
  2.15949   2.00117
  1.26053  0.102226
0.0605007   2.82951
 0.278469   1.23654
  2.57038   2.21008
  1.18235  0.262915
 0.678931   1.41382
  1.98552    1.9677
 0.647354   2.66539
  2.03113   1.37988
  1.67424   2.48503
  2.88181   1.45141
0.0877255   0.70746
LINKS_SOURCE_DESTINATION_DISTANCE 128
     0      1      1
     0      2      1
     0      3      1
     0      4      1
     0     27      1
     0     45      1
     0     62      1
     1      0      1
     1     10      1
     1     20      1
     1     42      1
     1     50      1
     1     51      1
     2      0      1
     2     21      1
     2     28      1
     3      0      1
     3     25      1
     3     40      1
     3     60      1
     3     64      1
     4      0      1
     4      5      1
     4     11      1
     4     14      1
     4     19      1
     5      4      1
     5      6      1
     5      8      1
     6      5      1
     6      7      1
     6     17      1
     6     38      1
     7      6      1
     7     12      1
     7     26      1
     7     53      1
     8      5      1
     8      9      1
     8     13      1
     8     52      1
     9      8      1
     9     16      1
     9     35      1
     9     56      1
    10      1      1
    10     22      1
    10     61      1
    11      4      1
    12      7      1
    13      8      1
    13     15      1
    13     24      1
    14      4      1
    15     13      1
    15     32      1
    16      9      1
    16     18      1
    17      6      1
    17     41      1
    17     48      1
    18     16      1
    18     23      1
    18     43      1
    19      4      1
    19     30      1
    19     58      1
    20      1      1
    21      2      1
    21     39      1
    22     10      1
    22     34      1
    22     36      1
    23     18      1
    24     13      1
    24     37      1
    24     49      1
    25      3      1
    25     59      1
    26      7      1
    27      0      1
    27     31      1
    27     47      1
    27     63      1
    28      2      1
    28     29      1
    28     54      1
    29     28      1
    30     19      1
    30     44      1
    31     27      1
    32     15      1
    32     33      1
    33     32      1
    34     22      1
    35      9      1
    35     46      1
    36     22      1
    37     24      1
    38      6      1
    39     21      1
    39     55      1
    40      3      1
    41     17      1
    42      1      1
    43     18      1
    44     30      1
    45      0      1
    45     57      1
    46     35      1
    47     27      1
    48     17      1
    49     24      1
    50      1      1
    51      1      1
    52      8      1
    53      7      1
    54     28      1
    55     39      1
    56      9      1
    57     45      1
    58     19      1
    59     25      1
    60      3      1
    61     10      1
    62      0      1
    63     27      1
    64      3      1
