COORD_X_Y 250
  2.08553   2.99709
  2.54067  0.341877
0.0890107    1.8885
  0.26705   1.46852
  1.80199   1.08193
  1.00001   2.52588
 0.136734    1.1833
 0.679675   1.49739
  1.78602   1.08896
  2.38161    1.4578
  1.64296   1.89235
 0.507117   1.43316
  2.74762   2.85383
 0.905825   2.27817
 0.845983     2.243
  2.80706  0.290859
  1.23487  0.919775
  2.81066    1.0871
  2.72387   2.36363
  2.34033    2.5401
 0.311884   1.83559
  2.77364   2.26027
 0.575226   1.14528
  1.24366   1.97537
  2.81596   1.09501
 0.272723   2.08025
  1.16157   1.22758
 0.240662   1.58985
  0.16161   2.77026
 0.539202   1.55488
   1.5338  0.496717
   2.1363  0.255992
  2.36724   1.57889
 0.533121  0.636556
  1.10301   1.19659
  2.63182   0.89622
  2.21188   1.72868
 0.697001  0.865506
  2.98372   1.00826
 0.834315   2.07228
  2.61525  0.841516
 0.310309   2.84306
 0.342208   1.75699
 0.826083   2.76745
  1.31969  0.789036
 0.779682   2.24749
  1.01677   2.88341
  2.51999 0.0526346
  1.60686   2.28362
  2.37222   2.33049
  1.16633   2.68845
   2.7407 0.0303711
  2.95203   1.07708
  1.47395   1.49511
  2.58031  0.341797
  1.33421   2.23555
 0.288583  0.858247
 0.645845   2.37524
  2.27623   2.80459
  2.51959   1.07732
 0.654367   1.20333
  1.47897  0.619033
 0.076957  0.159583
 0.355263  0.352244
  1.91429   1.30465
  1.39923  0.372314
  1.74357   1.69238
  2.01186   1.73478
   2.9241   2.79454
  2.63655   2.46235
  2.37441  0.124677
  1.01706   1.37352
 0.687411   1.49149
  1.35805    2.7621
  2.04071   2.36479
 0.224179  0.718795
  0.03769   1.55134
 0.926917   0.38775
  1.63562 0.0309971
  1.98935   2.58403
 0.082681    2.7634
  1.93933   1.54236
  1.97998   1.03261
  1.00673   2.35243
 0.264739   2.71866
  2.91747   1.49298
  2.61884   1.20577
  1.92849  0.284943
  1.86534  0.451908
  1.57384  0.784704
  1.90142  0.757973
  0.56871  0.952564
  1.01418   2.02511
 0.777631  0.484745
0.0420673 0.00465117
  1.48033   1.98173
  2.33794   1.15033
  2.42791  0.465596
  2.75234   2.23748
 0.333975    2.1545
  1.86126  0.279811
   1.6977   2.03536
  1.45507   2.71033
  2.32961   2.28107
   1.1257   1.57932
  2.36643  0.882942
  1.26849   2.43983
 0.310456   1.95062
  1.77395  0.810612
 0.994987  0.211413
  1.88598   1.38547
   1.6138   1.88314
0.0979304   1.29312
  2.50738   1.58314
  2.29648   2.37833
 0.617312   1.77865
 0.559385   2.86291
 0.435233 0.00443373
 0.996061  0.536808
0.0564315  0.349366
   2.8824  0.618725
  1.81854   1.16565
  1.22484   2.72195
  2.87293   2.23341
  1.08986   1.98669
  2.17064  0.846309
 0.381023  0.776567
  1.80306   1.59182
  1.76842 0.0752434
 0.412408  0.701974
 0.784874    1.4794
  2.92452 0.0901255
  1.80914   1.53947
0.0679393   1.14649
  2.76889   2.88642
  1.04899   2.25741
  1.68877   2.40436
 0.573551   1.73843
  1.53026 0.0162316
  2.93065   1.46915
  2.18317   1.71957
   2.3944  0.700074
  2.78912   1.73524
  1.06472   0.65551
  2.32532   2.85468
 0.166211   2.25729
  1.81094   2.15125
 0.379881  0.481387
  2.62903   2.81417
  2.06702   2.18672
  2.10073   1.69424
 0.914621  0.918949
  2.40963   2.13881
  1.36674  0.272308
 0.669621   1.91928
  2.04396   1.61256
  1.60163   1.69641
 0.940961  0.524787
 0.805092  0.207143
  1.56878   0.95965
  1.89972   2.55425
  2.49455  0.444138
  1.25011   2.21368
  2.76408  0.967061
  1.25295   2.03436
   1.5466    2.2356
  1.77817 0.0714074
  2.56884   1.32537
  1.12951  0.735016
  1.70617   2.78824
  2.54257   1.25036
 0.828147   1.67236
  1.88089  0.275013
 0.265857   1.77919
  2.95337   2.39099
 0.881658  0.990765
  2.59597   2.63524
  1.90494   1.25843
  2.42539   2.75416
  1.72621  0.334635
  1.13323    2.0346
 0.120267   2.44312
   1.6644  0.595838
 0.550461  0.557224
  1.31239   2.44858
  2.61593  0.664828
 0.215793  0.294857
 0.845502    2.5491
  2.23914   1.37782
   2.3975   1.43304
  1.65505   2.60795
  2.61548   2.35194
  2.35763   2.14519
  2.50752   2.01489
 0.229002   2.66531
  2.93924 0.0532378
  2.79812   2.53779
    2.252   2.25752
  2.99971  0.112552
  2.03065  0.543057
  2.26501   1.36184
  1.49826   2.49584
 0.686478   2.80177
  1.37557   2.80409
  2.28607   2.36932
 0.312709   1.44511
  1.49231  0.927605
  2.02216  0.911233
 0.158908   1.05968
  2.64981   1.38444
 0.716668  0.962004
  1.04121   2.26592
  2.10798  0.865348
  1.26208  0.733105
 0.868124   1.27734
  1.13137   2.17744
  2.46165  0.947452
  2.79264   2.44775
 0.518096  0.601545
  2.17585  0.886592
  1.50271   2.70452
0.0623998   2.51917
0.0983368    2.8208
  1.98508  0.519989
 0.235369   1.55819
  0.79933  0.537324
 0.415692   2.87674
0.00633821  0.875375
 0.515268   2.27383
  2.01752  0.508192
   2.5895   2.34557
 0.327239   0.02131
 0.332999   2.59062
  2.58544   1.44976
  1.26681  0.592676
0.0898208    2.7822
0.0479466  0.182757
  2.84902  0.181329
  2.01994    1.0131
 0.392456   2.90979
 0.613914   2.85778
  2.62836   2.20049
  1.63403   2.16833
  1.26121   1.32894
  2.00655   1.37463
  2.20265    2.2941
  2.08285   1.56978
 0.341614  0.200765
  1.97998   1.15488
 0.366091   1.50351
LINKS_SOURCE_DESTINATION_DISTANCE 498
     0      1      1
     0      3      1
     0      5      1
     0      9      1
     1      0      1
     1      2      1
     1     92      1
     1    192      1
     2      1      1
     2      4      1
     2     21      1
     2     43      1
     2    102      1
     3      0      1
     3     10      1
     3     14      1
     3     27      1
     3    207      1
     4      2      1
     4      6      1
     4      7      1
     4     71      1
     4    123      1
     4    174      1
     5      0      1
     5      8      1
     5     12      1
     5     13      1
     5     15      1
     5     20      1
     5    151      1
     5    191      1
     6      4      1
     6     42      1
     6    141      1
     7      4      1
     7     24      1
     7     40      1
     7     46      1
     7     97      1
     7    127      1
     8      5      1
     8     29      1
     9      0      1
     9     11      1
     9     32      1
     9     85      1
    10      3      1
    10     31      1
    11      9      1
    11     16      1
    11     56      1
    11     79      1
    12      5      1
    12     17      1
    12     19      1
    12    248      1
    13      5      1
    13     18      1
    13     28      1
    13     96      1
    13    214      1
    14      3      1
    14     64      1
    14    149      1
    15      5      1
    15     23      1
    15    135      1
    15    143      1
    15    154      1
    16     11      1
    16     25      1
    16     34      1
    16     36      1
    17     12      1
    17     77      1
    17    162      1
    18     13      1
    18    246      1
    19     12      1
    19     53      1
    19     74      1
    19     84      1
    20      5      1
    20     22      1
    21      2      1
    21     80      1
    22     20      1
    23     15      1
    24      7      1
    24     26      1
    24     73      1
    24    175      1
    24    223      1
    25     16      1
    25     41      1
    26     24      1
    26    130      1
    27      3      1
    27     47      1
    28     13      1
    28     33      1
    28    182      1
    28    232      1
    29      8      1
    29     30      1
    29     78      1
    29     89      1
    29    131      1
    30     29      1
    30     37      1
    30     39      1
    31     10      1
    31     35      1
    31     44      1
    31     55      1
    31    146      1
    32      9      1
    32     51      1
    32     58      1
    32     81      1
    32     98      1
    32    210      1
    33     28      1
    33    105      1
    33    157      1
    33    249      1
    34     16      1
    34     38      1
    34     88      1
    35     31      1
    35     50      1
    35     57      1
    36     16      1
    36    137      1
    36    168      1
    37     30      1
    37     45      1
    37     54      1
    37    176      1
    38     34      1
    38    119      1
    38    185      1
    39     30      1
    39     75      1
    39    139      1
    39    184      1
    40      7      1
    40     49      1
    40     87      1
    40    100      1
    41     25      1
    41     48      1
    41     52      1
    42      6      1
    42     99      1
    42    140      1
    43      2      1
    43     70      1
    43    103      1
    44     31      1
    45     37      1
    46      7      1
    46     59      1
    46    222      1
    47     27      1
    47     91      1
    47    158      1
    48     41      1
    48     61      1
    48    133      1
    49     40      1
    50     35      1
    50     72      1
    50    221      1
    51     32      1
    51    125      1
    51    160      1
    52     41      1
    52    203      1
    53     19      1
    53    156      1
    54     37      1
    54     63      1
    54     68      1
    54    108      1
    54    118      1
    55     31      1
    55     60      1
    55     65      1
    55    128      1
    55    129      1
    55    196      1
    55    208      1
    56     11      1
    56     62      1
    56    138      1
    57     35      1
    57     95      1
    58     32      1
    58    110      1
    58    112      1
    58    161      1
    59     46      1
    59    194      1
    60     55      1
    60    178      1
    61     48      1
    61    115      1
    61    164      1
    62     56      1
    62     69      1
    62    197      1
    63     54      1
    63    134      1
    64     14      1
    64     94      1
    64    155      1
    64    224      1
    65     55      1
    65     66      1
    65     67      1
    65     76      1
    65     90      1
    65    111      1
    66     65      1
    67     65      1
    68     54      1
    68    148      1
    69     62      1
    70     43      1
    71      4      1
    71     93      1
    71    117      1
    72     50      1
    73     24      1
    73     83      1
    73    180      1
    74     19      1
    74    177      1
    75     39      1
    75     86      1
    75    169      1
    76     65      1
    76    236      1
    77     17      1
    77    106      1
    78     29      1
    78    239      1
    79     11      1
    80     21      1
    80     82      1
    81     32      1
    81    101      1
    82     80      1
    82    113      1
    82    145      1
    83     73      1
    83    170      1
    84     19      1
    84    109      1
    85      9      1
    86     75      1
    86    244      1
    87     40      1
    87    120      1
    87    183      1
    88     34      1
    88    124      1
    88    186      1
    88    213      1
    89     29      1
    90     65      1
    91     47      1
    92      1      1
    92    142      1
    93     71      1
    93    136      1
    94     64      1
    95     57      1
    95    216      1
    95    219      1
    96     13      1
    96    163      1
    96    227      1
    96    247      1
    97      7      1
    97    233      1
    98     32      1
    98    104      1
    98    199      1
    99     42      1
    99    240      1
   100     40      1
   100    122      1
   101     81      1
   102      2      1
   103     43      1
   103    173      1
   104     98      1
   104    114      1
   104    126      1
   105     33      1
   106     77      1
   106    107      1
   106    193      1
   107    106      1
   107    187      1
   108     54      1
   109     84      1
   109    132      1
   110     58      1
   110    116      1
   111     65      1
   111    147      1
   112     58      1
   113     82      1
   114    104      1
   115     61      1
   116    110      1
   117     71      1
   117    211      1
   117    229      1
   118     54      1
   118    121      1
   119     38      1
   119    150      1
   120     87      1
   120    201      1
   121    118      1
   122    100      1
   122    209      1
   123      4      1
   124     88      1
   125     51      1
   126    104      1
   127      7      1
   127    228      1
   128     55      1
   128    167      1
   128    235      1
   129     55      1
   130     26      1
   130    234      1
   131     29      1
   131    159      1
   132    109      1
   132    218      1
   133     48      1
   134     63      1
   135     15      1
   136     93      1
   137     36      1
   138     56      1
   138    215      1
   139     39      1
   139    144      1
   139    220      1
   140     42      1
   140    152      1
   140    165      1
   141      6      1
   142     92      1
   143     15      1
   143    166      1
   143    204      1
   144    139      1
   144    212      1
   145     82      1
   145    198      1
   145    230      1
   146     31      1
   147    111      1
   148     68      1
   148    188      1
   148    206      1
   149     14      1
   150    119      1
   150    153      1
   150    225      1
   151      5      1
   151    171      1
   152    140      1
   152    189      1
   153    150      1
   154     15      1
   155     64      1
   156     53      1
   157     33      1
   158     47      1
   158    217      1
   159    131      1
   160     51      1
   161     58      1
   162     17      1
   163     96      1
   163    242      1
   164     61      1
   164    226      1
   165    140      1
   165    179      1
   166    143      1
   167    128      1
   168     36      1
   168    231      1
   168    243      1
   169     75      1
   170     83      1
   170    172      1
   171    151      1
   172    170      1
   173    103      1
   173    202      1
   174      4      1
   175     24      1
   176     37      1
   177     74      1
   178     60      1
   178    181      1
   179    165      1
   180     73      1
   181    178      1
   182     28      1
   182    241      1
   183     87      1
   184     39      1
   185     38      1
   186     88      1
   187    107      1
   187    195      1
   188    148      1
   188    190      1
   189    152      1
   190    188      1
   191      5      1
   191    200      1
   192      1      1
   193    106      1
   194     59      1
   195    187      1
   196     55      1
   197     62      1
   198    145      1
   199     98      1
   200    191      1
   201    120      1
   201    238      1
   202    173      1
   203     52      1
   204    143      1
   204    205      1
   205    204      1
   206    148      1
   207      3      1
   208     55      1
   209    122      1
   210     32      1
   211    117      1
   211    245      1
   212    144      1
   213     88      1
   214     13      1
   215    138      1
   216     95      1
   217    158      1
   218    132      1
   219     95      1
   220    139      1
   221     50      1
   222     46      1
   223     24      1
   224     64      1
   225    150      1
   225    237      1
   226    164      1
   227     96      1
   228    127      1
   229    117      1
   230    145      1
   231    168      1
   232     28      1
   233     97      1
   234    130      1
   235    128      1
   236     76      1
   237    225      1
   238    201      1
   239     78      1
   240     99      1
   241    182      1
   242    163      1
   243    168      1
   244     86      1
   245    211      1
   246     18      1
   247     96      1
   248     12      1
   249     33      1
