COORD_X_Y 65
  2.72111 0.0946294
  1.20479  0.963279
  1.79679   2.88062
  0.83154   1.49004
 0.574622   1.84841
  1.84436  0.100624
  1.63821  0.526075
  1.19657  0.848694
 0.540771  0.398664
  1.40075  0.934399
   2.4483   1.51365
   1.7411  0.957689
0.0302927   1.74964
  2.42622  0.839991
  2.30627   1.75105
  1.27319   1.42051
 0.543064   1.55952
  1.18112  0.141354
  2.30893  0.909253
  2.65869   1.36576
 0.673045   2.56364
  2.96566  0.163693
 0.769692   1.77476
  2.51448   2.85684
0.0144561 0.00135613
  2.91028  0.824994
 0.797715  0.269253
  1.60119   2.14539
  0.75041    2.3735
  1.11265     2.988
  2.45193   2.92523
  1.95804   1.02395
  1.19843   1.16808
 0.168016   2.32793
  2.72732  0.422137
   2.2322   2.60274
  1.27655   1.69868
 0.513428   2.27155
 0.449447   2.93176
  2.97885   1.37999
  2.98102     2.286
 0.541136  0.114764
  2.21112   1.59696
 0.104428  0.425929
 0.175943   2.77018
  1.81129   2.65473
 0.238509  0.668227
   1.5422   2.39464
 0.596281   2.67225
 0.294565   2.40587
 0.323917   2.94901
  1.20254  0.809325
 0.499544   2.06785
 0.621244  0.571573
  1.30907   2.07711
 0.288017  0.374489
  1.15238 0.0217147
  2.83376   2.95263
  2.43042   2.58602
 0.276568   2.01144
  1.97486   2.08695
  1.80187   1.45585
  2.89832   2.96221
   1.0047   1.07064
 0.383442   2.60402
LINKS_SOURCE_DESTINATION_DISTANCE 128
     0      1      1
     0      5      1
     0     10      1
     0     17      1
     1      0      1
     1      2      1
     1      6      1
     1      8      1
     1     55      1
     2      1      1
     2      3      1
     2     27      1
     2     40      1
     3      2      1
     3      4      1
     4      3      1
     4      7      1
     4     14      1
     4     16      1
     5      0      1
     5     13      1
     5     15      1
     6      1      1
     6     12      1
     6     23      1
     7      4      1
     7     25      1
     7     31      1
     7     39      1
     8      1      1
     8      9      1
     8     34      1
     8     42      1
     9      8      1
     9     29      1
    10      0      1
    10     11      1
    10     18      1
    10     38      1
    11     10      1
    11     28      1
    11     61      1
    12      6      1
    13      5      1
    13     20      1
    13     32      1
    14      4      1
    15      5      1
    15     21      1
    15     24      1
    15     26      1
    15     46      1
    16      4      1
    16     22      1
    16     37      1
    17      0      1
    17     19      1
    17     33      1
    18     10      1
    18     48      1
    19     17      1
    19     30      1
    20     13      1
    20     43      1
    20     59      1
    21     15      1
    22     16      1
    23      6      1
    23     41      1
    24     15      1
    25      7      1
    26     15      1
    26     36      1
    27      2      1
    27     35      1
    28     11      1
    29      9      1
    29     53      1
    30     19      1
    30     49      1
    31      7      1
    31     62      1
    32     13      1
    33     17      1
    34      8      1
    34     44      1
    34     45      1
    35     27      1
    36     26      1
    36     51      1
    37     16      1
    38     10      1
    38     56      1
    39      7      1
    40      2      1
    40     47      1
    41     23      1
    42      8      1
    42     54      1
    43     20      1
    44     34      1
    44     50      1
    44     52      1
    45     34      1
    46     15      1
    46     58      1
    46     63      1
    47     40      1
    48     18      1
    48     60      1
    49     30      1
    50     44      1
    51     36      1
    52     44      1
    53     29      1
    54     42      1
    55      1      1
    56     38      1
    56     57      1
    57     56      1
    58     46      1
    59     20      1
    60     48      1
    60     64      1
    61     11      1
    62     31      1
    63     46      1
    64     60      1
