COORD_X_Y 65
  1.20378   1.87527
 0.367505 0.0358335
 0.799954   1.74566
 0.773361   1.86258
 0.405883   1.57454
  1.94305   2.21929
  1.63567   2.39208
  0.12458   1.26279
  1.01232 0.0784686
  1.18719   2.58874
   0.2765   2.52046
 0.324125  0.411443
 0.366139   1.27999
  2.03983  0.955186
  1.74112   1.03907
  1.30201  0.194059
  1.43992   1.69415
  2.38683  0.614259
  1.61728   1.71319
 0.517746   2.67141
  1.11062  0.193073
 0.450681  0.825945
  1.49552   2.05749
  2.16688  0.111863
  0.52408  0.233919
   0.0889   0.57424
  2.98289   0.64758
  2.41207   1.38452
 0.270392  0.673136
 0.725854   0.91287
   2.3641 0.0189091
 0.221916   1.13778
 0.936786  0.656906
  2.21988   1.73186
  1.51858   2.70341
 0.698434   2.45333
  1.66553    2.6899
  2.62555   1.61276
 0.573133  0.520625
 0.762438   2.54104
  2.03011  0.724909
   1.4291   1.45275
 0.836214  0.878317
 0.244092   1.50347
 0.458116     2.301
  1.79614 0.0733131
  1.54542  0.164323
 0.252344   1.00708
 0.903317  0.532435
  2.18876   2.28009
  1.14135   1.55963
  2.49005  0.295062
  2.25647   2.03183
  2.50982   1.42189
  1.69909    2.3631
 0.291582   1.23388
  2.10218   1.52731
 0.751503  0.315927
 0.965802  0.278295
 0.938656   2.40402
  2.16942   2.24775
    2.541   2.73448
  1.25585   1.19152
  1.46778   2.74234
  1.19171   1.86091
LINKS_SOURCE_DESTINATION_DISTANCE 128
     0      1      1
     0     32      1
     0     35      1
     0     45      1
     0     46      1
     0     62      1
     1      0      1
     1      2      1
     1      5      1
     1      7      1
     1     10      1
     2      1      1
     2      3      1
     2      4      1
     2     60      1
     3      2      1
     3      6      1
     4      2      1
     4      8      1
     4     13      1
     5      1      1
     5     16      1
     5     19      1
     6      3      1
     6      9      1
     6     20      1
     6     23      1
     6     41      1
     6     42      1
     7      1      1
     7     12      1
     7     34      1
     7     36      1
     7     54      1
     8      4      1
     8     11      1
     8     50      1
     9      6      1
     9     29      1
     9     52      1
    10      1      1
    10     14      1
    10     18      1
    10     44      1
    10     61      1
    11      8      1
    11     15      1
    11     21      1
    12      7      1
    13      4      1
    13     26      1
    13     47      1
    14     10      1
    14     64      1
    15     11      1
    15     17      1
    15     22      1
    15     24      1
    15     27      1
    16      5      1
    16     33      1
    17     15      1
    18     10      1
    18     31      1
    19      5      1
    20      6      1
    20     30      1
    20     55      1
    21     11      1
    21     28      1
    22     15      1
    23      6      1
    23     25      1
    24     15      1
    25     23      1
    26     13      1
    27     15      1
    27     40      1
    28     21      1
    29      9      1
    30     20      1
    30     37      1
    30     43      1
    31     18      1
    31     51      1
    32      0      1
    32     39      1
    33     16      1
    33     48      1
    34      7      1
    34     38      1
    35      0      1
    36      7      1
    37     30      1
    38     34      1
    38     49      1
    39     32      1
    40     27      1
    40     63      1
    41      6      1
    42      6      1
    43     30      1
    44     10      1
    44     57      1
    45      0      1
    46      0      1
    47     13      1
    47     59      1
    48     33      1
    48     53      1
    48     56      1
    49     38      1
    50      8      1
    51     31      1
    51     58      1
    52      9      1
    53     48      1
    54      7      1
    55     20      1
    56     48      1
    57     44      1
    58     51      1
    59     47      1
    60      2      1
    61     10      1
    62      0      1
    63     40      1
    64     14      1
