COORD_X_Y 600
  1.87768  0.353517
  2.70567   1.42905
  2.06008   1.33336
 0.282872   2.38675
   1.7118   1.98474
  1.67314  0.576274
  1.83546  0.961501
  1.62072 0.0585431
 0.895676   2.98309
  2.59628   2.94396
  1.88348  0.493151
  2.26458   1.00761
  2.26109  0.308122
 0.328293  0.851131
  1.48008   1.08081
  2.88904    1.5992
 0.551415  0.386057
  2.99444   2.80406
  1.60734 0.0442633
 0.177113  0.848298
  1.04423   1.37243
  2.04082   2.53627
   2.0362   1.62169
 0.756439  0.709945
  2.80318   1.45555
  1.42602  0.675528
  1.55681   1.90528
 0.771667   1.17213
     2.91   2.18841
  1.76812   2.47171
  1.34177   1.72955
 0.314287   2.40606
   2.5355   1.91508
  2.12122  0.994883
   2.3104  0.411958
 0.653747   1.89796
  2.12865   1.51457
  0.81106  0.701093
  1.07967  0.251041
 0.870142  0.511426
  1.51872   1.36716
  2.01711   0.31797
  2.26221  0.409577
 0.314015  0.479704
  0.39391   1.33944
  2.98054    2.3578
 0.471174  0.454178
 0.265945   1.74696
  1.39211    1.4246
  2.47616   2.73673
   1.4725  0.654326
  1.45385   1.22918
   1.1283 0.0527255
  2.60914   2.16906
  2.01937   1.42163
  1.58884 0.0699754
 0.282706   2.39017
  2.23715   1.49724
  1.27322   2.49616
  1.28559  0.574821
  2.29395   1.52273
  2.03807  0.983409
  1.31503  0.342751
  2.57363   1.88482
   2.9073    2.6152
  1.40191    2.8541
 0.264001  0.402191
 0.075598   1.96348
  1.60456   1.27264
  2.17801   1.70007
  1.66109  0.396913
  2.45555   2.09106
 0.556736  0.507303
   2.8187   2.63377
 0.711659    2.6323
0.0129707   2.15681
    2.082   1.26016
 0.685503   2.75305
0.00305277  0.581321
   1.4317   1.82145
  1.37864   1.94708
 0.690156   1.28004
 0.616805   2.18907
  0.50812    1.2473
  1.77533   1.85012
 0.467696   1.80743
 0.753132   1.92935
  2.06113   1.17326
  1.07956   2.63712
 0.701188  0.171531
 0.829504   2.94777
 0.706484   0.92774
  1.70254   1.94265
  2.38103  0.640982
  2.13883     2.319
 0.321136   2.63974
 0.612602   1.17041
  1.19402   2.63178
  2.70254   2.36115
  2.77462   1.89084
  1.06675  0.647393
 0.583569   1.58195
 0.858708  0.922364
  1.39321   0.58054
  2.83896    1.3196
  1.09289   2.05651
  1.53093   2.20447
  2.70655   2.78271
   1.9288   2.22109
  2.71848   1.23477
  2.70399   2.75703
  2.71924     2.103
  1.08852  0.591182
  1.37398   2.97685
  2.06535   2.21046
  2.27662    2.5452
 0.423268  0.717786
  2.56933   1.71893
  2.10968   2.37051
  0.81353   1.38712
  1.89611  0.083462
 0.625992   1.17499
  2.24162   1.46325
  2.37862   1.72367
 0.774736   1.94363
    1.394  0.617376
  0.13852  0.332609
 0.461389  0.854099
  1.69803   1.62758
 0.997872   2.01536
  2.18802  0.757743
  1.48706   1.36852
  1.92286  0.605855
 0.974712   2.82055
  1.21111   2.06528
  2.87289      2.03
  1.85694   1.89493
  1.46015 0.0943107
   1.3889   2.21482
 0.333462  0.137747
  1.89549   2.57319
  1.96683  0.983437
 0.546901  0.850443
   2.9681  0.990701
  1.53802   1.67985
  1.79592   2.64635
 0.626218   1.06078
 0.444504  0.216001
 0.942126  0.210204
  1.18293 0.0869002
 0.242359   2.14961
  1.81778 0.0354973
0.0259461  0.353967
  2.48952 0.00669133
  2.86148   1.07541
 0.265994   2.64598
0.0806021   1.11708
  2.04982  0.993354
  0.14132   2.50264
 0.283284    2.3149
 0.253489  0.131099
  1.66918  0.858738
  1.20526   1.83664
  1.22557  0.679373
   1.3388    1.5697
  1.00043  0.680809
  0.70602   1.10085
 0.721588   2.29853
  2.08462   1.71808
  2.56742   2.28446
  1.51097  0.243935
  1.60371   2.04271
  1.71976  0.331139
  2.17546   2.86193
 0.195398   2.87078
  1.37853  0.892063
  1.59895   2.21695
  1.18697  0.939053
 0.622496  0.434477
 0.106295   1.16872
0.0895915  0.546236
  0.51181   1.14653
 0.370946   2.62419
  2.18662   1.21262
   2.1264   2.95194
 0.930968    1.0113
  2.07398   2.77967
  2.92297 0.00632857
 0.448258   2.27761
 0.960732   2.66728
  1.44144   1.08115
 0.807726   1.41363
 0.723342   1.24749
  2.25656  0.207776
  1.70458   1.51082
 0.935845  0.640105
  1.06971   2.34417
 0.341845  0.362124
  1.30292   2.41135
  1.73705   1.04477
 0.190549  0.114706
 0.551065   1.77766
  1.30993  0.883192
  2.80563   0.62988
  1.44101   1.90579
   2.9855   1.56614
  0.71119   2.39906
  2.80246   1.90864
  2.73609   2.44012
  1.34583  0.542805
  1.50626  0.901533
  1.94929   2.18723
  2.50546   1.17316
  2.36093  0.779377
  1.71678  0.520368
  2.62226   1.51226
  1.45235   1.64552
  2.17016   1.45393
 0.614319   1.98831
 0.886878   1.95392
  1.26857    2.8833
  2.86637   1.70162
 0.841114  0.102403
    1.651   2.82174
 0.567041   1.90152
  1.65558   1.41363
  2.71092   1.83351
  2.57748   0.99014
   2.9145   1.47555
 0.536122   2.36403
  2.39916   1.84061
  1.08109   1.15351
   2.1296  0.385337
  1.41049   2.05507
   2.2009   2.71921
    1.676  0.624437
  1.58279  0.371377
  2.27716   2.49615
  2.20184  0.726482
  1.99911   1.93106
  1.93502   1.91389
  1.11536   2.46692
 0.857544   2.09465
  2.89548   1.12405
 0.819077  0.597184
  1.23084  0.772556
   1.4301   2.71561
 0.379029   2.55792
 0.963071  0.659564
 0.440777    1.3947
  2.31261   2.83187
  1.20845   1.68636
 0.451349   2.12376
 0.376881   2.11486
  1.39536   1.23618
 0.477135   2.08844
  2.26592  0.518641
  1.87449 0.00501427
 0.402702    1.3952
   2.7928   2.63868
 0.365107   1.92634
 0.658758   2.54896
  1.87166    1.8285
  2.57925  0.789002
  0.66494  0.551861
  1.22099   1.72653
  1.39376   2.23484
  2.20328  0.430714
 0.635959  0.310377
  1.39825   2.34883
  1.64449   1.61871
  2.09427 0.0689045
  1.71535  0.298637
 0.177641   2.56003
 0.146889   2.75796
 0.668387   2.91856
  2.54573   1.59906
  1.08828  0.213883
 0.125225    1.9565
   2.2403  0.978704
  1.64617   1.89198
  2.30251  0.395212
  1.24688  0.799568
  2.34185   0.21961
  2.94707   1.83155
  2.76657   2.76811
  1.87802   1.11129
  2.75002   2.07396
  1.36733      2.22
  1.41796   1.11923
  2.76838    2.5801
 0.636931   1.99781
  0.61838  0.619343
  2.87479  0.276738
 0.112063   2.87112
 0.478016   2.25827
  1.91103   1.51519
  2.09348  0.993819
 0.553224    2.9721
 0.373624   1.77415
  2.79926   1.37695
  1.78095  0.426847
  1.04171   1.75509
 0.243052  0.365077
  1.49163   2.48307
  2.51469   2.44697
   1.0508   1.25807
 0.388972   1.41643
  1.42572   2.86227
 0.447067   2.09968
 0.587086   1.00851
  2.86812   0.98422
  2.25385  0.944859
  1.94418   2.83644
   1.8109   2.41941
  2.12673    1.3881
  1.62922   2.75911
 0.539488  0.565062
  2.71355  0.956712
  2.94715   1.94143
  1.40822   1.96954
  1.27811   1.34738
 0.900492  0.288886
  1.60262  0.579666
 0.927356   1.30812
  1.19756  0.593418
  2.44675   1.49278
  2.49106   1.59491
  2.32049   0.25168
  2.37042  0.687622
  2.36584  0.298139
  1.65349   2.20029
  1.21658   1.04769
  1.38159   1.32525
 0.191242  0.222242
  1.25224   2.58159
  2.38159  0.171336
  2.43232   2.02293
  1.83547   2.76662
  2.19888 0.0698086
  2.47532    1.8296
  1.75861   1.68524
  2.97287   0.63216
  2.72463  0.797837
0.0470168   2.85824
  2.82813  0.277504
  1.20225  0.152556
  1.01103   0.81658
 0.339867   1.34326
  2.80102   1.04834
  2.93599  0.998997
  1.89424  0.766845
  2.76601  0.420601
  0.50626   2.25774
 0.742228  0.109628
 0.632657   1.23961
  2.57238     1.071
 0.611369   0.14729
  2.79983   1.20798
  1.94312   1.63534
  1.59991   0.30327
  1.75404  0.814674
   2.9713  0.249531
  1.85051   0.57648
  2.07201   2.79629
  1.76682   2.23074
  1.08987   2.26073
  1.41353  0.742123
    1.952   1.11961
   2.6064   2.20231
  1.85859   1.18166
 0.940988   1.13199
 0.405618   1.69638
 0.871869  0.739096
  2.36583  0.994733
  1.89589    1.7928
  1.78225   2.55394
   2.8467   2.96635
 0.208102   2.41438
 0.906138   1.16209
  1.47466    1.4842
  1.78558  0.308269
  2.22312  0.930771
  2.03986   0.96691
  2.63599  0.210756
 0.277108   1.18797
  1.32511    1.6343
  2.14873  0.543002
 0.654859   2.96992
  1.25049   2.59185
  1.58119   2.59263
   1.2462   2.44315
  2.08039   1.36487
  1.83101    1.8427
   1.1552  0.387364
   2.2734  0.927311
 0.957566    2.3687
 0.175412   1.68167
  2.48318   1.37764
  2.83383   2.61156
 0.474703  0.271712
  2.52928  0.461832
 0.591422    2.9884
 0.779563   2.79307
  1.81294   1.94519
  1.12232  0.744947
 0.901154  0.334874
  1.94339  0.649202
  2.92287  0.723802
  2.03533   2.13662
0.0348312   1.49157
 0.040732  0.551523
  1.44642   2.84202
  1.12357   2.17424
  2.70956   1.75971
  1.45555   2.07103
  2.32982  0.830568
  1.98047  0.991907
0.0922117   1.82969
  1.76812  0.986613
  1.87793  0.783282
   2.4156   2.02621
  2.46663    2.7781
 0.194828    2.3006
  0.64396  0.889804
  0.09836   1.63973
 0.365191   2.32352
  1.85064   1.34786
  0.13876   1.73005
  1.08866   1.67951
 0.542187  0.477476
 0.306735   2.26166
  1.90925  0.575124
  2.03318   0.19818
  1.68427   1.53169
 0.831824   1.26347
  2.01068   2.52494
  2.74979   1.65464
  2.66206   1.02899
  1.91019   1.91949
 0.442125   2.82705
  2.70947  0.873676
 0.546922   1.92864
 0.284908   0.34933
  1.18563   2.39494
  1.07872    1.2274
  1.18169   1.70958
  2.54704   2.91132
 0.123691   1.46447
  2.76359  0.226896
  2.74351   2.68926
 0.347651  0.324012
  2.91286  0.468706
  2.76852  0.732369
 0.952491   1.04208
0.0710267    1.4887
 0.691764   1.02788
 0.291326   1.76587
  1.41031   2.06326
 0.493715   1.29125
  1.10622  0.398157
  2.45606  0.824943
  2.57248  0.908081
 0.820426   2.83822
  2.34996   1.96754
  2.12087   2.67612
  1.18854   1.28914
  1.12665 0.0888284
 0.340342   2.10761
 0.617512  0.204943
  2.79957    1.8335
  2.50981  0.132191
  2.53782   2.50105
 0.833149   2.18987
 0.916561   2.70394
0.0593982   2.27608
 0.279757   1.19614
  2.31624 0.0872601
   2.5141   1.73581
 0.592474  0.883678
  2.96774  0.788976
  2.56191   2.82258
 0.457851   2.52168
 0.319289  0.916989
  2.18145  0.496316
  1.51421    1.6135
  1.50433   1.05222
  1.21731  0.227096
  2.32063   1.98594
 0.994914  0.361013
  2.33503  0.970014
  2.68046   1.25337
0.000128999   2.35961
  1.33326  0.542643
 0.322415    2.9344
  1.53076   1.72478
  1.17756   2.73393
  2.51923   1.62524
 0.977642   2.50859
 0.482261  0.520022
  2.51164  0.996724
  1.85273   2.68249
  1.13423   2.71487
  2.77838   2.51638
 0.150372   2.12843
  2.34526   2.52387
  2.34893  0.981003
  2.79442   2.31358
  2.38065   1.15096
  2.84967   0.40853
  2.45035   1.64889
 0.563059   1.18468
 0.415586   1.38304
  2.06678 0.0837403
  1.93937    2.2469
  1.56577   2.03984
  2.87079    2.1798
  1.02426   0.70436
  1.71174   1.70334
  2.51853  0.988229
  1.20113   1.69495
  0.27817   1.68363
  1.84344  0.951317
  2.49101   1.35563
  2.18196   2.08225
  1.12376  0.680829
  2.13986  0.110301
  2.27219  0.592499
  1.46979   1.74124
  2.06614    1.9655
  0.35539   1.31879
  1.90797   1.20819
  2.20984  0.296156
  2.07705   2.16911
 0.361154    2.8753
  1.37794   2.10667
  2.75525   2.59569
  2.27277   0.73098
    2.478   2.47456
 0.724177   2.47591
 0.973192   1.26762
  2.74905   1.26716
  1.71613  0.743552
  1.61027  0.941799
  2.69813   1.18692
  2.09868   1.59906
 0.967664  0.962662
  2.75637  0.625859
  0.21064    1.7798
 0.330207    1.0699
  1.18943   2.14041
  1.66367  0.165213
   1.6197    1.3327
  1.27003  0.295067
  1.00538   2.92953
   1.6963    1.4913
 0.448873  0.866635
  1.31807   2.82542
  2.74998   2.30719
0.0480397  0.775455
  2.82453  0.386123
  2.03991   1.33226
  2.93892   2.80703
  2.81718   1.54216
  2.56944  0.045136
  1.34533   1.39501
 0.836386   1.50897
   1.1746   2.55217
  1.39258    2.0937
 0.619479   2.47779
 0.687743   1.19362
 0.583157  0.770984
  2.14458 0.0401106
  1.68668   2.58523
  2.13732  0.407487
 0.378629   1.31105
 0.897942   1.20371
   2.8307   1.07582
  1.96631 0.0233702
0.00521918  0.702068
  1.61047  0.639715
   2.1773   0.82021
  1.31915   2.62653
  1.18735   2.46899
 0.342327   1.60271
  2.35418   1.69147
 0.947969   2.86996
  2.50919  0.102989
  1.31421   1.41682
  1.96765   1.80612
 0.464724   2.98457
 0.370232   1.73737
 0.126253   1.88558
  1.01861  0.800932
  1.29189   1.91977
  2.24293   2.92075
  2.76546 0.0486499
 0.574598   1.01991
 0.287425  0.691396
  2.45805   1.37021
LINKS_SOURCE_DESTINATION_DISTANCE 1198
     0      1      1
     0      2      1
     0      6      1
     0      9      1
     0     32      1
     0     66      1
     0     88      1
     0     99      1
     0    219      1
     0    240      1
     0    533      1
     1      0      1
     1      3      1
     1      5      1
     1     13      1
     1     16      1
     1     40      1
     1    255      1
     1    305      1
     1    393      1
     2      0      1
     2     17      1
     2     30      1
     2    342      1
     2    349      1
     3      1      1
     3      4      1
     3     23      1
     3     62      1
     3    100      1
     3    192      1
     4      3      1
     4      7      1
     4     12      1
     4     18      1
     4    112      1
     4    142      1
     4    444      1
     5      1      1
     5     22      1
     5     25      1
     5     47      1
     5    115      1
     5    118      1
     5    232      1
     5    586      1
     6      0      1
     6     39      1
     6     50      1
     6     83      1
     6    161      1
     6    227      1
     6    281      1
     6    289      1
     6    423      1
     6    558      1
     7      4      1
     7      8      1
     7     11      1
     7     24      1
     7     77      1
     8      7      1
     8     10      1
     8     69      1
     9      0      1
     9     20      1
     9     35      1
     9     87      1
     9    152      1
    10      8      1
    10     44      1
    10     90      1
    11      7      1
    11     14      1
    11     15      1
    11     27      1
    11     34      1
    11     56      1
    11    156      1
    11    208      1
    11    527      1
    11    549      1
    11    596      1
    12      4      1
    12    162      1
    13      1      1
    13     19      1
    13     38      1
    13     55      1
    13    195      1
    13    246      1
    14     11      1
    14     21      1
    14     78      1
    14    253      1
    15     11      1
    15     26      1
    15     94      1
    15    170      1
    15    343      1
    16      1      1
    16     41      1
    17      2      1
    17     43      1
    17    150      1
    18      4      1
    18    183      1
    19     13      1
    20      9      1
    20     45      1
    20    233      1
    20    589      1
    21     14      1
    21    127      1
    21    332      1
    21    396      1
    22      5      1
    22    564      1
    23      3      1
    23     37      1
    23     68      1
    23    167      1
    23    201      1
    23    366      1
    23    582      1
    24      7      1
    24     95      1
    24    226      1
    25      5      1
    25     28      1
    25     29      1
    25     42      1
    25     49      1
    25     61      1
    25    104      1
    25    577      1
    26     15      1
    26     31      1
    26    588      1
    27     11      1
    27     51      1
    27     72      1
    27    131      1
    27    446      1
    28     25      1
    28     93      1
    28    125      1
    28    508      1
    29     25      1
    29     60      1
    29    358      1
    30      2      1
    30     33      1
    31     26      1
    31     67      1
    31     98      1
    31    187      1
    31    408      1
    32      0      1
    32    141      1
    32    149      1
    32    173      1
    32    545      1
    32    547      1
    33     30      1
    33     36      1
    33     76      1
    34     11      1
    34     73      1
    34    249      1
    34    509      1
    35      9      1
    35     65      1
    35    211      1
    36     33      1
    36     52      1
    36    110      1
    36    209      1
    36    479      1
    37     23      1
    37    113      1
    37    291      1
    37    361      1
    37    595      1
    38     13      1
    38     81      1
    39      6      1
    39    263      1
    40      1      1
    40     46      1
    40     84      1
    40    109      1
    40    147      1
    41     16      1
    41     48      1
    41    140      1
    41    182      1
    42     25      1
    42     54      1
    42    572      1
    43     17      1
    43     75      1
    43    106      1
    43    238      1
    44     10      1
    44     57      1
    44    148      1
    44    413      1
    45     20      1
    45     53      1
    45     58      1
    46     40      1
    47      5      1
    47    360      1
    48     41      1
    48     91      1
    48    258      1
    49     25      1
    49    103      1
    49    175      1
    49    369      1
    50      6      1
    50    130      1
    50    186      1
    50    331      1
    51     27      1
    51    271      1
    52     36      1
    52     79      1
    52    370      1
    53     45      1
    53    496      1
    54     42      1
    54     70      1
    54     71      1
    54    225      1
    54    401      1
    55     13      1
    55    158      1
    55    159      1
    55    165      1
    55    304      1
    56     11      1
    56     59      1
    56     64      1
    56     82      1
    56     89      1
    56    231      1
    57     44      1
    57     63      1
    57     74      1
    57    111      1
    57    122      1
    57    132      1
    57    345      1
    57    573      1
    58     45      1
    58    221      1
    58    554      1
    59     56      1
    59     80      1
    59     86      1
    59     92      1
    59    188      1
    60     29      1
    60    217      1
    60    440      1
    60    551      1
    61     25      1
    61    135      1
    61    335      1
    62      3      1
    62    129      1
    62    144      1
    62    210      1
    62    242      1
    62    421      1
    62    448      1
    62    578      1
    63     57      1
    63    116      1
    64     56      1
    64    294      1
    65     35      1
    65    146      1
    66      0      1
    66    213      1
    66    273      1
    67     31      1
    67    121      1
    67    284      1
    68     23      1
    68    101      1
    68    298      1
    69      8      1
    69    330      1
    70     54      1
    71     54      1
    72     27      1
    73     34      1
    73    145      1
    74     57      1
    74     97      1
    74    157      1
    74    279      1
    75     43      1
    75     85      1
    75    190      1
    75    456      1
    76     33      1
    76    180      1
    76    356      1
    77      7      1
    77    120      1
    77    179      1
    78     14      1
    78    256      1
    79     52      1
    79    177      1
    80     59      1
    81     38      1
    81     96      1
    81    151      1
    81    462      1
    82     56      1
    82    102      1
    82    119      1
    83      6      1
    83    168      1
    83    316      1
    83    498      1
    83    499      1
    83    519      1
    84     40      1
    84    114      1
    84    327      1
    84    459      1
    85     75      1
    86     59      1
    86    117      1
    86    169      1
    86    236      1
    87      9      1
    87    544      1
    87    569      1
    88      0      1
    89     56      1
    89    458      1
    90     10      1
    90    154      1
    90    274      1
    91     48      1
    92     59      1
    92    197      1
    92    215      1
    92    252      1
    92    514      1
    93     28      1
    93    181      1
    93    251      1
    94     15      1
    94    300      1
    94    306      1
    95     24      1
    95    105      1
    95    376      1
    96     81      1
    96    166      1
    97     74      1
    97    139      1
    98     31      1
    98    254      1
    98    383      1
    99      0      1
    99    189      1
   100      3      1
   100    386      1
   101     68      1
   101    134      1
   102     82      1
   102    108      1
   102    155      1
   103     49      1
   103    107      1
   103    163      1
   103    432      1
   104     25      1
   104    510      1
   105     95      1
   105    185      1
   105    265      1
   105    375      1
   105    378      1
   105    404      1
   105    453      1
   106     43      1
   107    103      1
   108    102      1
   108    193      1
   108    239      1
   108    262      1
   108    286      1
   108    341      1
   109     40      1
   109    133      1
   109    136      1
   109    389      1
   110     36      1
   110    128      1
   110    266      1
   111     57      1
   111    124      1
   111    205      1
   111    206      1
   111    322      1
   111    411      1
   111    515      1
   111    532      1
   112      4      1
   112    323      1
   112    373      1
   112    513      1
   113     37      1
   113    418      1
   113    521      1
   114     84      1
   115      5      1
   115    198      1
   116     63      1
   116    207      1
   116    275      1
   117     86      1
   118      5      1
   119     82      1
   119    138      1
   119    285      1
   119    310      1
   120     77      1
   120    123      1
   120    311      1
   120    325      1
   120    363      1
   121     67      1
   122     57      1
   122    126      1
   122    224      1
   122    347      1
   123    120      1
   124    111      1
   124    223      1
   124    482      1
   125     28      1
   126    122      1
   126    455      1
   127     21      1
   127    584      1
   128    110      1
   128    567      1
   129     62      1
   130     50      1
   130    397      1
   130    559      1
   131     27      1
   131    171      1
   131    472      1
   132     57      1
   132    153      1
   132    234      1
   133    109      1
   134    101      1
   134    199      1
   135     61      1
   135    137      1
   135    216      1
   136    109      1
   136    222      1
   136    297      1
   137    135      1
   138    119      1
   138    172      1
   138    220      1
   138    390      1
   139     97      1
   140     41      1
   140    307      1
   140    357      1
   141     32      1
   141    267      1
   142      4      1
   142    143      1
   143    142      1
   144     62      1
   144    334      1
   144    581      1
   145     73      1
   145    191      1
   145    540      1
   146     65      1
   147     40      1
   147    202      1
   147    409      1
   147    416      1
   148     44      1
   149     32      1
   149    302      1
   149    339      1
   150     17      1
   150    204      1
   150    364      1
   151     81      1
   151    164      1
   151    247      1
   151    593      1
   152      9      1
   152    160      1
   152    218      1
   152    470      1
   153    132      1
   153    329      1
   154     90      1
   155    102      1
   155    214      1
   155    276      1
   156     11      1
   157     74      1
   157    308      1
   157    560      1
   158     55      1
   159     55      1
   160    152      1
   160    538      1
   161      6      1
   161    243      1
   161    280      1
   161    407      1
   161    463      1
   162     12      1
   162    295      1
   163    103      1
   163    465      1
   164    151      1
   164    480      1
   165     55      1
   166     96      1
   166    174      1
   166    283      1
   166    417      1
   167     23      1
   167    178      1
   167    184      1
   167    278      1
   167    288      1
   168     83      1
   168    511      1
   169     86      1
   169    194      1
   170     15      1
   171    131      1
   172    138      1
   172    176      1
   173     32      1
   173    326      1
   174    166      1
   174    553      1
   174    599      1
   175     49      1
   176    172      1
   176    597      1
   177     79      1
   177    272      1
   178    167      1
   178    552      1
   179     77      1
   180     76      1
   180    340      1
   181     93      1
   182     41      1
   182    196      1
   182    200      1
   182    229      1
   183     18      1
   184    167      1
   184    469      1
   185    105      1
   185    212      1
   185    450      1
   186     50      1
   187     31      1
   187    203      1
   187    501      1
   188     59      1
   188    299      1
   189     99      1
   190     75      1
   191    145      1
   191    230      1
   191    244      1
   191    260      1
   192      3      1
   192    228      1
   192    259      1
   193    108      1
   194    169      1
   194    241      1
   194    461      1
   195     13      1
   195    464      1
   196    182      1
   196    315      1
   196    344      1
   197     92      1
   198    115      1
   199    134      1
   199    317      1
   200    182      1
   200    248      1
   201     23      1
   201    365      1
   201    437      1
   201    442      1
   201    518      1
   202    147      1
   203    187      1
   203    428      1
   203    568      1
   204    150      1
   204    353      1
   205    111      1
   205    270      1
   205    504      1
   205    528      1
   206    111      1
   206    235      1
   206    268      1
   207    116      1
   208     11      1
   208    237      1
   208    388      1
   208    474      1
   209     36      1
   209    257      1
   210     62      1
   210    355      1
   211     35      1
   211    367      1
   211    382      1
   211    405      1
   212    185      1
   212    287      1
   212    301      1
   213     66      1
   214    155      1
   214    313      1
   215     92      1
   216    135      1
   216    491      1
   216    500      1
   217     60      1
   217    424      1
   217    445      1
   218    152      1
   219      0      1
   220    138      1
   221     58      1
   222    136      1
   223    124      1
   223    362      1
   224    122      1
   224    320      1
   224    352      1
   225     54      1
   225    385      1
   226     24      1
   227      6      1
   228    192      1
   229    182      1
   230    191      1
   230    293      1
   231     56      1
   231    261      1
   231    420      1
   232      5      1
   233     20      1
   233    277      1
   234    132      1
   234    371      1
   235    206      1
   235    303      1
   236     86      1
   236    245      1
   237    208      1
   238     43      1
   238    269      1
   238    337      1
   239    108      1
   240      0      1
   241    194      1
   241    250      1
   242     62      1
   242    486      1
   243    161      1
   243    312      1
   244    191      1
   244    372      1
   244    476      1
   245    236      1
   246     13      1
   246    328      1
   246    433      1
   247    151      1
   247    318      1
   248    200      1
   248    594      1
   249     34      1
   250    241      1
   250    439      1
   250    506      1
   251     93      1
   251    309      1
   252     92      1
   252    381      1
   252    460      1
   253     14      1
   253    429      1
   254     98      1
   255      1      1
   255    522      1
   256     78      1
   256    517      1
   257    209      1
   258     48      1
   259    192      1
   260    191      1
   260    338      1
   260    493      1
   261    231      1
   262    108      1
   262    264      1
   263     39      1
   263    475      1
   263    526      1
   264    262      1
   264    430      1
   265    105      1
   265    296      1
   265    314      1
   266    110      1
   266    412      1
   266    419      1
   267    141      1
   268    206      1
   269    238      1
   269    350      1
   269    391      1
   269    422      1
   269    502      1
   270    205      1
   271     51      1
   271    571      1
   272    177      1
   272    354      1
   273     66      1
   273    377      1
   274     90      1
   274    292      1
   274    346      1
   274    537      1
   275    116      1
   276    155      1
   277    233      1
   277    290      1
   277    392      1
   278    167      1
   278    434      1
   279     74      1
   280    161      1
   280    282      1
   280    348      1
   281      6      1
   282    280      1
   282    531      1
   283    166      1
   283    485      1
   284     67      1
   285    119      1
   286    108      1
   287    212      1
   288    167      1
   288    473      1
   289      6      1
   290    277      1
   291     37      1
   291    548      1
   292    274      1
   293    230      1
   293    336      1
   293    359      1
   294     64      1
   294    556      1
   295    162      1
   295    319      1
   296    265      1
   296    368      1
   297    136      1
   298     68      1
   298    467      1
   299    188      1
   300     94      1
   301    212      1
   302    149      1
   303    235      1
   304     55      1
   305      1      1
   305    507      1
   306     94      1
   307    140      1
   308    157      1
   308    333      1
   308    523      1
   308    590      1
   309    251      1
   309    539      1
   310    119      1
   311    120      1
   312    243      1
   313    214      1
   314    265      1
   315    196      1
   316     83      1
   317    199      1
   317    321      1
   317    324      1
   317    438      1
   318    247      1
   318    399      1
   319    295      1
   320    224      1
   321    317      1
   322    111      1
   322    400      1
   322    415      1
   323    112      1
   323    561      1
   324    317      1
   324    579      1
   325    120      1
   326    173      1
   326    402      1
   326    562      1
   327     84      1
   328    246      1
   328    529      1
   329    153      1
   330     69      1
   331     50      1
   331    516      1
   332     21      1
   333    308      1
   333    478      1
   334    144      1
   335     61      1
   335    426      1
   336    293      1
   337    238      1
   337    395      1
   338    260      1
   338    563      1
   339    149      1
   340    180      1
   340    591      1
   341    108      1
   342      2      1
   342    546      1
   343     15      1
   344    196      1
   345     57      1
   345    410      1
   345    435      1
   346    274      1
   347    122      1
   347    351      1
   348    280      1
   349      2      1
   350    269      1
   351    347      1
   352    224      1
   352    406      1
   353    204      1
   354    272      1
   355    210      1
   356     76      1
   357    140      1
   357    374      1
   357    487      1
   358     29      1
   358    436      1
   359    293      1
   360     47      1
   361     37      1
   362    223      1
   363    120      1
   364    150      1
   365    201      1
   365    380      1
   366     23      1
   366    379      1
   366    387      1
   367    211      1
   367    394      1
   367    449      1
   368    296      1
   369     49      1
   370     52      1
   371    234      1
   371    384      1
   372    244      1
   372    447      1
   372    535      1
   373    112      1
   374    357      1
   374    477      1
   374    481      1
   375    105      1
   375    441      1
   376     95      1
   376    555      1
   377    273      1
   378    105      1
   378    490      1
   379    366      1
   379    575      1
   380    365      1
   381    252      1
   382    211      1
   383     98      1
   384    371      1
   384    454      1
   385    225      1
   385    427      1
   385    431      1
   385    451      1
   386    100      1
   387    366      1
   388    208      1
   388    398      1
   389    109      1
   390    138      1
   390    587      1
   391    269      1
   392    277      1
   392    403      1
   392    414      1
   393      1      1
   394    367      1
   395    337      1
   396     21      1
   396    425      1
   397    130      1
   398    388      1
   399    318      1
   400    322      1
   400    443      1
   401     54      1
   402    326      1
   403    392      1
   404    105      1
   405    211      1
   406    352      1
   406    580      1
   407    161      1
   407    466      1
   408     31      1
   409    147      1
   409    557      1
   410    345      1
   411    111      1
   411    566      1
   412    266      1
   413     44      1
   414    392      1
   415    322      1
   416    147      1
   417    166      1
   418    113      1
   419    266      1
   420    231      1
   421     62      1
   422    269      1
   422    492      1
   423      6      1
   424    217      1
   425    396      1
   425    483      1
   426    335      1
   426    468      1
   427    385      1
   428    203      1
   428    598      1
   429    253      1
   430    264      1
   431    385      1
   432    103      1
   432    542      1
   433    246      1
   433    471      1
   434    278      1
   435    345      1
   435    520      1
   436    358      1
   436    457      1
   437    201      1
   438    317      1
   439    250      1
   440     60      1
   441    375      1
   441    484      1
   442    201      1
   442    489      1
   442    512      1
   443    400      1
   444      4      1
   444    494      1
   444    503      1
   445    217      1
   446     27      1
   447    372      1
   448     62      1
   449    367      1
   449    452      1
   450    185      1
   451    385      1
   452    449      1
   453    105      1
   453    534      1
   454    384      1
   455    126      1
   456     75      1
   457    436      1
   457    495      1
   458     89      1
   459     84      1
   460    252      1
   460    536      1
   461    194      1
   462     81      1
   463    161      1
   464    195      1
   465    163      1
   465    505      1
   466    407      1
   466    530      1
   467    298      1
   467    574      1
   468    426      1
   469    184      1
   470    152      1
   471    433      1
   472    131      1
   473    288      1
   473    488      1
   474    208      1
   474    497      1
   475    263      1
   476    244      1
   477    374      1
   478    333      1
   479     36      1
   480    164      1
   481    374      1
   482    124      1
   483    425      1
   484    441      1
   485    283      1
   486    242      1
   486    565      1
   487    357      1
   488    473      1
   489    442      1
   489    525      1
   490    378      1
   491    216      1
   492    422      1
   493    260      1
   493    570      1
   494    444      1
   495    457      1
   495    550      1
   495    592      1
   496     53      1
   497    474      1
   498     83      1
   499     83      1
   500    216      1
   501    187      1
   502    269      1
   503    444      1
   504    205      1
   505    465      1
   506    250      1
   506    524      1
   507    305      1
   507    583      1
   508     28      1
   509     34      1
   510    104      1
   511    168      1
   512    442      1
   513    112      1
   514     92      1
   515    111      1
   516    331      1
   517    256      1
   518    201      1
   519     83      1
   520    435      1
   521    113      1
   522    255      1
   523    308      1
   524    506      1
   525    489      1
   526    263      1
   526    541      1
   527     11      1
   528    205      1
   529    328      1
   530    466      1
   531    282      1
   532    111      1
   533      0      1
   534    453      1
   535    372      1
   536    460      1
   537    274      1
   538    160      1
   538    543      1
   539    309      1
   540    145      1
   541    526      1
   542    432      1
   543    538      1
   544     87      1
   545     32      1
   546    342      1
   547     32      1
   548    291      1
   549     11      1
   550    495      1
   551     60      1
   552    178      1
   553    174      1
   554     58      1
   555    376      1
   556    294      1
   557    409      1
   558      6      1
   559    130      1
   560    157      1
   561    323      1
   562    326      1
   563    338      1
   563    585      1
   564     22      1
   565    486      1
   566    411      1
   566    576      1
   567    128      1
   568    203      1
   569     87      1
   570    493      1
   571    271      1
   572     42      1
   573     57      1
   574    467      1
   575    379      1
   576    566      1
   577     25      1
   578     62      1
   579    324      1
   580    406      1
   581    144      1
   582     23      1
   583    507      1
   584    127      1
   585    563      1
   586      5      1
   587    390      1
   588     26      1
   589     20      1
   590    308      1
   591    340      1
   592    495      1
   593    151      1
   594    248      1
   595     37      1
   596     11      1
   597    176      1
   598    428      1
   599    174      1
