COORD_X_Y 100
  2.57171   1.54952
 0.542303   2.05876
  2.62221   1.22155
  1.82901   2.92588
   1.6496   1.18599
0.0512077   1.86389
 0.487976   2.32459
 0.342352  0.473805
  2.86566   2.47932
 0.637819   0.42184
  1.57721   1.66346
0.0355706   1.05467
  1.49948   2.97106
  2.41424   1.33992
  2.27761   2.60465
  1.71477   2.53403
  1.10178   1.98838
  2.55141   1.99963
  1.05361   1.53485
  1.25243   2.77436
  2.83018    1.3026
  1.58036  0.146641
 0.307032   2.47794
  2.82975   2.60222
  2.02531   1.67114
  1.00082  0.705347
 0.333857   2.14362
 0.829717    2.3382
 0.663394  0.904326
 0.283321   1.10174
  2.80226   2.61215
  1.59165   1.56355
  2.80498   2.19368
  2.90545   1.86024
  1.13922  0.825596
  2.92184   2.62884
   2.8046   2.82899
  1.58413  0.678271
 0.510402 0.0184091
   1.5048     2.719
  1.81665   2.11557
  1.81171   2.96141
  2.97967   1.91987
   2.9508   1.48673
  1.08187   2.84331
 0.246445    1.0524
  1.81201   2.85889
 0.652768   1.62657
 0.490581   2.19151
  2.71795   2.25322
  1.93992   1.59912
 0.721797   2.64611
 0.401573   2.46968
0.0110069   1.40486
  1.59288   2.13981
  2.84166   2.71506
  1.50853  0.634528
0.0594924  0.924097
  1.06084   2.89013
  2.60907  0.586303
0.0256669   1.65866
  2.57805  0.859686
 0.327283   2.41659
 0.765887   1.50118
0.0382287  0.500898
  1.02345   1.09713
  2.94821   1.86692
  2.52351   2.56792
   2.5092   1.58585
 0.290104    1.2582
 0.445033   2.78633
 0.806438   2.48534
  1.42321   2.94239
  2.41123  0.530952
0.0267842   1.91672
   0.8511   2.09946
  1.71122   1.44756
  1.13084  0.618712
  1.38054  0.786796
 0.692542   2.03165
 0.258368   2.56241
  1.01356 0.0290395
  1.49124   1.59063
 0.430401  0.702645
   2.3754   2.14295
  1.85597   1.08212
 0.166699    1.4235
  2.14105   1.97499
  1.42918 0.0690179
  2.63077   1.48308
0.0438174   1.46435
 0.763811  0.615842
  1.31721   1.64546
 0.520451   1.40969
 0.596504   2.54639
  2.28833  0.136975
0.0587931  0.160248
  2.30405  0.811579
  1.71705  0.822086
  2.44293   1.62008
LINKS_SOURCE_DESTINATION_DISTANCE 198
     0      1      1
     0     13      1
     1      0      1
     1      2      1
     1      4      1
     1     10      1
     2      1      1
     2      3      1
     2      8      1
     2     53      1
     2     60      1
     2     86      1
     2     98      1
     3      2      1
     3      5      1
     3     15      1
     3     92      1
     4      1      1
     4     17      1
     4     29      1
     4     30      1
     4     50      1
     5      3      1
     5      6      1
     5      7      1
     5     18      1
     5     28      1
     6      5      1
     6     37      1
     7      5      1
     7      9      1
     7     12      1
     7     22      1
     7     65      1
     8      2      1
     8     20      1
     8     24      1
     8     57      1
     8     78      1
     8     88      1
     9      7      1
     9     23      1
    10      1      1
    10     11      1
    10     14      1
    10     39      1
    10     47      1
    11     10      1
    11     25      1
    11     54      1
    11     84      1
    12      7      1
    12     19      1
    12     26      1
    12     46      1
    13      0      1
    13     79      1
    14     10      1
    14     16      1
    14     38      1
    15      3      1
    15     48      1
    15     87      1
    16     14      1
    16     80      1
    17      4      1
    17     32      1
    17     35      1
    18      5      1
    18     27      1
    18     55      1
    18     62      1
    19     12      1
    19     21      1
    20      8      1
    20     40      1
    21     19      1
    22      7      1
    23      9      1
    23     63      1
    24      8      1
    24     34      1
    24     36      1
    25     11      1
    25     43      1
    26     12      1
    26     42      1
    27     18      1
    27     64      1
    28      5      1
    28     33      1
    28     94      1
    29      4      1
    29     31      1
    29     41      1
    29     59      1
    29     75      1
    30      4      1
    30     52      1
    30     66      1
    30     91      1
    31     29      1
    32     17      1
    32     44      1
    33     28      1
    34     24      1
    35     17      1
    35     71      1
    36     24      1
    36     99      1
    37      6      1
    37     72      1
    38     14      1
    38     45      1
    38     83      1
    39     10      1
    40     20      1
    40     58      1
    41     29      1
    41     49      1
    41     61      1
    42     26      1
    43     25      1
    44     32      1
    44     56      1
    45     38      1
    46     12      1
    47     10      1
    47     51      1
    48     15      1
    49     41      1
    50      4      1
    51     47      1
    52     30      1
    53      2      1
    53     76      1
    54     11      1
    54     68      1
    55     18      1
    56     44      1
    57      8      1
    57     67      1
    58     40      1
    58     70      1
    59     29      1
    59     85      1
    60      2      1
    60     96      1
    61     41      1
    62     18      1
    63     23      1
    64     27      1
    65      7      1
    66     30      1
    66     81      1
    67     57      1
    67     69      1
    68     54      1
    69     67      1
    70     58      1
    70     73      1
    70     74      1
    71     35      1
    72     37      1
    73     70      1
    73     82      1
    73     93      1
    74     70      1
    74     77      1
    75     29      1
    76     53      1
    77     74      1
    77     90      1
    78      8      1
    79     13      1
    80     16      1
    81     66      1
    82     73      1
    83     38      1
    84     11      1
    84     89      1
    85     59      1
    86      2      1
    87     15      1
    88      8      1
    88     97      1
    89     84      1
    90     77      1
    91     30      1
    92      3      1
    93     73      1
    94     28      1
    94     95      1
    95     94      1
    96     60      1
    97     88      1
    98      2      1
    99     36      1
