COORD_X_Y 80
  2.09152   2.39839
 0.357923  0.335529
  1.74356   1.10694
  1.42073   1.03949
0.0618002   2.88314
 0.203163   2.46851
  1.17612  0.277454
  2.46384   2.92539
  1.57842   2.17502
  2.32855   2.93575
   1.0555  0.628783
  1.25553   2.09763
 0.802771   1.49079
 0.646645   2.90843
  2.84271   2.81054
   1.4734   1.86191
  2.05972   2.98817
  2.54748  0.460387
  2.96661   1.07922
 0.757444   0.53948
  2.15761   2.56615
  2.98958   2.62702
  1.66046  0.138834
  2.17351  0.185676
  1.03767   2.62149
  2.09776  0.188139
  2.17105   2.28652
   1.4442   1.48871
  2.85628   1.40607
  2.52944  0.678142
  1.47066   0.32375
 0.817716   1.87739
  2.68327   2.44054
  2.58077  0.845412
  1.89603  0.680316
  2.95794   1.94205
  1.22389  0.660068
  2.38122   1.94322
 0.155185   1.49605
  2.77639   2.82829
 0.872336    0.2407
 0.897502   2.20493
 0.218045   2.13377
0.0542692   2.99019
  1.42395   2.03148
  2.98847  0.657042
 0.241665   1.11656
  0.52654   1.47772
  2.21367   1.85198
  1.80454   2.90471
  2.94215   2.19856
  2.11431   1.27458
 0.839019   1.34341
  1.28075  0.971146
  2.15355  0.540477
  2.03255   1.07896
  1.73662   2.35738
  1.98785   2.56374
  2.30057  0.926425
  2.95106   2.95313
  1.50706  0.617568
    1.297   1.31023
 0.676418  0.130632
   2.8689  0.955178
  2.14054   1.14669
  2.57465    1.0584
 0.472733    2.2901
  2.18582   1.21387
  1.53977  0.480686
  1.42015   2.28731
  1.64162   1.80554
  2.62754   1.11605
  2.07328  0.896471
  1.97317   2.52316
  2.93969   2.86969
  1.05649  0.818389
 0.915006   2.43304
0.0899875  0.431733
  2.13829  0.242122
  1.99798   2.53391
LINKS_SOURCE_DESTINATION_DISTANCE 384
     0      1      1
     0      5      1
     0      6      1
     0      8      1
     0     11      1
     0     14      1
     0     31      1
     0     32      1
     0     68      1
     0     74      1
     1      0      1
     1      2      1
     1      5      1
     1      6      1
     1     12      1
     1     13      1
     1     15      1
     1     19      1
     1     20      1
     1     22      1
     1     69      1
     1     72      1
     1     73      1
     1     74      1
     2      1      1
     2      3      1
     2      4      1
     2      6      1
     2     10      1
     2     11      1
     2     22      1
     2     46      1
     2     53      1
     2     75      1
     3      2      1
     3      4      1
     3      8      1
     3     10      1
     3     11      1
     3     18      1
     3     34      1
     3     37      1
     3     42      1
     3     50      1
     3     56      1
     3     62      1
     3     70      1
     4      3      1
     4      2      1
     4      5      1
     4      7      1
     4     13      1
     4     17      1
     4     23      1
     4     28      1
     4     30      1
     4     32      1
     4     35      1
     4     37      1
     4     47      1
     4     66      1
     5      1      1
     5      4      1
     5      0      1
     5      9      1
     5     14      1
     5     16      1
     5     24      1
     5     30      1
     5     58      1
     6      1      1
     6      0      1
     6      2      1
     6      7      1
     6     12      1
     6     13      1
     6     14      1
     6     15      1
     6     17      1
     6     19      1
     6     21      1
     6     25      1
     6     34      1
     7      6      1
     7      4      1
     7     20      1
     7     23      1
     7     36      1
     7     64      1
     8      3      1
     8      0      1
     8      9      1
     8     10      1
     8     15      1
     8     19      1
     8     28      1
     8     41      1
     8     54      1
     8     55      1
     8     64      1
     8     69      1
     9      5      1
     9      8      1
     9     16      1
     9     43      1
     9     53      1
     9     63      1
     9     76      1
     9     78      1
    10      3      1
    10      8      1
    10      2      1
    10     17      1
    10     26      1
    10     29      1
    10     72      1
    11      0      1
    11      2      1
    11      3      1
    11     12      1
    11     33      1
    11     39      1
    11     49      1
    11     51      1
    11     57      1
    12      6      1
    12     11      1
    12      1      1
    12     18      1
    12     62      1
    12     63      1
    13      1      1
    13      4      1
    13      6      1
    13     18      1
    13     23      1
    13     40      1
    13     59      1
    14      6      1
    14      0      1
    14      5      1
    14     16      1
    14     24      1
    15      8      1
    15      6      1
    15      1      1
    15     35      1
    16      9      1
    16     14      1
    16      5      1
    16     60      1
    16     62      1
    17      4      1
    17      6      1
    17     10      1
    17     29      1
    17     41      1
    17     47      1
    17     68      1
    17     79      1
    18     13      1
    18      3      1
    18     12      1
    18     21      1
    18     26      1
    18     36      1
    19      1      1
    19      8      1
    19      6      1
    19     21      1
    19     27      1
    20      1      1
    20      7      1
    20     26      1
    20     78      1
    21      6      1
    21     19      1
    21     18      1
    21     24      1
    21     25      1
    21     49      1
    21     75      1
    21     79      1
    22      2      1
    22      1      1
    22     27      1
    22     52      1
    22     56      1
    23      4      1
    23     13      1
    23      7      1
    23     32      1
    23     42      1
    23     43      1
    24      5      1
    24     21      1
    24     14      1
    24     57      1
    24     67      1
    25     21      1
    25      6      1
    25     65      1
    26     18      1
    26     10      1
    26     20      1
    26     47      1
    26     72      1
    27     22      1
    27     19      1
    27     31      1
    27     38      1
    28      4      1
    28      8      1
    28     39      1
    28     44      1
    28     52      1
    29     17      1
    29     10      1
    29     30      1
    29     39      1
    29     42      1
    29     46      1
    29     50      1
    29     74      1
    29     77      1
    30     29      1
    30      4      1
    30      5      1
    30     60      1
    30     61      1
    30     71      1
    31     27      1
    31      0      1
    31     33      1
    31     45      1
    31     48      1
    31     66      1
    32      0      1
    32     23      1
    32      4      1
    32     61      1
    33     11      1
    33     31      1
    33     38      1
    34      3      1
    34      6      1
    34     51      1
    34     59      1
    34     61      1
    35      4      1
    35     15      1
    35     44      1
    35     48      1
    35     67      1
    35     77      1
    36      7      1
    36     18      1
    37      3      1
    37      4      1
    38     33      1
    38     27      1
    39     11      1
    39     29      1
    39     28      1
    39     40      1
    39     58      1
    39     65      1
    39     71      1
    40     39      1
    40     13      1
    40     52      1
    41     17      1
    41      8      1
    41     45      1
    42      3      1
    42     29      1
    42     23      1
    43     23      1
    43      9      1
    44     35      1
    44     28      1
    44     67      1
    45     31      1
    45     41      1
    45     50      1
    45     57      1
    46     29      1
    46      2      1
    46     48      1
    47      4      1
    47     26      1
    47     17      1
    48     46      1
    48     31      1
    48     35      1
    48     55      1
    49     21      1
    49     11      1
    50     29      1
    50     45      1
    50      3      1
    50     54      1
    50     73      1
    51     34      1
    51     11      1
    52     40      1
    52     22      1
    52     28      1
    52     59      1
    53      9      1
    53      2      1
    54      8      1
    54     50      1
    54     55      1
    54     68      1
    55     54      1
    55      8      1
    55     48      1
    55     64      1
    56     22      1
    56      3      1
    56     60      1
    57     45      1
    57     24      1
    57     11      1
    58     39      1
    58      5      1
    59     52      1
    59     34      1
    59     13      1
    59     71      1
    60     16      1
    60     30      1
    60     56      1
    61     32      1
    61     34      1
    61     30      1
    62      3      1
    62     16      1
    62     12      1
    63      9      1
    63     12      1
    64     55      1
    64      7      1
    64      8      1
    65     39      1
    65     25      1
    65     70      1
    65     73      1
    66      4      1
    66     31      1
    67     35      1
    67     44      1
    67     24      1
    68     54      1
    68      0      1
    68     17      1
    68     76      1
    69      8      1
    69      1      1
    70     65      1
    70      3      1
    71     30      1
    71     59      1
    71     39      1
    72     10      1
    72      1      1
    72     26      1
    73      1      1
    73     50      1
    73     65      1
    74     29      1
    74      1      1
    74      0      1
    75     21      1
    75      2      1
    76     68      1
    76      9      1
    77     29      1
    77     35      1
    78      9      1
    78     20      1
    79     17      1
    79     21      1
