COORD_X_Y 130
  2.60098   2.75504
  2.23979  0.741178
 0.489693  0.101116
  1.01977   1.44927
  1.16282  0.576324
 0.554628    1.8074
 0.286965  0.125187
  1.84795   2.86102
  1.15147   1.46183
  1.41056   1.31564
 0.391799   2.44832
 0.273064   1.81046
0.0948327   2.72229
  2.72347  0.148399
 0.268197  0.261656
  1.00724   1.56507
  2.73873   1.54997
  2.22991   2.04955
  2.28236   2.03327
  2.39546   2.99131
 0.230513   1.13976
  0.24329  0.964411
  2.56174  0.627629
  1.34874  0.727691
 0.219593   1.23676
  1.14327   1.07121
 0.784175   1.98105
  2.94821   1.66993
  2.68596   1.13271
0.0978474   1.44074
  2.32318  0.228572
  1.26106   1.75939
  2.23392  0.930156
  1.28245  0.802813
  2.10585   1.24627
  2.75622   2.23279
  1.72589  0.371433
  1.46261   1.48333
  2.88054   2.45771
  2.66816   1.62225
 0.213252   1.27927
  1.55377   2.56233
  1.86595   1.71368
 0.724798   2.06435
 0.311961   1.27443
 0.247958   1.56036
  1.46966  0.270094
 0.235179 0.0399055
  1.44476   2.94414
  1.40127  0.658152
 0.315067  0.889387
 0.318303   1.49055
 0.389528   1.40483
  1.52274   2.76598
  0.98327   1.13021
  2.92842   2.66688
 0.489298   2.37171
  2.11749  0.157778
   1.4017   1.47242
0.000905386   1.35027
  1.72796   1.02792
  2.72029   1.24309
  2.82998  0.922014
  1.54342  0.131579
  2.19991   2.92328
  2.53316  0.749952
  1.12822   2.65486
  2.18534   1.51956
  0.76022   2.16399
  2.34138  0.184078
  1.78038   2.92976
  1.69499   1.35652
 0.564627    2.2123
  2.36086   2.03264
  1.18462   1.61822
 0.692612   1.28326
 0.685262   2.93335
  2.85434  0.198002
  1.22351   2.95853
  2.18909  0.813398
  2.59485    2.8515
  1.98794  0.444805
  0.57163   1.54253
   1.2008   1.71707
  1.27305   1.91271
  2.76784   1.76211
  1.23847  0.909857
  1.03569   1.18128
 0.748949   2.58626
 0.916922   2.90945
  2.09409  0.752795
 0.277772   2.18095
  2.12029  0.678212
  2.20437   1.87949
  1.16097    2.8704
   2.5126    2.8272
  1.08446   1.99844
 0.444536   1.48994
  1.35988   2.83352
   2.7126   1.18847
  2.10813   2.72102
  2.30701  0.755334
  1.38986   2.66464
  2.67741   2.16401
 0.905308   2.76325
  1.07036   1.88847
  2.49592   1.06789
  1.73646 0.0414107
  2.12304   1.15708
  2.36295   1.89803
 0.538148   2.65527
  1.05451  0.977425
  2.98174  0.309659
  1.99387  0.482335
  1.92011  0.698305
  2.80658   1.50115
  0.50215   2.35968
  1.57066    2.6179
  0.82038   1.32436
0.0924582    2.8347
0.0424635    1.1263
  2.34249   2.52611
 0.158857  0.919175
 0.964136  0.895067
  2.07857   1.33138
  1.51246   2.75803
  2.22246   2.20773
  1.38417   2.38912
  2.18679   2.46297
  1.12406  0.791889
LINKS_SOURCE_DESTINATION_DISTANCE 258
     0      1      1
     0      4      1
     0      5      1
     1      0      1
     1      2      1
     1      3      1
     1     20      1
     1     24      1
     1     27      1
     2      1      1
     2     23      1
     2     29      1
     2    127      1
     3      1      1
     3     14      1
     3     21      1
     3     28      1
     4      0      1
     4      8      1
     4     25      1
     4     58      1
     5      0      1
     5      6      1
     5      7      1
     6      5      1
     6     19      1
     6     31      1
     6     33      1
     6     39      1
     6    102      1
     7      5      1
     7      9      1
     7     10      1
     7     12      1
     7     13      1
     7     15      1
     7     17      1
     7     55      1
     7     81      1
     7     83      1
     8      4      1
     8     11      1
     8     78      1
     9      7      1
     9     97      1
    10      7      1
    10     16      1
    10     50      1
    10    111      1
    11      8      1
    11    116      1
    12      7      1
    12     56      1
    13      7      1
    13     34      1
    14      3      1
    14     63      1
    15      7      1
    15     71      1
    16     10      1
    16     76      1
    16     87      1
    17      7      1
    17     18      1
    18     17      1
    18     54      1
    19      6      1
    19     30      1
    19    106      1
    20      1      1
    20     22      1
    20     49      1
    21      3      1
    21     65      1
    21     80      1
    22     20      1
    22     43      1
    22    112      1
    23      2      1
    23     53      1
    23     86      1
    24      1      1
    24     26      1
    24     64      1
    24     74      1
    24     85      1
    25      4      1
    25     36      1
    25     37      1
    25     82      1
    26     24      1
    26     46      1
    27      1      1
    28      3      1
    28     40      1
    28     41      1
    29      2      1
    29     35      1
    29     44      1
    30     19      1
    30     32      1
    31      6      1
    31    115      1
    32     30      1
    33      6      1
    34     13      1
    34     38      1
    34     52      1
    35     29      1
    35    129      1
    36     25      1
    36     42      1
    37     25      1
    37     51      1
    37     61      1
    38     34      1
    38     68      1
    38     77      1
    38     96      1
    38    108      1
    39      6      1
    40     28      1
    40     45      1
    40     47      1
    41     28      1
    42     36      1
    42     94      1
    43     22      1
    43     60      1
    43     90      1
    44     29      1
    44     59      1
    44     98      1
    45     40      1
    45     62      1
    46     26      1
    46     88      1
    47     40      1
    47     48      1
    47    121      1
    48     47      1
    48     72      1
    49     20      1
    50     10      1
    51     37      1
    52     34      1
    52    100      1
    53     23      1
    53     57      1
    54     18      1
    55      7      1
    55     66      1
    55     73      1
    55     92      1
    55     93      1
    55     99      1
    56     12      1
    56     70      1
    57     53      1
    58      4      1
    58    118      1
    59     44      1
    60     43      1
    61     37      1
    61    128      1
    62     45      1
    63     14      1
    63     69      1
    63     79      1
    64     24      1
    64     67      1
    65     21      1
    65     89      1
    65    126      1
    66     55      1
    67     64      1
    68     38      1
    69     63      1
    69     75      1
    70     56      1
    71     15      1
    72     48      1
    73     55      1
    74     24      1
    74    105      1
    74    110      1
    75     69      1
    75     91      1
    76     16      1
    77     38      1
    77     84      1
    78      8      1
    79     63      1
    80     21      1
    80    114      1
    80    119      1
    81      7      1
    82     25      1
    83      7      1
    83     95      1
    84     77      1
    84    103      1
    85     24      1
    86     23      1
    86    123      1
    87     16      1
    88     46      1
    88    120      1
    88    122      1
    89     65      1
    90     43      1
    91     75      1
    91    107      1
    92     55      1
    93     55      1
    93    104      1
    94     42      1
    95     83      1
    96     38      1
    96    101      1
    97      9      1
    98     44      1
    99     55      1
   100     52      1
   101     96      1
   102      6      1
   103     84      1
   104     93      1
   105     74      1
   105    109      1
   106     19      1
   107     91      1
   108     38      1
   108    113      1
   109    105      1
   110     74      1
   111     10      1
   112     22      1
   112    124      1
   113    108      1
   114     80      1
   115     31      1
   115    125      1
   116     11      1
   116    117      1
   117    116      1
   118     58      1
   119     80      1
   120     88      1
   121     47      1
   122     88      1
   123     86      1
   124    112      1
   125    115      1
   126     65      1
   127      2      1
   128     61      1
   129     35      1
