COORD_X_Y 90
 0.242799   2.73142
  2.99218  0.382272
  1.68814   2.72789
 0.634718   2.74185
  2.35173   2.66289
 0.328106  0.929535
  1.27942   2.00386
  2.71608   2.92723
 0.737224   1.90562
  2.77035  0.239923
  2.57376  0.330395
 0.882495 0.0552551
  1.86626   1.44785
   1.4944   2.22863
   1.0867    2.2808
 0.928045  0.761649
 0.866681  0.394671
  2.95517   1.09552
  1.60241   1.73741
  1.49816   2.71913
  1.51081    1.5588
  2.54435  0.779042
  1.01992   1.43382
  1.26787   2.61324
 0.862746  0.771581
 0.642501   1.34685
  2.29302   2.72981
  2.87693   2.15562
 0.615915   1.39295
 0.501839   1.79132
  2.23183   0.46973
 0.420618   1.63425
0.0908726   1.10128
  1.27294   1.97828
  2.53239   2.35715
  1.15704  0.797053
 0.227175   2.93322
 0.361997   2.25078
  1.94969   1.09353
  2.80347   2.65367
  1.13361   2.62772
  1.20308   1.97251
 0.314096   1.14478
 0.842417   1.24408
  1.13184   2.79861
  2.90185   2.08766
  2.76989   2.22184
  1.90897  0.467703
  2.63046   1.44913
 0.701421     1.569
   2.7513   2.48665
  2.65562   2.66331
  1.90804  0.281296
  1.51129   1.66142
  1.55015   2.85454
  2.75876   2.50172
  1.41766  0.222756
  2.37249    1.1346
  1.50554    1.7175
  2.35198   2.94862
 0.842721    2.0699
 0.598877    2.6352
  0.61457   1.60816
  2.81198   1.76255
  2.06073   2.34873
 0.777068  0.557005
  2.10458  0.443771
 0.655316   1.71658
 0.622307  0.852052
  2.51779  0.370215
  2.97699    2.5057
0.0882511   1.01862
  1.25356  0.582193
  2.85068   1.31324
 0.413706   1.41183
   0.1494   2.56706
  1.91488   1.99289
  1.90636   1.56503
 0.341482   0.67232
  0.33898   0.57871
 0.058284   1.62317
   2.3001   1.86423
 0.693415   1.78283
 0.404456  0.614522
 0.769002   2.75201
  0.97052  0.558714
  1.38777   1.74174
 0.921971   1.31929
 0.481348  0.889219
  1.87887   1.49526
LINKS_SOURCE_DESTINATION_DISTANCE 178
     0      1      1
     0      5      1
     0     12      1
     0     51      1
     0     69      1
     1      0      1
     1      2      1
     1      3      1
     1      4      1
     1     17      1
     2      1      1
     2     67      1
     2     71      1
     2     73      1
     3      1      1
     3     15      1
     4      1      1
     4      6      1
     4      8      1
     4     13      1
     4     18      1
     5      0      1
     5     22      1
     5     30      1
     6      4      1
     6      7      1
     6     19      1
     6     36      1
     6     64      1
     7      6      1
     7      9      1
     7     20      1
     7     25      1
     8      4      1
     8     10      1
     8     21      1
     8     37      1
     8     70      1
     9      7      1
     9     11      1
     9     16      1
     9     26      1
     9     39      1
     9     47      1
    10      8      1
    10     35      1
    11      9      1
    11     27      1
    11     84      1
    12      0      1
    12     14      1
    12     44      1
    13      4      1
    13     24      1
    13     49      1
    13     59      1
    14     12      1
    15      3      1
    15     56      1
    15     58      1
    16      9      1
    16     41      1
    16     87      1
    17      1      1
    17     55      1
    18      4      1
    18     23      1
    18     45      1
    18     48      1
    19      6      1
    19     52      1
    20      7      1
    20     28      1
    20     31      1
    21      8      1
    22      5      1
    22     40      1
    22     63      1
    22     85      1
    23     18      1
    23     34      1
    23     75      1
    24     13      1
    24     29      1
    24     33      1
    25      7      1
    26      9      1
    26     72      1
    27     11      1
    28     20      1
    28     60      1
    29     24      1
    29     32      1
    30      5      1
    31     20      1
    31     53      1
    32     29      1
    32     68      1
    32     88      1
    33     24      1
    33     38      1
    33     46      1
    33     78      1
    34     23      1
    35     10      1
    35     43      1
    36      6      1
    37      8      1
    38     33      1
    39      9      1
    40     22      1
    40     83      1
    41     16      1
    41     42      1
    41     50      1
    42     41      1
    43     35      1
    43     54      1
    44     12      1
    45     18      1
    46     33      1
    46     61      1
    46     62      1
    47      9      1
    48     18      1
    49     13      1
    49     65      1
    50     41      1
    51      0      1
    52     19      1
    53     31      1
    54     43      1
    54     57      1
    55     17      1
    55     89      1
    56     15      1
    57     54      1
    57     77      1
    58     15      1
    58     86      1
    59     13      1
    59     76      1
    60     28      1
    60     66      1
    60     74      1
    61     46      1
    62     46      1
    63     22      1
    64      6      1
    65     49      1
    66     60      1
    67      2      1
    67     81      1
    68     32      1
    69      0      1
    70      8      1
    71      2      1
    72     26      1
    72     80      1
    73      2      1
    74     60      1
    75     23      1
    76     59      1
    76     79      1
    77     57      1
    78     33      1
    79     76      1
    80     72      1
    81     67      1
    81     82      1
    82     81      1
    83     40      1
    84     11      1
    85     22      1
    86     58      1
    87     16      1
    88     32      1
    89     55      1
