COORD_X_Y 90
  1.33804   2.39722
 0.676188   2.41355
  1.48678    2.0873
  1.26602   2.52665
  1.67666   1.91726
    1.216   2.79928
 0.565699   1.37922
   2.3697   2.91954
  1.84685  0.896625
  2.50963   1.31477
  1.84437   1.99112
  2.22277    2.9206
  2.86392   1.30406
  2.94399    1.3959
  1.10161   2.19809
  1.17446   1.17906
  2.43438   1.54435
  2.38586  0.940412
 0.261184   1.34063
   2.4493   1.38338
  1.09909   1.39314
 0.790775   1.55276
  1.56415   1.36371
  2.86848   2.75993
  2.61845   1.24686
  0.16339   1.23455
  2.11881   1.90853
  2.83641   1.88133
 0.979337   2.97858
   1.0635    1.6625
  1.28219  0.366267
  1.56897  0.453526
  1.43047   2.19174
  2.88766   1.01843
  1.00148  0.574576
  1.21886  0.773397
  1.73037  0.968308
  1.28331  0.421516
  2.65701   1.71617
 0.913977   1.41341
  2.87008   2.93831
  2.03145   1.76422
   1.8837   1.87083
 0.794697   2.30075
  1.39621   2.31893
  2.89987  0.245017
 0.528231   1.78286
  1.13088   1.78666
  1.80143  0.758713
   2.6817   1.86582
  2.86172   1.66795
 0.380883   2.18148
  1.23777  0.456604
  2.24086  0.694511
 0.662807    1.2113
  2.67364   1.79465
  1.72292   1.30795
   2.0763   2.97002
 0.910414   2.59444
  2.60668   1.06838
  1.27634   2.98208
 0.226609    1.2863
  0.15396  0.683104
  2.49556   2.30267
  2.03112  0.623105
  2.78439   1.04544
  1.23109    2.9861
  1.41579   2.68222
  1.57947   1.20933
  2.34088   1.69549
  2.99323  0.322443
  2.85635  0.707279
  2.23574    1.9949
  1.92351   2.71493
   1.6802   1.99237
   2.7555   2.78812
  2.33888   1.14105
  2.49308  0.174596
  2.21514   2.97511
  1.12216   1.95897
0.0127745   2.37802
 0.994192   1.09088
 0.793973   1.77039
 0.757845   1.88445
 0.555963  0.776482
  2.86204  0.535363
  2.44812   2.14866
  2.19286  0.928171
  2.06149   2.14192
 0.399145   2.73008
LINKS_SOURCE_DESTINATION_DISTANCE 432
     0      1      1
     0      3      1
     0      5      1
     0      6      1
     0      7      1
     0      8      1
     0      9      1
     0     11      1
     0     24      1
     0     56      1
     1      0      1
     1      2      1
     1      4      1
     1      8      1
     1      9      1
     1     15      1
     1     16      1
     1     18      1
     1     27      1
     1     34      1
     1     37      1
     1     43      1
     1     64      1
     2      1      1
     2      4      1
     2     11      1
     2     33      1
     2     61      1
     3      0      1
     3      4      1
     3      5      1
     3      6      1
     3      7      1
     3     14      1
     3     16      1
     3     22      1
     3     36      1
     3     66      1
     3     69      1
     3     73      1
     3     79      1
     3     81      1
     4      2      1
     4      3      1
     4      1      1
     4      5      1
     4      7      1
     4     20      1
     4     25      1
     4     48      1
     4     51      1
     4     72      1
     4     81      1
     4     83      1
     5      0      1
     5      4      1
     5      3      1
     5     14      1
     5     15      1
     5     18      1
     5     21      1
     6      0      1
     6      3      1
     6     10      1
     6     30      1
     6     44      1
     6     87      1
     7      3      1
     7      0      1
     7      4      1
     7      8      1
     7     26      1
     7     34      1
     7     51      1
     8      7      1
     8      0      1
     8      1      1
     8     10      1
     8     12      1
     8     21      1
     8     23      1
     8     39      1
     8     40      1
     8     53      1
     9      1      1
     9      0      1
     9     12      1
     9     23      1
     9     45      1
     9     85      1
    10      6      1
    10      8      1
    10     11      1
    10     17      1
    10     19      1
    10     35      1
    10     63      1
    11     10      1
    11      0      1
    11      2      1
    11     13      1
    11     20      1
    11     33      1
    11     40      1
    11     75      1
    12      9      1
    12      8      1
    12     13      1
    12     16      1
    12     28      1
    12     29      1
    12     35      1
    12     39      1
    12     46      1
    12     55      1
    12     62      1
    13     12      1
    13     11      1
    13     17      1
    13     32      1
    13     56      1
    13     70      1
    13     89      1
    14      3      1
    14      5      1
    14     18      1
    14     22      1
    14     27      1
    14     40      1
    14     41      1
    15      5      1
    15      1      1
    15     17      1
    15     26      1
    15     49      1
    16     12      1
    16      1      1
    16      3      1
    16     31      1
    16     64      1
    17     13      1
    17     15      1
    17     10      1
    17     19      1
    17     28      1
    17     42      1
    17     43      1
    17     44      1
    17     46      1
    17     54      1
    17     80      1
    17     84      1
    18      1      1
    18     14      1
    18      5      1
    18     24      1
    18     39      1
    18     51      1
    19     17      1
    19     10      1
    19     78      1
    20      4      1
    20     11      1
    20     22      1
    20     23      1
    20     54      1
    21      8      1
    21      5      1
    21     25      1
    21     45      1
    21     49      1
    21     58      1
    22     14      1
    22     20      1
    22      3      1
    22     34      1
    22     50      1
    23      8      1
    23     20      1
    23      9      1
    23     29      1
    23     41      1
    23     42      1
    23     52      1
    24     18      1
    24      0      1
    24     30      1
    24     55      1
    25     21      1
    25      4      1
    25     27      1
    25     31      1
    25     36      1
    25     38      1
    26      7      1
    26     15      1
    26     32      1
    26     60      1
    26     63      1
    27     14      1
    27     25      1
    27      1      1
    27     31      1
    27     52      1
    28     17      1
    28     12      1
    28     57      1
    28     68      1
    29     12      1
    29     23      1
    29     69      1
    29     89      1
    30     24      1
    30      6      1
    30     37      1
    30     47      1
    30     53      1
    30     62      1
    31     25      1
    31     16      1
    31     27      1
    31     35      1
    31     49      1
    31     50      1
    31     55      1
    31     78      1
    32     26      1
    32     13      1
    32     33      1
    32     54      1
    32     59      1
    33     32      1
    33      2      1
    33     11      1
    33     38      1
    34      7      1
    34      1      1
    34     22      1
    34     48      1
    34     74      1
    34     84      1
    35     31      1
    35     10      1
    35     12      1
    35     71      1
    35     76      1
    35     82      1
    36     25      1
    36      3      1
    36     58      1
    37      1      1
    37     30      1
    37     42      1
    37     45      1
    37     50      1
    38     33      1
    38     25      1
    38     71      1
    39     12      1
    39      8      1
    39     18      1
    39     47      1
    39     57      1
    40     14      1
    40     11      1
    40      8      1
    40     59      1
    40     76      1
    40     83      1
    41     14      1
    41     23      1
    41     52      1
    41     72      1
    41     88      1
    42     37      1
    42     17      1
    42     23      1
    42     82      1
    43     17      1
    43      1      1
    43     47      1
    43     67      1
    43     75      1
    43     87      1
    44     17      1
    44      6      1
    44     74      1
    45     37      1
    45      9      1
    45     21      1
    45     74      1
    46     17      1
    46     12      1
    47     30      1
    47     43      1
    47     39      1
    47     66      1
    47     77      1
    47     86      1
    47     89      1
    48     34      1
    48      4      1
    48     57      1
    49     31      1
    49     15      1
    49     21      1
    49     66      1
    50     37      1
    50     22      1
    50     31      1
    50     61      1
    50     65      1
    50     67      1
    50     78      1
    51      7      1
    51     18      1
    51      4      1
    51     86      1
    52     41      1
    52     23      1
    52     27      1
    52     68      1
    53      8      1
    53     30      1
    54     17      1
    54     20      1
    54     32      1
    54     73      1
    55     24      1
    55     12      1
    55     31      1
    56     13      1
    56      0      1
    56     65      1
    56     67      1
    57     48      1
    57     39      1
    57     28      1
    57     60      1
    58     21      1
    58     36      1
    58     59      1
    59     40      1
    59     58      1
    59     32      1
    60     26      1
    60     57      1
    61      2      1
    61     50      1
    61     73      1
    62     12      1
    62     30      1
    63     26      1
    63     10      1
    63     79      1
    64      1      1
    64     16      1
    65     50      1
    65     56      1
    65     72      1
    66     47      1
    66     49      1
    66      3      1
    67     50      1
    67     43      1
    67     56      1
    68     52      1
    68     28      1
    69     29      1
    69      3      1
    69     70      1
    69     75      1
    70     13      1
    70     69      1
    70     77      1
    71     38      1
    71     35      1
    71     84      1
    72      4      1
    72     65      1
    72     41      1
    72     81      1
    73     61      1
    73     54      1
    73      3      1
    73     85      1
    74     44      1
    74     34      1
    74     45      1
    75     43      1
    75     11      1
    75     69      1
    75     87      1
    76     35      1
    76     40      1
    77     70      1
    77     47      1
    78     31      1
    78     19      1
    78     50      1
    79      3      1
    79     63      1
    79     80      1
    80     79      1
    80     17      1
    81     72      1
    81      4      1
    81      3      1
    81     83      1
    82     35      1
    82     42      1
    83      4      1
    83     40      1
    83     81      1
    83     88      1
    84     34      1
    84     17      1
    84     71      1
    84     88      1
    85      9      1
    85     73      1
    86     51      1
    86     47      1
    87     43      1
    87      6      1
    87     75      1
    88     84      1
    88     41      1
    88     83      1
    89     13      1
    89     29      1
    89     47      1
