COORD_X_Y 90
0.0684713   2.30323
  1.00095    2.6466
  1.69851   2.21965
 0.618505    1.7637
  2.19964  0.209607
  1.13451   2.86193
   2.7032  0.651448
  2.21671   2.10999
  2.25036  0.579355
  1.06045   1.52203
 0.523328   2.82813
 0.265902   1.17158
  2.97245   1.33966
 0.632968   1.88412
0.0221182  0.443395
  2.44162     1.524
  1.96661    1.9433
  2.32931   1.78601
  1.20701  0.994475
  2.20598   2.93845
  2.54724  0.285398
   2.4797   2.51637
  2.70508   1.74064
  2.51315   2.83869
  2.36801   2.50681
  1.24731   1.54997
 0.906958   2.92724
 0.710495   2.29137
  0.14381   2.43795
 0.746285  0.125331
  2.91409  0.598069
  1.13062  0.907002
  2.21874   2.19596
  2.70663   1.92038
  2.29036   1.72652
 0.713324   1.25859
  2.59467   1.48064
  1.65086   1.79232
  0.47195    2.9922
  2.82714   1.10121
  1.31301   1.51194
  1.04308   2.63322
 0.279946    2.3343
 0.377643    1.8504
 0.289435  0.313258
  2.93702   2.50525
  2.49596   2.01155
  2.39664   2.36899
  1.40992  0.729285
 0.313242   2.78644
  1.72225   2.58646
  1.71364 0.0722057
  2.76791   1.94337
  1.49104    1.1139
 0.946063  0.310101
   2.2382   1.05235
 0.560009   1.10112
  1.14414   2.46644
  1.00831    2.9663
  1.48975   2.72503
 0.423967  0.962591
 0.117021  0.902004
  2.20194  0.405788
  1.89119 0.0882672
  1.23978   1.32445
  1.07695   1.25032
  1.84379  0.807217
 0.255119  0.591203
 0.200646   1.59409
  2.63029   1.38075
 0.708201  0.272374
  2.24468    2.0506
  0.55003   1.86838
 0.165939  0.712248
  1.33531   1.34327
  2.05171   2.26952
  1.48826   2.57002
   2.3597  0.950777
 0.737314  0.667299
  1.58379   1.46645
  2.09294   2.76081
 0.453524   1.26861
  2.99252   0.37927
 0.546342  0.296586
   2.5124  0.153154
 0.817384   1.94001
  1.32708  0.536692
   1.3252    2.0447
  2.33797  0.677023
 0.278563   0.58033
LINKS_SOURCE_DESTINATION_DISTANCE 178
     0      1      1
     0      3      1
     0      9      1
     0     64      1
     1      0      1
     1      2      1
     1     25      1
     1     69      1
     2      1      1
     2      5      1
     2     10      1
     2     13      1
     2     72      1
     3      0      1
     3      4      1
     3      7      1
     3     23      1
     3     27      1
     3     31      1
     3     49      1
     4      3      1
     4     11      1
     4     51      1
     4     61      1
     4     80      1
     5      2      1
     5      6      1
     5     28      1
     5     83      1
     5     84      1
     6      5      1
     6     18      1
     6     26      1
     6     55      1
     7      3      1
     7      8      1
     7     12      1
     8      7      1
     8     43      1
     9      0      1
     9     14      1
     9     19      1
     9     44      1
    10      2      1
    10     17      1
    10     21      1
    11      4      1
    11     15      1
    11     16      1
    11     35      1
    11     47      1
    12      7      1
    13      2      1
    13     22      1
    13     32      1
    13     34      1
    14      9      1
    15     11      1
    15     56      1
    16     11      1
    16     30      1
    16     37      1
    17     10      1
    18      6      1
    19      9      1
    19     20      1
    19     24      1
    20     19      1
    20     33      1
    21     10      1
    22     13      1
    22     38      1
    23      3      1
    24     19      1
    24     29      1
    24     68      1
    25      1      1
    26      6      1
    26     45      1
    26     46      1
    27      3      1
    27     41      1
    28      5      1
    29     24      1
    29     39      1
    30     16      1
    30     79      1
    31      3      1
    31     36      1
    31     66      1
    32     13      1
    33     20      1
    33     50      1
    33     58      1
    34     13      1
    35     11      1
    35     60      1
    36     31      1
    36     40      1
    36     54      1
    37     16      1
    38     22      1
    38     53      1
    39     29      1
    40     36      1
    40     52      1
    40     65      1
    41     27      1
    41     42      1
    42     41      1
    43      8      1
    43     62      1
    43     74      1
    44      9      1
    45     26      1
    45     89      1
    46     26      1
    47     11      1
    47     48      1
    48     47      1
    49      3      1
    50     33      1
    50     57      1
    50     73      1
    51      4      1
    52     40      1
    52     59      1
    53     38      1
    54     36      1
    55      6      1
    56     15      1
    56     63      1
    56     67      1
    57     50      1
    57     71      1
    58     33      1
    59     52      1
    60     35      1
    60     70      1
    61      4      1
    62     43      1
    62     78      1
    63     56      1
    64      0      1
    64     86      1
    65     40      1
    66     31      1
    66     87      1
    67     56      1
    68     24      1
    68     81      1
    68     88      1
    69      1      1
    69     75      1
    69     76      1
    70     60      1
    71     57      1
    71     85      1
    72      2      1
    73     50      1
    73     82      1
    74     43      1
    75     69      1
    75     77      1
    76     69      1
    77     75      1
    78     62      1
    79     30      1
    80      4      1
    81     68      1
    82     73      1
    83      5      1
    84      5      1
    85     71      1
    86     64      1
    87     66      1
    88     68      1
    89     45      1
