COORD_X_Y 100
  2.64871  0.669788
  2.74472   1.37407
  1.07002  0.604824
 0.948647   1.49311
 0.590082   1.99102
  1.41011    2.8826
  1.52676   2.21322
  1.98507   2.60647
  1.85555  0.698606
  2.06777   1.00613
 0.720989   1.01308
 0.706408   1.06053
 0.902367    1.7444
  1.38943   2.34058
 0.778745  0.929839
  1.45245    1.3976
 0.812563   1.90826
  1.16887   2.01813
  2.52534    0.5595
   1.5374  0.528238
  2.67157  0.752244
  1.89963  0.977177
  2.64662   1.44219
  1.44332   2.40706
  2.93599   1.13622
   1.2297  0.994731
  2.18557  0.986793
  2.17426  0.162728
 0.787666   0.90682
   2.0078  0.365677
 0.791014   2.75348
  2.64766   2.49023
  2.47585   2.68852
   2.7808  0.460598
  1.23748   2.68933
 0.962421  0.257565
  2.76703   1.43739
  1.04838   2.42924
  2.61093 0.0737334
 0.343254   2.84225
  2.19041  0.524659
  2.21402   2.93758
  1.43265   2.86324
 0.478968   1.14516
 0.285188   2.02083
 0.385606   1.17296
  1.63279  0.255136
  1.81066   2.79515
 0.628153   2.97227
  1.30506   1.29367
  2.53676  0.132781
  2.27771   2.26173
  2.86048   2.89647
  1.73262   2.24263
  2.31613   1.34145
  1.59515   1.12785
 0.456396   1.06547
  1.00998   0.49917
  2.51606  0.562463
  2.90989   2.35667
  2.10674   2.01646
  1.32258   2.20476
 0.756852   1.76551
 0.682801    1.5753
  1.99349   1.90066
  1.99992    1.5502
  2.03178  0.309748
 0.936853  0.712037
  2.91956   1.88295
 0.987583   2.88086
  2.63393   1.09644
  1.53973   2.45593
 0.312517   1.53668
  2.75641  0.828418
 0.199544   2.72985
  2.80459   2.17999
  2.17039    2.9663
  2.15066    1.9024
 0.493519   2.10132
  2.67058  0.566458
 0.913829  0.295536
 0.190016   1.45842
  1.26212   2.52596
  2.63017  0.790857
 0.768889   2.95852
  2.60431   1.70414
  1.85976   1.13107
   2.3627   2.51344
  2.80066   1.94677
  2.93293   1.38024
  1.59347   1.26175
 0.612141   2.02419
  2.80976   1.30058
  1.84363    1.5119
 0.810176   1.23374
 0.340492  0.449412
  1.55615   1.13183
  1.80138   1.68413
 0.418269  0.618482
 0.998495   1.41144
LINKS_SOURCE_DESTINATION_DISTANCE 198
     0      1      1
     0      2      1
     0      3      1
     0     10      1
     0     11      1
     0     17      1
     1      0      1
     1      4      1
     1      5      1
     1     32      1
     2      0      1
     2      9      1
     2     24      1
     2     29      1
     2     76      1
     2     78      1
     3      0      1
     3      6      1
     3      7      1
     3     15      1
     3     33      1
     4      1      1
     4     22      1
     4     46      1
     4     65      1
     4     68      1
     5      1      1
     5     25      1
     5     42      1
     5     45      1
     6      3      1
     6      8      1
     6     14      1
     6     54      1
     6     69      1
     7      3      1
     7     20      1
     8      6      1
     8     12      1
     8     13      1
     9      2      1
     9     16      1
     9     18      1
     9     30      1
     9     61      1
    10      0      1
    11      0      1
    11     36      1
    11     47      1
    11     89      1
    12      8      1
    12     19      1
    12     23      1
    12     48      1
    12     84      1
    12     88      1
    13      8      1
    13     50      1
    13     60      1
    14      6      1
    14     28      1
    14     43      1
    14     64      1
    14     81      1
    15      3      1
    15     58      1
    16      9      1
    17      0      1
    17     87      1
    18      9      1
    18     93      1
    19     12      1
    20      7      1
    20     21      1
    20     26      1
    20     31      1
    21     20      1
    21     37      1
    21     55      1
    22      4      1
    22     53      1
    23     12      1
    23     71      1
    23     77      1
    24      2      1
    24     27      1
    24     67      1
    25      5      1
    25     41      1
    26     20      1
    26     38      1
    27     24      1
    27     39      1
    28     14      1
    28     51      1
    29      2      1
    29     34      1
    30      9      1
    31     20      1
    31     35      1
    31     75      1
    32      1      1
    32     40      1
    33      3      1
    33     57      1
    34     29      1
    35     31      1
    36     11      1
    36     44      1
    37     21      1
    38     26      1
    38     66      1
    38     82      1
    39     27      1
    39     49      1
    40     32      1
    40     59      1
    41     25      1
    41     63      1
    42      5      1
    43     14      1
    43     74      1
    43     91      1
    43     99      1
    44     36      1
    44     52      1
    45      5      1
    45     97      1
    46      4      1
    47     11      1
    48     12      1
    48     62      1
    48     95      1
    49     39      1
    49     85      1
    50     13      1
    50     96      1
    51     28      1
    52     44      1
    53     22      1
    53     56      1
    54      6      1
    55     21      1
    55     83      1
    56     53      1
    56     90      1
    57     33      1
    58     15      1
    58     70      1
    59     40      1
    60     13      1
    60     72      1
    61      9      1
    62     48      1
    63     41      1
    64     14      1
    64     73      1
    65      4      1
    65     79      1
    66     38      1
    67     24      1
    68      4      1
    69      6      1
    69     94      1
    70     58      1
    71     23      1
    72     60      1
    73     64      1
    73     80      1
    74     43      1
    75     31      1
    76      2      1
    77     23      1
    78      2      1
    79     65      1
    80     73      1
    81     14      1
    82     38      1
    82     92      1
    83     55      1
    84     12      1
    84     86      1
    85     49      1
    86     84      1
    87     17      1
    88     12      1
    89     11      1
    90     56      1
    91     43      1
    92     82      1
    93     18      1
    94     69      1
    95     48      1
    96     50      1
    96     98      1
    97     45      1
    98     96      1
    99     43      1
