COORD_X_Y 25
 0.876129   2.15772
   2.0548  0.650306
 0.280224  0.363389
  1.87408  0.191377
  2.80119  0.495162
  2.57462  0.772686
  2.32584   2.09656
  2.95449   1.64641
  0.18012  0.981612
   1.1735  0.225515
  1.76886   2.98186
  1.29736  0.725021
  2.91905  0.540579
  1.15091   2.78105
  1.51779   1.90201
  2.93207  0.302906
  2.35256  0.347107
  1.91644   2.97977
  1.16153   0.32823
  2.13486  0.557443
  2.27343   0.54759
  1.41129  0.901087
  2.20624   2.40136
 0.351518  0.250507
 0.988787  0.230127
LINKS_SOURCE_DESTINATION_DISTANCE 48
     0      1      1
     0      2      1
     0      3      1
     1      0      1
     1      4      1
     1      9      1
     2      0      1
     2      5      1
     2      6      1
     2      8      1
     3      0      1
     3      7      1
     4      1      1
     4     16      1
     4     24      1
     5      2      1
     6      2      1
     6     11      1
     6     12      1
     6     17      1
     6     20      1
     7      3      1
     7     10      1
     8      2      1
     8     23      1
     9      1      1
     9     14      1
     9     22      1
    10      7      1
    11      6      1
    11     13      1
    12      6      1
    13     11      1
    13     15      1
    14      9      1
    15     13      1
    15     19      1
    16      4      1
    16     18      1
    16     21      1
    17      6      1
    18     16      1
    19     15      1
    20      6      1
    21     16      1
    22      9      1
    23      8      1
    24      4      1
