COORD_X_Y 65
  1.31469  0.313281
  2.71606  0.857333
  1.78218   1.99915
  2.09616  0.907224
    2.299     1.112
  1.52252   1.73529
  1.74464   1.90683
   2.7857   2.07252
 0.329845   2.84349
 0.281351  0.677753
  1.92758  0.902424
  1.13413  0.399163
 0.350426   2.41506
  2.46855  0.182194
  2.70785   2.21086
  1.98494   1.59394
  2.66917   1.36069
 0.138251   2.01405
  1.71535   1.08956
 0.726126  0.282618
  2.99989    1.9495
 0.848034   2.68163
  1.22072   2.04944
  1.17587   2.52045
   1.0808   1.79557
  1.91959   2.28488
   1.7261   1.48443
 0.863161  0.528781
 0.464727   2.33149
  1.60998   2.86865
  2.90561   1.03636
  1.56146   0.92653
  2.43796   0.86131
 0.531726    2.9925
  1.52063   1.71006
  1.24396  0.246837
  1.71712   2.02145
 0.591439  0.157799
  2.80819   2.57853
  2.75098    2.0119
  2.22716   1.54649
0.0194007   2.01672
  2.01591   2.92382
 0.965616   2.96857
  1.74898   1.00984
  2.88012  0.837467
 0.361799 0.0579475
  1.92106  0.301718
  1.94306  0.907121
   2.3872   2.50249
  1.65062   1.66298
  2.59696  0.298973
  1.62156   1.68636
  1.47645   2.18999
 0.939824   2.95102
  2.31778   2.00912
  1.10095   1.22331
  1.84008  0.891259
  2.15211   2.10693
  1.18579   1.09501
  2.71472   1.30904
 0.305189   2.02941
 0.746956    2.1059
 0.233168   2.32558
  2.03126   1.82227
LINKS_SOURCE_DESTINATION_DISTANCE 128
     0      1      1
     0      2      1
     0      5      1
     0      9      1
     1      0      1
     2      0      1
     2      3      1
     2      4      1
     2      6      1
     2      7      1
     2      8      1
     2     55      1
     3      2      1
     3     11      1
     3     21      1
     4      2      1
     4     13      1
     4     14      1
     4     22      1
     4     25      1
     5      0      1
     5     26      1
     5     57      1
     6      2      1
     7      2      1
     7     10      1
     7     17      1
     7     18      1
     7     24      1
     7     30      1
     7     34      1
     7     44      1
     8      2      1
     8     64      1
     9      0      1
    10      7      1
    10     12      1
    10     43      1
    10     45      1
    11      3      1
    11     23      1
    11     52      1
    11     56      1
    11     61      1
    12     10      1
    12     15      1
    12     16      1
    12     20      1
    12     38      1
    12     39      1
    13      4      1
    13     19      1
    14      4      1
    15     12      1
    15     27      1
    16     12      1
    16     49      1
    17      7      1
    17     60      1
    18      7      1
    18     37      1
    19     13      1
    20     12      1
    20     32      1
    20     50      1
    21      3      1
    21     40      1
    22      4      1
    22     28      1
    22     42      1
    22     51      1
    23     11      1
    23     33      1
    24      7      1
    24     31      1
    25      4      1
    26      5      1
    26     35      1
    27     15      1
    27     29      1
    28     22      1
    29     27      1
    29     36      1
    30      7      1
    31     24      1
    31     58      1
    32     20      1
    33     23      1
    34      7      1
    34     46      1
    35     26      1
    35     48      1
    35     53      1
    36     29      1
    36     41      1
    37     18      1
    38     12      1
    39     12      1
    39     47      1
    40     21      1
    41     36      1
    42     22      1
    43     10      1
    43     59      1
    44      7      1
    44     54      1
    45     10      1
    46     34      1
    47     39      1
    48     35      1
    49     16      1
    50     20      1
    51     22      1
    51     62      1
    52     11      1
    53     35      1
    54     44      1
    55      2      1
    56     11      1
    57      5      1
    57     63      1
    58     31      1
    59     43      1
    60     17      1
    61     11      1
    62     51      1
    63     57      1
    64      8      1
