COORD_X_Y 400
 0.778421  0.256746
    1.905  0.266476
  1.54124   2.30367
 0.777268   2.98786
  1.09824   1.99096
  1.78638  0.687809
  2.07183   1.40113
  2.11015   1.42491
  1.79762    2.0979
  1.91315   1.04266
  2.22235  0.776218
  2.11482   2.74226
  1.79691  0.995835
  0.74604   2.20814
  1.69951  0.940772
   2.8801   1.69822
  2.04733   1.38034
   1.1605   2.41489
  2.76933   2.38246
  2.95518 0.0971994
 0.857937   1.33539
  2.77668  0.421842
 0.152791   1.28584
  2.72829   1.71061
  2.78017   1.73612
  1.51394   2.32351
  2.34211  0.167414
  1.83068 0.0493843
  2.35765    2.2926
 0.928294   2.61051
  2.07705   1.11397
   2.8804   2.58097
  1.91552   0.60124
  1.46809   1.71273
  2.63072   1.10749
  1.14476  0.150018
  1.54164  0.636731
 0.157052   1.55102
  2.14359 0.0394491
  1.48957   2.68456
 0.937514   1.83455
 0.210549  0.215806
  2.42742   1.30266
  1.48017   2.07458
  2.89529  0.491749
 0.958554   1.28645
  2.70777  0.126127
  1.94632   2.60243
0.0964848   1.28944
  1.98426    1.1483
  2.82854   2.98387
 0.903639   1.33052
 0.769763   0.85128
  1.86504   1.83046
  2.46363   2.77015
  2.76727   1.29379
 0.809563   1.17079
  1.08848  0.205515
  2.77004   2.22573
  1.24783  0.472618
  1.37852   1.74591
  2.46163  0.816375
  1.53295   2.33521
   0.9591   2.16398
 0.212228   1.56249
  2.65385   2.21773
  2.95739   2.09758
  2.99972  0.222809
   2.8941   1.62181
  1.54509   2.28099
   2.0247   2.37826
  1.24519   2.75247
  1.87701  0.758129
  2.08296   1.95475
 0.419321  0.245566
  2.62253   1.79728
 0.437094   1.87236
  2.85727   2.06022
  1.76954  0.865782
  2.98072   1.47215
 0.933207   1.38858
  2.20614   2.05652
 0.395671 0.0445011
  0.77046  0.534838
  1.26087   1.18973
  1.56054 0.000120335
  1.68843   2.34481
  2.48415  0.526871
 0.047252  0.433528
  1.25879   1.87886
  2.79213   1.67266
  1.76514  0.770145
   1.6147   1.14415
  2.20983  0.505323
  1.01018  0.567408
 0.667106   1.91169
0.00973052   2.96775
  1.83526  0.922975
 0.769966   2.18998
  1.80314   1.56111
 0.920006   1.59308
  1.84954   1.02809
 0.948542   1.35404
  1.68978   1.33001
  2.61094  0.968029
  2.14437   2.07359
 0.486642   2.44944
 0.223706  0.707622
  1.71582   2.27355
  1.39911  0.425077
  1.89714    2.9633
 0.044848   1.28644
  1.59106   1.10199
 0.145469   2.64976
 0.439163  0.921894
  0.10975   1.80658
 0.930218  0.390931
 0.381771   1.67697
 0.595128   2.86584
  1.93357   2.29577
 0.406741  0.260059
 0.573341   1.18432
0.00901735   2.67537
 0.735731  0.944338
 0.562083   2.99527
  2.15128  0.222768
  1.31252   2.38638
  1.24088   1.77072
   1.0799   2.19984
   0.9406  0.665749
 0.490373   1.06838
  1.82308   1.89205
 0.347992   2.32901
  1.55958   1.24567
 0.640387   1.11818
 0.314202    1.5289
  2.91968 0.0473504
  2.11289  0.809902
  1.05422  0.829365
  2.89101   2.26246
  1.60875   2.73827
  2.14325   2.04042
    2.616  0.664904
  2.04751   1.32431
  1.92253  0.827474
  2.08476   1.63868
  1.51566 0.0162752
  2.18946   1.64567
   2.8702   2.96654
  2.36789   1.79708
  1.16556   2.91409
 0.655781  0.180252
 0.610052   0.61373
 0.645102   2.83379
  1.72045   2.56744
 0.128793   2.70813
 0.597053   2.01244
 0.681621   1.94882
   2.2715 0.0602389
  1.10131   2.50559
 0.248216  0.406166
  1.37173   2.05408
0.0900146    2.0021
  1.83463    1.2178
  1.38489   2.39662
  1.03975   2.91369
 0.208356   1.23852
  1.21442 0.0210204
 0.863423  0.355955
  2.66714   1.32733
  2.03155   1.97596
0.0396574  0.297863
  2.42399   1.49107
  2.03993   2.77498
  1.37869   2.55795
   2.7576   2.05575
  1.00615   1.85618
  1.82174   2.43045
  2.51294   2.71947
 0.600167   2.97715
 0.711819  0.487898
  1.87297 2.84468e-05
 0.276376  0.844767
  2.13694   1.65501
 0.312215   1.81638
  2.69469  0.987245
  2.65324   2.76022
  2.72406   2.27756
  2.20558   1.18762
0.0283398    1.3302
  2.74562    2.3387
  1.07548   2.02565
  1.50489   2.52165
  1.08887  0.407203
  2.21562   1.99551
  2.90479  0.375549
  2.03854   2.18891
  1.75082   1.37159
  2.69409  0.379008
 0.703992   1.15727
 0.246702   1.40845
  2.18782   1.07768
  2.98308    1.3431
  1.34626   2.99824
  1.28182   2.45168
  1.70627   1.52909
  2.53356  0.169922
 0.312759   2.44643
  2.00611   1.89503
  2.67054   2.59736
   2.0459   2.54149
  1.65912  0.776965
 0.726882  0.973584
0.0519179    1.8335
  1.41077  0.823033
  1.33061  0.282989
  2.12435   2.53065
  1.15073  0.448516
  1.06847   2.58879
  1.52974  0.668529
 0.594401  0.689772
  2.14479    2.2318
  2.52669   2.27908
   2.3243   2.19403
  1.74009   1.24354
  2.85269 0.0874497
  1.68206   2.64875
    2.042   1.46843
  1.95939  0.282716
  2.68147   2.65973
 0.569347   2.06547
 0.500887   0.34229
  2.98417    2.1318
  2.27788  0.758017
 0.895492   1.17175
  2.72404  0.573885
 0.798386    2.7876
  1.37112   2.68802
  1.38615  0.834107
0.0129909   2.12801
 0.762227   2.83402
  1.47907   1.00006
 0.998804   2.31205
 0.811996   1.40627
  2.74253   1.09024
   2.6412 0.0541129
  1.53176   2.91438
  2.06462   1.54191
  2.30221   2.86695
 0.967979  0.155836
  1.03882  0.689625
  2.35382  0.461203
 0.289765      1.21
  2.32971  0.958317
 0.152332  0.406215
  2.91509  0.043793
  2.32407   1.99858
  2.77776   1.25883
   0.6223    1.6674
0.0443463   1.07247
  0.68005  0.265079
 0.546576   1.87122
  1.09609   1.91586
  1.22557  0.228493
 0.870397   0.84168
 0.381491   1.46474
0.0489608   2.97991
  2.26075   2.42742
  1.33484   2.95056
 0.915893  0.580321
0.0992192 0.0231767
 0.455828   2.87442
 0.478744  0.974382
  2.81661   2.86403
  2.57127   1.95888
  2.89631   2.77282
  1.07879   2.11256
 0.545155   1.00667
  2.18905   1.96916
  2.28152  0.971108
 0.559683    2.6205
 0.384612  0.241862
  1.32846  0.787894
  1.58703   2.45591
  1.28408   2.66051
  0.26134  0.473613
 0.697032   2.09528
 0.286356   2.73881
  2.01188   2.22233
  2.84384   1.35236
  1.66493   2.39706
 0.700969   0.91779
 0.421436   1.81429
 0.245484   1.13317
  2.73068   2.92107
  2.29483   1.86307
  2.01919    1.7032
   1.5496   2.03533
  1.19582   2.46649
  2.28536   1.88184
  1.96258   1.38958
  0.98404  0.150581
   2.7512   2.73176
  2.73153  0.352736
  1.68023  0.613758
 0.111492   2.44435
  1.08148    2.2041
 0.295122   1.07365
  2.78208   1.46577
 0.985971   2.48083
 0.687998   2.78319
 0.807419   1.17025
  1.19186   2.71748
   1.4331   2.61066
  1.07267   2.88143
  1.90071    1.6255
   2.4183    2.4489
 0.707617  0.141435
  1.14232  0.815144
  1.06056   2.43739
  1.76941  0.555774
 0.316702   1.71709
 0.981203   1.75717
   2.5536  0.564689
  2.47394   2.37617
 0.943315   2.57717
  0.44223   2.03537
 0.377715  0.755209
 0.627636   2.34964
  2.47742  0.333716
  2.66526   2.34053
 0.473562  0.190753
   1.9188  0.129059
 0.084522   1.94775
  1.09855   1.02954
 0.455895   2.62339
  2.09573 0.0278695
0.0397626   1.03178
  1.45247   2.92388
  2.27753   2.87354
  2.68155   2.05845
  2.70883  0.292824
 0.989336  0.283641
  1.10711   1.52876
  2.88006     1.776
  2.91822   1.62484
  2.18008  0.296726
  2.66335   2.65395
  1.17286  0.110967
 0.718606   1.68907
  1.72616  0.153172
  2.87974 0.0361157
 0.238564   1.67962
 0.619891   2.52747
 0.853181   1.25759
 0.994461   2.86142
  2.62393 0.0490162
  2.37618 0.0504804
   2.7108  0.935605
  2.88559   2.35034
  1.78384   1.28093
  2.33442    2.2037
   2.6326   1.70413
  2.37282  0.794382
 0.537945   1.33929
  1.58148   1.01646
  2.59343   2.88282
  1.92379  0.603163
  2.26311   1.11135
  1.69249   1.78514
  0.77634   1.95215
0.0548294  0.145919
  1.58993    1.5069
  1.87499  0.463696
  1.47543   1.94743
  2.57967   2.10684
  2.43468   1.44032
 0.533246   1.45227
 0.714738   1.45875
  2.15095  0.362342
  2.08988  0.912297
  1.39261  0.433284
  1.72251  0.267256
   2.9313   2.14496
  2.59229   2.49317
  2.81075   1.43513
  2.34986   2.29505
  2.49854  0.241689
 0.526635   1.55329
  2.52998   2.78728
  2.36729   1.55466
 0.428633  0.664579
   1.2849   1.14647
  2.10318   2.62113
  2.47547   2.95384
  2.57357  0.562432
 0.349519   1.01945
   1.1023  0.131985
  1.86126  0.768176
  2.38627  0.310819
LINKS_SOURCE_DESTINATION_DISTANCE 798
     0      1      1
     0      5      1
     0     22      1
     0     54      1
     0     99      1
     0    116      1
     1      0      1
     1      2      1
     1      3      1
     1      6      1
     1      8      1
     1     29      1
     1     40      1
     1    200      1
     2      1      1
     2      7      1
     2     10      1
     2     11      1
     2     19      1
     2     45      1
     2    107      1
     2    108      1
     2    109      1
     2    188      1
     3      1      1
     3      4      1
     3     14      1
     4      3      1
     4      9      1
     4    197      1
     5      0      1
     5     20      1
     5     57      1
     6      1      1
     6     49      1
     6     64      1
     6     67      1
     7      2      1
     7     12      1
     7     59      1
     7    104      1
     7    278      1
     7    281      1
     7    331      1
     8      1      1
     8     60      1
     8     69      1
     8    314      1
     9      4      1
     9     26      1
     9    246      1
    10      2      1
    10     13      1
    10     15      1
    10     16      1
    10     39      1
    10    157      1
    10    198      1
    11      2      1
    11     25      1
    11    345      1
    11    395      1
    12      7      1
    12     18      1
    12    153      1
    12    161      1
    13     10      1
    13    113      1
    13    143      1
    14      3      1
    14     17      1
    14     30      1
    14     72      1
    14    212      1
    14    296      1
    15     10      1
    15     70      1
    15     80      1
    15    148      1
    16     10      1
    16     23      1
    16     35      1
    16    196      1
    17     14      1
    17     90      1
    17    112      1
    17    169      1
    17    335      1
    18     12      1
    18     24      1
    18     95      1
    18    271      1
    18    380      1
    19      2      1
    19     56      1
    19    147      1
    19    164      1
    19    264      1
    20      5      1
    20     21      1
    20     44      1
    20     47      1
    20     62      1
    20     87      1
    21     20      1
    21     27      1
    21     94      1
    21    132      1
    21    190      1
    21    210      1
    21    284      1
    22      0      1
    22    152      1
    22    227      1
    23     16      1
    23     28      1
    23     37      1
    23     48      1
    23    386      1
    24     18      1
    24    118      1
    24    222      1
    25     11      1
    25    136      1
    25    309      1
    25    320      1
    26      9      1
    26     36      1
    26    171      1
    26    250      1
    26    325      1
    27     21      1
    27     31      1
    27     71      1
    27    336      1
    28     23      1
    28     41      1
    28    259      1
    29      1      1
    29     32      1
    29     38      1
    29     51      1
    29     88      1
    29    124      1
    29    269      1
    30     14      1
    30     34      1
    30     92      1
    30    127      1
    30    375      1
    31     27      1
    31    300      1
    32     29      1
    32     33      1
    32     42      1
    32     61      1
    32    277      1
    33     32      1
    33     55      1
    33     84      1
    33    139      1
    33    184      1
    33    365      1
    34     30      1
    34     52      1
    34    304      1
    34    348      1
    35     16      1
    35     78      1
    35    239      1
    35    263      1
    36     26      1
    36     46      1
    36     63      1
    36     82      1
    36    102      1
    37     23      1
    37     50      1
    37     53      1
    37    126      1
    38     29      1
    38    106      1
    38    131      1
    39     10      1
    39     43      1
    39    201      1
    40      1      1
    40    133      1
    41     28      1
    42     32      1
    42     83      1
    42     85      1
    42    176      1
    43     39      1
    43     81      1
    43     98      1
    43    229      1
    43    303      1
    43    337      1
    44     20      1
    45      2      1
    45     58      1
    45    146      1
    46     36      1
    46    121      1
    47     20      1
    47    158      1
    47    195      1
    47    237      1
    48     23      1
    48     74      1
    48     91      1
    49      6      1
    49    129      1
    49    194      1
    49    254      1
    50     37      1
    50    181      1
    50    268      1
    51     29      1
    51    378      1
    52     34      1
    52     65      1
    52    185      1
    53     37      1
    53     77      1
    53     89      1
    53    364      1
    54      0      1
    55     33      1
    56     19      1
    56    170      1
    57      5      1
    57    192      1
    58     45      1
    58    189      1
    58    206      1
    59      7      1
    60      8      1
    60    115      1
    60    287      1
    61     32      1
    61     66      1
    61     75      1
    61    100      1
    61    128      1
    61    315      1
    61    328      1
    62     20      1
    62     68      1
    62    318      1
    63     36      1
    63    105      1
    63    275      1
    64      6      1
    64    125      1
    65     52      1
    65    101      1
    66     61      1
    66    151      1
    66    223      1
    67      6      1
    67    163      1
    67    312      1
    68     62      1
    68     96      1
    68    216      1
    69      8      1
    70     15      1
    70     76      1
    71     27      1
    71     73      1
    71    344      1
    72     14      1
    72    204      1
    72    330      1
    73     71      1
    73    211      1
    73    323      1
    73    389      1
    74     48      1
    74     79      1
    74    140      1
    74    179      1
    74    273      1
    74    342      1
    75     61      1
    76     70      1
    76    123      1
    76    363      1
    77     53      1
    78     35      1
    78    103      1
    79     74      1
    79     86      1
    79    117      1
    79    120      1
    79    251      1
    80     15      1
    80    149      1
    80    285      1
    81     43      1
    82     36      1
    82    119      1
    82    167      1
    83     42      1
    84     33      1
    84    175      1
    84    178      1
    85     42      1
    85    122      1
    85    329      1
    86     79      1
    86    156      1
    86    177      1
    86    231      1
    86    258      1
    87     20      1
    87    154      1
    87    182      1
    88     29      1
    88    111      1
    89     53      1
    90     17      1
    90     93      1
    90    130      1
    91     48      1
    92     30      1
    92     97      1
    93     90      1
    94     21      1
    95     18      1
    95    193      1
    95    283      1
    95    359      1
    96     68      1
    96    339      1
    96    393      1
    97     92      1
    97    252      1
    98     43      1
    98    280      1
    98    377      1
    99      0      1
    99    114      1
    99    145      1
    99    297      1
   100     61      1
   101     65      1
   101    141      1
   102     36      1
   102    180      1
   102    324      1
   102    396      1
   103     78      1
   103    144      1
   104      7      1
   104    138      1
   104    255      1
   104    311      1
   105     63      1
   106     38      1
   106    316      1
   107      2      1
   107    110      1
   108      2      1
   108    155      1
   108    165      1
   109      2      1
   110    107      1
   110    221      1
   111     88      1
   111    235      1
   111    357      1
   112     17      1
   113     13      1
   114     99      1
   114    135      1
   115     60      1
   115    159      1
   116      0      1
   116    286      1
   117     79      1
   117    191      1
   118     24      1
   119     82      1
   119    160      1
   120     79      1
   121     46      1
   122     85      1
   122    166      1
   122    399      1
   123     76      1
   124     29      1
   125     64      1
   125    213      1
   126     37      1
   127     30      1
   127    142      1
   127    187      1
   127    207      1
   127    282      1
   128     61      1
   128    205      1
   129     49      1
   129    134      1
   129    173      1
   129    186      1
   130     90      1
   130    172      1
   131     38      1
   131    230      1
   132     21      1
   133     40      1
   133    137      1
   133    238      1
   134    129      1
   135    114      1
   136     25      1
   137    133      1
   138    104      1
   138    242      1
   139     33      1
   140     74      1
   141    101      1
   141    183      1
   142    127      1
   143     13      1
   144    103      1
   144    248      1
   144    352      1
   145     99      1
   146     45      1
   146    209      1
   147     19      1
   148     15      1
   148    388      1
   149     80      1
   149    150      1
   150    149      1
   150    203      1
   151     66      1
   151    225      1
   151    295      1
   152     22      1
   153     12      1
   153    398      1
   154     87      1
   154    290      1
   155    108      1
   155    232      1
   155    257      1
   155    327      1
   156     86      1
   156    174      1
   156    261      1
   157     10      1
   158     47      1
   158    168      1
   159    115      1
   159    317      1
   160    119      1
   160    241      1
   161     12      1
   161    162      1
   161    262      1
   162    161      1
   163     67      1
   164     19      1
   164    217      1
   164    226      1
   165    108      1
   165    233      1
   166    122      1
   167     82      1
   168    158      1
   168    199      1
   169     17      1
   170     56      1
   170    244      1
   170    346      1
   171     26      1
   171    240      1
   172    130      1
   172    214      1
   172    228      1
   172    299      1
   173    129      1
   174    156      1
   175     84      1
   175    301      1
   176     42      1
   176    326      1
   177     86      1
   177    243      1
   178     84      1
   179     74      1
   180    102      1
   181     50      1
   182     87      1
   183    141      1
   183    387      1
   184     33      1
   185     52      1
   185    382      1
   186    129      1
   186    334      1
   187    127      1
   188      2      1
   189     58      1
   190     21      1
   190    236      1
   191    117      1
   192     57      1
   192    368      1
   193     95      1
   193    294      1
   194     49      1
   195     47      1
   196     16      1
   196    249      1
   197      4      1
   198     10      1
   198    208      1
   198    293      1
   199    168      1
   199    202      1
   200      1      1
   200    218      1
   200    358      1
   201     39      1
   201    298      1
   202    199      1
   203    150      1
   204     72      1
   204    220      1
   205    128      1
   205    321      1
   206     58      1
   206    267      1
   207    127      1
   208    198      1
   208    215      1
   209    146      1
   210     21      1
   210    245      1
   211     73      1
   211    234      1
   212     14      1
   212    260      1
   213    125      1
   213    219      1
   214    172      1
   214    270      1
   215    208      1
   215    247      1
   215    343      1
   215    366      1
   216     68      1
   216    224      1
   217    164      1
   217    305      1
   217    362      1
   217    381      1
   218    200      1
   218    370      1
   219    213      1
   219    292      1
   219    384      1
   220    204      1
   221    110      1
   221    310      1
   222     24      1
   223     66      1
   224    216      1
   225    151      1
   225    274      1
   226    164      1
   227     22      1
   227    276      1
   228    172      1
   229     43      1
   230    131      1
   230    253      1
   231     86      1
   232    155      1
   232    256      1
   233    165      1
   233    353      1
   234    211      1
   235    111      1
   235    307      1
   235    347      1
   236    190      1
   237     47      1
   237    376      1
   238    133      1
   239     35      1
   240    171      1
   241    160      1
   242    138      1
   242    373      1
   243    177      1
   244    170      1
   244    369      1
   245    210      1
   245    265      1
   245    279      1
   245    288      1
   246      9      1
   246    397      1
   247    215      1
   247    289      1
   247    355      1
   248    144      1
   249    196      1
   250     26      1
   251     79      1
   252     97      1
   252    266      1
   253    230      1
   254     49      1
   255    104      1
   256    232      1
   256    354      1
   257    155      1
   258     86      1
   259     28      1
   259    351      1
   260    212      1
   261    156      1
   262    161      1
   263     35      1
   263    313      1
   264     19      1
   265    245      1
   266    252      1
   266    291      1
   266    306      1
   267    206      1
   268     50      1
   268    322      1
   269     29      1
   270    214      1
   271     18      1
   271    272      1
   272    271      1
   273     74      1
   274    225      1
   275     63      1
   275    319      1
   276    227      1
   277     32      1
   277    308      1
   278      7      1
   279    245      1
   280     98      1
   281      7      1
   281    383      1
   282    127      1
   282    302      1
   283     95      1
   284     21      1
   285     80      1
   286    116      1
   287     60      1
   287    338      1
   288    245      1
   289    247      1
   290    154      1
   291    266      1
   292    219      1
   292    332      1
   293    198      1
   294    193      1
   295    151      1
   296     14      1
   297     99      1
   298    201      1
   298    392      1
   299    172      1
   300     31      1
   301    175      1
   302    282      1
   302    371      1
   303     43      1
   304     34      1
   305    217      1
   306    266      1
   307    235      1
   307    379      1
   308    277      1
   309     25      1
   310    221      1
   311    104      1
   312     67      1
   313    263      1
   314      8      1
   314    391      1
   315     61      1
   316    106      1
   317    159      1
   318     62      1
   318    333      1
   318    340      1
   319    275      1
   320     25      1
   320    374      1
   321    205      1
   322    268      1
   322    356      1
   323     73      1
   324    102      1
   325     26      1
   326    176      1
   327    155      1
   327    341      1
   328     61      1
   328    372      1
   329     85      1
   329    349      1
   330     72      1
   331      7      1
   331    390      1
   331    394      1
   332    292      1
   333    318      1
   333    360      1
   334    186      1
   335     17      1
   336     27      1
   337     43      1
   338    287      1
   339     96      1
   340    318      1
   341    327      1
   342     74      1
   342    361      1
   343    215      1
   344     71      1
   345     11      1
   346    170      1
   346    350      1
   347    235      1
   348     34      1
   349    329      1
   350    346      1
   350    367      1
   351    259      1
   352    144      1
   353    233      1
   354    256      1
   355    247      1
   356    322      1
   357    111      1
   357    385      1
   358    200      1
   359     95      1
   360    333      1
   361    342      1
   362    217      1
   363     76      1
   364     53      1
   365     33      1
   366    215      1
   367    350      1
   368    192      1
   369    244      1
   370    218      1
   371    302      1
   372    328      1
   373    242      1
   374    320      1
   375     30      1
   376    237      1
   377     98      1
   378     51      1
   379    307      1
   380     18      1
   381    217      1
   382    185      1
   383    281      1
   384    219      1
   385    357      1
   386     23      1
   387    183      1
   388    148      1
   389     73      1
   390    331      1
   391    314      1
   392    298      1
   393     96      1
   394    331      1
   395     11      1
   396    102      1
   397    246      1
   398    153      1
   399    122      1
