COORD_X_Y 15
  2.66657   2.14421
  1.09036  0.299053
  2.71259   1.41082
  2.88454   2.41102
 0.617336  0.376724
   2.1334    2.9086
  2.09771   1.43281
  2.12513   2.53612
  1.55551   1.95848
  2.81718  0.399083
 0.499358 0.0573599
  2.12775  0.570296
  2.53889   1.05413
  1.87198   2.82716
 0.777099   1.40454
LINKS_SOURCE_DESTINATION_DISTANCE 28
     0      1      1
     0      5      1
     1      0      1
     1      2      1
     1      3      1
     1      6      1
     1     13      1
     2      1      1
     2      4      1
     3      1      1
     3      8      1
     4      2      1
     4      9      1
     4     14      1
     5      0      1
     6      1      1
     6      7      1
     6     11      1
     7      6      1
     7     10      1
     8      3      1
     9      4      1
    10      7      1
    10     12      1
    11      6      1
    12     10      1
    13      1      1
    14      4      1
