COORD_X_Y 100
  1.86661   2.37155
  2.83402  0.545358
  2.59581   2.83979
 0.802124   2.29246
 0.107392   1.48461
  1.55551   1.52614
 0.664327   2.58957
  1.82696    1.2869
  1.69466   2.44237
   1.0388  0.278886
  1.91151   1.61318
 0.759001   1.76607
  1.63346   2.24678
 0.771959   2.38491
  2.65501 0.0425426
 0.673709  0.175536
  1.98789   2.89705
  1.60563   1.66129
 0.294613   1.23078
  1.18011   2.92001
  1.24751   1.00253
 0.939706   2.45576
  2.36191 0.0766776
  2.82774   0.40399
  2.87012  0.842312
  2.47698  0.992897
  2.77807  0.825212
  2.22051   2.77174
    2.912    1.4875
 0.161706   1.44642
  1.44156   1.55924
  2.77531   2.08493
  1.26427  0.121185
  2.43085   1.51285
 0.337754    0.1671
  2.08328    2.0263
  0.71311  0.846998
  0.45706   2.39843
  1.81652   2.16793
   1.9209   2.23726
 0.180106   2.92643
  1.47252   2.81988
 0.777344   2.36855
  1.92582   1.85592
  1.90864   1.51374
  2.99633  0.264325
  2.86985   1.40468
  1.68511   1.97592
0.000378452   2.47617
  2.34163   1.28318
 0.283029    2.9796
  1.04657  0.847776
  1.53843  0.320921
 0.273697   1.34761
0.0174984    1.9343
 0.394223   1.56783
  2.81257   1.86751
  1.34006   2.27317
  2.80242  0.831932
0.0882904   2.80421
  2.04123   1.16149
 0.710376   1.45847
 0.261387  0.430485
  1.30299   1.05021
0.0423194  0.269751
0.0684043   1.00546
  2.79569  0.719812
 0.517101  0.510707
  2.64915  0.873255
  2.18129    1.0874
 0.724496 0.0982887
   1.5162  0.143038
  1.06622  0.940895
  2.95571   1.00544
  2.78375   1.63539
  2.24928  0.859178
 0.818289   1.25795
  1.06416   1.44226
  2.86324   1.81614
  2.68905  0.937957
 0.371966   1.88989
 0.825208   1.07908
  1.62059   1.90981
  1.86057   2.76829
  1.50142  0.678438
  2.37159   1.35423
  1.66125   2.61426
  2.12955   1.10556
  1.43107   2.82919
 0.890783   1.86524
 0.622745  0.381232
 0.544028   2.16217
  1.17576   1.61102
  2.96131   2.78218
 0.135625   1.97285
  1.94866  0.766688
  2.07386  0.636021
 0.504152   1.47601
   2.2763  0.610209
  2.00676   1.86578
LINKS_SOURCE_DESTINATION_DISTANCE 198
     0      1      1
     0      2      1
     0      6      1
     0      9      1
     0     12      1
     0     67      1
     1      0      1
     1      4      1
     1      5      1
     1     40      1
     2      0      1
     2      3      1
     2     16      1
     2     21      1
     3      2      1
     3     14      1
     3     20      1
     3     45      1
     4      1      1
     4      7      1
     4     10      1
     4     15      1
     4     83      1
     5      1      1
     5      8      1
     6      0      1
     6     11      1
     6     72      1
     7      4      1
     7     18      1
     7     39      1
     8      5      1
     8     27      1
     8     89      1
     8     92      1
     9      0      1
    10      4      1
    10     24      1
    10     56      1
    10     57      1
    10     68      1
    10     71      1
    11      6      1
    11     32      1
    11     35      1
    11     66      1
    11     86      1
    12      0      1
    12     13      1
    12     37      1
    12     38      1
    12     43      1
    12     90      1
    13     12      1
    14      3      1
    14     19      1
    14     29      1
    15      4      1
    15     17      1
    15     26      1
    15     69      1
    16      2      1
    16     28      1
    17     15      1
    17     62      1
    17     78      1
    18      7      1
    18     25      1
    18     44      1
    18     70      1
    19     14      1
    19     46      1
    19     49      1
    19     53      1
    19     59      1
    20      3      1
    20     22      1
    20     81      1
    21      2      1
    21     30      1
    22     20      1
    22     23      1
    23     22      1
    23     64      1
    24     10      1
    24     58      1
    25     18      1
    25     33      1
    25     36      1
    25     75      1
    26     15      1
    26     55      1
    27      8      1
    27     87      1
    28     16      1
    28     76      1
    29     14      1
    29     99      1
    30     21      1
    30     31      1
    31     30      1
    31     34      1
    32     11      1
    33     25      1
    34     31      1
    35     11      1
    36     25      1
    36     47      1
    37     12      1
    38     12      1
    38     96      1
    39      7      1
    39     60      1
    39     74      1
    40      1      1
    40     41      1
    40     42      1
    40     52      1
    40     80      1
    40     93      1
    41     40      1
    41     48      1
    42     40      1
    42     51      1
    42     97      1
    43     12      1
    44     18      1
    45      3      1
    45     54      1
    46     19      1
    46     50      1
    46     61      1
    47     36      1
    48     41      1
    49     19      1
    49     84      1
    50     46      1
    50     63      1
    51     42      1
    52     40      1
    52     95      1
    53     19      1
    54     45      1
    54     73      1
    55     26      1
    55     88      1
    56     10      1
    57     10      1
    58     24      1
    59     19      1
    59     79      1
    60     39      1
    60     65      1
    61     46      1
    62     17      1
    63     50      1
    63     85      1
    64     23      1
    65     60      1
    65     77      1
    66     11      1
    66     82      1
    67      0      1
    68     10      1
    69     15      1
    70     18      1
    71     10      1
    72      6      1
    73     54      1
    74     39      1
    75     25      1
    76     28      1
    77     65      1
    78     17      1
    79     59      1
    79     94      1
    80     40      1
    81     20      1
    82     66      1
    83      4      1
    84     49      1
    85     63      1
    85     98      1
    86     11      1
    87     27      1
    88     55      1
    89      8      1
    89     91      1
    90     12      1
    91     89      1
    92      8      1
    93     40      1
    94     79      1
    95     52      1
    96     38      1
    97     42      1
    98     85      1
    99     29      1
