COORD_X_Y 25
 0.815037   1.84025
 0.824896   1.63343
  2.89158  0.846258
   2.5395  0.874733
  1.83517 0.0793466
  1.74169  0.431892
 0.771588  0.919161
   2.5974   2.52395
  1.61543   2.54939
  1.65607    1.0979
   2.5141   2.22824
 0.247063   1.08949
  2.32576    1.8108
  2.79364   2.72939
 0.714643     1.851
  1.19656   1.72448
  1.73915    2.2523
  2.45669   2.94287
  1.29436    1.0244
  2.27409  0.623649
  2.28273   2.66729
 0.677132   1.64161
  2.04523   2.70382
 0.867559   1.05377
  2.70216   1.00193
LINKS_SOURCE_DESTINATION_DISTANCE 48
     0      1      1
     0      2      1
     0     18      1
     1      0      1
     1      4      1
     1      5      1
     1      6      1
     1     12      1
     2      0      1
     2      3      1
     2     21      1
     3      2      1
     3      9      1
     3     10      1
     4      1      1
     5      1      1
     5      7      1
     5      8      1
     5     16      1
     6      1      1
     7      5      1
     7     14      1
     8      5      1
     8     13      1
     9      3      1
     9     11      1
     9     15      1
     9     23      1
    10      3      1
    10     20      1
    11      9      1
    12      1      1
    12     24      1
    13      8      1
    13     17      1
    14      7      1
    15      9      1
    16      5      1
    16     22      1
    17     13      1
    17     19      1
    18      0      1
    19     17      1
    20     10      1
    21      2      1
    22     16      1
    23      9      1
    24     12      1
