COORD_X_Y 120
  2.36729   1.55466
 0.428633  0.664579
   1.2849   1.14647
  2.10318   2.62113
  2.47547   2.95384
  2.57357  0.562432
 0.349519   1.01945
   1.1023  0.131985
  1.86126  0.768176
  2.38627  0.310819
 0.590501   1.76683
  1.03888   0.14672
 0.304142   1.48835
 0.296098   2.97793
 0.166506   1.52512
 0.804103  0.738389
  0.34375   2.95526
  2.93932  0.401199
 0.723362    2.2235
  1.55599  0.276581
  2.47079   2.73784
  1.81571   2.41251
  1.71315   2.25102
 0.594723   1.18261
  2.49598    2.6685
  1.40395   1.96512
  1.23772  0.889548
 0.558849   2.65383
  2.93106   2.79653
  2.10745   1.72899
  1.14665  0.337841
 0.969432   0.67985
  2.65832   2.90071
 0.418039   2.18958
  2.05446   2.44946
 0.245259   2.64294
  1.49497   2.92309
   2.6485   1.42301
 0.632107   2.53653
   2.2813   1.06695
 0.564727    2.0019
  1.83349   1.63852
  1.27061  0.501251
 0.191283   1.69219
  2.58366   2.28867
 0.267373   1.02732
 0.472527  0.501019
  2.78023  0.693458
  0.53563   2.32772
 0.886841  0.257067
  2.05423  0.673324
  2.90251   2.93177
   1.9808   2.71833
 0.932116   1.14765
  2.30949  0.158473
  1.21664   2.43468
 0.547289   1.12139
  1.72864  0.591583
  1.13678 0.0283881
  1.63042   2.52546
  2.18059  0.859391
 0.989441  0.517353
 0.655712   2.38866
 0.527757   2.62462
  0.58573   1.50918
 0.124469   1.09724
  1.36567   1.30053
  1.08579   1.60731
  1.06978   2.37909
  2.47374  0.358159
  2.57227 0.0018065
 0.570152  0.175074
  2.37244   1.47025
  0.78501   2.75815
  2.69313   2.14677
  1.88467    1.0453
  2.22078   2.01368
  1.32084   2.82397
 0.118654   2.99314
  2.45221  0.844688
  1.85246  0.321553
  2.88244   2.78815
  1.13839   2.35449
  1.68899   1.97751
 0.824184   1.60428
  2.36303   1.03814
  2.25403   1.17049
  2.19949   1.53089
  1.33012   1.68942
  2.93214  0.788124
 0.412488 0.0935903
   2.5424 0.0112461
0.0622959   2.51161
  2.04379  0.907007
  1.58102 0.00406192
  2.09267   1.83246
  1.38739   1.63534
 0.999452   2.39006
  1.56608   0.51342
  1.55476  0.475063
   1.1402 0.0423754
  2.53642    1.4818
  1.02688   1.89794
  1.02081  0.542333
 0.252277   1.72773
  1.60114   0.66367
  1.60144   1.27569
  1.70176   2.77325
  2.73743 0.0259341
  2.76501   0.39128
   1.9936   2.91143
0.0196188  0.422616
  2.63144   2.52363
 0.268137  0.399794
 0.364384   1.02578
 0.426245  0.908092
  2.61465   1.43752
 0.441763  0.171537
 0.118019  0.449782
  2.53673   1.40953
LINKS_SOURCE_DESTINATION_DISTANCE 558
     0      1      1
     0      2      1
     0      4      1
     0      7      1
     0      9      1
     0     49      1
     0    103      1
     1      0      1
     1      3      1
     1      5      1
     1      9      1
     1     11      1
     1     12      1
     1     18      1
     1     20      1
     1     21      1
     1     41      1
     1     42      1
     1     64      1
     1     88      1
     2      0      1
     2      7      1
     2      8      1
     2     11      1
     2     12      1
     2     13      1
     2     15      1
     2     56      1
     2     60      1
     3      1      1
     3      4      1
     3     19      1
     3     20      1
     3     40      1
     3     72      1
     3     75      1
     3     96      1
     4      3      1
     4      0      1
     4      5      1
     4      6      1
     4      7      1
     4     26      1
     4     35      1
     4     43      1
     4     45      1
     4     46      1
     4     52      1
     4     54      1
     4     59      1
     4    111      1
     4    116      1
     4    118      1
     5      1      1
     5      4      1
     5      6      1
     5      8      1
     5     17      1
     5     21      1
     5     24      1
     5     36      1
     5     39      1
     5     86      1
     6      5      1
     6      4      1
     6     10      1
     6     15      1
     6     41      1
     6    109      1
     7      2      1
     7      0      1
     7      4      1
     7      9      1
     7     10      1
     7     21      1
     7     34      1
     7     47      1
     7     52      1
     7     55      1
     7     59      1
     7     93      1
     8      2      1
     8      5      1
     8     10      1
     8     11      1
     8     18      1
     8     26      1
     8     57      1
     8     82      1
     9      1      1
     9      7      1
     9      0      1
     9     16      1
     9     18      1
     9     24      1
     9     31      1
     9     33      1
    10      7      1
    10      8      1
    10      6      1
    10     12      1
    10     14      1
    10     15      1
    10     23      1
    10     29      1
    10     35      1
    10     45      1
    10     61      1
    10    107      1
    11      8      1
    11      1      1
    11      2      1
    11     17      1
    11     47      1
    11     57      1
    11     75      1
    11     79      1
    11    100      1
    12      2      1
    12      1      1
    12     10      1
    12     13      1
    12     19      1
    12     20      1
    12     31      1
    12     49      1
    12     90      1
    12    112      1
    13      2      1
    13     12      1
    13     14      1
    13     25      1
    13     28      1
    13     69      1
    13     70      1
    13     72      1
    14     13      1
    14     10      1
    14     34      1
    14     58      1
    14     84      1
    15      2      1
    15     10      1
    15      6      1
    15     16      1
    15     22      1
    15     23      1
    15     71      1
    15     92      1
    16     15      1
    16      9      1
    16     27      1
    16     30      1
    16     81      1
    17      5      1
    17     11      1
    17     19      1
    17     27      1
    17     33      1
    17     64      1
    17     84      1
    18      9      1
    18      8      1
    18      1      1
    18     22      1
    18     38      1
    18     43      1
    19     12      1
    19      3      1
    19     17      1
    19     30      1
    19     32      1
    19     50      1
    19     67      1
    19     69      1
    19    102      1
    19    114      1
    20      1      1
    20     12      1
    20      3      1
    20     32      1
    20     68      1
    20     72      1
    20     93      1
    21      7      1
    21      5      1
    21      1      1
    21     25      1
    21     36      1
    21     50      1
    21     57      1
    21     61      1
    21     79      1
    22     15      1
    22     18      1
    22     79      1
    23     10      1
    23     15      1
    23     91      1
    23     92      1
    23    107      1
    23    113      1
    24      5      1
    24      9      1
    24     46      1
    25     13      1
    25     21      1
    25     37      1
    25     39      1
    26      4      1
    26      8      1
    26     29      1
    26     74      1
    27     16      1
    27     17      1
    27     28      1
    28     27      1
    28     13      1
    28     31      1
    28     35      1
    29     10      1
    29     26      1
    29     37      1
    29     61      1
    30     19      1
    30     16      1
    30    100      1
    31     28      1
    31     12      1
    31      9      1
    31     38      1
    31     53      1
    31    104      1
    32     19      1
    32     20      1
    32     77      1
    32     86      1
    33      9      1
    33     17      1
    33     40      1
    33     48      1
    34     14      1
    34      7      1
    34     59      1
    34     73      1
    34    104      1
    35      4      1
    35     10      1
    35     28      1
    35     44      1
    35     53      1
    35     77      1
    36      5      1
    36     21      1
    36     54      1
    36     60      1
    36     85      1
    36    112      1
    37     29      1
    37     25      1
    37     62      1
    38     31      1
    38     18      1
    38     39      1
    38     51      1
    39     25      1
    39      5      1
    39     38      1
    39     51      1
    39     83      1
    39     94      1
    40      3      1
    40     33      1
    40     42      1
    40     49      1
    40     66      1
    40     81      1
    40     83      1
    40    119      1
    41      6      1
    41      1      1
    41     44      1
    41     62      1
    41     63      1
    41     76      1
    42     40      1
    42      1      1
    42    108      1
    43      4      1
    43     18      1
    43     98      1
    44     35      1
    44     41      1
    44     68      1
    45      4      1
    45     10      1
    45     48      1
    45     53      1
    45     70      1
    45     71      1
    45    103      1
    46     24      1
    46      4      1
    46     63      1
    46     65      1
    47      7      1
    47     11      1
    47     55      1
    47     60      1
    47    106      1
    48     33      1
    48     45      1
    49      0      1
    49     12      1
    49     40      1
    49     83      1
    49     91      1
    49    104      1
    50     19      1
    50     21      1
    50     51      1
    50     99      1
    50    113      1
    51     38      1
    51     50      1
    51     39      1
    51     73      1
    51     97      1
    52      7      1
    52      4      1
    52     56      1
    52     66      1
    52     78      1
    52     82      1
    53     35      1
    53     45      1
    53     31      1
    53     58      1
    54      4      1
    54     36      1
    54     76      1
    54    102      1
    54    118      1
    55     47      1
    55      7      1
    55     78      1
    56     52      1
    56      2      1
    56     80      1
    57      8      1
    57     21      1
    57     11      1
    57     95      1
    58     53      1
    58     14      1
    58     84      1
    58     93      1
    59      4      1
    59      7      1
    59     34      1
    59     67      1
    59     80      1
    60      2      1
    60     47      1
    60     36      1
    60    105      1
    61     21      1
    61     10      1
    61     29      1
    61     63      1
    62     37      1
    62     41      1
    63     46      1
    63     61      1
    63     41      1
    63     64      1
    63     65      1
    64      1      1
    64     63      1
    64     17      1
    64     87      1
    64     90      1
    64    110      1
    64    117      1
    65     46      1
    65     63      1
    65    110      1
    66     40      1
    66     52      1
    67     19      1
    67     59      1
    67     70      1
    67     89      1
    67     92      1
    67     96      1
    67    111      1
    68     20      1
    68     44      1
    68     88      1
    69     13      1
    69     19      1
    69     74      1
    69     95      1
    70     13      1
    70     45      1
    70     67      1
    70    112      1
    71     15      1
    71     45      1
    71    114      1
    72     13      1
    72      3      1
    72     20      1
    72     97      1
    73     51      1
    73     34      1
    73     90      1
    73    105      1
    73    113      1
    74     69      1
    74     26      1
    74     89      1
    74    115      1
    75      3      1
    75     11      1
    76     41      1
    76     54      1
    76     82      1
    76    119      1
    77     35      1
    77     32      1
    77     94      1
    78     52      1
    78     55      1
    79     21      1
    79     22      1
    79     11      1
    79    101      1
    80     56      1
    80     59      1
    81     40      1
    81     16      1
    81     98      1
    81    108      1
    82      8      1
    82     52      1
    82     76      1
    82     85      1
    82    116      1
    83     39      1
    83     49      1
    83     40      1
    83     87      1
    84     17      1
    84     14      1
    84     58      1
    85     82      1
    85     36      1
    85    103      1
    86     32      1
    86      5      1
    86    102      1
    87     83      1
    87     64      1
    87     98      1
    88     68      1
    88      1      1
    88     96      1
    88    110      1
    89     67      1
    89     74      1
    89    101      1
    90     12      1
    90     73      1
    90     64      1
    91     23      1
    91     49      1
    91    107      1
    92     23      1
    92     15      1
    92     67      1
    92     99      1
    93      7      1
    93     20      1
    93     58      1
    93    106      1
    94     39      1
    94     77      1
    94    105      1
    95     57      1
    95     69      1
    95    116      1
    96     67      1
    96     88      1
    96      3      1
    97     51      1
    97     72      1
    98     87      1
    98     43      1
    98     81      1
    99     50      1
    99     92      1
   100     11      1
   100     30      1
   101     79      1
   101     89      1
   102     86      1
   102     19      1
   102     54      1
   103      0      1
   103     45      1
   103     85      1
   103    106      1
   104     31      1
   104     49      1
   104     34      1
   104    109      1
   105     73      1
   105     94      1
   105     60      1
   106     93      1
   106     47      1
   106    103      1
   107     23      1
   107     10      1
   107     91      1
   108     42      1
   108     81      1
   109    104      1
   109      6      1
   109    118      1
   110     65      1
   110     64      1
   110     88      1
   111      4      1
   111     67      1
   111    115      1
   112     70      1
   112     12      1
   112     36      1
   113     50      1
   113     73      1
   113     23      1
   114     19      1
   114     71      1
   115     74      1
   115    111      1
   115    117      1
   116      4      1
   116     95      1
   116     82      1
   117    115      1
   117     64      1
   118    109      1
   118     54      1
   118      4      1
   119     76      1
   119     40      1
