COORD_X_Y 15
  2.20657   1.94075
  2.40918   1.89232
   1.8567   2.03613
  0.48449  0.883148
  1.37338   1.12277
  1.11553   1.65423
  2.43599    1.9702
  2.28529   2.80506
  1.32511   1.41468
 0.269178  0.556801
 0.355248   2.71615
  2.06532   1.41644
 0.908537  0.343952
 0.647624   2.39794
 0.681993   1.98689
LINKS_SOURCE_DESTINATION_DISTANCE 28
     0      1      1
     0      2      1
     1      0      1
     1      3      1
     1      5      1
     1      8      1
     1     11      1
     2      0      1
     3      1      1
     3      4      1
     3      6      1
     3      7      1
     4      3      1
     4      9      1
     5      1      1
     5     12      1
     6      3      1
     7      3      1
     7     10      1
     8      1      1
     8     13      1
     9      4      1
    10      7      1
    11      1      1
    12      5      1
    12     14      1
    13      8      1
    14     12      1
