COORD_X_Y 40
  1.40969  0.596504
  2.54639   2.28833
 0.136975 0.0587931
 0.160248   2.30405
 0.811579   1.71705
 0.822086   2.44293
  1.62008   1.19672
  1.93331   2.99312
 0.404321   1.17618
  1.32718    2.4721
 0.182014   2.67015
  1.22046   1.98559
  2.32207  0.307971
   1.1835   1.58208
 0.511039   1.06911
 0.495973  0.787347
  2.65187   2.85101
  1.42803   1.44321
 0.853999   1.95231
0.0875648    2.1065
  1.64054  0.553791
  2.16537   2.62762
  1.91468  0.120757
  2.75897  0.310944
  1.87163   2.38989
 0.485059   2.90971
  2.94646  0.413516
  2.79992   1.44366
  2.93448    2.2645
  2.13333  0.776254
 0.588846   1.45865
  1.80511   1.75865
 0.931551  0.976408
  1.98164   1.75567
 0.748131   2.96213
  2.68919  0.988506
  1.40324  0.723519
  2.14512  0.584568
  2.39678   2.08178
 0.812821   1.87864
LINKS_SOURCE_DESTINATION_DISTANCE 78
     0      1      1
     0      8      1
     1      0      1
     1      2      1
     1      6      1
     2      1      1
     2      3      1
     2      5      1
     2     11      1
     3      2      1
     3      4      1
     3     13      1
     3     14      1
     4      3      1
     4     12      1
     4     17      1
     4     26      1
     4     36      1
     5      2      1
     5      9      1
     5     33      1
     6      1      1
     6      7      1
     6     18      1
     6     35      1
     7      6      1
     7     10      1
     8      0      1
     8     16      1
     8     19      1
     8     32      1
     9      5      1
     9     37      1
    10      7      1
    10     20      1
    11      2      1
    11     15      1
    12      4      1
    12     25      1
    13      3      1
    13     24      1
    14      3      1
    15     11      1
    15     21      1
    16      8      1
    16     30      1
    17      4      1
    17     22      1
    17     23      1
    17     31      1
    18      6      1
    19      8      1
    20     10      1
    20     34      1
    21     15      1
    22     17      1
    23     17      1
    23     29      1
    24     13      1
    24     27      1
    25     12      1
    26      4      1
    27     24      1
    27     28      1
    28     27      1
    29     23      1
    29     38      1
    29     39      1
    30     16      1
    31     17      1
    32      8      1
    33      5      1
    34     20      1
    35      6      1
    36      4      1
    37      9      1
    38     29      1
    39     29      1
