COORD_X_Y 25
  1.48093   2.43978
   1.3108   1.80365
  2.41195   1.26466
  1.18459   2.55014
0.0913973   1.04973
 0.293643   0.59998
  2.65949   2.34433
  2.91245  0.299887
  2.02605   2.05783
  1.77169    2.2785
 0.462341   2.68078
0.0370357 0.00879419
  1.70041  0.997688
  2.39236   2.83077
  1.62502 0.0912551
  1.67658   1.93085
  1.13081   2.03948
  2.85016   2.08614
 0.861143  0.959431
  2.99783   1.02661
  1.02675    2.6923
 0.621968  0.470957
  2.69817   2.78446
  2.95335 0.0773757
 0.703995  0.986665
LINKS_SOURCE_DESTINATION_DISTANCE 48
     0      1      1
     0      2      1
     0      3      1
     0      6      1
     0      9      1
     1      0      1
     1      4      1
     1      5      1
     1     10      1
     1     15      1
     2      0      1
     2     16      1
     3      0      1
     4      1      1
     4      7      1
     4     19      1
     4     20      1
     5      1      1
     5     11      1
     5     18      1
     6      0      1
     7      4      1
     7      8      1
     7     12      1
     7     17      1
     8      7      1
     9      0      1
     9     14      1
    10      1      1
    11      5      1
    11     23      1
    12      7      1
    12     13      1
    13     12      1
    13     22      1
    14      9      1
    15      1      1
    16      2      1
    16     24      1
    17      7      1
    17     21      1
    18      5      1
    19      4      1
    20      4      1
    21     17      1
    22     13      1
    23     11      1
    24     16      1
