COORD_X_Y 25
  2.81222   2.48573
 0.713758   2.14289
  1.06214  0.965303
  2.52456 0.0380295
 0.645016   1.82729
  0.29918      1.46
  1.69455   2.09458
0.0555213  0.785103
  2.91526   1.59833
 0.158726 0.0799565
  1.39585   1.67049
 0.828848   1.87092
 0.641958   2.04726
  2.29703   2.44043
 0.295728   1.96039
   2.3673   2.21899
  1.01633  0.911584
  2.55853   2.39592
   2.0368    1.8748
 0.774934   1.33951
  2.44391   2.35803
  2.89403   1.73252
  1.33348   1.54101
   2.4384  0.983343
  2.57731   2.62979
LINKS_SOURCE_DESTINATION_DISTANCE 48
     0      1      1
     0      2      1
     1      0      1
     1      4      1
     1      6      1
     1      7      1
     2      0      1
     2      3      1
     2      8      1
     2      9      1
     2     24      1
     3      2      1
     3     11      1
     3     13      1
     4      1      1
     4      5      1
     4     16      1
     4     19      1
     5      4      1
     5     10      1
     5     20      1
     6      1      1
     7      1      1
     7     14      1
     8      2      1
     8     17      1
     9      2      1
    10      5      1
    10     12      1
    10     15      1
    10     21      1
    10     22      1
    11      3      1
    11     18      1
    12     10      1
    13      3      1
    14      7      1
    15     10      1
    16      4      1
    17      8      1
    18     11      1
    18     23      1
    19      4      1
    20      5      1
    21     10      1
    22     10      1
    23     18      1
    24      2      1
