COORD_X_Y 600
  1.48605  0.523141
  1.63525   1.04843
  1.70924   1.13687
 0.627503  0.497792
   2.1186  0.998269
0.0240071 0.0333965
  2.09871   1.85912
0.0432563   1.81492
 0.468503  0.239625
 0.440578    2.1601
 0.679677   1.60167
 0.101861   2.21176
  2.68969   2.88937
  1.98273   1.30354
  0.99355  0.389868
  1.11625  0.566112
  1.54284  0.688505
   2.0938  0.133235
  1.14557   2.08065
  1.83437   1.46789
  2.50244   1.23776
  1.28003    2.5666
  1.70397   2.31038
  1.16126   2.40498
 0.682231   2.68752
 0.942086    1.5495
  2.55566   2.33508
  1.92256   2.91409
 0.160236  0.910171
 0.693149   1.71384
  1.43324  0.217338
 0.900717    1.2986
 0.715801  0.358975
  2.80687  0.745542
  2.53862   1.75256
   1.8836   1.88619
   2.8185    2.4841
  2.27313   1.90877
 0.222163   1.30088
 0.748423   1.70583
   1.5856   1.12211
  1.97328     1.755
  2.94828  0.973087
  1.17422   0.87572
 0.655636  0.504374
  2.55776  0.635148
  1.53925    1.9028
  1.53551   2.75189
  2.67343   1.51357
  0.74166   1.15861
  1.77614  0.521822
  1.99098   2.94308
 0.757363   2.57538
 0.860596 0.0950478
  2.14656   2.68751
  1.60648  0.803168
 0.313416   2.92663
 0.585316  0.745016
 0.216942   1.31181
  1.66438  0.854531
  2.70235   2.73687
  1.64044  0.962787
  1.82977   1.46906
0.0897112  0.716166
  1.58897    1.4582
 0.728037   2.53574
  2.47006    2.1529
 0.102448   1.55618
 0.437341   1.36774
  2.12497   1.86478
  2.98083   2.39098
 0.606078  0.473664
  1.74994  0.369338
  2.13509   2.42296
  1.75264   2.73958
  2.58329  0.659879
 0.588813   2.09841
  2.35814   1.66851
  2.29704    2.4095
 0.166645 0.0981707
  2.81503   2.39457
  1.37259  0.555261
  2.39339  0.980311
  1.59061   1.99731
  2.66781    2.8932
  2.05892   1.36491
  1.62121   1.25909
  2.65758   2.70444
  2.82477   1.42273
  2.91655  0.322585
  2.27284  0.286628
  2.94309   1.04286
  0.37967  0.636839
  2.49777  0.794563
  1.77617  0.906834
  0.41091   2.90636
 0.710294   1.43304
  2.30709   2.93679
0.0585177   2.44336
  2.50736  0.612496
  1.42228   1.32562
  1.25109   1.03904
  1.17384     2.461
  2.55715  0.820427
  2.69645  0.894286
  1.00908  0.583459
0.0544932   2.06921
  2.51305  0.448883
  2.93104   2.85539
  1.89469  0.209375
  2.84029   1.65328
  1.03773   1.66488
  1.72717  0.737717
  1.39025   2.80386
    2.348 0.00659275
 0.554768   1.79638
  1.22998   1.66793
 0.546192  0.193211
 0.547678   2.78393
   1.3202  0.319589
0.00798482  0.783628
  2.37848   2.84297
  2.46055  0.587526
  0.30504  0.501125
  2.03567    1.6597
  2.04636   1.96835
 0.699402  0.179447
 0.201094   2.06697
  1.55634   2.60731
 0.438088    2.6613
  2.29985  0.913959
  2.63274   2.13991
  2.58414   2.25027
 0.652517   0.22454
   1.9709   1.37152
 0.903023  0.381073
 0.289098   2.39419
  2.43866   1.62583
  2.30432  0.343394
  0.95487   1.60547
  2.28291   2.16951
 0.074359  0.287345
 0.798037   1.21726
  2.09736   2.16043
 0.586712  0.113648
  1.61011  0.763885
  2.27926   1.85149
  1.59058  0.773139
 0.312692   2.80891
   2.3367   1.43231
  1.75513    2.8358
  2.24789   2.23895
  1.55084   1.85998
0.0920726   1.07537
  1.73115  0.605461
  2.38382   2.19522
  1.32125 0.0835587
  2.10039  0.792687
  2.16544   2.70801
  2.62471  0.247937
  1.29956   1.33649
  1.73179   1.76296
 0.338722   1.78466
  1.74702   2.41905
 0.984013  0.726222
  1.01848   1.93992
  2.14739  0.597242
  1.59489   1.94764
 0.953099   1.28608
  2.69599  0.147822
  2.41746  0.757252
 0.912366   1.23276
   1.6789   1.98078
  1.47789   2.88129
  1.56864   2.39738
 0.323713 0.0579745
 0.629158  0.961699
 0.393092   1.35986
  2.04201   2.97504
  2.29341   2.85075
  1.16678  0.669697
  2.75224  0.269955
  1.02952   2.48441
  1.01237  0.630046
  2.88643   1.96667
  1.70127   2.09008
  1.44365   2.69764
  2.27292   2.70938
  2.37993 0.0843727
  1.93007   2.45305
  2.02167  0.312821
  2.47984   1.67556
  1.53461    2.6458
  1.96877  0.979147
    2.801  0.149481
  2.22518  0.513623
 0.237938   1.73729
  1.95232   2.12759
   1.1278   1.00802
 0.383277  0.973908
 0.325816   2.15376
 0.355584     2.707
   2.8097   2.23051
 0.715345      2.64
  1.34212   1.12129
 0.567626   1.26844
  1.68929   1.30306
  1.96004   1.99045
 0.896673   2.58044
 0.277125   0.40884
  1.14393   2.12171
  2.38347   1.81256
    1.139 0.0200435
  1.18272   1.40205
 0.564941   1.94457
 0.982073   1.81084
0.0792401     2.131
  2.67873  0.443191
  2.17919   1.68193
  1.32661  0.288259
 0.428334   2.17223
  1.59678   1.48306
 0.279385   2.68671
  2.36266    2.1402
  2.88884  0.798263
  2.81105   1.39023
 0.806355    1.5529
  1.56665   1.59857
  2.14946   1.60604
  1.34509   2.90796
 0.516734   2.88593
  1.09222   0.32129
  2.29734  0.548621
 0.361007 0.0986228
0.0110108   2.30033
  2.49268   1.57265
 0.669707  0.388377
  1.26779  0.639262
  1.89101   1.66392
  1.55132  0.964285
  2.10476  0.957046
  1.45176   1.63313
  2.70719   1.04043
  2.83236  0.842004
  1.79177   2.51686
 0.526722   1.84409
  2.68131   2.40096
  1.49322   2.08129
  2.87816   1.06375
  1.09401   1.79268
 0.630342   1.00107
  2.44619  0.964767
0.0734523  0.297527
  1.63775   1.01791
 0.649634   2.55169
  1.78412   2.74084
  2.67132  0.992188
 0.501479  0.566532
  2.61797   2.59452
  1.41067   1.30212
  2.04091    1.0843
  2.74127   1.99772
 0.521076   1.53376
 0.182389   2.96747
  1.07919   1.61905
 0.744527   1.71249
 0.753177  0.426662
  2.86631   2.64797
 0.328434   1.58588
  1.83447   2.46061
 0.133003   2.66074
  1.26897    1.1691
 0.587879  0.928838
  1.97373   1.69491
  2.94835   2.89075
 0.850351  0.721876
  1.27099   2.24849
  1.89135     2.461
 0.703467   1.33975
  1.74996    0.3206
    1.297  0.670249
 0.890769  0.997636
 0.486722   2.65377
 0.427108  0.515859
  1.68341   1.80355
  1.47345   1.59911
  2.38631   1.14935
  2.44771  0.474114
  2.71939   1.01545
  1.50952   2.44927
 0.901471   1.33331
   2.4787   2.02667
  1.61352   2.73686
  2.09479   2.26388
  2.27483  0.617362
  2.88318   2.46727
  2.23584   1.21272
   1.4958  0.741595
  1.76504  0.725848
 0.924079   2.40584
  1.58275   2.62457
 0.478673   2.15863
  2.30168   2.47606
  1.86746   1.78742
  1.42604   2.84866
  1.66214  0.319104
  2.66516   1.67092
  1.79747   2.12684
 0.219455 0.0577595
  2.63985   1.45164
  1.99237   1.12638
 0.871017   1.96314
  2.91394   2.21889
  2.40205   2.00326
  1.58295   2.65645
  1.75093   2.76064
  1.53469   2.66851
0.0347897   2.11607
0.0478413  0.887003
  1.15625   1.21591
  1.66194   1.64627
   1.9728   2.13121
 0.323696  0.936163
  1.57094 0.0450031
  2.51521   2.28017
  2.83366   1.57716
 0.638683   1.80036
 0.314312  0.865124
 0.451077   2.04025
  2.16092   2.97962
  1.95911  0.559237
  1.61259   2.63569
 0.317753    1.6778
  1.31209 0.0329148
 0.719131   1.74571
  2.84955 0.00969943
  2.12223    0.7245
 0.221406   2.76776
   0.6199   1.71057
  0.93124  0.360287
  2.26211   2.40041
  2.29305   2.52498
 0.266596   2.04562
 0.881523   1.41677
  1.10527  0.286897
  1.84539    1.5072
  2.38166   1.69778
 0.564025   2.56189
0.0961495  0.400344
 0.395618   1.40138
 0.196016   2.77836
  1.50233   2.08129
   1.3364   1.93428
 0.422846   1.64708
 0.659243    1.1174
 0.402919   1.04941
 0.641591  0.888266
  2.37507  0.699423
  2.73665   1.64863
  2.67291   1.84657
  2.09811  0.191099
 0.222322  0.325457
  1.18303   2.10483
 0.122154 0.0850184
 0.603986   2.80095
  2.26293  0.550151
 0.978159   1.23855
   2.9287   1.66038
  2.86597   2.54776
  2.68966   2.96985
 0.316076  0.458639
  1.22892   2.20197
 0.516942   2.81197
  1.50331   2.77945
   2.5609   2.13254
  1.10312   2.51641
 0.644397 0.0573728
 0.937382   1.20674
  2.10191   2.69169
 0.209038  0.163748
  1.89659  0.505851
  0.33784   2.88136
   2.3033  0.388344
  2.80681  0.375496
  2.96892  0.785263
 0.460096   1.15976
  1.65739   2.89285
 0.745104  0.592403
  2.03232 0.0415898
  2.38355    1.2689
  2.93685 0.0932628
  2.56199  0.194869
  1.90163  0.437208
  2.97214  0.923734
  2.44841   2.49594
  2.87318   1.83521
   1.1866   1.27565
  2.79975     1.257
 0.201789   2.48025
 0.819026   2.29469
  2.65525   2.08238
  2.32886   1.25691
  1.82269   1.97078
 0.841204   2.60137
 0.682783   2.59796
  1.42156  0.219122
 0.205231   2.38713
   1.3745   1.74491
  2.41372   1.65714
   1.8334   1.51986
  1.66691   1.35196
  2.29663   2.53592
  2.83035   2.46194
  1.98884   0.87526
  1.38043   1.21833
  1.94422   2.78468
  1.79053   2.10053
  1.35587   1.28002
  2.11103   2.53089
  1.58532   1.38706
 0.200686   1.66757
  1.53006    2.3836
 0.805225  0.665426
 0.565164  0.107388
  1.89193   0.97962
  1.82831   2.27058
  1.89163   1.34699
 0.868284  0.892607
  1.58306    1.2585
  2.10301 0.0236161
  1.24402  0.657676
  2.13915   1.16487
  1.97298   1.27888
 0.404135   2.74063
  0.35093   2.77271
  1.82168   2.28818
 0.225491  0.517854
  2.18877   0.23673
  1.23051   0.24197
 0.659469  0.400738
 0.551336   2.43374
  0.22907  0.251234
 0.261988   1.79921
  2.68926    1.4884
  1.63408   2.24325
  2.54772   2.25564
 0.374382  0.147896
  0.90445  0.666303
  2.22825  0.411257
  2.27441   2.03732
  1.68643   2.62007
  1.92393   1.29044
  2.11472  0.380858
  2.01366  0.440672
   2.1341   2.42189
   2.1372   1.49434
 0.188238  0.822767
 0.568089   1.99905
 0.696617   0.63021
 0.727584   1.17856
  1.45433   2.50474
 0.195911   2.85602
 0.533976  0.368569
 0.366105   1.03663
  1.76851  0.016995
  0.71948   2.59112
 0.635169 0.0366449
 0.141974   1.20505
  2.77462 0.0642836
 0.655197   2.30054
  1.19822   2.86035
  2.53202   2.11867
  1.75638   2.63713
  1.15171  0.891952
 0.449573  0.149632
   1.1438  0.187847
  1.06447   1.88894
  2.17244   2.90884
   1.8586  0.934977
 0.666175   1.69115
   2.1893    1.8984
  1.55652   1.12789
 0.718954  0.597638
  1.63221   2.78117
0.0376161   1.41635
 0.859594  0.580707
  2.09439   1.10881
  1.56933   1.18311
  2.12823 0.0996443
  2.87188  0.690841
 0.505063   2.45358
  1.07396   1.83395
  2.90486   2.32163
   2.5755   2.48264
 0.418023   1.43046
  1.39141   1.74598
  1.69509    2.2044
0.0731619   2.15779
 0.183715    2.7155
  1.84612   1.36926
  2.79976   1.51543
  0.59323   2.04515
  2.58953  0.998603
  2.08918   2.50059
  2.59021   1.35123
  1.60022  0.241594
  2.12039 0.0416098
 0.506542  0.717496
 0.101759   2.68156
    2.231   2.70624
  2.20232   1.80147
  1.44943 0.0757563
  1.00704  0.703005
  2.93601   2.39118
  1.90169   2.02292
  1.84366   1.71453
  2.97334  0.640409
   0.1228   2.02487
0.0514957  0.616608
   2.1284   2.54056
  2.11935   2.74268
  1.18816  0.111754
  2.56666   1.49808
 0.875083   2.35574
   1.6087 0.0527627
 0.342803   2.05662
  1.90397   2.89522
  1.36559    2.1678
 0.679343  0.540293
0.0443489   1.95736
  1.78672   1.02133
 0.668054   2.51022
  2.37323   1.00826
  1.64062   1.11033
  2.73811   1.57696
  1.44133   0.58864
 0.655238   1.98818
  2.78098  0.310596
 0.400974  0.229498
    1.709  0.345786
 0.302708  0.798256
  0.41893   1.48792
  1.91413   1.26074
  0.80963  0.476131
 0.978312   1.16446
 0.409842   1.32699
  2.80698   2.87984
  2.29621   2.59821
  2.57968   1.54224
  1.30505   1.15565
0.0950338   0.57464
  2.26577   2.36953
  1.51508   2.00337
  1.00904   1.73574
 0.886847     2.332
  1.84121   1.78197
  2.32668    2.4195
  1.35438   1.85091
  1.99153   1.35407
 0.476317   2.50138
  2.25759  0.916318
  1.83511   1.08265
 0.267637  0.905011
  2.34486   2.52974
   2.0112   1.30327
  1.52438   1.81499
  2.57972  0.773216
  2.89267 0.0474327
  2.77934  0.416898
  2.61581  0.336403
   1.9142   1.99229
 0.928399   0.93061
 0.471269   2.30518
  2.38805  0.511568
  2.28923   2.02381
  1.55938   1.33216
0.0349888   2.95317
  1.24861   1.53424
 0.530986   1.42188
0.0485638   2.39898
  2.58637   2.51548
  1.82433   1.94219
  2.31184   2.29545
  2.03723  0.209936
 0.376671   1.72301
  2.45268   1.78809
 0.783785  0.443048
 0.562463   2.35218
   2.5462   2.12325
  2.89472   0.48408
0.0314259   1.07777
  2.40715   1.14087
  2.45081    1.4091
  1.12114   1.88715
  2.40716   1.73727
  1.17223  0.118455
  2.95712   2.08895
  1.30714 0.0583965
  1.35257   1.40722
  1.42388   2.54353
LINKS_SOURCE_DESTINATION_DISTANCE 1198
     0      1      1
     0    260      1
     1      0      1
     1      2      1
     1      6      1
     1     62      1
     1    107      1
     1    319      1
     2      1      1
     2      3      1
     2      8      1
     2     17      1
     2     20      1
     2     36      1
     3      2      1
     3      4      1
     3      5      1
     3     44      1
     3    156      1
     3    280      1
     3    408      1
     3    462      1
     4      3      1
     4      7      1
     4     65      1
     4    348      1
     5      3      1
     5     10      1
     5     51      1
     5     85      1
     5    442      1
     6      1      1
     6      9      1
     6     39      1
     6     66      1
     6    126      1
     6    209      1
     7      4      1
     7     50      1
     7     57      1
     8      2      1
     8     12      1
     8     31      1
     8     33      1
     8     45      1
     8    524      1
     8    537      1
     8    550      1
     9      6      1
     9     11      1
     9     21      1
     9    486      1
     9    533      1
    10      5      1
    10     16      1
    10     29      1
    10     56      1
    10    157      1
    10    347      1
    10    503      1
    11      9      1
    11     14      1
    11     35      1
    11     67      1
    11     79      1
    11    504      1
    11    562      1
    12      8      1
    12     13      1
    12     18      1
    12     30      1
    12    443      1
    12    485      1
    13     12      1
    13     32      1
    13    158      1
    13    344      1
    13    375      1
    14     11      1
    14     15      1
    14     19      1
    14     22      1
    14     27      1
    14    172      1
    14    303      1
    14    393      1
    15     14      1
    15    309      1
    16     10      1
    16     23      1
    17      2      1
    17     28      1
    17     34      1
    17     38      1
    17    122      1
    17    132      1
    18     12      1
    18     26      1
    18    197      1
    18    205      1
    19     14      1
    19     60      1
    19    164      1
    19    229      1
    19    268      1
    20      2      1
    20    194      1
    20    587      1
    21      9      1
    21     24      1
    21     40      1
    21    382      1
    22     14      1
    22     92      1
    22    105      1
    23     16      1
    24     21      1
    24     25      1
    24     46      1
    24     95      1
    24    264      1
    24    512      1
    25     24      1
    25    119      1
    26     18      1
    26     41      1
    26    135      1
    27     14      1
    27     64      1
    27     91      1
    28     17      1
    28     82      1
    28    182      1
    28    184      1
    29     10      1
    29    102      1
    30     12      1
    30     47      1
    30    349      1
    30    482      1
    31      8      1
    31    201      1
    31    334      1
    31    373      1
    31    410      1
    32     13      1
    32     42      1
    32     52      1
    32     83      1
    32     98      1
    32    310      1
    32    570      1
    33      8      1
    33     61      1
    33     94      1
    33    466      1
    33    506      1
    34     17      1
    34     48      1
    34     59      1
    34     70      1
    34    196      1
    35     11      1
    35     55      1
    35    181      1
    36      2      1
    36     37      1
    36    253      1
    36    431      1
    37     36      1
    37     69      1
    37    202      1
    37    298      1
    38     17      1
    38    166      1
    39      6      1
    39     43      1
    39     58      1
    39    130      1
    39    150      1
    39    154      1
    39    206      1
    40     21      1
    40    314      1
    41     26      1
    41     87      1
    41     93      1
    41    123      1
    42     32      1
    42    213      1
    42    284      1
    43     39      1
    43    163      1
    43    320      1
    43    489      1
    44      3      1
    44     49      1
    44     72      1
    44    140      1
    44    145      1
    44    146      1
    45      8      1
    45     89      1
    45    114      1
    45    551      1
    46     24      1
    46     63      1
    46    128      1
    46    185      1
    47     30      1
    47    109      1
    47    186      1
    47    216      1
    48     34      1
    48     54      1
    48     81      1
    48    115      1
    48    193      1
    48    252      1
    49     44      1
    49     68      1
    49    315      1
    49    430      1
    50      7      1
    50    125      1
    50    277      1
    50    355      1
    50    584      1
    51      5      1
    51     53      1
    51    342      1
    51    352      1
    52     32      1
    52     80      1
    52    396      1
    53     51      1
    53    113      1
    53    262      1
    53    323      1
    54     48      1
    54    116      1
    54    282      1
    55     35      1
    55     74      1
    55     99      1
    56     10      1
    56    101      1
    56    552      1
    57      7      1
    57    103      1
    57    137      1
    57    176      1
    57    227      1
    57    372      1
    58     39      1
    59     34      1
    60     19      1
    60     75      1
    60     96      1
    60    127      1
    60    361      1
    60    381      1
    61     33      1
    61    170      1
    61    218      1
    61    243      1
    61    327      1
    62      1      1
    62     71      1
    62    117      1
    63     46      1
    63     86      1
    63     90      1
    64     27      1
    64    134      1
    64    159      1
    64    413      1
    65      4      1
    65     97      1
    65    340      1
    66      6      1
    66    131      1
    67     11      1
    67    463      1
    68     49      1
    68    104      1
    68    244      1
    68    409      1
    69     37      1
    69    124      1
    69    171      1
    69    281      1
    69    530      1
    70     34      1
    70     73      1
    70     77      1
    70     78      1
    70    165      1
    71     62      1
    71    138      1
    71    212      1
    71    296      1
    71    399      1
    71    501      1
    72     44      1
    72    226      1
    72    259      1
    72    447      1
    73     70      1
    73     76      1
    73     84      1
    74     55      1
    74    133      1
    74    144      1
    75     60      1
    75    142      1
    75    440      1
    76     73      1
    76    118      1
    77     70      1
    77     88      1
    77    183      1
    77    403      1
    78     70      1
    78    191      1
    79     11      1
    79    208      1
    79    254      1
    80     52      1
    80    199      1
    81     48      1
    81    136      1
    81    526      1
    81    540      1
    82     28      1
    82    237      1
    82    336      1
    82    585      1
    83     32      1
    83    141      1
    83    211      1
    83    238      1
    83    510      1
    84     73      1
    84    168      1
    85      5      1
    85    100      1
    85    149      1
    85    589      1
    86     63      1
    86    175      1
    86    230      1
    86    247      1
    86    581      1
    87     41      1
    87    576      1
    88     77      1
    88    151      1
    88    223      1
    88    297      1
    88    389      1
    89     45      1
    89    112      1
    90     63      1
    91     27      1
    91    369      1
    92     22      1
    92    174      1
    92    406      1
    92    425      1
    93     41      1
    93    232      1
    93    269      1
    93    321      1
    94     33      1
    94    153      1
    95     24      1
    96     60      1
    97     65      1
    98     32      1
    98    106      1
    98    108      1
    98    245      1
    98    407      1
    98    493      1
    99     55      1
    99    110      1
    99    121      1
    99    152      1
   100     85      1
   100    111      1
   100    234      1
   100    480      1
   101     56      1
   101    465      1
   102     29      1
   103     57      1
   103    339      1
   104     68      1
   104    474      1
   105     22      1
   105    148      1
   105    288      1
   105    326      1
   106     98      1
   106    236      1
   106    294      1
   107      1      1
   107    178      1
   107    483      1
   108     98      1
   108    242      1
   108    455      1
   108    505      1
   109     47      1
   109    219      1
   109    304      1
   109    387      1
   110     99      1
   110    371      1
   110    428      1
   110    545      1
   111    100      1
   111    120      1
   111    160      1
   111    476      1
   112     89      1
   112    272      1
   113     53      1
   113    301      1
   114     45      1
   114    235      1
   114    289      1
   114    357      1
   114    367      1
   114    415      1
   115     48      1
   115    572      1
   116     54      1
   116    129      1
   116    155      1
   116    450      1
   117     62      1
   117    224      1
   118     76      1
   118    147      1
   118    169      1
   118    215      1
   119     25      1
   120    111      1
   120    210      1
   121     99      1
   121    270      1
   122     17      1
   122    329      1
   123     41      1
   123    317      1
   124     69      1
   124    180      1
   124    343      1
   125     50      1
   126      6      1
   126    139      1
   126    517      1
   127     60      1
   127    446      1
   128     46      1
   128    266      1
   129    116      1
   129    276      1
   129    362      1
   129    574      1
   130     39      1
   130    143      1
   130    385      1
   131     66      1
   132     17      1
   132    187      1
   132    491      1
   133     74      1
   133    511      1
   134     64      1
   135     26      1
   135    204      1
   135    522      1
   135    536      1
   136     81      1
   136    161      1
   136    179      1
   136    350      1
   136    351      1
   137     57      1
   137    190      1
   137    263      1
   137    520      1
   138     71      1
   138    188      1
   139    126      1
   139    189      1
   140     44      1
   140    198      1
   141     83      1
   141    200      1
   141    346      1
   141    358      1
   142     75      1
   142    481      1
   142    543      1
   143    130      1
   144     74      1
   145     44      1
   145    249      1
   146     44      1
   146    564      1
   147    118      1
   147    328      1
   148    105      1
   149     85      1
   149    207      1
   150     39      1
   150    173      1
   151     88      1
   151    167      1
   151    261      1
   151    286      1
   151    374      1
   152     99      1
   152    177      1
   152    324      1
   153     94      1
   153    220      1
   153    454      1
   154     39      1
   154    162      1
   155    116      1
   156      3      1
   156    370      1
   156    458      1
   157     10      1
   157    239      1
   158     13      1
   158    405      1
   159     64      1
   160    111      1
   160    402      1
   161    136      1
   162    154      1
   162    240      1
   162    274      1
   163     43      1
   163    255      1
   164     19      1
   165     70      1
   165    192      1
   165    354      1
   165    390      1
   166     38      1
   166    316      1
   166    444      1
   167    151      1
   167    221      1
   167    291      1
   168     84      1
   168    586      1
   169    118      1
   169    380      1
   170     61      1
   170    420      1
   171     69      1
   171    325      1
   172     14      1
   172    251      1
   172    360      1
   173    150      1
   173    330      1
   174     92      1
   175     86      1
   175    222      1
   175    279      1
   175    379      1
   176     57      1
   176    195      1
   176    592      1
   177    152      1
   177    228      1
   177    256      1
   178    107      1
   178    233      1
   178    267      1
   178    566      1
   179    136      1
   179    401      1
   179    594      1
   180    124      1
   181     35      1
   181    398      1
   182     28      1
   183     77      1
   183    392      1
   183    397      1
   184     28      1
   184    377      1
   184    412      1
   184    421      1
   185     46      1
   185    313      1
   186     47      1
   187    132      1
   187    306      1
   188    138      1
   188    394      1
   189    139      1
   189    359      1
   190    137      1
   191     78      1
   191    258      1
   192    165      1
   193     48      1
   194     20      1
   194    508      1
   195    176      1
   195    250      1
   196     34      1
   197     18      1
   197    308      1
   197    441      1
   198    140      1
   198    214      1
   199     80      1
   199    203      1
   199    507      1
   200    141      1
   200    217      1
   200    502      1
   201     31      1
   201    292      1
   201    338      1
   202     37      1
   202    265      1
   202    456      1
   203    199      1
   203    521      1
   204    135      1
   205     18      1
   206     39      1
   206    332      1
   207    149      1
   207    248      1
   207    424      1
   208     79      1
   208    241      1
   209      6      1
   209    283      1
   209    311      1
   210    120      1
   210    473      1
   211     83      1
   212     71      1
   212    231      1
   213     42      1
   214    198      1
   215    118      1
   215    225      1
   215    299      1
   216     47      1
   217    200      1
   218     61      1
   219    109      1
   220    153      1
   221    167      1
   222    175      1
   223     88      1
   223    395      1
   224    117      1
   225    215      1
   226     72      1
   226    599      1
   227     57      1
   227    337      1
   228    177      1
   228    278      1
   228    295      1
   228    414      1
   229     19      1
   229    246      1
   230     86      1
   231    212      1
   231    580      1
   232     93      1
   233    178      1
   233    335      1
   234    100      1
   235    114      1
   235    471      1
   236    106      1
   236    290      1
   237     82      1
   238     83      1
   238    275      1
   239    157      1
   240    162      1
   240    423      1
   240    509      1
   241    208      1
   241    293      1
   241    495      1
   242    108      1
   242    363      1
   243     61      1
   243    257      1
   244     68      1
   244    273      1
   245     98      1
   246    229      1
   246    478      1
   247     86      1
   248    207      1
   249    145      1
   249    356      1
   249    556      1
   250    195      1
   251    172      1
   251    391      1
   252     48      1
   252    490      1
   253     36      1
   253    467      1
   253    470      1
   254     79      1
   255    163      1
   255    302      1
   256    177      1
   257    243      1
   258    191      1
   259     72      1
   260      0      1
   260    318      1
   260    582      1
   261    151      1
   262     53      1
   263    137      1
   264     24      1
   264    498      1
   265    202      1
   266    128      1
   267    178      1
   267    271      1
   267    287      1
   267    568      1
   268     19      1
   269     93      1
   269    285      1
   269    353      1
   269    559      1
   270    121      1
   271    267      1
   271    305      1
   271    548      1
   272    112      1
   272    460      1
   272    532      1
   273    244      1
   273    300      1
   273    433      1
   274    162      1
   274    307      1
   274    333      1
   275    238      1
   276    129      1
   276    312      1
   277     50      1
   277    419      1
   278    228      1
   278    365      1
   278    383      1
   279    175      1
   280      3      1
   281     69      1
   282     54      1
   283    209      1
   283    417      1
   284     42      1
   285    269      1
   286    151      1
   286    411      1
   287    267      1
   288    105      1
   288    459      1
   289    114      1
   289    516      1
   290    236      1
   291    167      1
   292    201      1
   293    241      1
   294    106      1
   295    228      1
   296     71      1
   296    494      1
   297     88      1
   297    364      1
   297    427      1
   298     37      1
   298    322      1
   299    215      1
   299    341      1
   299    345      1
   299    384      1
   300    273      1
   301    113      1
   302    255      1
   302    331      1
   302    535      1
   303     14      1
   303    386      1
   303    514      1
   304    109      1
   305    271      1
   306    187      1
   306    416      1
   307    274      1
   308    197      1
   309     15      1
   309    376      1
   310     32      1
   311    209      1
   312    276      1
   313    185      1
   314     40      1
   314    378      1
   315     49      1
   316    166      1
   316    561      1
   317    123      1
   318    260      1
   319      1      1
   320     43      1
   321     93      1
   321    435      1
   321    555      1
   322    298      1
   323     53      1
   324    152      1
   324    434      1
   325    171      1
   325    560      1
   326    105      1
   327     61      1
   328    147      1
   329    122      1
   329    529      1
   330    173      1
   331    302      1
   331    549      1
   332    206      1
   333    274      1
   333    432      1
   333    518      1
   334     31      1
   334    539      1
   335    233      1
   335    449      1
   336     82      1
   337    227      1
   338    201      1
   338    577      1
   339    103      1
   340     65      1
   340    400      1
   340    496      1
   341    299      1
   342     51      1
   342    492      1
   343    124      1
   343    453      1
   344     13      1
   345    299      1
   345    368      1
   345    422      1
   346    141      1
   346    404      1
   346    544      1
   347     10      1
   348      4      1
   349     30      1
   350    136      1
   351    136      1
   352     51      1
   352    448      1
   353    269      1
   353    366      1
   354    165      1
   355     50      1
   356    249      1
   357    114      1
   358    141      1
   359    189      1
   359    468      1
   359    575      1
   360    172      1
   361     60      1
   362    129      1
   362    461      1
   363    242      1
   364    297      1
   365    278      1
   365    439      1
   365    469      1
   365    595      1
   366    353      1
   366    464      1
   367    114      1
   368    345      1
   368    418      1
   368    452      1
   369     91      1
   369    388      1
   369    451      1
   369    554      1
   370    156      1
   371    110      1
   372     57      1
   372    457      1
   373     31      1
   374    151      1
   375     13      1
   375    563      1
   376    309      1
   377    184      1
   378    314      1
   379    175      1
   380    169      1
   381     60      1
   381    569      1
   382     21      1
   383    278      1
   384    299      1
   384    531      1
   385    130      1
   386    303      1
   387    109      1
   387    426      1
   388    369      1
   389     88      1
   390    165      1
   391    251      1
   391    593      1
   392    183      1
   393     14      1
   394    188      1
   394    429      1
   395    223      1
   396     52      1
   397    183      1
   398    181      1
   399     71      1
   400    340      1
   401    179      1
   402    160      1
   402    591      1
   403     77      1
   404    346      1
   404    477      1
   405    158      1
   406     92      1
   406    488      1
   407     98      1
   407    484      1
   408      3      1
   409     68      1
   410     31      1
   410    436      1
   411    286      1
   412    184      1
   413     64      1
   414    228      1
   415    114      1
   416    306      1
   417    283      1
   417    500      1
   418    368      1
   419    277      1
   420    170      1
   421    184      1
   421    445      1
   421    513      1
   422    345      1
   422    528      1
   423    240      1
   423    557      1
   424    207      1
   424    472      1
   425     92      1
   426    387      1
   427    297      1
   427    479      1
   428    110      1
   429    394      1
   430     49      1
   431     36      1
   431    515      1
   431    541      1
   432    333      1
   432    542      1
   433    273      1
   433    438      1
   434    324      1
   434    437      1
   435    321      1
   436    410      1
   437    434      1
   438    433      1
   439    365      1
   440     75      1
   441    197      1
   442      5      1
   442    527      1
   443     12      1
   444    166      1
   445    421      1
   445    538      1
   446    127      1
   447     72      1
   448    352      1
   448    487      1
   449    335      1
   450    116      1
   451    369      1
   452    368      1
   453    343      1
   454    153      1
   454    534      1
   455    108      1
   455    499      1
   456    202      1
   457    372      1
   458    156      1
   459    288      1
   459    497      1
   460    272      1
   461    362      1
   462      3      1
   463     67      1
   464    366      1
   465    101      1
   465    475      1
   465    598      1
   466     33      1
   467    253      1
   468    359      1
   469    365      1
   470    253      1
   471    235      1
   472    424      1
   473    210      1
   473    583      1
   474    104      1
   475    465      1
   476    111      1
   477    404      1
   477    547      1
   478    246      1
   479    427      1
   480    100      1
   481    142      1
   482     30      1
   483    107      1
   483    567      1
   484    407      1
   485     12      1
   486      9      1
   487    448      1
   487    588      1
   488    406      1
   489     43      1
   490    252      1
   491    132      1
   492    342      1
   493     98      1
   493    571      1
   494    296      1
   495    241      1
   496    340      1
   497    459      1
   498    264      1
   498    525      1
   499    455      1
   500    417      1
   500    519      1
   501     71      1
   502    200      1
   502    573      1
   503     10      1
   504     11      1
   505    108      1
   506     33      1
   507    199      1
   507    523      1
   507    597      1
   508    194      1
   509    240      1
   510     83      1
   511    133      1
   512     24      1
   513    421      1
   514    303      1
   515    431      1
   516    289      1
   517    126      1
   518    333      1
   518    546      1
   519    500      1
   520    137      1
   521    203      1
   522    135      1
   523    507      1
   524      8      1
   525    498      1
   526     81      1
   526    558      1
   527    442      1
   528    422      1
   529    329      1
   530     69      1
   530    578      1
   531    384      1
   532    272      1
   533      9      1
   534    454      1
   535    302      1
   536    135      1
   537      8      1
   538    445      1
   539    334      1
   540     81      1
   541    431      1
   542    432      1
   543    142      1
   544    346      1
   544    553      1
   545    110      1
   546    518      1
   546    565      1
   547    477      1
   548    271      1
   549    331      1
   550      8      1
   551     45      1
   552     56      1
   553    544      1
   553    579      1
   554    369      1
   555    321      1
   556    249      1
   557    423      1
   557    596      1
   558    526      1
   559    269      1
   560    325      1
   561    316      1
   562     11      1
   563    375      1
   564    146      1
   565    546      1
   566    178      1
   567    483      1
   568    267      1
   569    381      1
   570     32      1
   571    493      1
   572    115      1
   573    502      1
   574    129      1
   575    359      1
   576     87      1
   577    338      1
   578    530      1
   579    553      1
   580    231      1
   581     86      1
   582    260      1
   583    473      1
   584     50      1
   584    590      1
   585     82      1
   586    168      1
   587     20      1
   588    487      1
   589     85      1
   590    584      1
   591    402      1
   592    176      1
   593    391      1
   594    179      1
   595    365      1
   596    557      1
   597    507      1
   598    465      1
   599    226      1
