COORD_X_Y 25
 0.214427    2.2398
 0.609339  0.667227
  0.68071   2.06357
  2.00973    2.1703
 0.565118   2.13949
  2.98739  0.718443
   2.2858  0.251819
  1.15412  0.284896
  2.52777  0.450751
  2.49065   1.52179
 0.546016  0.692197
 0.971066     2.171
  2.33203  0.644603
   2.6993   2.34597
  2.04941   2.93646
 0.148559   1.57207
  0.74605   1.81343
   2.1408  0.408068
  2.92059   2.24257
  2.96276   1.42784
  1.72405    1.6142
  1.43549   2.40845
 0.557967  0.688429
 0.566264   1.38285
  1.28333  0.549017
LINKS_SOURCE_DESTINATION_DISTANCE 48
     0      1      1
     0      4      1
     0      5      1
     1      0      1
     1      2      1
     1      3      1
     1     16      1
     2      1      1
     2     13      1
     3      1      1
     3      6      1
     4      0      1
     4     15      1
     5      0      1
     6      3      1
     6      7      1
     6     10      1
     6     22      1
     7      6      1
     7      8      1
     7     14      1
     8      7      1
     8      9      1
     9      8      1
     9     24      1
    10      6      1
    10     11      1
    10     18      1
    10     21      1
    11     10      1
    11     12      1
    11     17      1
    11     19      1
    12     11      1
    13      2      1
    14      7      1
    14     20      1
    15      4      1
    16      1      1
    16     23      1
    17     11      1
    18     10      1
    19     11      1
    20     14      1
    21     10      1
    22      6      1
    23     16      1
    24      9      1
