COORD_X_Y 600
  1.35264   2.81961
  2.21549 0.0141256
  2.67623  0.289813
  2.65101   1.90359
  1.90176   1.77215
 0.430553  0.760542
  2.27732   2.51459
 0.606519   1.15018
 0.291504   2.00645
 0.238002  0.280581
  0.26824 0.0341079
  2.66001  0.548595
 0.961172   2.29888
  1.23338  0.519319
  2.26993   2.45515
  2.43233  0.835611
  2.57512   1.23082
  0.86264  0.727353
0.0817984   1.05013
 0.699163   2.30358
  2.91946   2.05206
  2.66188   1.66355
  1.60529   2.80827
 0.724034  0.761447
  2.48594   1.11228
  2.50367   2.47946
  2.60109   2.32728
  1.12831   2.96059
  2.23333   1.20063
  1.58403   1.82702
  2.98288   2.22693
 0.279171   1.00607
  2.98065   2.11369
  1.95797 0.0697992
  1.12275   1.85932
  2.02795   1.29884
  2.83255   1.15649
  1.36364    2.6059
 0.618803   2.05343
  2.82121   2.66309
  1.17785   1.28619
 0.369938   1.69489
  2.75307   2.74374
  1.37411    2.0423
  2.54205   2.62324
   1.1823   1.25221
  2.06197  0.699079
  1.36514  0.685054
  1.13895   1.67881
  1.32724   1.00157
 0.927905   1.86133
   2.7879  0.508678
  2.10243   1.23563
 0.361063 0.0858318
  2.79348   1.30623
 0.147076   1.70161
  2.96252   2.79491
 0.754124   2.37007
  2.54179   1.98404
  1.13504   1.65963
  2.62464    2.5222
 0.383097  0.408742
  2.39294   1.33519
  2.70625   0.82604
 0.417224   2.95853
  1.41743  0.853376
  2.56001   2.28891
  1.33014  0.932521
  1.84381  0.940486
  1.06275  0.403478
0.0641953    2.9957
 0.775469   1.43921
  1.44269   0.36404
 0.726347   0.81934
  1.05483   2.98141
   1.0568  0.339755
  1.36865   0.12751
  2.62947   2.88708
  1.26966  0.464107
  0.70453   1.23782
  2.30106 0.00734107
 0.819273   2.31377
  1.93493  0.259082
 0.209101   1.89234
 0.879079 0.00914254
 0.550833  0.202213
  2.77901   2.86561
 0.569639   1.63076
 0.705289   2.89811
 0.464785   2.39867
  0.50705   2.39145
  2.25659    1.2939
  1.30363   2.64422
  1.19927   2.67495
 0.512749   1.46182
    1.644   1.95309
  1.73068   2.87385
  1.06308   2.59519
  1.93027   1.28628
  1.27042  0.322527
  1.88322   2.42851
 0.813171 0.0607669
  2.64403   1.40831
  1.61517  0.637318
   1.2126   1.54132
  1.78369   2.84582
 0.123141   1.90082
 0.712284   1.96761
  1.19009     1.678
 0.499591   2.32918
 0.261348   1.43165
  1.09889  0.222363
  2.58014   2.58718
  2.90019   2.07778
   2.5651   2.41689
 0.201942  0.872886
 0.780623  0.395283
 0.289646   2.42384
 0.461946  0.427508
 0.924461   1.87232
 0.413552   2.86842
 0.892491   1.33706
   1.9248   2.73497
  2.13845   1.51877
  1.15873   2.19928
  2.63851   1.99938
 0.478612   2.66129
  1.07676   2.90767
  2.99311   2.80404
 0.722298   1.34319
 0.895056   2.77385
  2.68601  0.952574
  2.20667   1.29312
  2.77498  0.945647
  2.71938  0.656664
  1.14055   1.28645
  2.34043   2.01927
 0.231597   2.70983
  2.44062  0.160155
 0.776289  0.971369
  1.26459   2.82815
  2.55699   0.29316
  1.38073   1.07252
  2.51416   1.65495
  1.44945   1.91731
  2.03668    2.8077
  2.11081   1.60393
  1.08059  0.870062
  2.83979   1.38474
    1.472   2.67316
 0.627728   2.37402
  2.10464  0.996474
   2.7032   2.23515
  1.54093   1.21718
  2.01071   1.53884
 0.396402   1.43648
 0.107113  0.632976
  2.49912   1.43185
  2.05182   1.26874
  1.83484   0.71056
    1.179  0.277916
 0.988563  0.371669
 0.316204   1.09057
  1.31942    2.9488
 0.348268   2.00564
  1.88791  0.974239
  1.24336   1.09619
  1.50819   1.61623
  0.75246  0.407111
  2.38925    2.7403
 0.689292   1.41806
  2.35792   2.43524
  1.94863   0.55358
 0.878376   1.77627
  1.77079   1.19993
  2.67921   1.96616
 0.710314   2.17269
 0.152055   1.80501
  1.74386   2.85006
  1.58992   1.80797
  1.72618   2.37508
  2.88937  0.726293
0.0238073   1.93914
  2.74239   1.13468
  2.27858  0.552265
 0.220358   2.27199
 0.580342 0.0660004
 0.407341   1.70881
  2.23552   1.73808
  2.23524   0.78506
 0.390601   2.96207
 0.629512  0.585694
  2.40412  0.338733
  2.49523   2.58869
  2.73276   2.24584
  1.52866   2.27363
  2.03854  0.889086
  2.47609   1.53283
  1.39835   2.99968
  2.59164   1.93596
 0.723333   2.62023
  1.88541   2.29414
  1.86362   2.75827
 0.494628   2.15647
  1.04361   0.80695
   1.7197  0.386389
  1.83468   2.14592
 0.971442   2.42209
  2.35656  0.913343
  2.25125  0.860143
  2.74747   2.50715
  2.65032   1.77526
  1.70918  0.213629
    2.922   0.54694
  2.98609   1.18301
  2.77473    1.6523
  1.64742   2.37327
 0.773133   2.01353
  0.85183  0.762697
 0.184307   1.19608
  2.12017  0.322374
  2.00972   2.79885
  1.56217   1.95334
 0.586947    1.4682
  1.17129  0.133033
  2.07488   2.46502
  2.66725   2.42886
  2.76568   2.74505
  2.03464   1.92802
  1.93673 0.0401757
  2.70871  0.835809
  1.59915   1.53003
 0.145481  0.714864
  1.80963   2.14708
 0.407606   1.32844
  2.20087 0.0591342
   0.1409   2.27988
 0.714013   2.57654
  1.31357   2.71839
  2.71636   0.68317
  1.91148    2.0822
  2.57792  0.197982
  1.80522   2.15881
 0.599899  0.241609
   1.2051   1.81843
  2.84155   1.34184
  2.80732 0.0678502
  2.30864   1.38552
  1.14905   1.94122
    0.697    1.7125
  1.66563   0.50831
0.0892567 0.00632405
 0.271411   2.21346
  1.21973   1.26809
  1.61552   1.55073
  1.08696  0.144286
  1.40396   1.96299
  1.22472  0.603182
   1.5468   2.15587
 0.861411   2.93041
  0.98695   2.24578
  2.69917   0.23373
  2.84981   2.23885
 0.720703   2.17277
  2.46865  0.225632
  1.81124   1.58372
 0.940305    2.9941
 0.901777   1.93454
0.0683706   1.09541
  2.69419   1.08222
  2.11359   1.48076
  1.70422  0.958964
  2.78929   1.86624
0.0134087   1.95857
 0.189541   2.75543
 0.877173  0.980045
 0.870293   1.71308
  2.40459   1.10849
  1.11638   2.35248
  2.24278   1.99347
  1.49604  0.632606
  2.30967  0.463159
  1.54385   2.59053
 0.908559   2.36657
  1.64603  0.343339
  1.87495  0.568795
  2.04107  0.811931
  1.23271   1.31593
 0.665116   2.23819
  1.53971     1.474
 0.919943   1.50459
   2.6351   2.60735
 0.950804   2.33174
  1.40252  0.817085
  1.82181   2.72745
 0.434418   1.78327
 0.991912   2.07432
  1.72282   1.61519
  2.61285  0.471264
  0.99094  0.529081
  1.02931  0.767497
  1.76136   1.87542
   2.2136   1.63769
  2.64625  0.747551
  1.44243   2.16979
  1.37019   2.80802
  2.90477  0.230991
   2.3579   0.83745
   2.6209  0.819039
  2.18953   1.96543
 0.297335   1.05114
0.0240916   2.58175
 0.620566   2.63178
 0.536522  0.973797
 0.719075     2.337
  0.96486   2.46418
 0.779393  0.968014
  2.97768   2.37205
 0.536569  0.218605
  1.22189 0.0271852
  2.55189   2.83321
  1.09876    2.5297
   1.0118   2.89481
  1.04114   2.56241
  0.64221   2.78946
  1.46387   1.89491
  1.58471    0.5611
  1.91387   2.64905
  1.24725   1.55418
  1.28927   0.16384
  0.95058   2.27773
 0.417635   1.81226
 0.370568   1.67974
  2.76323   2.83488
  1.68817  0.154531
  2.98426   2.06781
  1.28584   2.57752
  2.70587  0.876186
  1.80001   2.64817
 0.994055   1.27749
0.0621536   1.19906
  1.53188   2.17332
  1.42992    1.8221
 0.131432  0.645699
  2.51189   1.99239
 0.964581  0.874209
0.0224917   2.98223
  1.98281  0.381169
  2.21695  0.870353
 0.614173   1.96888
  1.37153   1.45828
  1.68088  0.920232
   2.3272  0.410531
   1.7812   2.05637
  2.80712   2.82024
  1.29831    2.8349
  2.78164   1.26409
  2.74893  0.439907
  2.02394  0.623414
0.00216358   2.89759
  0.45627   1.62114
  1.59286 0.0411649
   1.7161   1.18992
  2.06281  0.529676
  1.73008   2.24027
  2.02673   2.59947
  1.57836   1.75548
  2.76653  0.909885
  1.96119   2.46027
  1.20853  0.954031
  1.36284  0.939045
  2.16877   2.27011
 0.262483  0.377866
  2.19055   1.33987
  1.20022  0.349436
  2.74843  0.189554
  1.79034  0.263665
  1.15127    0.9235
 0.361644  0.939765
  2.33126   2.42927
  2.72025  0.882957
  1.78447   1.67972
  1.31819  0.951444
  2.28847   1.77623
  2.79082 0.0776854
  1.25759    2.4562
  2.86373   2.14965
 0.605838   2.78874
 0.386052   1.23689
 0.894529   1.15522
  1.94576   2.27933
  2.24766   2.31304
  2.09545   1.98057
  2.39191   2.97227
  2.83273   1.45064
  1.70083   2.76466
  1.91108  0.257408
  1.91816 0.0183236
 0.519284   2.09815
 0.353207   1.80542
  2.80192   0.80169
  2.22277   1.44948
  1.89587   2.49407
 0.139498  0.683588
  2.26028   1.85619
 0.353621  0.042364
  0.17216   1.63984
 0.551706   1.97402
  1.23126   2.54746
  1.54967  0.509526
  1.89706   2.04225
  2.26233 0.0871385
  2.66683   1.70105
  2.81783   2.89336
 0.883932   1.51536
  2.97847   1.78927
 0.265095   2.66376
  1.33367   1.26031
  2.17688    1.2673
  2.02839   2.96182
  1.29776   1.71567
  0.40629   2.10559
  2.14222   2.72586
  1.11033   1.33042
 0.851855   2.19019
 0.167462   2.41627
 0.753046   1.78355
    2.038   2.47665
 0.408237  0.451355
  1.80134   1.10475
  1.17789   2.06425
  1.34573  0.663646
  2.38885   1.38312
  2.30433  0.900651
  1.48295  0.838808
  1.42956   1.85671
  1.50777   2.65233
 0.865007   2.25266
  2.58769   2.33112
  2.71158  0.131012
   2.8486   1.65673
 0.313514   2.21031
  1.24158   2.31741
  1.36457   1.50895
  1.48218   2.18144
 0.918358   1.39009
 0.751014   1.43947
  2.71597   1.56302
  2.08461    2.7175
 0.777139  0.194585
  0.97692  0.689872
  1.68612   1.21383
   1.3601   2.51549
 0.829373  0.784504
  1.62678 0.0429796
  1.79445   0.90732
  1.82575   1.27719
  1.55262   2.62161
  2.98377   1.87103
 0.510307  0.838182
  1.48013   1.14887
  2.25925   1.88989
  1.15734   1.22879
  1.53886   2.83086
  2.76093   2.96751
  2.57981   2.84309
  2.90061  0.233464
  2.79898   2.28132
  2.42532  0.588609
 0.363557  0.570607
  1.41136    2.4727
   1.9355   2.31484
 0.411598 0.00997657
  1.87147   2.55499
  2.56719   2.18299
   2.8601   2.64528
 0.894498   2.96999
  2.71238  0.778955
 0.339994   1.07397
 0.555204   1.97192
 0.671169   1.95821
  1.83497   2.31472
  2.30167  0.768329
  1.96202   1.44719
 0.647497   2.11458
 0.957783   2.48363
 0.145181  0.573273
  2.94642   1.66719
 0.527099  0.160227
 0.138609  0.764225
 0.972657   2.60204
  1.94616    1.7912
  2.46642   1.95354
  1.79931   2.72198
  2.99477   2.64487
  2.84045   2.55877
  2.93746  0.729616
 0.193942   1.51634
  2.02639  0.101279
  2.16762   1.56622
 0.798255 0.0582393
  1.95692  0.542047
0.0754701   2.89287
 0.498976   2.28347
  2.17064    1.5125
  1.50693   1.53118
 0.147226  0.505877
  2.52494  0.948883
  2.59185   2.92075
  2.78734   1.50046
  2.64972   2.77873
  1.84498   1.58513
  2.07528   1.38019
  1.12647  0.115528
 0.543833  0.588542
   2.6935  0.391964
  1.54455  0.834118
  2.77552    1.1947
  1.72791   2.57393
  1.03562    2.5885
  2.25669   1.69312
 0.880069   1.65686
 0.430048   2.49267
  1.78283   2.40889
 0.197355   1.65926
 0.577589   2.39811
  2.82738  0.878386
   2.1311   1.97392
 0.435581   1.77096
  2.47567  0.739553
  1.67322   2.02927
 0.116865  0.783427
 0.681171   1.28709
  1.29665   1.56426
  2.65724   2.98704
  2.90953   1.17615
  1.62799   1.66076
  2.37493   1.00938
 0.632545  0.504205
  0.47681   1.06363
  1.73032   2.41674
  2.03592   1.15099
  1.42365   1.48152
0.0989872   2.67829
  2.60477  0.830631
 0.739373   2.02785
  2.87866   1.12133
  2.81969   1.51345
  2.53568   1.57697
  2.91119  0.264772
    2.866   1.66802
  2.40395   0.69196
 0.685368   1.98842
 0.362604   2.79666
  1.54833  0.596737
  1.10294   1.91802
  1.04038  0.210227
  1.22296   2.28642
 0.221289   1.05395
 0.300753   1.63396
   2.2685  0.410863
  2.63866   2.87237
  1.12551   2.55499
 0.579298  0.867077
  2.96801  0.571261
 0.552303   1.27993
 0.812122   2.39883
  2.07979     1.099
  2.65518   1.97939
  2.71738   2.48082
  1.32087   1.07135
 0.508827  0.519851
 0.015728    0.6678
  2.94879  0.341623
   2.2816  0.873791
  1.77325  0.709676
 0.482649   1.72227
  2.54083 0.0429253
   1.2389   2.76187
0.0526956   2.22456
  1.37283   2.63645
  1.84009   1.08254
  2.71853  0.483087
 0.929123   2.92023
  2.88183    2.6118
  2.84559   1.28436
    1.769  0.832227
  2.32796   2.89012
 0.949157   1.02242
  2.50465   2.91095
   1.0613   1.71498
   1.5868   2.40219
 0.277702   2.89129
 0.668726   1.20779
  1.22189  0.259424
  1.09681  0.250633
  2.67612   2.83521
  1.37801  0.403962
 0.140193   1.42973
  1.75414   1.19562
LINKS_SOURCE_DESTINATION_DISTANCE 1198
     0      1      1
     0      3      1
     0      5      1
     0      6      1
     0      8      1
     0     52      1
     0     68      1
     0     97      1
     0    108      1
     0    218      1
     0    293      1
     1      0      1
     1      2      1
     1      7      1
     1    483      1
     2      1      1
     2      4      1
     2     14      1
     2     26      1
     2     31      1
     2    134      1
     2    151      1
     2    304      1
     3      0      1
     3     13      1
     3     23      1
     3     28      1
     3     34      1
     3     81      1
     3    180      1
     3    203      1
     3    309      1
     4      2      1
     4     49      1
     4     61      1
     4    188      1
     4    252      1
     5      0      1
     5      9      1
     5     29      1
     5    331      1
     5    406      1
     5    426      1
     6      0      1
     6     12      1
     6    186      1
     6    236      1
     7      1      1
     7     10      1
     7     16      1
     8      0      1
     8     11      1
     8     50      1
     8    172      1
     8    505      1
     9      5      1
     9     15      1
     9     17      1
     9     22      1
     9    257      1
     9    439      1
     9    508      1
    10      7      1
    10     19      1
    10     30      1
    10     46      1
    10    244      1
    11      8      1
    11     82      1
    12      6      1
    12     55      1
    13      3      1
    13     21      1
    13     35      1
    13     48      1
    13    587      1
    14      2      1
    14     20      1
    14     27      1
    14     36      1
    14     38      1
    14    129      1
    14    521      1
    14    573      1
    15      9      1
    15     39      1
    15     58      1
    15     74      1
    15     78      1
    15    102      1
    16      7      1
    16     79      1
    16    117      1
    16    120      1
    16    242      1
    17      9      1
    17     18      1
    17     43      1
    17     57      1
    17     98      1
    18     17      1
    19     10      1
    19     84      1
    19     93      1
    20     14      1
    20     44      1
    20    114      1
    20    145      1
    20    459      1
    21     13      1
    21     33      1
    21     85      1
    21    349      1
    21    407      1
    22      9      1
    22     24      1
    23      3      1
    23     25      1
    23     67      1
    23    243      1
    24     22      1
    24    103      1
    24    171      1
    24    176      1
    24    177      1
    24    196      1
    24    211      1
    24    215      1
    25     23      1
    25     41      1
    25    185      1
    26      2      1
    26     32      1
    26     64      1
    26    125      1
    26    200      1
    26    334      1
    26    475      1
    27     14      1
    27     45      1
    27    319      1
    28      3      1
    28     54      1
    28     69      1
    28     70      1
    28    182      1
    28    446      1
    29      5      1
    29     80      1
    29    362      1
    30     10      1
    30     37      1
    30     51      1
    30     90      1
    30    183      1
    30    346      1
    31      2      1
    31    497      1
    32     26      1
    32     42      1
    32     73      1
    32    258      1
    33     21      1
    33     40      1
    33    126      1
    33    144      1
    33    231      1
    33    269      1
    33    461      1
    34      3      1
    34     86      1
    35     13      1
    35     63      1
    35    240      1
    36     14      1
    36     56      1
    36     94      1
    36    289      1
    36    419      1
    36    545      1
    37     30      1
    37     53      1
    37    136      1
    37    175      1
    38     14      1
    38     88      1
    38    233      1
    38    277      1
    39     15      1
    39     71      1
    40     33      1
    41     25      1
    41     60      1
    41    119      1
    41    128      1
    41    139      1
    42     32      1
    42    159      1
    42    160      1
    42    225      1
    43     17      1
    43     77      1
    43    199      1
    44     20      1
    44    105      1
    44    138      1
    44    420      1
    45     27      1
    45     76      1
    45    278      1
    46     10      1
    46     47      1
    46    287      1
    47     46      1
    47     59      1
    47    163      1
    47    205      1
    47    445      1
    48     13      1
    48    106      1
    48    142      1
    48    337      1
    48    418      1
    49      4      1
    49    124      1
    49    165      1
    49    178      1
    49    540      1
    50      8      1
    50    101      1
    50    290      1
    51     30      1
    51     92      1
    51    137      1
    51    143      1
    51    306      1
    52      0      1
    52    133      1
    52    477      1
    53     37      1
    53     65      1
    54     28      1
    54    115      1
    54    195      1
    54    212      1
    55     12      1
    55    164      1
    56     36      1
    56    147      1
    56    191      1
    57     17      1
    57     72      1
    57    110      1
    57    130      1
    57    210      1
    58     15      1
    58    248      1
    58    341      1
    58    403      1
    59     47      1
    59    155      1
    60     41      1
    60     87      1
    61      4      1
    61     62      1
    61     66      1
    61    518      1
    62     61      1
    62    104      1
    62    234      1
    63     35      1
    63    112      1
    64     26      1
    64     89      1
    64    158      1
    65     53      1
    65    189      1
    66     61      1
    66    214      1
    66    473      1
    67     23      1
    67    116      1
    68      0      1
    68     91      1
    68    326      1
    69     28      1
    69    122      1
    69    219      1
    69    358      1
    70     28      1
    70    132      1
    70    386      1
    71     39      1
    71    286      1
    72     57      1
    72    181      1
    72    599      1
    73     32      1
    73    344      1
    73    462      1
    74     15      1
    74     75      1
    74     99      1
    74    121      1
    74    168      1
    74    514      1
    74    565      1
    75     74      1
    75    265      1
    75    308      1
    75    343      1
    76     45      1
    76    109      1
    76    111      1
    77     43      1
    77    131      1
    77    342      1
    78     15      1
    78    201      1
    78    405      1
    78    417      1
    79     16      1
    79     83      1
    79    332      1
    79    395      1
    80     29      1
    80    193      1
    80    216      1
    80    320      1
    80    324      1
    81      3      1
    81    150      1
    81    166      1
    82     11      1
    82     95      1
    82    263      1
    83     79      1
    83    480      1
    83    532      1
    84     19      1
    84    356      1
    85     21      1
    86     34      1
    87     60      1
    87    127      1
    87    148      1
    87    413      1
    88     38      1
    88    253      1
    89     64      1
    90     30      1
    90     96      1
    90    202      1
    91     68      1
    91    100      1
    91    431      1
    92     51      1
    92    434      1
    92    517      1
    92    550      1
    93     19      1
    93    354      1
    94     36      1
    94    291      1
    94    297      1
    94    534      1
    95     82      1
    95    107      1
    96     90      1
    96    457      1
    97      0      1
    97    361      1
    97    380      1
    98     17      1
    98    204      1
    99     74      1
   100     91      1
   100    229      1
   100    592      1
   101     50      1
   101    208      1
   102     15      1
   103     24      1
   103    140      1
   103    307      1
   103    314      1
   104     62      1
   105     44      1
   105    118      1
   105    256      1
   106     48      1
   106    190      1
   106    222      1
   106    292      1
   107     95      1
   107    261      1
   108      0      1
   108    123      1
   109     76      1
   109    113      1
   110     57      1
   110    149      1
   110    251      1
   111     76      1
   111    146      1
   111    162      1
   111    432      1
   112     63      1
   113    109      1
   113    206      1
   114     20      1
   114    154      1
   114    580      1
   115     54      1
   115    276      1
   115    389      1
   115    487      1
   116     67      1
   116    174      1
   117     16      1
   117    184      1
   118    105      1
   118    351      1
   119     41      1
   119    170      1
   120     16      1
   120    551      1
   121     74      1
   121    220      1
   121    414      1
   122     69      1
   123    108      1
   123    266      1
   123    569      1
   124     49      1
   124    226      1
   124    496      1
   125     26      1
   126     33      1
   127     87      1
   127    169      1
   127    235      1
   128     41      1
   128    415      1
   129     14      1
   129    568      1
   130     57      1
   130    357      1
   130    562      1
   131     77      1
   131    157      1
   131    198      1
   132     70      1
   132    270      1
   133     52      1
   133    135      1
   134      2      1
   134    141      1
   135    133      1
   136     37      1
   136    376      1
   136    428      1
   137     51      1
   138     44      1
   138    156      1
   139     41      1
   139    259      1
   139    300      1
   140    103      1
   140    338      1
   140    490      1
   140    577      1
   141    134      1
   141    237      1
   141    440      1
   141    486      1
   142     48      1
   143     51      1
   143    167      1
   143    246      1
   143    283      1
   143    385      1
   143    401      1
   143    546      1
   144     33      1
   144    335      1
   144    379      1
   145     20      1
   146    111      1
   146    152      1
   147     56      1
   147    585      1
   148     87      1
   148    364      1
   148    510      1
   148    567      1
   149    110      1
   149    153      1
   150     81      1
   151      2      1
   151    561      1
   152    146      1
   153    149      1
   153    273      1
   154    114      1
   154    288      1
   155     59      1
   155    282      1
   156    138      1
   157    131      1
   157    173      1
   158     64      1
   158    161      1
   158    250      1
   158    348      1
   158    398      1
   159     42      1
   159    207      1
   160     42      1
   160    260      1
   160    548      1
   161    158      1
   161    179      1
   162    111      1
   162    530      1
   163     47      1
   164     55      1
   164    499      1
   164    539      1
   165     49      1
   165    239      1
   166     81      1
   166    352      1
   167    143      1
   167    267      1
   167    323      1
   168     74      1
   168    363      1
   168    522      1
   168    591      1
   169    127      1
   170    119      1
   170    194      1
   170    586      1
   171     24      1
   172      8      1
   172    369      1
   173    157      1
   173    365      1
   174    116      1
   174    241      1
   174    390      1
   175     37      1
   175    275      1
   176     24      1
   176    284      1
   176    327      1
   177     24      1
   177    381      1
   178     49      1
   178    355      1
   179    161      1
   179    197      1
   180      3      1
   180    228      1
   181     72      1
   181    223      1
   181    382      1
   182     28      1
   182    254      1
   182    281      1
   182    377      1
   183     30      1
   183    482      1
   184    117      1
   184    232      1
   184    328      1
   185     25      1
   185    192      1
   186      6      1
   186    187      1
   186    399      1
   186    438      1
   187    186      1
   187    372      1
   188      4      1
   188    488      1
   189     65      1
   190    106      1
   190    339      1
   190    520      1
   190    524      1
   190    529      1
   191     56      1
   192    185      1
   192    268      1
   193     80      1
   193    238      1
   193    366      1
   194    170      1
   194    492      1
   195     54      1
   195    209      1
   196     24      1
   196    227      1
   196    255      1
   197    179      1
   197    213      1
   197    435      1
   198    131      1
   198    279      1
   199     43      1
   199    588      1
   200     26      1
   200    221      1
   200    272      1
   200    526      1
   201     78      1
   201    400      1
   202     90      1
   202    217      1
   202    315      1
   203      3      1
   203    581      1
   204     98      1
   204    416      1
   205     47      1
   206    113      1
   206    301      1
   207    159      1
   208    101      1
   208    455      1
   209    195      1
   209    245      1
   210     57      1
   210    590      1
   211     24      1
   211    271      1
   211    360      1
   212     54      1
   212    367      1
   212    501      1
   213    197      1
   213    230      1
   213    274      1
   213    394      1
   214     66      1
   215     24      1
   215    247      1
   215    296      1
   215    422      1
   216     80      1
   217    202      1
   217    224      1
   217    533      1
   218      0      1
   218    447      1
   219     69      1
   219    427      1
   220    121      1
   220    321      1
   220    515      1
   221    200      1
   222    106      1
   223    181      1
   224    217      1
   224    443      1
   225     42      1
   225    404      1
   226    124      1
   226    384      1
   226    410      1
   227    196      1
   227    325      1
   228    180      1
   228    500      1
   229    100      1
   230    213      1
   230    305      1
   231     33      1
   231    298      1
   231    527      1
   232    184      1
   232    294      1
   233     38      1
   233    479      1
   234     62      1
   235    127      1
   236      6      1
   237    141      1
   237    378      1
   238    193      1
   239    165      1
   239    402      1
   240     35      1
   240    450      1
   241    174      1
   241    558      1
   242     16      1
   242    249      1
   243     23      1
   243    584      1
   244     10      1
   245    209      1
   245    465      1
   246    143      1
   247    215      1
   247    317      1
   248     58      1
   249    242      1
   249    509      1
   249    559      1
   250    158      1
   251    110      1
   252      4      1
   252    262      1
   252    393      1
   253     88      1
   254    182      1
   254    311      1
   254    396      1
   255    196      1
   255    322      1
   256    105      1
   256    397      1
   257      9      1
   258     32      1
   259    139      1
   260    160      1
   261    107      1
   262    252      1
   262    264      1
   262    329      1
   262    570      1
   263     82      1
   263    437      1
   264    262      1
   265     75      1
   265    373      1
   266    123      1
   266    470      1
   267    167      1
   267    280      1
   267    456      1
   267    538      1
   268    192      1
   269     33      1
   269    493      1
   269    598      1
   270    132      1
   270    441      1
   271    211      1
   271    285      1
   272    200      1
   272    370      1
   273    153      1
   273    303      1
   274    213      1
   274    312      1
   274    359      1
   275    175      1
   276    115      1
   276    442      1
   277     38      1
   278     45      1
   279    198      1
   280    267      1
   280    371      1
   281    182      1
   282    155      1
   283    143      1
   283    299      1
   283    560      1
   284    176      1
   285    271      1
   285    424      1
   286     71      1
   286    556      1
   287     46      1
   288    154      1
   289     36      1
   289    516      1
   290     50      1
   291     94      1
   291    316      1
   291    489      1
   292    106      1
   292    295      1
   293      0      1
   293    313      1
   293    333      1
   294    232      1
   294    391      1
   295    292      1
   296    215      1
   296    481      1
   297     94      1
   297    310      1
   298    231      1
   298    302      1
   298    449      1
   299    283      1
   300    139      1
   301    206      1
   302    298      1
   303    273      1
   304      2      1
   304    388      1
   305    230      1
   306     51      1
   306    350      1
   306    374      1
   306    412      1
   307    103      1
   307    318      1
   308     75      1
   308    330      1
   309      3      1
   310    297      1
   310    458      1
   311    254      1
   312    274      1
   313    293      1
   314    103      1
   314    425      1
   315    202      1
   316    291      1
   317    247      1
   318    307      1
   318    340      1
   319     27      1
   320     80      1
   320    336      1
   321    220      1
   322    255      1
   323    167      1
   324     80      1
   325    227      1
   325    513      1
   326     68      1
   326    467      1
   326    468      1
   326    597      1
   327    176      1
   327    589      1
   328    184      1
   329    262      1
   330    308      1
   330    345      1
   330    353      1
   330    503      1
   331      5      1
   331    411      1
   332     79      1
   333    293      1
   333    423      1
   333    464      1
   334     26      1
   334    549      1
   335    144      1
   335    512      1
   336    320      1
   336    383      1
   336    408      1
   336    566      1
   337     48      1
   337    525      1
   338    140      1
   338    433      1
   339    190      1
   340    318      1
   340    582      1
   341     58      1
   342     77      1
   342    347      1
   343     75      1
   344     73      1
   344    387      1
   345    330      1
   345    429      1
   346     30      1
   346    430      1
   347    342      1
   348    158      1
   349     21      1
   350    306      1
   350    436      1
   351    118      1
   352    166      1
   353    330      1
   353    469      1
   354     93      1
   354    595      1
   355    178      1
   356     84      1
   357    130      1
   358     69      1
   358    466      1
   359    274      1
   360    211      1
   360    453      1
   360    476      1
   360    576      1
   361     97      1
   362     29      1
   363    168      1
   364    148      1
   364    368      1
   364    564      1
   365    173      1
   366    193      1
   366    583      1
   367    212      1
   367    572      1
   368    364      1
   368    495      1
   369    172      1
   370    272      1
   371    280      1
   371    375      1
   372    187      1
   373    265      1
   374    306      1
   375    371      1
   376    136      1
   376    444      1
   377    182      1
   378    237      1
   379    144      1
   379    593      1
   380     97      1
   381    177      1
   382    181      1
   382    409      1
   383    336      1
   383    392      1
   384    226      1
   384    553      1
   385    143      1
   386     70      1
   387    344      1
   388    304      1
   389    115      1
   390    174      1
   390    421      1
   391    294      1
   392    383      1
   392    472      1
   392    578      1
   393    252      1
   394    213      1
   394    491      1
   395     79      1
   396    254      1
   397    256      1
   398    158      1
   399    186      1
   400    201      1
   401    143      1
   401    547      1
   402    239      1
   403     58      1
   404    225      1
   405     78      1
   406      5      1
   406    451      1
   407     21      1
   407    452      1
   407    478      1
   408    336      1
   409    382      1
   410    226      1
   410    536      1
   411    331      1
   412    306      1
   412    554      1
   413     87      1
   413    528      1
   414    121      1
   414    531      1
   415    128      1
   415    506      1
   416    204      1
   417     78      1
   418     48      1
   418    523      1
   419     36      1
   419    460      1
   419    494      1
   420     44      1
   421    390      1
   421    579      1
   422    215      1
   423    333      1
   424    285      1
   425    314      1
   426      5      1
   426    537      1
   427    219      1
   427    463      1
   428    136      1
   429    345      1
   429    474      1
   429    484      1
   429    504      1
   430    346      1
   431     91      1
   432    111      1
   433    338      1
   434     92      1
   435    197      1
   436    350      1
   437    263      1
   437    485      1
   438    186      1
   439      9      1
   439    454      1
   440    141      1
   440    535      1
   441    270      1
   441    448      1
   442    276      1
   443    224      1
   444    376      1
   445     47      1
   445    471      1
   446     28      1
   446    498      1
   447    218      1
   448    441      1
   449    298      1
   450    240      1
   451    406      1
   451    596      1
   452    407      1
   453    360      1
   454    439      1
   455    208      1
   456    267      1
   457     96      1
   458    310      1
   459     20      1
   460    419      1
   461     33      1
   462     73      1
   463    427      1
   464    333      1
   465    245      1
   465    543      1
   466    358      1
   467    326      1
   468    326      1
   469    353      1
   470    266      1
   471    445      1
   471    563      1
   472    392      1
   473     66      1
   474    429      1
   475     26      1
   476    360      1
   477     52      1
   478    407      1
   479    233      1
   479    575      1
   480     83      1
   481    296      1
   482    183      1
   483      1      1
   484    429      1
   485    437      1
   486    141      1
   487    115      1
   488    188      1
   489    291      1
   490    140      1
   491    394      1
   492    194      1
   493    269      1
   494    419      1
   495    368      1
   495    511      1
   496    124      1
   497     31      1
   497    507      1
   497    544      1
   498    446      1
   499    164      1
   499    502      1
   500    228      1
   501    212      1
   502    499      1
   503    330      1
   503    519      1
   504    429      1
   505      8      1
   506    415      1
   507    497      1
   508      9      1
   509    249      1
   509    541      1
   510    148      1
   511    495      1
   511    555      1
   512    335      1
   513    325      1
   514     74      1
   515    220      1
   516    289      1
   517     92      1
   518     61      1
   519    503      1
   520    190      1
   521     14      1
   522    168      1
   523    418      1
   524    190      1
   525    337      1
   525    542      1
   526    200      1
   527    231      1
   528    413      1
   529    190      1
   530    162      1
   530    571      1
   531    414      1
   532     83      1
   533    217      1
   534     94      1
   535    440      1
   536    410      1
   537    426      1
   538    267      1
   539    164      1
   539    552      1
   540     49      1
   541    509      1
   542    525      1
   543    465      1
   544    497      1
   545     36      1
   546    143      1
   546    557      1
   547    401      1
   548    160      1
   549    334      1
   550     92      1
   551    120      1
   552    539      1
   553    384      1
   554    412      1
   555    511      1
   556    286      1
   557    546      1
   558    241      1
   559    249      1
   560    283      1
   561    151      1
   561    594      1
   562    130      1
   563    471      1
   564    364      1
   565     74      1
   566    336      1
   567    148      1
   568    129      1
   569    123      1
   570    262      1
   571    530      1
   572    367      1
   573     14      1
   573    574      1
   574    573      1
   575    479      1
   576    360      1
   577    140      1
   578    392      1
   579    421      1
   580    114      1
   581    203      1
   582    340      1
   583    366      1
   584    243      1
   585    147      1
   586    170      1
   587     13      1
   588    199      1
   589    327      1
   590    210      1
   591    168      1
   592    100      1
   593    379      1
   594    561      1
   595    354      1
   596    451      1
   597    326      1
   598    269      1
   599     72      1
