COORD_X_Y 15
  2.62178   2.34722
  2.05517   2.21781
  1.34474  0.383589
  1.50087  0.267031
 0.935423   1.64321
  2.80405   1.25575
  1.98034  0.198917
  1.32396   2.98503
  1.86163  0.416108
  0.18973   2.13399
  1.27415    2.2218
  2.56547   0.99083
 0.827804  0.836643
 0.373053    2.7188
   1.2537   1.03433
LINKS_SOURCE_DESTINATION_DISTANCE 28
     0      1      1
     0      2      1
     1      0      1
     1      3      1
     1      7      1
     2      0      1
     2      4      1
     2      8      1
     2      9      1
     3      1      1
     3      5      1
     3     11      1
     4      2      1
     4      6      1
     5      3      1
     5     13      1
     6      4      1
     6     14      1
     7      1      1
     8      2      1
     8     12      1
     9      2      1
     9     10      1
    10      9      1
    11      3      1
    12      8      1
    13      5      1
    14      6      1
