COORD_X_Y 15
 0.837664   2.35657
  1.40459  0.231128
  2.54247  0.991013
 0.210868   1.76883
  2.07303  0.945699
  1.12122  0.756371
   1.7036   2.13389
  1.81099   2.39502
 0.870435   1.92921
 0.117669  0.335749
  1.99726   1.95011
  1.60842   2.15225
 0.436933    2.5619
 0.292986   2.08229
 0.206904   2.31621
LINKS_SOURCE_DESTINATION_DISTANCE 28
     0      1      1
     0      2      1
     1      0      1
     1      4      1
     2      0      1
     2      3      1
     2      7      1
     2     10      1
     3      2      1
     4      1      1
     4      5      1
     4      6      1
     4      8      1
     4      9      1
     5      4      1
     6      4      1
     6     13      1
     7      2      1
     7     14      1
     8      4      1
     8     12      1
     9      4      1
    10      2      1
    10     11      1
    11     10      1
    12      8      1
    13      6      1
    14      7      1
