COORD_X_Y 50
  2.41298   1.78726
 0.851418   1.36679
 0.771609   1.25653
 0.594684  0.912309
 0.209382   1.81369
  2.64972   2.49505
  2.73455   1.44934
  2.99491   0.80782
 0.393943   2.83335
  1.22367    2.7464
  2.84057  0.206513
  2.82651   1.47933
  1.59524   1.41914
 0.659527   1.23553
 0.438425   2.12307
  1.02119   2.84122
 0.525976    1.6605
  2.87472   1.74492
  1.40982   2.15053
0.0702509   1.27223
  2.92288  0.910458
  2.60555   1.97648
  2.83087  0.477308
  2.03045    2.2672
   1.9931   1.30607
  1.33459  0.583101
0.00241037   2.98074
 0.363496  0.738156
  1.94434   1.86878
  2.79461   2.59387
  2.94481   1.47753
   1.3897   1.53168
  2.67243  0.250624
  1.88873   1.75142
  1.56736  0.963799
  2.98513   0.21723
 0.350568  0.479358
 0.931261   2.77065
   1.1444  0.851327
 0.992912  0.916908
 0.220752  0.672351
0.00125721   1.00062
 0.155936   2.49948
 0.666369   2.07054
 0.802712   1.16211
  2.62312  0.610043
  1.18094   1.30162
  1.84438  0.839191
  1.38606  0.174608
 0.935314   1.95593
LINKS_SOURCE_DESTINATION_DISTANCE 98
     0      1      1
     0      2      1
     0      4      1
     0     20      1
     0     23      1
     0     31      1
     0     44      1
     1      0      1
     1      3      1
     1      5      1
     1      7      1
     1     10      1
     1     13      1
     2      0      1
     2     27      1
     3      1      1
     3      8      1
     3     14      1
     3     17      1
     3     32      1
     4      0      1
     4      6      1
     4     11      1
     4     30      1
     4     46      1
     5      1      1
     5     16      1
     5     41      1
     5     45      1
     6      4      1
     6     12      1
     6     21      1
     7      1      1
     7      9      1
     7     28      1
     7     37      1
     7     39      1
     7     47      1
     8      3      1
     8     19      1
     9      7      1
    10      1      1
    10     15      1
    10     25      1
    11      4      1
    12      6      1
    12     35      1
    13      1      1
    13     26      1
    14      3      1
    14     33      1
    15     10      1
    16      5      1
    16     22      1
    17      3      1
    17     18      1
    18     17      1
    18     42      1
    19      8      1
    20      0      1
    20     48      1
    21      6      1
    22     16      1
    23      0      1
    23     24      1
    24     23      1
    25     10      1
    26     13      1
    26     29      1
    26     34      1
    27      2      1
    28      7      1
    29     26      1
    29     38      1
    30      4      1
    30     40      1
    31      0      1
    32      3      1
    33     14      1
    33     36      1
    33     43      1
    34     26      1
    35     12      1
    36     33      1
    37      7      1
    38     29      1
    39      7      1
    40     30      1
    40     49      1
    41      5      1
    42     18      1
    43     33      1
    44      0      1
    45      5      1
    46      4      1
    47      7      1
    48     20      1
    49     40      1
