COORD_X_Y 65
  2.62335   2.72919
  2.74926   2.51351
 0.227142   2.32829
 0.464313   2.59739
  1.65837  0.215709
 0.501658   2.38499
  2.55112   2.93219
  2.66345  0.545598
  1.35765  0.490403
  0.49214  0.669011
  1.49196  0.146089
  1.93691   1.25795
 0.793176   1.55032
  1.60055   1.67031
 0.293168   1.57283
  1.58249   2.24343
  2.39321   2.04706
  2.73775  0.604637
 0.713376   2.18598
   2.4942   2.24557
  1.91759   2.58221
   1.7312  0.669815
  2.85503   2.98099
  1.36107   2.37767
  2.95826  0.639635
  1.14081   1.92572
 0.994998   2.50447
 0.555626  0.776576
 0.545934  0.991356
  1.61131   1.30151
  2.90381   2.90387
  1.50692   2.01916
  2.70627  0.161187
  2.90307   1.70126
   2.1986   2.38726
  1.95577   2.22744
  1.52263   2.77884
  1.87996   0.60028
  2.36284   1.04865
 0.785686  0.334944
 0.726605   1.33904
  2.58303   2.52773
  2.24602   1.53586
  2.07884  0.703503
 0.982089    0.7354
  1.56269   2.64583
  2.83983    2.7953
  1.76229  0.117472
  2.62638   2.11857
 0.496804   2.99104
   1.5613   1.94462
   1.2902  0.241603
  2.13047   1.13434
 0.312683  0.618704
  0.47465   1.77802
 0.544256   1.72584
  1.35201   1.38005
  2.49072  0.591637
  2.89799  0.692166
  1.18439  0.460472
  1.91077   1.00803
 0.374977   1.37597
  2.04074   1.08657
  2.04949  0.755632
  1.65683    1.2503
LINKS_SOURCE_DESTINATION_DISTANCE 128
     0      1      1
     0     29      1
     0     50      1
     1      0      1
     1      2      1
     1      3      1
     1     11      1
     2      1      1
     2      6      1
     2      9      1
     2     30      1
     3      1      1
     3      4      1
     3      5      1
     3      8      1
     3     15      1
     4      3      1
     4     23      1
     5      3      1
     5      7      1
     5     26      1
     5     47      1
     5     62      1
     6      2      1
     6     10      1
     6     14      1
     6     18      1
     7      5      1
     7     16      1
     7     56      1
     8      3      1
     8     13      1
     8     17      1
     8     24      1
     9      2      1
     9     19      1
    10      6      1
    11      1      1
    11     12      1
    11     21      1
    11     45      1
    11     61      1
    12     11      1
    12     42      1
    13      8      1
    13     20      1
    14      6      1
    14     41      1
    14     46      1
    15      3      1
    16      7      1
    16     43      1
    17      8      1
    17     34      1
    18      6      1
    18     25      1
    18     33      1
    18     48      1
    19      9      1
    19     31      1
    19     44      1
    20     13      1
    21     11      1
    21     22      1
    21     36      1
    21     52      1
    22     21      1
    22     28      1
    22     39      1
    22     59      1
    23      4      1
    23     27      1
    24      8      1
    25     18      1
    26      5      1
    27     23      1
    28     22      1
    28     32      1
    28     38      1
    29      0      1
    30      2      1
    31     19      1
    31     40      1
    32     28      1
    32     35      1
    33     18      1
    33     37      1
    34     17      1
    35     32      1
    35     58      1
    36     21      1
    37     33      1
    37     51      1
    38     28      1
    39     22      1
    40     31      1
    40     49      1
    41     14      1
    42     12      1
    43     16      1
    43     55      1
    44     19      1
    44     54      1
    44     60      1
    45     11      1
    45     53      1
    46     14      1
    47      5      1
    47     63      1
    48     18      1
    48     64      1
    49     40      1
    50      0      1
    51     37      1
    51     57      1
    52     21      1
    53     45      1
    54     44      1
    55     43      1
    56      7      1
    57     51      1
    58     35      1
    59     22      1
    60     44      1
    61     11      1
    62      5      1
    63     47      1
    64     48      1
