COORD_X_Y 300
  2.30757   2.17822
 0.881925   1.50808
  1.87272   2.82495
  1.73969   2.09808
 0.320844   2.24452
  1.80781 0.0758721
  0.37208    1.4742
  1.97738   1.00312
  2.75074  0.648113
 0.769176   1.48884
 0.226251   1.22353
 0.891246   2.93213
 0.058275    1.9212
  1.81281   1.69417
  1.91558  0.325837
  2.10983    2.1779
   2.5103   1.49323
  1.98221   1.92136
  1.29585   2.17441
 0.466503   2.39919
  1.28318   2.39086
  1.31746   1.28087
 0.253398   2.12599
  1.93567   1.22379
  1.12991   1.72543
  2.69909   2.32058
  2.79169   2.18204
  1.60152   2.78297
 0.901616   1.98068
 0.258869  0.452113
  1.86827  0.875494
 0.881997   1.24989
  1.81631   2.12403
  1.62213   2.51034
   2.9396   1.67201
 0.273611   2.42581
  1.62881    1.3943
  2.66804   2.39995
  2.42452   1.34024
  2.37473   2.31842
  1.56546  0.706448
 0.887061  0.601403
  1.90917   2.36777
  1.72839   2.35801
  1.20006   1.24489
 0.598728  0.404409
  1.92028   0.32976
 0.334784   2.48606
0.0906345   1.08783
   2.4093  0.804351
 0.962649   2.50126
 0.965694   2.04824
 0.611583   1.03386
  2.93797  0.233555
  2.18292   2.15326
   2.2115   2.41795
  2.83183  0.279828
  2.19502  0.559596
   1.2563   1.84871
  1.92012   2.38775
  1.19008  0.742016
  2.85987   2.98629
 0.538887  0.560486
 0.778873   2.05252
  2.48421   2.85182
  1.41653  0.836899
  2.47227   1.89482
  2.58255  0.924101
  2.70417   1.90067
  1.64169   2.60683
  2.02652   2.93096
 0.145752  0.416089
 0.315828    1.3092
 0.679331   1.40518
   1.8317     1.544
  1.58257   1.18688
 0.134217  0.850786
 0.974515   2.95648
 0.624938   2.80642
 0.870924   2.40065
 0.490423  0.919108
 0.855946  0.321357
  1.62429    2.1019
  1.33346    2.4936
 0.376327  0.243579
    2.802  0.351874
0.0875037   2.19763
 0.380808  0.145181
  1.30813   2.04098
 0.388578   1.85172
   1.2277  0.219721
  1.24239   1.02883
   2.0577  0.969562
 0.472465   1.28663
  2.47973  0.518397
  1.08254   2.73177
 0.727866   1.55474
   2.1351   0.12931
 0.360081   2.92395
  2.06235   1.22119
  1.22518  0.979741
  1.51219   1.25761
  1.75063  0.852464
  2.43959  0.223841
  2.35699    1.2839
  1.18505  0.854885
 0.762238  0.147604
  2.73161   2.94463
  1.55955  0.654433
 0.190746 0.0636692
  2.68806  0.774553
  2.50037    2.2951
  1.77698   1.34945
 0.992202   1.50716
 0.983169   2.57903
  2.02356  0.671567
  1.44803   1.65486
 0.238046   1.58015
  1.63466 0.0537463
   2.3531   1.99239
  1.92784   1.09211
 0.546176  0.674482
  1.25404   1.24412
  1.77716   2.86071
 0.241689  0.863965
 0.234106   1.40584
  2.79883    1.0038
  1.80843  0.282013
 0.338035   1.65631
   2.9734   2.41356
   1.5843   2.50503
 0.573368  0.586652
 0.881321   2.29479
  1.89474  0.984197
  2.16021   2.84549
 0.984193   2.70491
  2.50163   2.20644
    1.692   2.70246
 0.277674  0.637762
  1.57324    1.6661
  0.67503   2.56999
  1.66152   0.26333
  1.54218  0.790373
 0.236331    1.8486
   1.8565   1.21299
 0.675036  0.824802
 0.122945   1.80375
  2.68698  0.150742
 0.430739   1.93178
  1.27491  0.913989
 0.303929  0.343466
  1.19964   1.27822
  1.24711   2.60464
  1.40666  0.874855
    1.892  0.225792
  2.14846   1.94099
0.0972619   2.67145
  2.06787   2.18927
   1.2898   2.91206
   1.7248   2.54558
   1.6815  0.894053
  1.57966   1.61777
 0.447514   1.05065
  2.22009   1.17517
 0.864409   0.68953
  1.43206   1.30408
  2.41153   1.21131
  1.40642  0.108232
  1.90712   2.17608
  1.77119   1.95845
  0.63741   2.81468
  1.00074   1.17486
  2.83646   1.79743
  1.74319   2.99038
  1.31765  0.291036
  1.95859  0.811997
  1.40155   1.35248
  2.78193  0.391454
 0.320026   0.27684
  2.19598  0.185914
  1.31609   1.30096
  1.08485   1.21399
  1.49303   2.12658
  1.90429   1.31732
  1.92666   2.47859
  1.98073  0.127918
  1.07618   2.62153
  2.85646   1.30459
 0.790781   0.23183
  1.89689   1.27814
  2.95084  0.841541
   2.3433  0.160982
  1.82867   1.97854
 0.509621   1.11016
 0.511216   1.85795
  1.53913   1.54023
  2.76809   1.20554
  1.21788   2.05489
   1.8884 0.0238588
0.0553005   2.50166
 0.824416  0.693375
  2.58666   1.91984
 0.535229   2.46555
  2.94033  0.404267
  2.77784  0.373392
 0.093493  0.164441
  1.32472    1.2136
  2.37314  0.263994
  1.19546   1.53159
 0.760908      2.88
  2.22922  0.370494
  2.35133   2.87796
  1.38457   2.12489
  1.67964   2.45996
  1.47763   0.38439
  2.38882   2.04833
  2.60575  0.366409
  2.03135    2.6628
 0.591955  0.430118
  2.80805 0.0724546
  1.55944  0.670687
 0.486674   1.24345
  2.80421   1.81508
 0.276223   1.77732
 0.443329   2.24863
 0.390136  0.735252
  2.94472  0.925376
  2.47345  0.945397
  1.19517  0.271975
  2.74673   2.64615
  2.14326   2.74398
  2.32464   2.30146
  2.66503   2.24265
 0.461527   1.03725
  2.14327   2.15902
  1.96046   2.64961
  2.72051  0.837483
 0.437014   2.01818
 0.944867   2.99976
  1.28345   2.03747
  1.85132   1.00364
  0.25802  0.719097
  2.00353 0.0180132
 0.982542   1.11962
  1.58922   1.17028
  2.44074  0.606508
 0.950619   1.65511
   1.9075  0.182548
   1.9727 0.0716618
  2.22709   2.63201
  1.66888  0.194598
  1.31765   1.35447
  2.27132  0.933102
  1.71322 0.0976766
  1.14588   1.89791
  1.44537   1.81219
  1.26664    1.6488
  2.67461   1.72434
  1.93084   2.99491
  2.23316   1.15537
  1.87414   2.21655
 0.628081   1.25119
  2.06702   0.82734
  2.22955   1.93047
 0.523385  0.989923
  1.86009   1.54149
   1.6332 0.0394247
  2.88578   0.37084
  1.28326  0.347271
 0.901615   1.68531
  1.74755   1.48102
  1.15218  0.473297
 0.990764   2.87356
 0.177482   2.64178
 0.951452   2.67704
    1.876   1.59716
  1.63527 0.0706027
 0.542886   1.50552
  2.26856  0.267543
 0.398033    1.0963
  2.20406   1.23965
  2.38491   2.19222
  2.56263   1.17359
 0.917144   2.59788
  2.71518    1.0893
  2.42439    2.5485
  2.58136   1.11368
  2.55688   1.36819
  1.17984   2.14248
  2.48926  0.901099
  2.20397   1.49051
  1.84544  0.673529
 0.756882   2.81868
  1.35765  0.874227
 0.183224   1.91839
 0.197889  0.501052
  1.89442   1.94247
  2.97824   1.43557
  2.91826   1.30333
0.0144752   2.32431
LINKS_SOURCE_DESTINATION_DISTANCE 598
     0      1      1
     0      9      1
     0     53      1
     0    121      1
     1      0      1
     1      2      1
     1      4      1
     1     23      1
     1     45      1
     1     70      1
     1    261      1
     2      1      1
     2      3      1
     2     21      1
     2    159      1
     2    166      1
     3      2      1
     3      5      1
     3      7      1
     3     11      1
     3     13      1
     3     34      1
     3     52      1
     3     89      1
     4      1      1
     4     12      1
     4     15      1
     4     19      1
     4     38      1
     4    234      1
     5      3      1
     5      6      1
     5     14      1
     5     20      1
     5     22      1
     5    299      1
     6      5      1
     6      8      1
     6     33      1
     6     40      1
     6    118      1
     6    295      1
     7      3      1
     7     10      1
     7     16      1
     7     17      1
     7     41      1
     8      6      1
     8     83      1
     8     90      1
     8    163      1
     9      0      1
     9     93      1
     9    119      1
    10      7      1
    10    148      1
    11      3      1
    11     18      1
    11     28      1
    11     29      1
    12      4      1
    12     32      1
    12     37      1
    12     87      1
    13      3      1
    13     31      1
    13    293      1
    14      5      1
    14     57      1
    14     99      1
    14    136      1
    14    252      1
    15      4      1
    15     54      1
    16      7      1
    16     24      1
    16    101      1
    17      7      1
    17     27      1
    17     44      1
    17    131      1
    18     11      1
    18     30      1
    18    126      1
    18    271      1
    19      4      1
    19     26      1
    19     50      1
    19     71      1
    20      5      1
    20     58      1
    21      2      1
    21    168      1
    22      5      1
    22     25      1
    22     36      1
    22     74      1
    22     75      1
    22    141      1
    22    237      1
    23      1      1
    23     35      1
    23     76      1
    23    247      1
    24     16      1
    24     63      1
    24     69      1
    24     98      1
    24    149      1
    24    151      1
    25     22      1
    25    116      1
    25    145      1
    26     19      1
    26     48      1
    26    228      1
    27     17      1
    27    109      1
    28     11      1
    28     64      1
    28     96      1
    28    128      1
    29     11      1
    29     94      1
    30     18      1
    30     43      1
    30     77      1
    30    288      1
    31     13      1
    32     12      1
    32     49      1
    32     68      1
    32    222      1
    32    256      1
    33      6      1
    34      3      1
    34     39      1
    34     47      1
    35     23      1
    36     22      1
    37     12      1
    37     46      1
    37    154      1
    37    206      1
    37    215      1
    38      4      1
    38     81      1
    38    170      1
    38    296      1
    39     34      1
    39     42      1
    39    177      1
    40      6      1
    40     56      1
    40    129      1
    40    132      1
    40    153      1
    40    156      1
    40    273      1
    41      7      1
    41    120      1
    41    185      1
    41    214      1
    41    230      1
    42     39      1
    42     60      1
    42     80      1
    42    191      1
    43     30      1
    43     84      1
    43    117      1
    43    138      1
    44     17      1
    44     67      1
    45      1      1
    45     66      1
    46     37      1
    46     62      1
    46    147      1
    47     34      1
    47    108      1
    47    142      1
    47    192      1
    48     26      1
    48    203      1
    49     32      1
    49     51      1
    49     55      1
    49     79      1
    49    249      1
    50     19      1
    50     59      1
    51     49      1
    51     86      1
    52      3      1
    52    171      1
    52    224      1
    52    284      1
    53      0      1
    53    105      1
    53    113      1
    53    114      1
    53    123      1
    54     15      1
    55     49      1
    55    107      1
    55    144      1
    55    243      1
    56     40      1
    56     61      1
    56     65      1
    56     72      1
    56    157      1
    56    158      1
    56    186      1
    57     14      1
    57    240      1
    57    266      1
    58     20      1
    59     50      1
    59    103      1
    60     42      1
    60    112      1
    61     56      1
    61     73      1
    61     92      1
    62     46      1
    62     82      1
    62    130      1
    63     24      1
    63    172      1
    63    285      1
    64     28      1
    64    279      1
    65     56      1
    65     88      1
    65    200      1
    66     45      1
    66    165      1
    67     44      1
    68     32      1
    68    111      1
    68    201      1
    68    264      1
    69     24      1
    69    236      1
    69    265      1
    70      1      1
    70     91      1
    70    104      1
    71     19      1
    71     78      1
    71    125      1
    71    155      1
    71    225      1
    72     56      1
    72    194      1
    73     61      1
    73    199      1
    74     22      1
    74    162      1
    75     22      1
    75    179      1
    76     23      1
    76     85      1
    76    134      1
    76    255      1
    77     30      1
    78     71      1
    79     49      1
    79    143      1
    80     42      1
    80     95      1
    80    223      1
    81     38      1
    81    146      1
    82     62      1
    83      8      1
    83    275      1
    84     43      1
    84    110      1
    85     76      1
    85    167      1
    86     51      1
    86    173      1
    87     12      1
    87     97      1
    87    100      1
    87    270      1
    88     65      1
    88    106      1
    89      3      1
    90      8      1
    90    298      1
    91     70      1
    92     61      1
    92    122      1
    92    257      1
    93      9      1
    93    238      1
    93    277      1
    94     29      1
    94    183      1
    95     80      1
    95    150      1
    95    231      1
    96     28      1
    96    102      1
    97     87      1
    97    178      1
    97    287      1
    98     24      1
    99     14      1
   100     87      1
   100    245      1
   101     16      1
   101    174      1
   102     96      1
   102    218      1
   102    226      1
   103     59      1
   103    176      1
   103    193      1
   103    259      1
   104     70      1
   104    196      1
   104    239      1
   104    253      1
   105     53      1
   105    115      1
   106     88      1
   106    211      1
   107     55      1
   107    139      1
   107    297      1
   108     47      1
   109     27      1
   109    135      1
   109    180      1
   110     84      1
   110    164      1
   110    221      1
   111     68      1
   112     60      1
   112    169      1
   113     53      1
   114     53      1
   114    133      1
   115    105      1
   116     25      1
   116    212      1
   117     43      1
   117    210      1
   118      6      1
   119      9      1
   119    160      1
   119    213      1
   119    220      1
   120     41      1
   120    140      1
   121      0      1
   121    241      1
   122     92      1
   122    124      1
   123     53      1
   123    127      1
   124    122      1
   125     71      1
   126     18      1
   127    123      1
   128     28      1
   129     40      1
   129    137      1
   130     62      1
   130    216      1
   131     17      1
   132     40      1
   133    114      1
   133    208      1
   134     76      1
   135    109      1
   135    175      1
   135    268      1
   136     14      1
   137    129      1
   137    152      1
   138     43      1
   139    107      1
   140    120      1
   141     22      1
   141    235      1
   141    282      1
   142     47      1
   142    232      1
   143     79      1
   143    197      1
   144     55      1
   144    182      1
   145     25      1
   146     81      1
   146    198      1
   147     46      1
   147    184      1
   147    188      1
   147    267      1
   148     10      1
   148    209      1
   149     24      1
   150     95      1
   150    207      1
   150    290      1
   151     24      1
   152    137      1
   152    161      1
   152    258      1
   153     40      1
   154     37      1
   154    181      1
   155     71      1
   156     40      1
   157     56      1
   157    262      1
   158     56      1
   158    189      1
   159      2      1
   159    229      1
   159    291      1
   160    119      1
   161    152      1
   161    276      1
   162     74      1
   163      8      1
   164    110      1
   164    190      1
   165     66      1
   165    187      1
   165    263      1
   165    281      1
   166      2      1
   166    233      1
   166    254      1
   167     85      1
   168     21      1
   169    112      1
   170     38      1
   171     52      1
   172     63      1
   172    246      1
   172    248      1
   173     86      1
   174    101      1
   175    135      1
   175    195      1
   176    103      1
   177     39      1
   177    244      1
   178     97      1
   179     75      1
   179    202      1
   180    109      1
   181    154      1
   182    144      1
   183     94      1
   183    292      1
   184    147      1
   185     41      1
   185    250      1
   186     56      1
   187    165      1
   187    269      1
   188    147      1
   188    272      1
   189    158      1
   190    164      1
   190    283      1
   191     42      1
   191    227      1
   192     47      1
   192    205      1
   193    103      1
   193    204      1
   193    219      1
   194     72      1
   195    175      1
   196    104      1
   197    143      1
   198    146      1
   198    217      1
   199     73      1
   200     65      1
   201     68      1
   202    179      1
   203     48      1
   203    294      1
   204    193      1
   205    192      1
   206     37      1
   207    150      1
   208    133      1
   209    148      1
   210    117      1
   211    106      1
   212    116      1
   213    119      1
   214     41      1
   215     37      1
   216    130      1
   217    198      1
   218    102      1
   219    193      1
   220    119      1
   221    110      1
   221    278      1
   221    286      1
   222     32      1
   223     80      1
   224     52      1
   225     71      1
   225    280      1
   226    102      1
   227    191      1
   228     26      1
   229    159      1
   230     41      1
   231     95      1
   232    142      1
   233    166      1
   234      4      1
   235    141      1
   236     69      1
   236    260      1
   237     22      1
   238     93      1
   238    242      1
   239    104      1
   240     57      1
   240    251      1
   241    121      1
   242    238      1
   243     55      1
   244    177      1
   245    100      1
   246    172      1
   247     23      1
   248    172      1
   249     49      1
   250    185      1
   251    240      1
   252     14      1
   253    104      1
   254    166      1
   255     76      1
   256     32      1
   257     92      1
   258    152      1
   258    274      1
   259    103      1
   260    236      1
   261      1      1
   262    157      1
   263    165      1
   264     68      1
   265     69      1
   266     57      1
   267    147      1
   268    135      1
   269    187      1
   270     87      1
   271     18      1
   272    188      1
   273     40      1
   274    258      1
   275     83      1
   276    161      1
   277     93      1
   278    221      1
   279     64      1
   280    225      1
   281    165      1
   281    289      1
   282    141      1
   283    190      1
   284     52      1
   285     63      1
   286    221      1
   287     97      1
   288     30      1
   289    281      1
   290    150      1
   291    159      1
   292    183      1
   293     13      1
   294    203      1
   295      6      1
   296     38      1
   297    107      1
   298     90      1
   299      5      1
