COORD_X_Y 800
   2.2718   2.68227
  2.52836   2.69992
  1.66239  0.876034
  0.74552   1.57829
  2.67174   1.74712
 0.330385  0.395075
   2.1725    1.9341
  1.96746   2.27412
  2.57444 0.0332629
 0.872523   2.47599
  1.34477   1.76079
  1.28841   2.50361
  2.07678  0.339932
  1.31728  0.309903
 0.137861   1.41434
  2.29165   2.34459
  2.64486   1.96888
  1.11103 0.0522978
   1.7969  0.546102
  2.15218   2.04545
  2.30045   1.63612
 0.120392   2.10752
  2.19003  0.363576
  1.21032  0.347766
  1.08601  0.372566
 0.761516  0.652853
 0.237956   0.64372
  1.24867   2.61909
  2.07456   2.16686
  1.20123    2.4532
  2.79624   2.87294
  1.52494   1.86174
  2.53735     0.808
  2.65917   2.85728
  1.65981  0.287263
 0.190172    1.4576
  1.16156   2.45968
  2.89884   2.75406
  2.72966   2.70164
   1.8477  0.865556
  2.79769  0.683919
  1.13441  0.353994
   2.0422   1.70269
  2.54761    1.4971
 0.784762   1.07197
 0.869663   1.37868
 0.453028   1.85392
   2.6437   2.68579
 0.393035   2.89826
   2.9109   2.32166
  2.89351   2.18547
  2.18465    2.1503
 0.639355   2.65302
   1.0483   1.10834
  1.11202  0.802058
  2.68174   2.19712
  1.85755   1.60222
  2.34764   2.72155
  1.94824   1.68227
   1.5896   2.10231
  2.05484   1.73797
  2.78703   2.60446
 0.808577   1.65478
 0.894363    2.5651
 0.947289  0.520361
  1.09121   2.53608
  0.14894   1.17234
  1.05093    1.9675
0.0299703    2.2089
  2.55178   1.71605
 0.219886  0.850678
  1.22273   2.86616
   1.5831   1.46495
 0.628435  0.713761
  1.21939   2.51592
  2.16075   2.37608
  0.18888   1.00771
  2.39835  0.101015
0.0945883  0.732487
 0.367472   0.48734
  1.98517  0.624889
 0.953322   0.39098
  1.22475  0.443028
  1.39031   2.57621
   2.4041  0.319847
  2.30768   1.42069
 0.372556   2.71959
  1.75182  0.690604
 0.159222  0.350592
 0.654143  0.285256
  1.64847   2.26439
 0.547394   2.61796
  2.42452   1.75394
 0.358673   2.13447
   1.3278   1.47126
0.0609967  0.816607
  1.47735   2.33276
  2.90877   2.01039
   1.3463   1.59602
 0.115372  0.845187
  0.15179  0.272093
  2.77375   1.24169
 0.260632   1.18117
  1.87481   2.54185
 0.164975  0.483659
  1.49263   1.63099
  1.76882   1.73263
  2.44098   2.42409
  2.17694  0.103233
 0.102745   1.05224
  2.05787   2.68501
 0.231184   2.28485
 0.101463    1.4699
 0.262552   2.43302
  1.32789  0.915569
  1.74347   1.36164
 0.035833    2.8711
   2.8098   2.50195
  1.15675  0.800352
  2.41381   2.78409
   1.8537   2.10937
  1.35488  0.147628
 0.708043   1.45164
  2.40285  0.371914
 0.278153  0.577263
  1.16635   2.95562
 0.266178   1.71103
  1.84117  0.195267
 0.749109   1.81112
  1.84703   2.78677
  2.02195 0.00657727
  1.05169  0.863486
   1.6215   2.41779
  1.51997   2.11095
  2.12938   1.46614
  2.31709   1.66542
 0.966037   2.17019
   2.4353   1.36813
 0.195367   1.88205
 0.753201  0.576901
  2.18628   2.16256
 0.368103  0.492394
0.0954796   2.46803
 0.619933   1.47877
 0.609998  0.399034
 0.605917   2.50254
  1.14188   2.04834
  1.13012   2.26978
  1.61993 0.0226497
  2.70584   2.48552
  1.47357  0.213893
  2.08701  0.679477
  1.34162    1.7423
 0.845677  0.748822
  1.62943   1.88263
  2.42241   2.07595
  1.58475 0.0303782
  2.61364 0.0919177
  2.46946   1.18072
  1.99847   1.25348
  1.93871   2.28763
 0.240623   1.77194
  1.83361    2.6296
  1.80698  0.298361
  2.80415   2.68233
  1.84464   1.50501
  2.08006   1.87056
 0.545931   2.41862
  0.11982   2.26903
 0.742698  0.230496
  1.69554  0.832332
  2.56565   1.89426
  2.45943   1.78759
 0.350835   2.61817
 0.978324   2.50942
  0.61277 0.00889602
  1.63428 0.0930333
   1.3189  0.953292
 0.183626  0.516966
  2.91632  0.119069
 0.987815   0.67982
  2.19925   2.76954
  2.78672  0.701826
 0.206995   2.13208
  1.98865  0.218258
  1.54864   2.32199
  2.95718   2.48154
  1.25018   2.24924
  2.50726   1.57664
 0.227049   2.88408
 0.625143  0.413252
  1.29663   1.67342
 0.770439  0.592822
0.0632252   1.05134
  1.75376  0.893894
  2.13349  0.241932
   2.0722   1.34726
  1.16476  0.313012
 0.817252   2.62204
  2.27159   2.39916
  2.18713   2.36111
 0.906788   1.27076
  2.94534  0.664485
  1.30779   1.71958
 0.724992   2.67923
 0.298189   2.67966
  2.71851  0.229321
  1.59715   1.03213
 0.620459 0.0346412
   1.8057  0.187794
  2.47005  0.829869
   1.7587   1.15782
   2.6163  0.373441
  2.82929 0.0299244
  1.35479    2.5379
 0.887724  0.736231
  2.96328   2.03543
  1.07627   2.52003
   1.0755  0.324156
 0.899346   1.31789
 0.319026   2.43013
 0.744428   1.69612
 0.719296 0.0511682
  2.80406    1.1152
  2.55827  0.536331
  2.37386   2.18086
  1.40625  0.283563
  2.98699   0.82124
 0.292785  0.454341
 0.711417  0.136435
  2.38449   1.03773
    2.975   1.95589
  2.30357  0.167817
  1.54858   2.12679
   1.8537   2.26043
  1.01181   2.14671
  2.33304   2.34181
  1.75152   1.47517
  1.66584  0.324552
  1.66584  0.174121
  2.77267  0.646842
  1.69062   1.27609
  2.18399   2.38501
   1.6182   1.50039
 0.132777   1.99569
  1.32044 0.0202972
  1.98377   2.62713
 0.625297  0.619025
  2.14319   1.71922
   2.0395   2.37812
  1.53184  0.419288
  2.29485   2.10127
 0.761878   1.31192
  2.56783 0.0686016
 0.677068   0.20121
 0.496982   2.70033
0.0861021   1.47398
  2.41487   2.34909
  1.61523   2.09674
  2.68806  0.337705
  1.29498   1.53226
 0.981845   2.41441
  2.29659   2.96128
  1.43585  0.433744
  2.08117   2.64756
  2.75982   2.44276
  2.76503   1.28512
  2.73751   2.90303
 0.272452  0.895298
  1.03615   2.91321
  2.92532   2.12632
 0.536103   1.88312
  2.46778  0.113319
  1.52733   0.60264
0.0955745  0.745452
  1.51059   2.86558
  1.08378   1.03733
  2.07058  0.452669
 0.825036   2.35707
  1.13904   1.97841
  1.77087   1.83442
 0.647807   1.59056
  1.32482   1.57647
 0.984494   2.61844
  1.20293    2.1882
  1.60633   2.26941
  1.21985    1.7925
 0.866664   1.96572
  2.86265   2.93573
  2.23721   1.25383
  1.86229  0.397435
 0.272354   2.91506
  1.67166   1.74879
  1.74412   1.70935
 0.644667  0.322875
  1.27276   1.14886
  2.08874   2.64586
  1.61088   2.88797
     2.73   2.31996
  1.30129   2.47763
  1.33828   2.25093
  2.24461   2.04638
  2.46213   1.40061
  2.65785   1.87029
  0.63407   1.07254
  2.41584   2.71812
  2.24592   2.14819
   2.2731   2.52016
  1.85225   1.69378
  2.73137   2.98614
  1.10941   2.92838
  1.93623  0.513853
 0.314819   2.81525
   2.5469  0.876501
  0.57145   1.34003
 0.650519   2.45593
 0.631278   1.59962
  2.88987   2.55614
  1.97252   2.76654
 0.283194  0.479039
  2.86678   2.32867
 0.827652   1.20651
 0.229868  0.243653
  2.40673   1.38315
  1.84929  0.400654
  2.56854   2.73843
  2.44132    2.4498
  2.78537  0.322527
  1.22312   2.06584
 0.856376   2.44988
 0.818883  0.966632
  1.39311   1.26362
  1.33256   1.98156
 0.621069   2.44216
  1.22497  0.786902
   0.8208   2.66248
  1.76063 0.0947012
  1.00066   1.70325
 0.238111 0.0451567
  1.01967  0.873627
  1.97305   0.25333
  2.57518  0.656504
  1.58745   1.81048
  2.55284  0.452175
  2.20128   2.93047
  1.09146   2.02149
 0.303605   2.96079
  2.37542  0.675499
 0.689603   1.94258
 0.624318   2.06493
0.0424918   1.62002
 0.348373   2.90879
 0.619069    1.7516
  2.47299   1.04009
  2.83973 0.0998617
   2.8353  0.563611
  1.70419   1.78968
  1.10528   1.54028
  2.73002  0.743097
  2.23249   2.62805
  2.49115   2.56208
 0.152726   0.74073
  0.60305    1.2076
  1.61595   1.96325
 0.277401   2.64865
  1.60754   2.53045
  1.34922  0.415957
  1.92543   1.43326
  1.42365  0.380726
 0.597514   2.56883
  2.96205   2.63891
  2.54764   1.89814
  1.35508  0.207715
  2.73571   1.30019
  1.01171   1.66664
  2.76015  0.353729
  1.09524   1.76017
 0.855911  0.893323
  2.10543   2.39596
 0.134389  0.478097
  0.84089    2.4521
 0.423976   1.66154
  2.46843   2.37283
 0.428079   2.41237
  1.46101   2.21608
 0.501544   0.13488
  1.64164   1.26003
  2.82494    1.2655
  2.42394   1.24243
  1.46988    2.2836
  1.23215   2.16688
  1.38298   2.18355
   1.7518  0.160907
  0.50904   1.86031
  1.82663   1.92671
 0.858467  0.317395
   1.9098   0.13032
 0.463802   1.31799
  2.07034  0.356181
0.0641199   2.29731
 0.939368 0.0692571
    0.754   2.59909
  2.04991  0.232191
    1.718   0.19078
  1.10942 0.00748912
  2.73502   1.26917
 0.810345  0.258681
 0.165084   1.69038
0.0141997   1.55286
  1.68921   1.34883
 0.677743   1.64749
   1.1306 0.0235511
  0.15937   1.81324
  1.35652   2.69975
 0.707758 0.0413279
  1.51442   2.97729
  2.49135   2.29682
 0.682104   2.91967
 0.226658  0.755592
  2.40542   2.59728
  2.81018  0.459183
  1.49292   2.33356
  2.11736   1.07352
   1.1066    1.1604
  0.58097    1.7785
  1.10286   2.62292
  1.26533   2.68678
  1.15766   1.23554
  1.69457   1.13454
  1.85366   2.38817
    1.843   2.60281
   2.5125  0.547548
  2.22042   1.35655
  2.02422  0.652796
  1.35798    0.9603
 0.623626   0.48348
  1.89057   2.50568
  1.08613   1.71526
  1.35554  0.878724
0.0812709   2.96152
  1.75232  0.624973
  2.29754 0.0660939
  2.61734   0.17116
  1.22224   1.55916
  2.27266   1.85704
 0.958698   2.28791
  2.89037  0.182285
 0.592909   2.27333
 0.461874   2.12178
  2.17607  0.414932
 0.214264 0.0343838
  1.24073  0.549314
 0.658391   2.87218
 0.978661  0.931328
 0.326733   2.84067
  2.25742   1.26487
0.0123036    1.4787
 0.574521  0.981794
  1.47973  0.225288
 0.609724   1.23385
  2.18096    2.8852
  2.26613   2.02865
  1.93015    1.5125
 0.983314   1.90686
 0.164027     1.184
   2.2792   2.52733
  1.18197  0.479383
  2.52722 0.0598064
  2.81927    2.8678
 0.761542  0.678263
  2.76576   1.87925
 0.968143    2.7447
 0.171668   2.87072
 0.094483   1.20979
  2.15067   1.06814
  1.40241   2.38607
0.0729593  0.307078
  0.15032  0.526189
  2.17611   1.66516
 0.191548   1.27642
  1.33855   2.81408
 0.545184   1.70949
  2.71304  0.373742
  0.90558   1.33712
  1.01368   2.81304
  2.62954 0.0800889
 0.744671    1.9499
  2.15511  0.299436
  1.37345   1.92671
 0.137384   1.61449
  1.41383   1.96587
  2.74804  0.297947
 0.947195   1.92573
 0.450218   2.38238
  1.75107   2.13111
   2.5586  0.399857
 0.544061   2.85068
  1.96276   1.53187
   1.4534  0.695993
  2.80073   2.96317
 0.104927  0.324663
  1.89472   2.75003
  2.03933   1.55198
  2.31169  0.529973
   1.2784    1.5372
 0.845831   1.61775
   2.5668  0.500682
 0.307682  0.115461
  2.35276  0.967755
  1.14717  0.893278
 0.598933   1.78442
   2.3971   1.76637
  1.69505   1.91667
  0.37263  0.840119
  1.84816  0.306967
  2.80466   1.56845
  2.86255    1.4049
  2.25399  0.196219
 0.743438   2.76355
  2.29504   1.81604
  1.83349   1.53098
 0.267129   1.14555
   1.7119   1.27113
  2.87495   2.67397
  1.37578  0.747217
  2.37704    2.4827
  1.92408   2.26102
  2.77617  0.209206
  1.80978   2.81578
 0.111276  0.192196
  1.41384  0.339724
   2.3029  0.026285
  2.09256   2.30846
 0.716939   1.59009
  2.03742   1.86013
  2.92817  0.423247
  1.80952   2.81486
  0.20035   2.74397
  1.47038  0.902982
 0.097385   1.45197
  1.70277   1.65955
  2.55159   2.06072
 0.100743    2.4026
 0.990194   0.76687
0.0648683   2.72051
  1.58879  0.879412
  1.54817  0.832451
  1.71166    1.8355
0.0448501   2.83414
  2.74468   2.18545
  1.81572  0.874343
   1.4139   2.60563
  2.22294  0.743983
 0.790611    1.8709
  2.40579   1.98433
  1.98777   1.53188
 0.314877   2.62906
  1.26089   2.90499
 0.402569  0.882524
  2.42054   2.29523
 0.814287  0.455216
  2.66261   2.94368
  1.02946   1.18585
  2.74784 0.0498544
0.0837551   1.12228
  2.49344  0.421253
 0.806592   1.71247
 0.791929   2.87062
  2.04691   2.21112
 0.651951  0.777921
   1.0828   0.69865
   1.6815   2.89336
  2.42742    2.1099
   1.0429   1.81686
  2.83493   2.07663
  1.53704   1.23308
  2.27309   2.29347
 0.598986  0.606452
0.0351656  0.512436
0.0536058   1.48192
  1.42144   1.40189
  2.12298   2.31384
  1.74809  0.584768
  1.33772   1.86907
 0.262036   1.53585
  2.23394   2.54281
   2.4474   1.98578
  1.46105   2.98204
  2.05953   1.34683
  1.60267   2.14041
0.0511516  0.635882
  1.54302  0.999686
 0.667504   1.66608
 0.677834  0.170559
  1.26414   2.62624
 0.624038  0.607679
 0.992202   2.86607
 0.615192  0.945634
  1.73166 0.0552191
  1.08647   1.07974
  1.59044   2.65542
  1.95472   2.39351
 0.982319  0.944051
  1.62803   0.28992
 0.506244  0.215107
 0.162465  0.787779
  1.74226    2.1688
 0.897904    2.5827
 0.994369   1.75662
  2.06411   1.16795
  1.16987   2.65279
 0.663729  0.418137
   2.0987   2.29141
  1.79399   2.15529
  2.92219  0.364971
  2.57264   1.30843
 0.185805  0.516092
  0.21517   2.29635
 0.796038   2.18295
 0.891848   2.62974
 0.234329   1.25171
0.000336011  0.564557
 0.731081   2.74261
 0.877204   2.87072
  2.11609   2.31293
  1.07085   2.71631
  1.55841   1.32666
  2.50034  0.440806
  1.87755   1.76299
   2.0995    1.8004
  1.25707    2.1343
  2.59406   1.19729
  1.39184   2.04142
 0.119488   2.32958
  2.65698  0.128163
  2.61264   1.89199
  2.26148  0.368065
 0.982522   0.19157
 0.711486   1.37387
  1.33089    2.0157
0.0813662  0.185417
  2.81484   1.87876
  1.17123   1.62915
  2.57589   2.27405
  1.17612   1.19835
 0.810587   2.39823
  2.71579   2.82762
  1.34326   2.76942
 0.900442  0.625478
  0.46983   2.18711
 0.511152  0.424935
 0.337391   2.92441
   2.3411   2.67215
 0.512687   1.67377
 0.842487   2.27517
  2.34471   2.61037
  1.99942   1.96044
  2.74008   1.11031
   1.9638  0.338272
  2.23424    1.8147
 0.385444   1.72703
  0.55723   1.12661
  1.90218   1.58546
  2.44637   1.49205
 0.431676  0.915038
 0.600027   2.42299
 0.560601  0.865012
  2.02394   2.37018
  1.16656   1.30751
  1.49801  0.123503
  1.83591   1.64709
  2.90479  0.728064
 0.591617   2.50823
  2.66845   2.75547
  1.69247 0.0238913
 0.300189   2.12579
  1.49128  0.190531
  2.86744  0.389481
    1.023   0.98562
   2.1757  0.264265
  1.35679   2.95896
   2.7037   2.25429
  2.33491  0.112588
  1.67225   1.10185
  2.67169   1.15282
  2.60641  0.242471
  2.57887   1.55721
  2.94177   2.52189
  1.59396    1.3238
 0.195289  0.693844
  2.85628    2.1653
  2.04482   1.69207
 0.559528   1.25563
 0.387193   1.79535
   1.7262   1.72064
  1.17403  0.966531
 0.723384   1.06566
  1.86843  0.448875
  1.56593   2.25324
  0.88133  0.327258
   2.7902  0.606799
    1.081   2.14345
 0.754708  0.475162
 0.106619   2.69673
  2.73202   1.74868
  1.52189  0.325156
  2.81173   2.69857
   2.5237  0.133918
  2.60872   2.49129
 0.142868   0.49691
  1.49884   1.82631
  1.41377  0.435461
 0.285426   2.74624
  1.38169   2.89514
  0.64979   2.88648
  0.61954    2.4874
 0.761116  0.917981
 0.613439   1.80156
 0.386964   2.71774
  1.15091   1.94652
  2.33734  0.243652
  2.76415   2.91244
   2.7325  0.587436
  1.81932    2.5803
  2.05352   2.48442
  2.91317  0.779241
  1.91385  0.100864
 0.650175    1.5011
  1.74014   1.70654
  2.88354   1.91823
   2.4179   2.96808
   1.5805  0.817662
  2.04666   1.30099
  2.58806   2.25997
  2.57721  0.566683
  2.40821  0.214892
  1.81254   2.65264
  2.54041   1.31213
0.0765432  0.195534
  1.82859  0.291069
  2.31528   2.83508
 0.672285   2.40526
  2.45587  0.476873
  2.03973 0.0124381
 0.613193   1.54836
  1.23595  0.111909
 0.140704  0.969542
  2.32064   2.84454
 0.852668  0.539261
  2.77466   1.77444
 0.916465   2.09463
  1.94308   1.80847
  1.77214   2.70987
  1.21733    2.3206
 0.129226  0.327327
  0.55075   2.08578
  1.85149   2.92837
 0.569565   2.85669
 0.954133  0.442225
0.0583773   0.45349
  1.60753   1.83862
 0.985147    2.1829
  1.44935   1.56424
 0.682091   0.40352
  2.27506   1.15973
  2.03471   1.33066
  0.96773   2.88606
0.0235809   2.85663
  2.50291   1.45597
  2.85446   1.60243
  1.14909  0.303916
 0.816689   2.36476
  2.03933   1.93638
   2.5409   1.06287
  2.03993   1.53474
 0.288475   2.69462
  2.08662  0.279442
  2.78946   2.24489
  2.04854   0.76974
  1.25624   1.95698
  0.65899  0.369603
  2.16041  0.708527
 0.381407  0.263843
  1.63464   1.46127
 0.109057   2.66233
  2.62258   2.83708
  1.45602  0.536352
  0.74132   1.00783
   1.3867    1.6002
 0.809914  0.747444
 0.551998    2.8612
  0.96975  0.907887
  1.06318   1.97733
  2.47743   1.35688
  1.42122   2.64572
  1.38657  0.562852
  2.03099  0.320379
  1.47179   1.03223
0.0791105  0.210419
   2.2159   2.12767
LINKS_SOURCE_DESTINATION_DISTANCE 1598
     0      1      1
     0      3      1
     0      4      1
     0     10      1
     0    151      1
     0    775      1
     1      0      1
     1      2      1
     1     11      1
     1     16      1
     1     20      1
     1     45      1
     1     93      1
     1    101      1
     1    175      1
     1    357      1
     1    518      1
     1    726      1
     2      1      1
     2      5      1
     2     41      1
     2     53      1
     2    118      1
     2    204      1
     3      0      1
     3      6      1
     3     14      1
     3     15      1
     3     51      1
     3     60      1
     3    163      1
     4      0      1
     4     23      1
     4     92      1
     4    541      1
     4    589      1
     5      2      1
     5      7      1
     5     13      1
     5     29      1
     5     66      1
     5     70      1
     5    183      1
     5    395      1
     6      3      1
     6      8      1
     6    165      1
     6    210      1
     7      5      1
     7     21      1
     7     63      1
     7     65      1
     8      6      1
     8      9      1
     8     85      1
     8    134      1
     8    228      1
     9      8      1
     9     22      1
     9     39      1
     9     46      1
     9    233      1
    10      0      1
    10     81      1
    10    740      1
    11      1      1
    11     12      1
    11     30      1
    11     91      1
    11    658      1
    12     11      1
    12     18      1
    12     27      1
    12     28      1
    12     35      1
    12     59      1
    12    381      1
    13      5      1
    13     67      1
    13    125      1
    13    185      1
    13    265      1
    13    313      1
    14      3      1
    14    164      1
    14    362      1
    14    760      1
    15      3      1
    15     19      1
    15     24      1
    15     62      1
    15     72      1
    15    206      1
    15    616      1
    16      1      1
    16     17      1
    17     16      1
    17     25      1
    17     31      1
    17    377      1
    17    513      1
    18     12      1
    18     74      1
    18     84      1
    18     95      1
    19     15      1
    19    296      1
    19    366      1
    20      1      1
    20     87      1
    20    191      1
    20    441      1
    21      7      1
    21     26      1
    21     49      1
    21     55      1
    21    144      1
    21    283      1
    22      9      1
    22     40      1
    22     71      1
    22    113      1
    22    150      1
    22    162      1
    22    172      1
    22    736      1
    22    766      1
    23      4      1
    23     43      1
    23     79      1
    23    285      1
    24     15      1
    25     17      1
    25     90      1
    25    276      1
    26     21      1
    27     12      1
    27     36      1
    27     42      1
    27     54      1
    28     12      1
    28    112      1
    28    120      1
    29      5      1
    29     32      1
    29     34      1
    29     56      1
    29    168      1
    29    188      1
    29    214      1
    29    548      1
    30     11      1
    31     17      1
    31     69      1
    32     29      1
    32     33      1
    32    270      1
    32    353      1
    32    772      1
    33     32      1
    33     37      1
    33     50      1
    33    717      1
    34     29      1
    34    249      1
    34    394      1
    34    749      1
    35     12      1
    35     38      1
    35    103      1
    35    108      1
    35    127      1
    36     27      1
    36     52      1
    36     76      1
    37     33      1
    37    190      1
    38     35      1
    38    256      1
    38    337      1
    39      9      1
    39     57      1
    39     68      1
    39    223      1
    39    281      1
    39    722      1
    40     22      1
    40     44      1
    41      2      1
    41    126      1
    42     27      1
    42     58      1
    42    684      1
    43     23      1
    43     47      1
    43    147      1
    44     40      1
    44     48      1
    44    184      1
    44    347      1
    44    530      1
    45      1      1
    45    220      1
    46      9      1
    46    130      1
    47     43      1
    47    124      1
    47    187      1
    47    481      1
    47    484      1
    47    500      1
    48     44      1
    48    338      1
    48    369      1
    48    447      1
    49     21      1
    49    111      1
    50     33      1
    50     89      1
    50     99      1
    50    143      1
    50    333      1
    50    509      1
    51      3      1
    51    693      1
    52     36      1
    52    300      1
    53      2      1
    53    135      1
    53    139      1
    53    148      1
    53    482      1
    53    516      1
    53    665      1
    54     27      1
    54     61      1
    54    155      1
    54    189      1
    54    432      1
    55     21      1
    55    177      1
    55    235      1
    56     29      1
    56    544      1
    56    565      1
    57     39      1
    57    107      1
    57    133      1
    58     42      1
    58     64      1
    58     78      1
    58    259      1
    59     12      1
    59     73      1
    59    100      1
    59    102      1
    59    238      1
    59    326      1
    60      3      1
    60    733      1
    61     54      1
    61     80      1
    62     15      1
    62    121      1
    62    232      1
    63      7      1
    63    196      1
    63    454      1
    63    478      1
    64     58      1
    64     75      1
    64    792      1
    65      7      1
    65     97      1
    65    141      1
    66      5      1
    66     82      1
    66    360      1
    66    514      1
    66    674      1
    67     13      1
    67    153      1
    67    418      1
    67    729      1
    67    770      1
    68     39      1
    68    652      1
    69     31      1
    69    745      1
    70      5      1
    70    145      1
    70    149      1
    70    280      1
    71     22      1
    71    248      1
    71    307      1
    71    334      1
    71    779      1
    72     15      1
    72    208      1
    72    393      1
    72    656      1
    72    788      1
    73     59      1
    73     77      1
    73    115      1
    73    140      1
    73    312      1
    73    314      1
    73    328      1
    74     18      1
    74    119      1
    75     64      1
    75     94      1
    75    123      1
    75    387      1
    75    477      1
    76     36      1
    76     83      1
    76     86      1
    76    225      1
    76    278      1
    77     73      1
    77    116      1
    77    201      1
    77    647      1
    77    670      1
    78     58      1
    78    257      1
    78    400      1
    79     23      1
    79    286      1
    79    310      1
    79    778      1
    80     61      1
    80    114      1
    80    429      1
    80    567      1
    81     10      1
    81    622      1
    81    709      1
    82     66      1
    83     76      1
    83    109      1
    83    202      1
    83    274      1
    84     18      1
    84     98      1
    85      8      1
    85    502      1
    86     76      1
    86     88      1
    86    129      1
    86    170      1
    86    245      1
    86    604      1
    87     20      1
    87    597      1
    88     86      1
    88    128      1
    88    156      1
    88    231      1
    88    607      1
    89     50      1
    89    106      1
    89    322      1
    89    553      1
    89    581      1
    90     25      1
    90     96      1
    90    131      1
    90    351      1
    90    421      1
    91     11      1
    91    340      1
    92      4      1
    92    122      1
    93      1      1
    93    110      1
    93    169      1
    93    345      1
    94     75      1
    94    192      1
    94    268      1
    94    289      1
    94    332      1
    95     18      1
    95    104      1
    95    376      1
    95    434      1
    95    436      1
    95    605      1
    96     90      1
    96    146      1
    97     65      1
    97    271      1
    98     84      1
    98    132      1
    98    267      1
    98    302      1
    98    464      1
    99     50      1
    99    396      1
    99    450      1
   100     59      1
   100    105      1
   101      1      1
   101    317      1
   101    365      1
   101    794      1
   102     59      1
   102    137      1
   102    494      1
   103     35      1
   104     95      1
   105    100      1
   105    219      1
   105    246      1
   105    472      1
   105    585      1
   105    659      1
   106     89      1
   106    157      1
   106    282      1
   106    327      1
   106    375      1
   106    559      1
   106    703      1
   107     57      1
   107    290      1
   107    344      1
   107    414      1
   108     35      1
   108    499      1
   109     83      1
   109    323      1
   109    650      1
   110     93      1
   111     49      1
   111    136      1
   111    182      1
   111    243      1
   112     28      1
   112    117      1
   112    194      1
   112    443      1
   113     22      1
   113    255      1
   114     80      1
   114    611      1
   114    752      1
   115     73      1
   115    142      1
   115    218      1
   115    222      1
   115    363      1
   115    463      1
   116     77      1
   116    372      1
   116    522      1
   117    112      1
   117    321      1
   117    386      1
   118      2      1
   118    179      1
   118    181      1
   119     74      1
   119    535      1
   120     28      1
   120    629      1
   121     62      1
   121    419      1
   122     92      1
   123     75      1
   123    160      1
   123    173      1
   124     47      1
   125     13      1
   126     41      1
   126    371      1
   127     35      1
   128     88      1
   128    301      1
   129     86      1
   129    449      1
   129    560      1
   129    671      1
   130     46      1
   130    166      1
   130    230      1
   131     90      1
   131    180      1
   131    595      1
   132     98      1
   132    138      1
   132    570      1
   133     57      1
   134      8      1
   134    152      1
   135     53      1
   135    234      1
   135    728      1
   136    111      1
   136    251      1
   136    503      1
   137    102      1
   137    279      1
   137    401      1
   137    545      1
   138    132      1
   138    159      1
   138    229      1
   138    379      1
   139     53      1
   139    205      1
   139    224      1
   139    264      1
   139    368      1
   140     73      1
   140    601      1
   141     65      1
   141    431      1
   142    115      1
   142    367      1
   142    391      1
   142    497      1
   143     50      1
   143    361      1
   144     21      1
   144    305      1
   144    453      1
   144    635      1
   145     70      1
   145    161      1
   145    176      1
   145    435      1
   146     96      1
   146    215      1
   146    240      1
   146    261      1
   146    442      1
   147     43      1
   147    154      1
   147    207      1
   147    505      1
   147    798      1
   148     53      1
   148    158      1
   148    645      1
   148    735      1
   149     70      1
   149    631      1
   150     22      1
   151      0      1
   152    134      1
   152    404      1
   153     67      1
   154    147      1
   154    171      1
   154    273      1
   154    549      1
   154    734      1
   155     54      1
   155    167      1
   156     88      1
   156    174      1
   156    203      1
   156    275      1
   156    389      1
   156    416      1
   157    106      1
   158    148      1
   159    138      1
   160    123      1
   160    445      1
   161    145      1
   162     22      1
   162    584      1
   163      3      1
   163    448      1
   163    586      1
   164     14      1
   165      6      1
   165    193      1
   165    197      1
   165    217      1
   165    226      1
   166    130      1
   166    262      1
   166    427      1
   166    564      1
   167    155      1
   167    269      1
   167    621      1
   168     29      1
   168    198      1
   168    212      1
   168    461      1
   169     93      1
   169    227      1
   169    536      1
   170     86      1
   170    178      1
   170    236      1
   170    370      1
   170    761      1
   171    154      1
   171    316      1
   171    708      1
   171    731      1
   172     22      1
   172    598      1
   173    123      1
   173    213      1
   173    587      1
   174    156      1
   174    299      1
   175      1      1
   176    145      1
   176    195      1
   177     55      1
   177    649      1
   178    170      1
   178    630      1
   178    747      1
   179    118      1
   179    237      1
   179    504      1
   180    131      1
   180    382      1
   181    118      1
   181    550      1
   181    786      1
   182    111      1
   182    216      1
   182    459      1
   183      5      1
   183    398      1
   183    491      1
   184     44      1
   184    199      1
   184    439      1
   185     13      1
   185    186      1
   185    413      1
   186    185      1
   186    239      1
   187     47      1
   187    438      1
   188     29      1
   188    241      1
   188    420      1
   188    617      1
   189     54      1
   189    324      1
   189    390      1
   190     37      1
   191     20      1
   191    247      1
   192     94      1
   193    165      1
   194    112      1
   194    320      1
   194    354      1
   195    176      1
   195    200      1
   196     63      1
   196    520      1
   197    165      1
   197    606      1
   198    168      1
   198    298      1
   198    487      1
   198    511      1
   199    184      1
   200    195      1
   200    304      1
   200    407      1
   201     77      1
   201    303      1
   202     83      1
   202    378      1
   202    593      1
   203    156      1
   203    211      1
   203    250      1
   203    349      1
   203    496      1
   203    592      1
   204      2      1
   205    139      1
   205    209      1
   206     15      1
   206    293      1
   206    331      1
   207    147      1
   208     72      1
   208    576      1
   209    205      1
   209    572      1
   210      6      1
   210    288      1
   210    523      1
   211    203      1
   211    258      1
   211    446      1
   212    168      1
   212    660      1
   213    173      1
   213    221      1
   213    764      1
   214     29      1
   215    146      1
   215    244      1
   215    346      1
   216    182      1
   217    165      1
   217    260      1
   218    115      1
   218    455      1
   218    554      1
   219    105      1
   219    253      1
   219    308      1
   219    430      1
   220     45      1
   221    213      1
   221    437      1
   221    783      1
   222    115      1
   222    309      1
   223     39      1
   224    139      1
   224    689      1
   225     76      1
   225    485      1
   226    165      1
   226    451      1
   227    169      1
   228      8      1
   229    138      1
   230    130      1
   230    364      1
   230    402      1
   230    466      1
   230    583      1
   231     88      1
   232     62      1
   233      9      1
   233    263      1
   234    135      1
   234    242      1
   234    252      1
   234    319      1
   234    423      1
   235     55      1
   236    170      1
   236    329      1
   236    490      1
   236    680      1
   237    179      1
   237    292      1
   237    483      1
   238     59      1
   239    186      1
   239    325      1
   239    562      1
   240    146      1
   241    188      1
   242    234      1
   242    358      1
   242    525      1
   243    111      1
   243    306      1
   243    341      1
   243    467      1
   243    526      1
   243    623      1
   244    215      1
   244    272      1
   244    294      1
   245     86      1
   245    342      1
   245    352      1
   245    762      1
   245    777      1
   245    795      1
   246    105      1
   247    191      1
   248     71      1
   248    254      1
   248    591      1
   249     34      1
   249    517      1
   250    203      1
   251    136      1
   251    277      1
   252    234      1
   252    510      1
   253    219      1
   254    248      1
   255    113      1
   256     38      1
   256    720      1
   257     78      1
   257    266      1
   257    476      1
   257    543      1
   257    669      1
   258    211      1
   258    498      1
   258    609      1
   258    724      1
   259     58      1
   259    287      1
   259    311      1
   260    217      1
   260    295      1
   261    146      1
   261    506      1
   261    569      1
   262    166      1
   262    291      1
   263    233      1
   264    139      1
   264    284      1
   264    534      1
   265     13      1
   265    425      1
   266    257      1
   266    610      1
   267     98      1
   267    677      1
   268     94      1
   268    356      1
   269    167      1
   270     32      1
   270    571      1
   271     97      1
   271    657      1
   272    244      1
   272    339      1
   272    678      1
   273    154      1
   273    620      1
   274     83      1
   275    156      1
   275    782      1
   276     25      1
   276    468      1
   276    654      1
   277    251      1
   278     76      1
   279    137      1
   279    409      1
   279    797      1
   280     70      1
   280    471      1
   280    759      1
   281     39      1
   282    106      1
   282    297      1
   282    563      1
   283     21      1
   284    264      1
   284    444      1
   284    529      1
   285     23      1
   285    408      1
   286     79      1
   287    259      1
   287    641      1
   287    683      1
   288    210      1
   288    474      1
   289     94      1
   289    790      1
   290    107      1
   290    507      1
   290    643      1
   291    262      1
   291    556      1
   292    237      1
   292    433      1
   293    206      1
   293    315      1
   294    244      1
   295    260      1
   296     19      1
   296    318      1
   296    343      1
   297    282      1
   297    705      1
   298    198      1
   298    608      1
   299    174      1
   300     52      1
   301    128      1
   302     98      1
   303    201      1
   304    200      1
   304    440      1
   305    144      1
   305    388      1
   305    750      1
   306    243      1
   307     71      1
   308    219      1
   308    383      1
   309    222      1
   309    392      1
   309    469      1
   309    579      1
   309    730      1
   310     79      1
   311    259      1
   311    639      1
   312     73      1
   312    330      1
   312    512      1
   313     13      1
   313    673      1
   314     73      1
   314    350      1
   314    380      1
   314    682      1
   314    751      1
   315    293      1
   315    456      1
   315    644      1
   316    171      1
   317    101      1
   317    769      1
   318    296      1
   318    385      1
   318    480      1
   319    234      1
   319    479      1
   319    602      1
   320    194      1
   320    335      1
   321    117      1
   322     89      1
   322    336      1
   322    462      1
   323    109      1
   324    189      1
   324    488      1
   325    239      1
   325    355      1
   326     59      1
   326    668      1
   327    106      1
   327    524      1
   328     73      1
   328    767      1
   329    236      1
   329    793      1
   330    312      1
   330    373      1
   331    206      1
   331    348      1
   332     94      1
   333     50      1
   334     71      1
   335    320      1
   335    694      1
   335    754      1
   336    322      1
   337     38      1
   337    406      1
   337    465      1
   338     48      1
   338    411      1
   338    493      1
   338    612      1
   338    713      1
   339    272      1
   339    399      1
   339    712      1
   340     91      1
   340    515      1
   340    685      1
   341    243      1
   341    359      1
   341    578      1
   342    245      1
   342    625      1
   343    296      1
   344    107      1
   344    568      1
   345     93      1
   346    215      1
   346    426      1
   346    532      1
   346    590      1
   347     44      1
   348    331      1
   348    546      1
   349    203      1
   350    314      1
   350    397      1
   351     90      1
   351    384      1
   352    245      1
   352    721      1
   353     32      1
   354    194      1
   354    374      1
   354    561      1
   354    686      1
   355    325      1
   355    508      1
   355    615      1
   356    268      1
   357      1      1
   358    242      1
   359    341      1
   360     66      1
   360    521      1
   361    143      1
   362     14      1
   363    115      1
   364    230      1
   364    470      1
   365    101      1
   365    410      1
   365    718      1
   366     19      1
   367    142      1
   367    799      1
   368    139      1
   369     48      1
   370    170      1
   371    126      1
   372    116      1
   372    403      1
   373    330      1
   374    354      1
   374    613      1
   375    106      1
   376     95      1
   376    452      1
   377     17      1
   377    627      1
   378    202      1
   378    405      1
   378    460      1
   379    138      1
   379    704      1
   380    314      1
   380    580      1
   381     12      1
   381    475      1
   381    486      1
   381    566      1
   381    710      1
   382    180      1
   383    308      1
   383    555      1
   384    351      1
   385    318      1
   385    538      1
   385    742      1
   386    117      1
   386    651      1
   387     75      1
   388    305      1
   389    156      1
   389    424      1
   389    473      1
   389    688      1
   390    189      1
   391    142      1
   392    309      1
   393     72      1
   393    666      1
   394     34      1
   394    422      1
   394    739      1
   395      5      1
   396     99      1
   397    350      1
   397    614      1
   398    183      1
   399    339      1
   399    763      1
   400     78      1
   401    137      1
   401    417      1
   401    558      1
   402    230      1
   402    428      1
   403    372      1
   404    152      1
   404    412      1
   405    378      1
   406    337      1
   406    415      1
   407    200      1
   407    458      1
   408    285      1
   409    279      1
   410    365      1
   410    765      1
   411    338      1
   412    404      1
   412    653      1
   412    744      1
   413    185      1
   414    107      1
   415    406      1
   416    156      1
   417    401      1
   418     67      1
   419    121      1
   420    188      1
   420    634      1
   421     90      1
   422    394      1
   423    234      1
   424    389      1
   424    573      1
   425    265      1
   426    346      1
   426    773      1
   427    166      1
   428    402      1
   429     80      1
   430    219      1
   431    141      1
   432     54      1
   432    727      1
   433    292      1
   434     95      1
   434    574      1
   434    691      1
   435    145      1
   436     95      1
   437    221      1
   437    531      1
   437    547      1
   438    187      1
   439    184      1
   440    304      1
   441     20      1
   441    758      1
   442    146      1
   442    575      1
   442    681      1
   443    112      1
   443    687      1
   443    774      1
   444    284      1
   445    160      1
   445    707      1
   446    211      1
   446    663      1
   447     48      1
   447    757      1
   448    163      1
   449    129      1
   449    457      1
   449    582      1
   450     99      1
   450    603      1
   451    226      1
   452    376      1
   453    144      1
   453    628      1
   454     63      1
   454    492      1
   454    594      1
   455    218      1
   456    315      1
   457    449      1
   458    407      1
   459    182      1
   460    378      1
   461    168      1
   462    322      1
   463    115      1
   463    539      1
   464     98      1
   464    667      1
   465    337      1
   465    540      1
   466    230      1
   467    243      1
   467    675      1
   468    276      1
   469    309      1
   470    364      1
   471    280      1
   471    588      1
   471    636      1
   472    105      1
   473    389      1
   474    288      1
   475    381      1
   475    552      1
   476    257      1
   476    796      1
   477     75      1
   477    489      1
   478     63      1
   479    319      1
   480    318      1
   481     47      1
   482     53      1
   482    537      1
   483    237      1
   484     47      1
   485    225      1
   485    527      1
   486    381      1
   487    198      1
   488    324      1
   489    477      1
   490    236      1
   490    501      1
   491    183      1
   492    454      1
   492    495      1
   492    533      1
   493    338      1
   494    102      1
   495    492      1
   495    642      1
   496    203      1
   497    142      1
   498    258      1
   499    108      1
   500     47      1
   500    551      1
   501    490      1
   502     85      1
   503    136      1
   503    557      1
   504    179      1
   505    147      1
   505    519      1
   506    261      1
   507    290      1
   508    355      1
   509     50      1
   510    252      1
   511    198      1
   512    312      1
   513     17      1
   514     66      1
   515    340      1
   515    528      1
   515    637      1
   515    646      1
   516     53      1
   516    698      1
   517    249      1
   518      1      1
   518    791      1
   519    505      1
   520    196      1
   520    618      1
   521    360      1
   522    116      1
   522    600      1
   522    695      1
   523    210      1
   523    716      1
   524    327      1
   525    242      1
   526    243      1
   527    485      1
   528    515      1
   529    284      1
   530     44      1
   531    437      1
   532    346      1
   533    492      1
   534    264      1
   535    119      1
   536    169      1
   537    482      1
   538    385      1
   538    702      1
   538    715      1
   539    463      1
   539    619      1
   540    465      1
   540    542      1
   541      4      1
   541    664      1
   542    540      1
   543    257      1
   543    626      1
   543    699      1
   544     56      1
   545    137      1
   546    348      1
   547    437      1
   548     29      1
   548    624      1
   549    154      1
   550    181      1
   550    599      1
   551    500      1
   552    475      1
   552    655      1
   552    676      1
   553     89      1
   554    218      1
   555    383      1
   556    291      1
   557    503      1
   558    401      1
   558    662      1
   559    106      1
   559    596      1
   560    129      1
   561    354      1
   561    741      1
   562    239      1
   563    282      1
   564    166      1
   565     56      1
   566    381      1
   567     80      1
   567    577      1
   568    344      1
   569    261      1
   570    132      1
   571    270      1
   572    209      1
   573    424      1
   574    434      1
   574    661      1
   575    442      1
   576    208      1
   577    567      1
   577    737      1
   578    341      1
   579    309      1
   580    380      1
   581     89      1
   582    449      1
   582    632      1
   582    700      1
   583    230      1
   584    162      1
   584    696      1
   585    105      1
   586    163      1
   586    633      1
   587    173      1
   588    471      1
   589      4      1
   590    346      1
   591    248      1
   592    203      1
   593    202      1
   594    454      1
   594    714      1
   595    131      1
   596    559      1
   596    719      1
   597     87      1
   597    746      1
   598    172      1
   599    550      1
   600    522      1
   601    140      1
   601    789      1
   602    319      1
   602    648      1
   603    450      1
   604     86      1
   604    776      1
   605     95      1
   605    711      1
   606    197      1
   606    672      1
   607     88      1
   607    640      1
   608    298      1
   609    258      1
   610    266      1
   611    114      1
   612    338      1
   612    679      1
   613    374      1
   614    397      1
   615    355      1
   615    755      1
   616     15      1
   617    188      1
   618    520      1
   619    539      1
   619    748      1
   619    768      1
   620    273      1
   620    756      1
   621    167      1
   622     81      1
   622    784      1
   623    243      1
   624    548      1
   625    342      1
   626    543      1
   627    377      1
   628    453      1
   629    120      1
   629    692      1
   630    178      1
   631    149      1
   631    638      1
   632    582      1
   632    725      1
   633    586      1
   634    420      1
   635    144      1
   636    471      1
   637    515      1
   638    631      1
   639    311      1
   640    607      1
   640    690      1
   641    287      1
   642    495      1
   642    753      1
   643    290      1
   644    315      1
   645    148      1
   646    515      1
   646    697      1
   647     77      1
   648    602      1
   649    177      1
   650    109      1
   651    386      1
   652     68      1
   653    412      1
   654    276      1
   655    552      1
   656     72      1
   657    271      1
   658     11      1
   659    105      1
   660    212      1
   661    574      1
   662    558      1
   663    446      1
   664    541      1
   664    706      1
   665     53      1
   666    393      1
   667    464      1
   668    326      1
   669    257      1
   670     77      1
   670    785      1
   671    129      1
   672    606      1
   673    313      1
   674     66      1
   675    467      1
   676    552      1
   677    267      1
   677    701      1
   678    272      1
   679    612      1
   680    236      1
   681    442      1
   681    723      1
   682    314      1
   682    738      1
   683    287      1
   684     42      1
   685    340      1
   686    354      1
   687    443      1
   687    781      1
   688    389      1
   689    224      1
   689    787      1
   690    640      1
   690    771      1
   691    434      1
   692    629      1
   693     51      1
   694    335      1
   695    522      1
   696    584      1
   697    646      1
   698    516      1
   699    543      1
   700    582      1
   701    677      1
   702    538      1
   703    106      1
   704    379      1
   704    732      1
   705    297      1
   706    664      1
   706    743      1
   707    445      1
   708    171      1
   709     81      1
   710    381      1
   711    605      1
   712    339      1
   713    338      1
   714    594      1
   715    538      1
   716    523      1
   717     33      1
   718    365      1
   719    596      1
   720    256      1
   721    352      1
   722     39      1
   723    681      1
   724    258      1
   725    632      1
   726      1      1
   727    432      1
   728    135      1
   729     67      1
   730    309      1
   731    171      1
   732    704      1
   733     60      1
   734    154      1
   735    148      1
   735    780      1
   736     22      1
   737    577      1
   738    682      1
   739    394      1
   740     10      1
   741    561      1
   742    385      1
   743    706      1
   744    412      1
   745     69      1
   746    597      1
   747    178      1
   748    619      1
   749     34      1
   750    305      1
   751    314      1
   752    114      1
   753    642      1
   754    335      1
   755    615      1
   756    620      1
   757    447      1
   758    441      1
   759    280      1
   760     14      1
   761    170      1
   762    245      1
   763    399      1
   764    213      1
   765    410      1
   766     22      1
   767    328      1
   768    619      1
   769    317      1
   770     67      1
   771    690      1
   772     32      1
   773    426      1
   774    443      1
   775      0      1
   776    604      1
   777    245      1
   778     79      1
   779     71      1
   780    735      1
   781    687      1
   782    275      1
   783    221      1
   784    622      1
   785    670      1
   786    181      1
   787    689      1
   788     72      1
   789    601      1
   790    289      1
   791    518      1
   792     64      1
   793    329      1
   794    101      1
   795    245      1
   796    476      1
   797    279      1
   798    147      1
   799    367      1
