COORD_X_Y 25
  1.55685   1.65431
 0.225943   1.34212
   2.7556   2.54262
  2.33436 0.0714168
  0.64119   1.53166
    1.694 0.0792978
  1.00087  0.491108
 0.147598   2.18328
  2.07034   1.19437
  2.06383   2.31674
    2.856   1.57543
   1.0379   2.83592
 0.956664   1.22617
  2.81595   1.06944
0.00118719    2.5525
   2.6143   2.85323
  2.57337   2.98092
 0.584096  0.456635
 0.157014  0.630443
  1.67891  0.874002
  1.83394  0.286245
  2.40564   2.46672
  1.91624   1.55561
    2.755  0.215179
  2.45645  0.965577
LINKS_SOURCE_DESTINATION_DISTANCE 48
     0      1      1
     0      3      1
     0      5      1
     0     16      1
     0     17      1
     0     20      1
     0     24      1
     1      0      1
     1      2      1
     2      1      1
     2      4      1
     2     21      1
     3      0      1
     3     10      1
     4      2      1
     5      0      1
     5      6      1
     6      5      1
     6      7      1
     6      9      1
     7      6      1
     7      8      1
     8      7      1
     8     11      1
     8     12      1
     9      6      1
     9     13      1
    10      3      1
    10     15      1
    10     23      1
    11      8      1
    11     14      1
    12      8      1
    13      9      1
    13     18      1
    14     11      1
    15     10      1
    16      0      1
    17      0      1
    17     19      1
    18     13      1
    18     22      1
    19     17      1
    20      0      1
    21      2      1
    22     18      1
    23     10      1
    24      0      1
