COORD_X_Y 15
  1.48199   2.83546
 0.819944  0.431958
 0.927634  0.485422
  1.74813   2.78623
 0.479831   1.25761
  2.30246   1.03032
  2.99354   2.92134
  1.49199   0.59913
  1.27794   1.60895
  0.91952  0.850841
  2.18497  0.729918
  1.69195   2.96663
 0.272209   2.70254
 0.447508   2.38456
 0.606015   2.50669
LINKS_SOURCE_DESTINATION_DISTANCE 28
     0      1      1
     0     12      1
     1      0      1
     1      2      1
     1      3      1
     2      1      1
     3      1      1
     3      4      1
     4      3      1
     4      5      1
     4      7      1
     4     10      1
     4     11      1
     5      4      1
     5      6      1
     5     14      1
     6      5      1
     6      8      1
     7      4      1
     8      6      1
     8      9      1
     9      8      1
    10      4      1
    11      4      1
    11     13      1
    12      0      1
    13     11      1
    14      5      1
