COORD_X_Y 25
0.0757479   1.40527
  1.66635  0.599256
  2.62522   1.30091
 0.521417   2.14547
 0.958696   2.69355
   0.1823 0.0541883
  2.51555   1.77327
  2.51546   1.16568
  2.60807   1.17514
  1.25459   2.78299
  1.06353  0.611731
 0.489841   2.82708
  2.83668 0.0509752
  1.17523  0.735271
  2.97999   1.65983
  1.43174   2.08666
 0.396462   2.31422
  2.03619   1.53086
  2.18111   1.68467
  1.89979   1.11949
0.0323863   2.75546
  2.27563   2.89839
  1.99927  0.751065
  1.38373   2.47081
  2.09952  0.431245
LINKS_SOURCE_DESTINATION_DISTANCE 48
     0      1      1
     0      2      1
     0      6      1
     1      0      1
     1      3      1
     1      8      1
     1     14      1
     1     16      1
     1     21      1
     2      0      1
     2      5      1
     2      9      1
     2     13      1
     3      1      1
     3      4      1
     4      3      1
     4      7      1
     4     12      1
     4     20      1
     5      2      1
     6      0      1
     7      4      1
     8      1      1
     8     17      1
     8     18      1
     9      2      1
     9     10      1
    10      9      1
    10     11      1
    10     15      1
    11     10      1
    11     19      1
    12      4      1
    12     22      1
    13      2      1
    13     24      1
    14      1      1
    14     23      1
    15     10      1
    16      1      1
    17      8      1
    18      8      1
    19     11      1
    20      4      1
    21      1      1
    22     12      1
    23     14      1
    24     13      1
