COORD_X_Y 60
 0.488849   1.94698
  1.62608  0.359733
  2.16438  0.345352
  2.15704    2.1166
  1.66706   2.40712
  2.14322   2.93134
   1.5894   1.18352
  1.50853   1.73883
  2.89628   0.37717
  1.95628   1.04898
  1.74179   1.92508
  1.70367  0.823853
  2.18482   2.62103
  1.42507   1.66639
 0.766132  0.113193
   1.8897   1.27205
  2.53784  0.308335
  1.38612   2.61479
 0.751638   1.02676
 0.581546   1.82604
  1.08158    1.0944
 0.999442   1.52113
  2.61071   1.04024
  1.48635   2.28638
 0.961512  0.518306
  2.95203   2.47556
  1.67297   2.15897
  2.35292 0.0208756
  2.43208   2.94116
 0.876075  0.197096
0.0966018   2.98719
 0.549627  0.607131
   2.8683   2.85878
 0.258535  0.523994
 0.836645  0.186013
  1.66798   0.62407
 0.322166   2.53158
  1.02751   2.68502
  1.96602   1.70706
  1.94579   2.02678
  2.43963   1.63442
 0.219892  0.629665
 0.841378    2.2461
  1.02257  0.609419
   0.4354   1.54297
  2.86968  0.587025
  2.90022   0.35134
  1.60828    1.6601
  2.26368   2.74607
 0.452926   1.54011
 0.191415  0.803662
  1.65638   2.55871
  1.55408  0.554696
  1.32969  0.259462
  1.43581   2.07591
  2.98892   2.09199
0.0305237   2.73618
   2.2138   2.77775
   2.0625    2.6192
   2.9945  0.810671
LINKS_SOURCE_DESTINATION_DISTANCE 118
     0      1      1
     0      2      1
     0      5      1
     1      0      1
     1      3      1
     1      6      1
     2      0      1
     2      8      1
     2     11      1
     2     20      1
     2     23      1
     2     34      1
     3      1      1
     3      4      1
     4      3      1
     4     15      1
     4     48      1
     5      0      1
     5     14      1
     5     22      1
     6      1      1
     6      7      1
     6     40      1
     6     56      1
     7      6      1
     7     10      1
     8      2      1
     8      9      1
     8     13      1
     8     19      1
     9      8      1
     9     12      1
     9     17      1
     9     53      1
    10      7      1
    10     16      1
    11      2      1
    11     21      1
    12      9      1
    13      8      1
    13     25      1
    13     39      1
    13     43      1
    13     49      1
    14      5      1
    14     24      1
    14     37      1
    14     45      1
    15      4      1
    16     10      1
    16     27      1
    16     38      1
    17      9      1
    17     18      1
    18     17      1
    19      8      1
    19     26      1
    19     31      1
    20      2      1
    20     33      1
    20     41      1
    21     11      1
    22      5      1
    23      2      1
    24     14      1
    24     35      1
    25     13      1
    25     28      1
    25     32      1
    26     19      1
    26     51      1
    27     16      1
    27     29      1
    28     25      1
    28     30      1
    29     27      1
    29     57      1
    30     28      1
    31     19      1
    31     44      1
    32     25      1
    32     52      1
    33     20      1
    33     36      1
    34      2      1
    34     54      1
    35     24      1
    36     33      1
    36     59      1
    37     14      1
    38     16      1
    38     50      1
    39     13      1
    40      6      1
    40     42      1
    41     20      1
    41     46      1
    41     47      1
    42     40      1
    43     13      1
    44     31      1
    45     14      1
    46     41      1
    46     55      1
    47     41      1
    48      4      1
    49     13      1
    50     38      1
    51     26      1
    52     32      1
    53      9      1
    54     34      1
    54     58      1
    55     46      1
    56      6      1
    57     29      1
    58     54      1
    59     36      1
