COORD_X_Y 15
 0.961494   1.90967
  1.14456    1.2117
  0.90475   1.02472
  1.50127  0.203223
 0.249521    2.5287
  1.16711   1.51183
  1.57202  0.887233
0.0212937   1.00338
 0.205041   2.09653
  2.25965 0.0560533
 0.812918   1.15145
 0.312402   2.13166
 0.604622  0.477995
  1.65188   2.13104
  2.25776   2.03655
LINKS_SOURCE_DESTINATION_DISTANCE 28
     0      1      1
     0      5      1
     0      6      1
     0      7      1
     0      8      1
     1      0      1
     1      2      1
     2      1      1
     2      3      1
     2      4      1
     2      9      1
     2     11      1
     3      2      1
     3     10      1
     3     14      1
     4      2      1
     5      0      1
     6      0      1
     6     12      1
     7      0      1
     8      0      1
     9      2      1
     9     13      1
    10      3      1
    11      2      1
    12      6      1
    13      9      1
    14      3      1
