COORD_X_Y 60
  2.98447   1.55571
  1.02202  0.971756
0.0184543   2.00104
  1.88724   1.51673
  2.14513   1.88634
 0.226016   2.40219
  1.42015   2.05841
 0.450688   2.41619
  1.84257   1.04594
   2.9299  0.855177
  1.99885   2.71404
 0.744164   2.36217
  1.97695   1.09055
  1.38445  0.102689
  1.54152   1.65405
  0.68589  0.427365
  2.04215  0.393042
  2.49099   2.92041
 0.104438   2.37594
 0.865219    1.7379
 0.986604   1.04514
  1.32118   2.17566
 0.308931   2.85491
  0.89996   2.52328
  2.75558   2.91416
  1.16454  0.736413
  2.46902   1.11758
  2.85045   2.17641
  1.68393   1.20811
  1.36938  0.867814
  2.21349  0.673129
  1.00501   2.05556
  1.11273 0.00715868
  2.80428   1.54625
  1.85592   2.60754
 0.519314  0.543425
   1.0055  0.208349
  2.13531   2.05318
  1.79889   1.46225
 0.922718   1.56449
  1.48752   1.31272
  1.31522   1.56511
  2.52281  0.877508
   1.9566  0.245364
  1.17247   1.33697
  2.52988   2.65658
  1.11646   1.13267
  2.63663   2.07463
 0.268796  0.415951
  2.24632   0.75515
 0.153702  0.811258
  1.05359 0.0723922
  2.51034  0.533836
  1.79951   2.36898
 0.309236   1.95514
 0.198798   2.07001
  1.41711 0.0516077
  2.46702  0.432571
  2.43942  0.731021
  2.30045   2.71907
LINKS_SOURCE_DESTINATION_DISTANCE 118
     0      1      1
     0     30      1
     0     31      1
     0     50      1
     1      0      1
     1      2      1
     1      4      1
     1     10      1
     1     16      1
     2      1      1
     2      3      1
     2     12      1
     2     25      1
     2     56      1
     3      2      1
     3      5      1
     3     19      1
     3     22      1
     3     23      1
     3     36      1
     4      1      1
     4     11      1
     4     13      1
     5      3      1
     5      6      1
     5      7      1
     5      9      1
     5     32      1
     6      5      1
     6     29      1
     7      5      1
     7      8      1
     8      7      1
     9      5      1
     9     34      1
    10      1      1
    10     18      1
    11      4      1
    11     20      1
    11     24      1
    11     49      1
    12      2      1
    12     14      1
    12     15      1
    12     27      1
    12     44      1
    13      4      1
    13     21      1
    14     12      1
    14     17      1
    15     12      1
    15     42      1
    16      1      1
    16     54      1
    17     14      1
    18     10      1
    19      3      1
    19     28      1
    19     45      1
    20     11      1
    20     33      1
    20     47      1
    21     13      1
    21     37      1
    21     51      1
    22      3      1
    23      3      1
    23     26      1
    24     11      1
    24     38      1
    25      2      1
    26     23      1
    27     12      1
    27     59      1
    28     19      1
    29      6      1
    29     40      1
    30      0      1
    30     35      1
    31      0      1
    31     52      1
    32      5      1
    32     39      1
    32     57      1
    33     20      1
    33     41      1
    33     46      1
    34      9      1
    35     30      1
    35     48      1
    36      3      1
    37     21      1
    38     24      1
    38     43      1
    38     58      1
    39     32      1
    40     29      1
    41     33      1
    42     15      1
    43     38      1
    44     12      1
    45     19      1
    46     33      1
    47     20      1
    47     53      1
    48     35      1
    49     11      1
    50      0      1
    51     21      1
    52     31      1
    52     55      1
    53     47      1
    54     16      1
    55     52      1
    56      2      1
    57     32      1
    58     38      1
    59     27      1
