COORD_X_Y 80
 0.752233   1.63537
 0.378378  0.716242
 0.443294   2.17157
 0.527146   2.55859
  1.84872  0.772868
  1.12132   2.52294
 0.814815  0.082918
  1.15989  0.430644
  1.27903   2.38811
 0.717102  0.651781
 0.376291  0.696827
 0.317323   2.66539
  2.40005   2.14388
  1.84585   1.54438
  1.50779   0.21839
  2.93114  0.579792
 0.715045  0.867569
  1.07225   2.59254
   1.3427   1.35198
  2.54479  0.826066
 0.455634    1.4662
  0.63676  0.962155
  2.63789   2.81222
  2.82958  0.779191
  0.35991   2.97677
  1.16611    2.8807
  2.85868   2.16883
  1.25005   1.34831
  0.96484   2.00717
   2.8251   1.74615
  1.14987 0.0320072
  1.95037   2.52408
  2.45796   1.74244
0.0701613   1.13288
  2.85582  0.332314
   1.2966   1.81156
  1.49513   2.86304
  2.78807  0.783207
  1.16755  0.917393
  1.62641  0.428205
  2.94232  0.708442
 0.793793   1.94132
  1.14303   2.75549
 0.954259   1.70107
 0.385795   1.76962
   1.1733    1.1118
  1.36804   1.45877
  2.47067   1.07882
  1.05763   2.42546
  1.62858   1.50104
 0.640426   1.21124
  2.82359 0.0440741
 0.476422  0.383244
 0.366512   2.99057
  2.52424     1.729
  1.33632   1.40789
  2.59508   1.24536
 0.200142   1.99527
  2.00293   2.43525
 0.118822 0.0358954
  2.29302  0.244964
  1.91418  0.394076
 0.684875  0.433331
 0.930894  0.415137
  1.67457   1.74964
  2.40689   1.71528
  2.95143   1.23633
 0.629861   1.66549
 0.691367  0.582403
  1.14599 0.0439776
  1.09955   2.85206
 0.318528   2.55642
  1.92769   2.86782
0.0509814  0.744408
  2.73364   1.07266
 0.252969  0.286372
 0.648614   1.54989
 0.845255   2.62547
0.0711748   1.97526
  1.74473  0.382806
LINKS_SOURCE_DESTINATION_DISTANCE 158
     0      1      1
     0      2      1
     0      3      1
     0      5      1
     0     23      1
     1      0      1
     1     11      1
     1     26      1
     1     30      1
     1     34      1
     1     50      1
     2      0      1
     2     35      1
     3      0      1
     3      4      1
     4      3      1
     4      6      1
     4      9      1
     4     14      1
     4     19      1
     4     57      1
     5      0      1
     5     12      1
     5     24      1
     5     29      1
     5     44      1
     6      4      1
     6      7      1
     6     21      1
     6     49      1
     6     56      1
     6     59      1
     7      6      1
     7      8      1
     7     16      1
     7     51      1
     7     58      1
     7     60      1
     8      7      1
     8     22      1
     9      4      1
     9     10      1
     9     15      1
     9     25      1
     9     27      1
    10      9      1
    10     13      1
    11      1      1
    12      5      1
    13     10      1
    13     17      1
    13     31      1
    14      4      1
    14     18      1
    14     42      1
    15      9      1
    16      7      1
    16     20      1
    17     13      1
    17     53      1
    18     14      1
    18     28      1
    18     66      1
    19      4      1
    19     40      1
    19     72      1
    20     16      1
    21      6      1
    22      8      1
    22     38      1
    22     62      1
    22     70      1
    22     74      1
    23      0      1
    23     64      1
    23     79      1
    24      5      1
    25      9      1
    25     39      1
    25     43      1
    26      1      1
    26     36      1
    26     37      1
    27      9      1
    27     45      1
    28     18      1
    28     65      1
    29      5      1
    30      1      1
    30     33      1
    30     48      1
    31     13      1
    31     32      1
    32     31      1
    33     30      1
    33     41      1
    33     47      1
    34      1      1
    34     68      1
    34     77      1
    35      2      1
    36     26      1
    37     26      1
    37     54      1
    38     22      1
    39     25      1
    39     69      1
    40     19      1
    40     46      1
    40     52      1
    41     33      1
    41     67      1
    42     14      1
    43     25      1
    44      5      1
    45     27      1
    46     40      1
    47     33      1
    47     55      1
    48     30      1
    49      6      1
    50      1      1
    51      7      1
    52     40      1
    53     17      1
    54     37      1
    54     63      1
    54     78      1
    55     47      1
    55     75      1
    56      6      1
    57      4      1
    58      7      1
    59      6      1
    59     61      1
    60      7      1
    61     59      1
    62     22      1
    63     54      1
    64     23      1
    64     71      1
    64     76      1
    65     28      1
    66     18      1
    67     41      1
    68     34      1
    69     39      1
    70     22      1
    71     64      1
    71     73      1
    72     19      1
    73     71      1
    74     22      1
    75     55      1
    76     64      1
    77     34      1
    78     54      1
    79     23      1
