COORD_X_Y 600
  1.63761   2.27006
  2.54236  0.938359
 0.143761  0.638238
  1.05129   0.03131
  2.65021   2.95147
  1.30853   1.29499
  2.72464  0.972376
  1.85765    1.5791
  2.20827  0.645392
 0.769503   2.40878
  1.23882   2.03335
    2.009  0.516079
  2.72396   1.91611
  2.09351   2.51539
  2.28089   1.06637
 0.856609   1.63379
 0.494626  0.815517
 0.862938   1.17739
  2.27131   1.39185
  2.27541   2.93953
  1.37549 0.0318597
  1.06673   2.28716
  1.03501   1.48615
 0.998994  0.956505
  1.39913   2.75775
  2.99632  0.363823
 0.145888  0.547947
 0.663613  0.420666
  1.34311  0.508101
  2.99977   1.75745
 0.148782   1.92641
  2.36354  0.641396
  1.65494 0.0247443
  1.33429  0.918889
  2.14425  0.901471
  1.95431   2.84696
 0.774662  0.707254
  2.15032   1.80923
   2.7083  0.446874
 0.618556   2.83452
  2.48741   2.92476
  1.24783   1.30188
  1.31048   2.19994
  2.52549   2.56221
  2.40196   2.07458
  2.73417   2.85137
  1.61945   2.51432
  1.38651    2.5115
  2.20811  0.695632
   2.2799   2.84802
  2.20086  0.855171
  1.09485 0.0264927
  1.68684   2.04908
  1.98489  0.863479
   2.1987   2.84234
  2.72664   2.45914
 0.790103  0.390681
  2.15229   2.66039
  2.28666 0.0794902
  1.93294   1.87832
  1.20706   1.04079
 0.827864   2.79629
 0.282064   2.61178
  1.99247   2.94344
   2.2257   2.85258
 0.572825  0.731132
  1.02852     1.241
  1.91661   1.58124
0.0467286   1.31561
  2.52629   2.90116
  2.75053   0.81706
 0.583861   2.52557
0.0946265   1.18755
 0.891121   2.52693
   2.7293  0.881106
  0.88725  0.769573
  2.08437  0.808572
 0.197086   1.41903
  2.22267   1.69061
  0.99659  0.616087
 0.594342   2.75867
  2.72231   1.40511
  2.05353   2.09752
  1.74856   1.87476
  1.95228  0.443602
  2.39306  0.096982
  1.09872   2.42225
  1.00378   2.18652
 0.841975 0.0835881
  2.23079 0.0159058
 0.774911   2.22511
 0.980526  0.356405
 0.783205   2.08218
 0.662638   2.79199
 0.966755  0.856663
  1.25259   1.56866
 0.988378  0.658854
  2.14095    2.5035
  2.78819   1.43933
 0.828477   1.70152
  0.59574   2.78795
  2.96286   2.01973
 0.794193   2.90016
  2.91958   1.14135
 0.121067   1.12713
  0.47496  0.177871
  1.35923 0.0318651
  2.41293   2.79939
  1.51709   2.26705
  1.16729  0.409575
  1.16318   2.00826
  2.77855  0.990721
  1.94981  0.161628
  2.74848  0.687918
   2.9567   1.29543
 0.453173  0.378302
 0.682164   2.45022
  2.93214   2.81093
  2.16953   1.17808
 0.968799   1.84769
  1.28665   1.34338
 0.348819   1.14285
  1.75108  0.675147
   2.5331   1.17452
   1.6988   1.06471
 0.484535  0.726252
 0.694832   2.60214
0.0731256  0.582238
 0.459149   1.39491
  2.95691  0.113484
  1.97602  0.912231
  2.84208  0.724379
  1.71148  0.171819
  0.66473  0.850082
   0.8024 0.0231926
  1.90205  0.235301
  2.53104  0.169168
  1.16796  0.195931
 0.071283  0.653102
  1.19491  0.454245
 0.166572   2.10241
  1.52414   1.19086
 0.404715   1.20206
 0.819487   1.66797
  2.06757   2.83848
 0.119785   1.37951
  2.14257  0.104432
 0.410094  0.243875
  2.18474  0.407968
 0.298781  0.035414
  2.81289   2.01026
  2.67484  0.982904
  2.51536  0.977937
  1.85579  0.826215
 0.390059  0.335847
  2.48932   2.37682
  1.92601  0.382941
  1.38362  0.928285
 0.655832   1.82888
 0.616774 0.0730815
  1.63317  0.767282
  2.40847   2.48733
  2.52414   2.59868
  1.40289   1.68753
  1.76028  0.553691
 0.488827  0.340406
 0.420522   0.47533
  2.98107   1.16943
  1.59943  0.103197
  1.53021   0.80642
 0.413695   1.06782
  1.38059   0.14549
  2.82582   2.28478
 0.181156    1.4593
  2.79447   1.63897
  2.48305  0.389777
  2.74512 0.0903715
   2.0835  0.329679
 0.301888   2.31378
  2.15284   2.82336
 0.158451   2.29331
  2.73332   1.94129
 0.687245   2.30332
 0.388664   2.25277
  2.18608   2.40911
  0.23993   2.76676
  2.13628    1.2243
  2.53981   1.26779
 0.155791   2.03787
  2.31371   1.41689
  1.55942   1.17125
 0.413318 0.0818607
  2.76715  0.868965
  2.22976    2.5489
  2.71627  0.655171
  1.82086   1.95435
 0.484062  0.865753
  1.97138   2.79873
0.00286168  0.478873
  1.39399   2.01557
0.0517036   1.16822
 0.520267    2.6475
  1.49032  0.492626
  2.22564   0.28782
 0.439199   2.50747
  1.43622   2.94137
  1.27617   1.85526
  1.98098    1.8313
  0.75537   1.31414
 0.716636  0.512177
  2.26432  0.518128
 0.451779   2.19965
 0.959522  0.301556
  1.01332   2.83482
 0.663174  0.959648
  1.56091   1.67684
  2.79046   2.59192
  1.95263   1.71405
   1.1089   2.70691
 0.038127   0.45166
  1.61368   1.39339
  1.99614  0.916493
  1.91829  0.303474
  1.66708   1.79549
  1.97129   2.96464
  1.49151  0.140873
  1.91087    2.1611
  2.75434   2.94665
  2.36597   2.99502
  1.56825 0.0214382
  2.78766   1.96575
  2.30522  0.912286
  2.14866   2.20044
 0.555618   2.24059
  1.18909   1.41548
0.0144501  0.311454
  2.70217  0.742543
    2.218   2.75696
  2.08889   1.46039
  2.48396   2.67064
 0.249606  0.272801
  2.21239  0.271712
  2.91509   2.34492
  1.04933   2.30996
  0.96285 0.0219108
  2.81649    2.1865
 0.501585    2.2995
  1.01957   2.61817
  1.84121    1.0744
  1.40436  0.455084
0.0333072   2.24899
 0.456373   1.83413
 0.611456   1.60007
  0.63491   0.33332
 0.433457   2.12204
 0.602948    2.7222
 0.631176  0.497755
  1.14271   1.35499
  1.75284  0.258654
  1.16293  0.628437
 0.948821   2.20233
0.0150719   1.72023
 0.168466   1.90156
 0.582474   0.21557
  2.42036   1.24919
 0.666164  0.739093
 0.208163   2.62822
  0.09053   1.14548
  2.48516   2.62308
  1.88346   2.94876
  2.18557   1.82334
  1.47407    2.9817
  2.75224  0.457508
  1.83507  0.837403
  2.19435   2.41433
  2.72227   0.32423
  1.90762   2.70766
  1.29062   0.84301
 0.506741   2.24425
  2.70526   0.87525
  1.45683    2.8759
  2.52936   2.33514
  2.17892   1.00859
  1.30927   2.10863
  2.28013   1.00798
  1.47272 0.0469485
  1.51734   2.96027
 0.517138    2.6801
  0.16828   2.26587
  2.26929   2.42135
  2.35047  0.349407
  1.76275   2.87664
  2.27433   0.61363
  2.73561    1.7265
 0.951773   2.47554
 0.522296   1.44288
  1.71164   1.38822
  1.30976   2.42914
 0.239494  0.319979
 0.236583   1.04512
  2.08124   1.25795
  1.31933  0.069789
  1.67123  0.740014
  2.70097    1.8841
  1.89165   1.39354
  2.08188   1.86164
  1.60123  0.323614
 0.378241   2.34872
  2.02749   2.27632
  2.59112   2.61792
 0.891446   1.45587
  2.54083   2.00503
 0.612286  0.633888
  1.22125   2.01553
  1.67715   1.66029
  1.70788   2.51487
  2.61568   2.08219
  2.13731   1.46915
  1.05805   1.62117
  2.26499   1.03136
  1.02477   2.57144
  2.16077   2.06849
  2.92612   2.89332
  2.73778   1.36937
  2.19938   1.56026
  1.15167  0.365444
  2.95442   2.80859
  2.61282   1.09669
  1.50519   1.88361
   2.2551   2.50389
 0.680882   1.81522
   2.8054   2.77212
  1.63615  0.341476
 0.361785  0.997531
 0.693538   2.53562
 0.646069  0.943949
  1.30045  0.817224
  1.77966   1.73678
  2.71833   1.87921
 0.736595   0.52851
  1.98371   2.16056
 0.576907   1.66171
  2.96422  0.576804
  1.82965  0.761544
 0.348312   2.68566
  1.89988   1.58852
  1.97444   2.14194
  1.11906   2.08378
  1.54043   1.44827
  1.40243   1.38779
 0.307316  0.976935
  2.48534   0.26707
  1.31725   1.96163
  1.37516   1.83534
0.0178702 0.0606288
  1.64772    1.2397
 0.388744    1.3055
  2.79796   2.15783
  2.65787  0.242243
 0.873242   1.97687
  1.46204   2.40762
  2.48864    1.1868
  2.22024   1.64344
  1.39183 0.0561202
 0.571116   2.57175
0.0548973  0.474349
  2.86434   2.85598
   2.2259  0.928077
 0.771337   2.52514
  2.57866   1.76648
  1.95936  0.666868
 0.293056  0.131771
0.0846039   1.23325
 0.433106   2.85227
 0.424187  0.035037
 0.541093   2.33803
  2.29881    1.5724
 0.575115   1.67638
   1.7488  0.885675
0.0662334   1.90603
  2.72097  0.290338
  2.84687  0.451527
  2.85086  0.921148
 0.449678   1.70438
  2.12236   2.62596
  2.61567   2.23195
  1.64559   1.40632
 0.135072  0.862658
 0.451623 0.0101204
   1.2956  0.569548
 0.948212   1.53841
  1.74988   1.14638
  1.51957   1.56971
0.0746876  0.499698
  2.91928    2.4321
  2.21837  0.910398
 0.447752  0.968484
 0.382167  0.889814
  2.02873   1.72827
  2.67101   2.65084
 0.646995  0.325805
0.0222014  0.441958
 0.731523   1.99584
  2.16881   1.61988
  1.82676   1.35992
 0.126401  0.539301
  1.67795   2.93373
 0.142221  0.539532
  2.80512    2.5109
 0.690841    2.7688
  1.82691   2.37226
  0.67088  0.612284
  0.58051   2.70656
  2.22193   2.86204
 0.513429   2.24885
  0.38035  0.444866
  1.65371   2.01279
 0.908622   2.76692
 0.546238   2.73126
  2.13132   1.71475
  2.31574   2.41874
 0.667171  0.437563
  1.07655   2.83625
 0.474786   1.64237
  2.23688  0.473056
  2.43676  0.881038
  2.37915   1.20011
 0.955836  0.222295
  2.33618  0.809255
  0.92181  0.183953
 0.933226   2.45527
  1.30132   2.53651
   2.7528  0.683703
  2.24954   1.17255
  2.17704   2.13916
  1.28753   0.40445
0.00249198   1.62707
 0.460523   2.92267
  1.83122   1.80176
  1.47557   2.67074
  1.34784   2.41792
 0.919187   2.22609
  2.96314  0.229093
  1.72671   2.87438
  2.84725    2.6535
  1.31247   2.70152
   1.9541   1.27624
  2.84156   1.65803
 0.301424  0.786789
 0.666429   1.31683
  1.37812   1.88024
 0.179468   2.83404
  2.25607   2.33449
0.0637081  0.712233
  2.53928   2.44748
  2.93545   2.57024
  2.18147   2.45748
   2.3699   2.47746
  1.32024   1.85286
  2.11232  0.526423
  1.17443   2.93693
  2.89691   1.25595
 0.637627  0.817034
  2.80893   1.80994
   2.7443    2.8383
  1.04174  0.862226
 0.673454   1.86168
  2.40198   1.15416
 0.249015   1.81456
 0.740242  0.582122
  1.77393  0.950942
 0.786429  0.573267
  1.02831   0.64493
  2.72732   2.43202
 0.222242   1.18654
  2.68182   1.20064
  1.43178  0.076757
   2.0857   1.54989
  1.05803  0.442494
  2.26172   2.37519
  2.42732   1.36008
 0.527278   1.55542
0.0858126  0.373742
  1.08266   2.69846
  2.58957   1.68647
 0.434095    2.5349
 0.737198  0.336594
  1.99315   2.28895
 0.731908   2.57512
  2.44113   2.00871
 0.872497   2.29457
 0.956827    2.4696
 0.768249   2.22167
 0.392434  0.694475
  2.73395   2.12855
 0.742855   2.14758
0.0665289   0.73395
 0.853239 0.0346036
  1.12511   1.68089
  1.32221   2.62833
  2.30657  0.292801
  2.60656  0.828635
  2.01834   2.06762
 0.374688   2.23596
   1.9379  0.948877
  2.71257   1.51688
 0.312656   2.91961
 0.348268  0.725322
  0.39793   2.35384
0.00539908     2.345
 0.139661   1.78494
  2.62782   1.95557
 0.990817  0.356861
  1.88792  0.541059
  2.07151  0.835443
   1.0086   2.07461
 0.578888   1.41102
  1.61093   1.60803
 0.168634   2.26494
  1.41388  0.362171
 0.124944  0.108079
  1.59277   1.21344
   1.1098   2.08406
  2.60965   2.52493
 0.587126   1.77283
  2.69197   1.94864
 0.773832   2.65706
 0.434079  0.592404
  1.73826   1.57189
  1.34962   1.99531
 0.834222   1.57783
 0.238043   2.63242
  2.03871 0.0232221
 0.786104   2.59129
  1.18544   2.74765
  2.26757  0.178542
0.0405333   1.33686
  1.53577   1.84958
  2.41153   1.81386
 0.530164   1.47475
  2.85153  0.299556
  2.46983   1.19757
  2.13918  0.274791
  1.28526   1.41257
  1.20376   0.71595
  1.08159   2.10952
  1.99293  0.142707
  0.36966 0.0919706
  2.11542   1.85881
  2.28237  0.240526
  2.00159    2.8283
  1.96865   2.61265
   2.9903   1.91194
  2.89413   1.56503
  2.94484  0.410159
  2.32519   2.53569
  2.89366   1.02586
  2.45088   1.59757
 0.781707   1.73933
  2.66675   2.92277
 0.680589   2.72895
  1.85618  0.461784
  1.00171  0.115521
  2.37407  0.767508
0.0457089   1.44375
0.0597635  0.949068
   1.4672  0.591829
0.0403868  0.790999
 0.349318    1.2957
  2.81392 0.00651685
 0.629423  0.142527
 0.773246  0.271223
  1.70341  0.315546
 0.756302  0.604643
  1.95301   2.35745
 0.711073  0.714378
   2.6684   2.26589
 0.767556  0.297946
  2.39444   1.40047
 0.350509   1.98664
  2.38667   1.81709
 0.566803   1.36648
   1.6182  0.513219
  0.87238   2.38967
  1.23767   1.02309
  1.92796   2.40221
  1.76151   2.49009
 0.474377   1.16594
  1.77893   2.00402
  2.40476   1.86555
0.0944288  0.352238
  1.60636   2.50759
 0.397461   2.84926
  2.85172  0.647824
  1.05415  0.725253
 0.614652   2.38957
  2.87422  0.739305
 0.764094  0.301939
 0.983618   1.82533
  2.39608  0.434015
LINKS_SOURCE_DESTINATION_DISTANCE 1198
     0      1      1
     0      2      1
     0      3      1
     0      5      1
     0     62      1
     0    125      1
     0    155      1
     0    287      1
     0    563      1
     1      0      1
     1     81      1
     1     86      1
     1    163      1
     1    283      1
     2      0      1
     2      4      1
     2      7      1
     2     19      1
     2     22      1
     2    451      1
     2    577      1
     3      0      1
     3     12      1
     3     17      1
     3     42      1
     3     85      1
     3    518      1
     4      2      1
     4     27      1
     4     50      1
     4     83      1
     4    121      1
     5      0      1
     5      6      1
     5     78      1
     5    494      1
     6      5      1
     6      9      1
     6    201      1
     7      2      1
     7      8      1
     7     11      1
     7     13      1
     8      7      1
     8     10      1
     8     14      1
     8     15      1
     8     16      1
     8    206      1
     8    207      1
     9      6      1
     9     30      1
     9    291      1
     9    507      1
    10      8      1
    10     20      1
    11      7      1
    11     21      1
    11     31      1
    11     38      1
    11    167      1
    12      3      1
    12     29      1
    12     92      1
    12    476      1
    12    483      1
    13      7      1
    13     18      1
    13     47      1
    14      8      1
    14     25      1
    14     61      1
    14    156      1
    14    284      1
    15      8      1
    15     45      1
    15    558      1
    16      8      1
    16     71      1
    16    286      1
    16    447      1
    17      3      1
    17     23      1
    17     26      1
    17     32      1
    17     56      1
    17     64      1
    18     13      1
    18     24      1
    18     49      1
    18    102      1
    19      2      1
    19     34      1
    19     36      1
    19     41      1
    19     54      1
    19     94      1
    20     10      1
    20     28      1
    20     99      1
    20    129      1
    20    205      1
    21     11      1
    21    529      1
    22      2      1
    22    336      1
    22    428      1
    23     17      1
    23     33      1
    23    134      1
    24     18      1
    24    314      1
    25     14      1
    25     59      1
    25    150      1
    25    542      1
    25    580      1
    26     17      1
    26     37      1
    26     44      1
    26    368      1
    26    478      1
    27      4      1
    28     20      1
    28     82      1
    28    151      1
    28    422      1
    28    499      1
    29     12      1
    29    302      1
    29    416      1
    30      9      1
    30     39      1
    30    120      1
    31     11      1
    31     35      1
    32     17      1
    32     65      1
    32    225      1
    32    318      1
    32    498      1
    33     23      1
    33     53      1
    34     19      1
    34     40      1
    34     68      1
    34     91      1
    34    301      1
    34    524      1
    34    548      1
    35     31      1
    35     88      1
    35    238      1
    36     19      1
    36    228      1
    37     26      1
    37    237      1
    37    310      1
    37    596      1
    38     11      1
    38     98      1
    38    148      1
    38    414      1
    39     30      1
    39     43      1
    39     48      1
    39     52      1
    40     34      1
    40     51      1
    41     19      1
    41    208      1
    42      3      1
    42     46      1
    42     72      1
    42    197      1
    42    424      1
    43     39      1
    43     69      1
    43     97      1
    43    113      1
    43    439      1
    43    555      1
    44     26      1
    44     67      1
    44    153      1
    44    307      1
    44    371      1
    44    485      1
    45     15      1
    45     60      1
    45    181      1
    45    229      1
    45    347      1
    46     42      1
    46     73      1
    46     84      1
    46    138      1
    46    469      1
    47     13      1
    47    145      1
    48     39      1
    48     75      1
    48    115      1
    48    130      1
    48    192      1
    49     18      1
    49    140      1
    50      4      1
    50     57      1
    50    177      1
    51     40      1
    51    105      1
    52     39      1
    52     55      1
    53     33      1
    53     70      1
    53    116      1
    53    123      1
    53    204      1
    53    278      1
    53    382      1
    54     19      1
    54     58      1
    54    135      1
    55     52      1
    55     74      1
    55    189      1
    55    195      1
    55    276      1
    56     17      1
    56     63      1
    56    354      1
    57     50      1
    57    104      1
    57    235      1
    58     54      1
    58     89      1
    58    344      1
    58    405      1
    59     25      1
    59    117      1
    59    118      1
    59    203      1
    60     45      1
    60     76      1
    61     14      1
    61     77      1
    62      0      1
    62    171      1
    62    173      1
    62    251      1
    62    303      1
    63     56      1
    63    158      1
    64     17      1
    65     32      1
    65     66      1
    65    106      1
    65    160      1
    66     65      1
    66    194      1
    67     44      1
    68     34      1
    68    169      1
    69     43      1
    69    355      1
    70     53      1
    70     87      1
    70    272      1
    70    290      1
    71     16      1
    71    540      1
    72     42      1
    72    436      1
    73     46      1
    73     79      1
    73    570      1
    74     55      1
    74     80      1
    74    111      1
    74    146      1
    75     48      1
    75    100      1
    75    107      1
    75    122      1
    75    200      1
    75    263      1
    75    472      1
    76     60      1
    76    219      1
    76    573      1
    76    579      1
    77     61      1
    77    165      1
    77    383      1
    78      5      1
    78     90      1
    78    212      1
    79     73      1
    79    332      1
    80     74      1
    81      1      1
    81     93      1
    81    325      1
    81    399      1
    82     28      1
    82    279      1
    83      4      1
    83    326      1
    84     46      1
    84    166      1
    84    216      1
    85      3      1
    85    157      1
    85    190      1
    85    199      1
    86      1      1
    86    126      1
    86    186      1
    86    209      1
    86    224      1
    86    437      1
    87     70      1
    87     95      1
    87    363      1
    88     35      1
    88    137      1
    89     58      1
    89    142      1
    89    196      1
    89    553      1
    90     78      1
    90    221      1
    90    306      1
    91     34      1
    91    379      1
    91    556      1
    92     12      1
    92     96      1
    92    103      1
    92    528      1
    93     81      1
    93    112      1
    93    341      1
    94     19      1
    94    108      1
    94    582      1
    95     87      1
    95    144      1
    95    152      1
    95    468      1
    96     92      1
    96    114      1
    97     43      1
    97    101      1
    97    271      1
    97    280      1
    98     38      1
    98    497      1
    99     20      1
    99    434      1
   100     75      1
   100    110      1
   100    241      1
   101     97      1
   102     18      1
   102    324      1
   102    361      1
   103     92      1
   103    214      1
   104     57      1
   104    141      1
   104    449      1
   105     51      1
   105    172      1
   106     65      1
   106    119      1
   106    149      1
   107     75      1
   107    109      1
   107    170      1
   107    317      1
   108     94      1
   108    475      1
   109    107      1
   109    164      1
   109    182      1
   109    454      1
   109    500      1
   110    100      1
   110    127      1
   111     74      1
   112     93      1
   112    211      1
   113     43      1
   114     96      1
   114    124      1
   114    179      1
   115     48      1
   115    131      1
   115    132      1
   115    298      1
   116     53      1
   116    227      1
   116    517      1
   117     59      1
   117    143      1
   118     59      1
   118    257      1
   119    106      1
   119    168      1
   119    463      1
   119    492      1
   119    512      1
   120     30      1
   120    133      1
   120    339      1
   121      4      1
   121    504      1
   122     75      1
   123     53      1
   123    193      1
   123    433      1
   123    590      1
   124    114      1
   125      0      1
   125    175      1
   125    259      1
   125    390      1
   126     86      1
   126    159      1
   126    176      1
   127    110      1
   127    128      1
   127    262      1
   128    127      1
   128    147      1
   128    295      1
   129     20      1
   129    139      1
   129    220      1
   129    246      1
   130     48      1
   131    115      1
   131    161      1
   131    162      1
   131    198      1
   132    115      1
   133    120      1
   133    136      1
   133    174      1
   134     23      1
   134    353      1
   134    400      1
   135     54      1
   135    184      1
   135    413      1
   136    133      1
   136    187      1
   137     88      1
   138     46      1
   139    129      1
   139    154      1
   139    261      1
   139    412      1
   140     49      1
   140    185      1
   140    487      1
   140    513      1
   141    104      1
   141    217      1
   141    236      1
   141    273      1
   142     89      1
   142    180      1
   142    249      1
   142    432      1
   143    117      1
   144     95      1
   145     47      1
   145    448      1
   146     74      1
   147    128      1
   147    202      1
   147    231      1
   148     38      1
   148    564      1
   149    106      1
   149    252      1
   149    267      1
   149    520      1
   150     25      1
   150    215      1
   150    477      1
   151     28      1
   151    191      1
   151    210      1
   151    297      1
   151    367      1
   152     95      1
   153     44      1
   153    444      1
   154    139      1
   155      0      1
   155    240      1
   155    396      1
   156     14      1
   156    365      1
   156    402      1
   157     85      1
   158     63      1
   158    178      1
   158    256      1
   159    126      1
   159    510      1
   160     65      1
   160    281      1
   160    406      1
   160    503      1
   161    131      1
   161    223      1
   162    131      1
   162    285      1
   162    340      1
   163      1      1
   164    109      1
   165     77      1
   166     84      1
   167     11      1
   168    119      1
   169     68      1
   169    258      1
   169    392      1
   169    481      1
   169    541      1
   170    107      1
   171     62      1
   171    183      1
   171    188      1
   171    385      1
   172    105      1
   173     62      1
   173    218      1
   174    133      1
   174    253      1
   174    395      1
   174    474      1
   175    125      1
   176    126      1
   177     50      1
   177    519      1
   178    158      1
   178    456      1
   179    114      1
   179    255      1
   179    335      1
   180    142      1
   181     45      1
   181    226      1
   181    419      1
   182    109      1
   182    315      1
   182    388      1
   183    171      1
   183    242      1
   184    135      1
   185    140      1
   185    304      1
   186     86      1
   187    136      1
   187    296      1
   188    171      1
   189     55      1
   190     85      1
   191    151      1
   192     48      1
   193    123      1
   193    342      1
   193    360      1
   194     66      1
   195     55      1
   195    327      1
   195    509      1
   196     89      1
   197     42      1
   198    131      1
   198    442      1
   198    459      1
   199     85      1
   199    234      1
   199    268      1
   200     75      1
   201      6      1
   202    147      1
   202    260      1
   203     59      1
   203    232      1
   203    294      1
   203    526      1
   204     53      1
   204    330      1
   204    440      1
   205     20      1
   206      8      1
   206    247      1
   207      8      1
   208     41      1
   208    213      1
   208    239      1
   208    410      1
   209     86      1
   209    222      1
   209    364      1
   209    381      1
   209    488      1
   209    534      1
   210    151      1
   211    112      1
   211    244      1
   211    443      1
   211    544      1
   212     78      1
   213    208      1
   213    445      1
   214    103      1
   214    377      1
   215    150      1
   216     84      1
   217    141      1
   217    334      1
   218    173      1
   219     76      1
   219    588      1
   219    597      1
   220    129      1
   220    300      1
   220    305      1
   220    574      1
   221     90      1
   221    343      1
   221    578      1
   222    209      1
   222    233      1
   223    161      1
   224     86      1
   224    230      1
   224    245      1
   224    292      1
   225     32      1
   226    181      1
   226    299      1
   226    321      1
   227    116      1
   228     36      1
   228    243      1
   228    514      1
   229     45      1
   230    224      1
   230    566      1
   231    147      1
   232    203      1
   232    254      1
   232    264      1
   232    274      1
   232    308      1
   233    222      1
   233    349      1
   234    199      1
   234    248      1
   234    523      1
   235     57      1
   236    141      1
   237     37      1
   238     35      1
   238    417      1
   238    532      1
   238    581      1
   239    208      1
   239    265      1
   240    155      1
   240    538      1
   241    100      1
   241    401      1
   242    183      1
   242    328      1
   243    228      1
   243    250      1
   243    535      1
   244    211      1
   244    338      1
   244    460      1
   245    224      1
   245    270      1
   245    370      1
   245    394      1
   246    129      1
   246    398      1
   246    457      1
   247    206      1
   247    322      1
   247    430      1
   247    587      1
   248    234      1
   249    142      1
   250    243      1
   250    282      1
   251     62      1
   251    438      1
   252    149      1
   252    288      1
   252    320      1
   252    527      1
   253    174      1
   254    232      1
   254    269      1
   254    490      1
   255    179      1
   255    345      1
   255    470      1
   255    549      1
   256    158      1
   257    118      1
   257    275      1
   258    169      1
   258    293      1
   258    309      1
   258    515      1
   259    125      1
   259    333      1
   260    202      1
   260    467      1
   260    576      1
   261    139      1
   261    266      1
   261    376      1
   261    397      1
   261    530      1
   262    127      1
   262    277      1
   263     75      1
   263    420      1
   264    232      1
   264    408      1
   265    239      1
   266    261      1
   267    149      1
   267    557      1
   268    199      1
   269    254      1
   270    245      1
   271     97      1
   272     70      1
   272    545      1
   273    141      1
   273    427      1
   274    232      1
   274    289      1
   274    331      1
   275    257      1
   276     55      1
   276    505      1
   277    262      1
   277    316      1
   278     53      1
   279     82      1
   279    319      1
   279    348      1
   280     97      1
   281    160      1
   281    464      1
   282    250      1
   282    461      1
   283      1      1
   283    429      1
   284     14      1
   284    346      1
   284    411      1
   285    162      1
   285    522      1
   286     16      1
   286    373      1
   286    568      1
   287      0      1
   288    252      1
   288    311      1
   288    599      1
   289    274      1
   289    479      1
   290     70      1
   291      9      1
   292    224      1
   293    258      1
   293    484      1
   294    203      1
   294    572      1
   295    128      1
   295    337      1
   296    187      1
   296    550      1
   296    567      1
   297    151      1
   298    115      1
   299    226      1
   300    220      1
   300    358      1
   300    480      1
   301     34      1
   301    312      1
   301    366      1
   302     29      1
   302    591      1
   303     62      1
   303    313      1
   304    185      1
   304    384      1
   304    455      1
   305    220      1
   305    352      1
   305    501      1
   306     90      1
   306    466      1
   307     44      1
   307    473      1
   308    232      1
   308    458      1
   309    258      1
   309    441      1
   310     37      1
   311    288      1
   311    357      1
   311    359      1
   311    378      1
   311    421      1
   312    301      1
   312    425      1
   312    571      1
   313    303      1
   314     24      1
   314    369      1
   314    431      1
   314    562      1
   315    182      1
   315    329      1
   315    387      1
   316    277      1
   316    409      1
   317    107      1
   318     32      1
   319    279      1
   319    493      1
   319    511      1
   320    252      1
   321    226      1
   321    323      1
   321    351      1
   321    462      1
   321    586      1
   322    247      1
   322    546      1
   323    321      1
   324    102      1
   325     81      1
   326     83      1
   327    195      1
   328    242      1
   328    362      1
   329    315      1
   330    204      1
   331    274      1
   331    350      1
   332     79      1
   333    259      1
   334    217      1
   335    179      1
   335    391      1
   336     22      1
   337    295      1
   337    516      1
   338    244      1
   338    393      1
   339    120      1
   339    356      1
   339    489      1
   340    162      1
   340    495      1
   341     93      1
   341    375      1
   341    404      1
   341    496      1
   342    193      1
   342    386      1
   343    221      1
   344     58      1
   345    255      1
   345    559      1
   346    284      1
   347     45      1
   347    374      1
   348    279      1
   348    380      1
   348    446      1
   349    233      1
   350    331      1
   350    418      1
   351    321      1
   352    305      1
   353    134      1
   354     56      1
   355     69      1
   356    339      1
   357    311      1
   358    300      1
   359    311      1
   360    193      1
   360    450      1
   360    482      1
   361    102      1
   361    598      1
   362    328      1
   363     87      1
   363    372      1
   363    565      1
   364    209      1
   364    465      1
   365    156      1
   366    301      1
   367    151      1
   367    593      1
   368     26      1
   369    314      1
   370    245      1
   370    554      1
   371     44      1
   372    363      1
   373    286      1
   373    585      1
   374    347      1
   375    341      1
   375    453      1
   376    261      1
   377    214      1
   378    311      1
   379     91      1
   380    348      1
   381    209      1
   382     53      1
   383     77      1
   383    569      1
   384    304      1
   385    171      1
   385    415      1
   386    342      1
   386    552      1
   387    315      1
   387    389      1
   388    182      1
   388    426      1
   389    387      1
   389    407      1
   390    125      1
   391    335      1
   392    169      1
   393    338      1
   394    245      1
   395    174      1
   395    533      1
   396    155      1
   397    261      1
   398    246      1
   398    403      1
   399     81      1
   399    423      1
   400    134      1
   400    452      1
   401    241      1
   402    156      1
   403    398      1
   404    341      1
   404    592      1
   405     58      1
   405    508      1
   406    160      1
   407    389      1
   407    561      1
   408    264      1
   409    316      1
   410    208      1
   411    284      1
   412    139      1
   413    135      1
   414     38      1
   415    385      1
   416     29      1
   417    238      1
   418    350      1
   419    181      1
   420    263      1
   421    311      1
   422     28      1
   423    399      1
   424     42      1
   424    506      1
   425    312      1
   426    388      1
   426    435      1
   427    273      1
   428     22      1
   429    283      1
   430    247      1
   431    314      1
   432    142      1
   433    123      1
   434     99      1
   434    537      1
   435    426      1
   435    486      1
   436     72      1
   437     86      1
   438    251      1
   439     43      1
   440    204      1
   441    309      1
   442    198      1
   443    211      1
   443    543      1
   444    153      1
   444    471      1
   445    213      1
   446    348      1
   447     16      1
   448    145      1
   449    104      1
   450    360      1
   451      2      1
   452    400      1
   453    375      1
   454    109      1
   455    304      1
   456    178      1
   456    583      1
   457    246      1
   458    308      1
   459    198      1
   459    531      1
   460    244      1
   461    282      1
   462    321      1
   463    119      1
   463    502      1
   464    281      1
   465    364      1
   466    306      1
   467    260      1
   468     95      1
   469     46      1
   470    255      1
   470    521      1
   471    444      1
   472     75      1
   473    307      1
   474    174      1
   475    108      1
   476     12      1
   477    150      1
   478     26      1
   479    289      1
   480    300      1
   481    169      1
   482    360      1
   482    525      1
   483     12      1
   484    293      1
   485     44      1
   486    435      1
   487    140      1
   488    209      1
   489    339      1
   489    491      1
   490    254      1
   491    489      1
   492    119      1
   493    319      1
   494      5      1
   495    340      1
   496    341      1
   497     98      1
   498     32      1
   499     28      1
   500    109      1
   500    589      1
   501    305      1
   502    463      1
   503    160      1
   504    121      1
   505    276      1
   506    424      1
   507      9      1
   507    536      1
   508    405      1
   509    195      1
   510    159      1
   511    319      1
   512    119      1
   513    140      1
   513    575      1
   514    228      1
   515    258      1
   516    337      1
   517    116      1
   518      3      1
   518    539      1
   519    177      1
   520    149      1
   521    470      1
   522    285      1
   523    234      1
   524     34      1
   525    482      1
   526    203      1
   527    252      1
   528     92      1
   529     21      1
   530    261      1
   531    459      1
   532    238      1
   533    395      1
   534    209      1
   535    243      1
   536    507      1
   536    560      1
   537    434      1
   538    240      1
   538    547      1
   539    518      1
   540     71      1
   541    169      1
   542     25      1
   543    443      1
   543    551      1
   544    211      1
   545    272      1
   546    322      1
   547    538      1
   548     34      1
   549    255      1
   550    296      1
   551    543      1
   552    386      1
   552    584      1
   553     89      1
   553    594      1
   554    370      1
   555     43      1
   556     91      1
   557    267      1
   558     15      1
   559    345      1
   560    536      1
   561    407      1
   562    314      1
   563      0      1
   564    148      1
   565    363      1
   566    230      1
   567    296      1
   568    286      1
   569    383      1
   570     73      1
   571    312      1
   572    294      1
   573     76      1
   574    220      1
   575    513      1
   576    260      1
   577      2      1
   578    221      1
   578    595      1
   579     76      1
   580     25      1
   581    238      1
   582     94      1
   583    456      1
   584    552      1
   585    373      1
   586    321      1
   587    247      1
   588    219      1
   589    500      1
   590    123      1
   591    302      1
   592    404      1
   593    367      1
   594    553      1
   595    578      1
   596     37      1
   597    219      1
   598    361      1
   599    288      1
