COORD_X_Y 100
 0.653287   2.82411
  1.33555   1.41613
  2.96185  0.808718
  2.93686   0.24875
   1.7421   2.29791
   1.2193   2.50185
  2.11812   1.09616
  2.68738   2.39375
 0.680667  0.989175
 0.891817   1.58246
  1.78793   2.70864
  2.84733  0.794745
  0.17433   1.82675
0.0721944  0.898478
  1.58082   1.06873
  2.73503   2.60886
 0.680337   2.43192
  1.00333  0.425826
 0.405555   2.51605
  1.09186   1.84231
 0.403447   1.65983
  1.99765  0.665953
  1.55294  0.846663
 0.197161   2.70367
0.0535511   2.44965
  1.14996   2.84814
  1.00995    2.8084
  1.67498  0.368006
  1.31978  0.554068
  1.58614    1.8959
 0.954704  0.427046
 0.198083   2.02936
   2.2663   2.30852
  2.35449   1.97178
 0.520852   1.46625
   1.4309   2.27426
 0.862092 0.0681104
  2.04835  0.587305
  1.70658   2.15492
 0.145065   2.15629
   1.6633   0.82763
  1.62147   1.38223
   2.5796  0.338155
  1.68274   2.76118
  1.44074   2.99306
  2.79331   2.49214
 0.594719   2.40454
  2.83134   1.15115
0.0256415   1.51242
 0.778193  0.789437
 0.743133  0.368298
     1.74   2.97071
 0.958775   1.66983
  2.54414   2.25196
  1.80903  0.878644
  1.21733   2.13501
  1.00857   2.89009
  1.54208   1.14456
 0.807114   1.71109
  2.64234   2.72786
 0.645571   2.35319
  1.55967   2.32857
 0.261656   2.00908
  1.23701   1.72196
 0.791513 0.0323497
  1.29157   1.61881
 0.689768    1.6458
  2.01169   2.93322
  1.77136  0.846977
  1.89157  0.699738
 0.382767  0.632214
   2.8529   2.86536
  2.96622   2.97801
  1.07462   2.35647
  1.92671    2.0965
  1.37594   1.59566
  2.31613   2.47833
  1.61819   2.36093
  2.88689   1.62073
  1.34732    2.3842
  1.38381   2.57133
  1.95902   2.22281
  2.93007   1.82412
 0.349026   2.45331
 0.862425  0.872863
  1.10971   2.48157
 0.226941  0.736382
   1.5884    0.8878
  1.48278  0.430632
 0.386928   2.32752
 0.972754   0.62301
  1.57143  0.986939
  1.00796   2.91447
   1.0936   2.11427
  1.49835  0.894797
 0.971227   2.05896
  2.24173   1.89581
 0.143034   1.94565
  1.37499   1.43757
  2.64498   2.38028
LINKS_SOURCE_DESTINATION_DISTANCE 198
     0      1      1
     0      2      1
     0      9      1
     0     15      1
     0     23      1
     0     28      1
     0     45      1
     1      0      1
     1      3      1
     1      4      1
     1      6      1
     1      7      1
     2      0      1
     2      8      1
     3      1      1
     3      5      1
     3     16      1
     3     55      1
     4      1      1
     4     10      1
     4     31      1
     5      3      1
     5     13      1
     5     32      1
     5     35      1
     6      1      1
     6     12      1
     6     49      1
     6     68      1
     7      1      1
     7     11      1
     7     18      1
     7     81      1
     7     97      1
     8      2      1
     8     34      1
     9      0      1
     9     46      1
     9     47      1
    10      4      1
    10     19      1
    10     22      1
    10     33      1
    10     37      1
    10     84      1
    11      7      1
    11     24      1
    11     27      1
    11     30      1
    11     60      1
    12      6      1
    12     50      1
    13      5      1
    13     14      1
    13     20      1
    13     41      1
    13     62      1
    14     13      1
    14     69      1
    14     93      1
    15      0      1
    15     39      1
    15     43      1
    15     48      1
    15     59      1
    15     66      1
    16      3      1
    16     17      1
    16     21      1
    16     26      1
    16     86      1
    17     16      1
    18      7      1
    18     29      1
    18     54      1
    18     75      1
    18     82      1
    19     10      1
    19     25      1
    20     13      1
    20     40      1
    21     16      1
    21     61      1
    22     10      1
    22     36      1
    23      0      1
    23     83      1
    24     11      1
    24     65      1
    25     19      1
    25     38      1
    25     51      1
    25     63      1
    25     64      1
    26     16      1
    26     72      1
    27     11      1
    28      0      1
    29     18      1
    29     71      1
    30     11      1
    30     52      1
    31      4      1
    32      5      1
    32     57      1
    33     10      1
    33     70      1
    34      8      1
    34     89      1
    35      5      1
    36     22      1
    36     92      1
    37     10      1
    37     53      1
    37     94      1
    38     25      1
    38     42      1
    38     99      1
    39     15      1
    39     78      1
    40     20      1
    40     44      1
    41     13      1
    41     88      1
    42     38      1
    42     58      1
    43     15      1
    44     40      1
    45      0      1
    46      9      1
    46     96      1
    46     98      1
    47      9      1
    47     77      1
    48     15      1
    48     85      1
    49      6      1
    50     12      1
    50     74      1
    51     25      1
    51     56      1
    52     30      1
    53     37      1
    54     18      1
    54     76      1
    55      3      1
    56     51      1
    57     32      1
    58     42      1
    59     15      1
    60     11      1
    61     21      1
    62     13      1
    62     67      1
    62     73      1
    63     25      1
    64     25      1
    65     24      1
    66     15      1
    67     62      1
    68      6      1
    68     80      1
    69     14      1
    70     33      1
    70     95      1
    71     29      1
    72     26      1
    73     62      1
    74     50      1
    75     18      1
    75     90      1
    75     91      1
    76     54      1
    77     47      1
    77     79      1
    78     39      1
    79     77      1
    79     87      1
    80     68      1
    81      7      1
    82     18      1
    83     23      1
    84     10      1
    85     48      1
    86     16      1
    87     79      1
    88     41      1
    89     34      1
    90     75      1
    91     75      1
    92     36      1
    93     14      1
    94     37      1
    95     70      1
    96     46      1
    97      7      1
    98     46      1
    99     38      1
