COORD_X_Y 800
  2.55705   1.55157
 0.908698   1.11418
  1.28051  0.485215
  1.11325   1.49739
  2.12758  0.212522
  2.70991  0.912039
  1.26479   1.33884
 0.185431   2.54039
  2.59741  0.199409
  2.81332   1.06031
  1.90504   2.89541
   1.7364  0.960737
  1.43124  0.788353
  2.32912   1.85728
  2.73554   1.19602
   1.1437  0.663451
  2.82837   1.24721
  1.17645  0.735521
  2.85304   1.09977
  1.02372   1.45342
  2.23377  0.596107
 0.942168   2.15679
   2.6495   2.59868
  1.08922   2.53432
  2.12499   1.55928
0.0890544   1.38293
  1.92573   1.53154
 0.543216    2.4044
 0.226741   2.33988
  2.45389   1.84662
 0.849478  0.896597
  2.70742  0.856283
 0.212447   1.13385
 0.710361    1.2436
  1.99948   0.58553
 0.760109   2.31968
  1.99043  0.155759
  1.15623   1.54771
 0.447667    1.9444
  2.87522  0.987493
  1.21625   1.38917
  2.63812   1.56269
  1.40791   1.18029
 0.138152   2.15487
 0.159536  0.572904
  1.31301   2.32147
  0.56492  0.915762
  2.06655   2.52781
  2.02459  0.209406
  2.54975  0.300309
  2.92032   1.12569
  0.98058   2.18706
  2.59119   1.45588
  1.88058   1.66487
0.0432193  0.885639
  2.48389   2.39257
  1.33043    1.1712
  2.37408   2.83784
  1.95211   1.35288
  1.24409    2.0728
   1.2999   1.73948
  1.30603   2.62597
  1.98499   2.45903
  2.92506   1.97736
  2.45357   2.13567
  0.62006   1.12205
  1.93704  0.504855
  2.01486   2.01641
  2.10634   1.49523
 0.160235   0.76163
  2.63282  0.614095
  2.07225   1.81337
  1.74001   1.35348
  1.92255  0.932239
  2.95046 0.0407152
  1.01475   1.28008
  1.81301   1.53347
  1.89652   1.11846
  2.51576 0.0872137
 0.324011   1.11383
 0.849617  0.424094
  1.94284   2.63175
  2.79343   2.85861
  2.72959   2.92927
    1.914   2.51584
  1.75784   1.33986
 0.366852  0.861605
 0.327652   2.75489
  2.44275   1.94943
  1.53531   1.27889
 0.253651   1.13692
 0.276194  0.525834
  1.52893   2.00072
  2.67596   1.56037
  2.76765   2.73368
 0.397414   1.27257
  1.66755   1.22576
 0.803182    1.5316
  2.64215 0.0400719
   2.7347   2.10854
  2.60757  0.550399
  2.44983  0.326356
 0.532743   1.31277
   1.5486   2.77032
  1.80734  0.419004
 0.500723   1.66735
  2.61911   1.06121
 0.273327  0.617435
    2.279   2.16444
 0.278602   2.94631
  2.55083  0.741501
  2.84442   1.31558
   2.5079   2.26227
 0.685182   2.15149
  2.63704    1.6581
  1.38245  0.791272
  1.44337   1.39029
 0.446509   1.53331
 0.595682   1.09677
  1.78664 0.0918544
  2.14694   2.30316
 0.283747   1.13641
 0.667363   0.83116
  1.07004  0.711275
  1.57814   1.23538
  1.43817   2.02199
  2.04351   0.47395
 0.531121   2.12468
  0.91993  0.510176
   2.8825   1.12447
 0.441095   1.59968
 0.578058   1.02455
  2.41252  0.180856
0.0286158   2.88454
 0.321618  0.902263
  1.92429  0.530797
 0.454788 0.0479008
  1.68756   2.88715
 0.127993   2.63979
  2.79779  0.862253
  1.92426   1.06101
 0.245959 0.0249997
 0.304042   2.42032
  1.95421 0.0725617
  1.99209  0.746285
  2.29283    0.8083
 0.120275   1.12687
  1.11243  0.128388
0.0322352   1.98957
 0.134949   2.84577
  1.94183   2.66733
   1.2172  0.305036
  2.86035   1.88894
  0.68476  0.574005
  1.14533    2.7231
     2.69  0.294449
  2.04089   2.00043
  1.29859   1.61483
  1.11229  0.136464
  2.02205  0.538789
  2.49282   2.03559
 0.124963   2.98262
  2.31047   1.52805
  1.55721  0.722711
  1.10652  0.773943
  1.56935   0.64553
 0.670934  0.011143
 0.223494   2.57539
  1.97766    1.8939
  1.22056   2.37291
  2.58223    2.5315
  1.72346   2.73755
  2.97736   1.23509
  2.90027   1.22835
  1.66261   1.26419
  1.78943   2.60242
  1.45055   2.86971
  2.37283   2.20215
  1.14359   1.09451
  2.98787   2.69703
 0.343558   2.51194
  1.81273   2.81503
  1.97979   2.36145
  2.91879  0.536302
 0.460185   2.04046
 0.648636  0.788078
  2.97626   1.65927
  2.71465   1.92935
  1.28841   2.30204
  1.18158   1.57649
  2.19628   2.93058
 0.901803   2.48442
 0.872892     1.195
  1.76748   0.31375
  2.86567  0.707864
  2.32932  0.638532
   1.0785   2.71888
  1.05764  0.421446
   1.2333   1.36899
   2.8189   0.49709
  2.37829   1.21332
  2.67517   2.88951
  2.50009   1.12116
  1.23459   1.44715
  2.70026  0.573174
  1.46139   1.01182
  1.34664  0.829793
  1.23422   1.85734
  1.01897   1.75828
  2.59774  0.234987
  1.24516   1.92725
  2.11585  0.792834
  2.54042  0.574011
 0.360629   2.69651
  2.96664   0.87282
  1.85318  0.813375
  1.80083  0.566302
  0.21944  0.496402
 0.157439   2.94434
 0.798049    1.0894
  1.10318   1.34029
  1.24924   1.17108
 0.563094   2.41674
 0.774067   2.28843
  2.80177   1.97346
  1.65602   2.48581
  2.89352   1.08675
  2.16732 0.0300388
  2.83955   1.73431
 0.407124  0.304661
   1.9493  0.386494
  1.95152   2.29826
 0.529659  0.774499
 0.741586  0.999142
 0.690449   2.32667
 0.262031   2.12826
  2.72703  0.190364
 0.767965   2.10438
  2.21643  0.440622
 0.165795   1.92123
0.0106005  0.881135
  2.95604   1.38729
  1.96617   1.50425
  2.07066   1.32978
 0.495086   1.93185
0.0151657   2.98031
   1.5271   2.39954
  2.15981  0.388345
0.0164996    1.9226
 0.149757   2.61902
  1.02384   1.34412
 0.755782   1.89219
  1.19404   0.51392
 0.860267    2.4408
  1.91516   1.08025
   0.1611   2.24539
 0.738079   2.15013
  2.47788   2.00376
  2.89242   2.59622
0.0217751   1.89907
  0.31245   1.42502
  1.90722   2.56008
 0.706142   2.89737
  2.10893 0.0448414
  1.31075   2.73485
  2.96413   2.29034
  2.08648   2.50476
  0.37497   2.32407
  2.81682   1.86014
 0.614897   1.54644
  2.06055  0.188281
  1.58656   1.01649
   1.4281  0.685936
  1.48994  0.248779
  2.86284  0.684678
  1.15737   0.92523
  1.75783  0.698239
  1.20558   1.69377
  0.68848  0.435604
 0.115173   1.17235
 0.203425    1.9355
 0.834567   2.26978
  2.93781   1.93522
  2.96321   1.06937
  2.64581   1.09378
  1.01229   2.11752
   2.6696   1.97581
  2.00522   2.32804
0.00644735  0.902002
  1.44782  0.538421
 0.126245   2.48081
  1.33409    2.8105
 0.317795   2.83129
  2.69182 0.0308474
  2.50194   2.14619
 0.154816   2.71579
 0.737769   1.00228
 0.789577   2.57122
  1.01434   1.00528
  0.60222  0.328323
  2.72005    2.2501
 0.108426   2.77328
 0.287598   1.11751
   1.3937  0.603678
 0.451096   2.31705
 0.146654    2.1565
  2.94031   2.50942
 0.977544   2.46254
  2.99735   2.10945
  2.99358  0.716141
   1.8022  0.723595
 0.666956   1.32737
  1.93323  0.358726
   1.5327  0.240872
  1.67699   1.01554
  1.58803   2.35213
 0.190721   2.69116
  1.34432   2.46548
  2.24095  0.342422
  2.51635   2.02596
  1.31421   2.52946
  2.89991  0.319915
  0.52062   1.23144
 0.813534   1.69402
0.0451447  0.188559
 0.792484   2.53598
  2.84312  0.941347
  2.54819   1.80905
 0.351995   1.70931
  2.10885    2.8288
  2.36468  0.738111
  2.64381   2.18247
  2.81732   1.07841
  2.02507   2.64324
 0.492798  0.227663
   1.5519   2.90339
  1.37523    2.1558
  1.64193   1.11354
  2.04484   1.18481
 0.283788    2.3776
   1.7383   2.71091
   1.0704   1.63156
  0.93874   1.60419
  1.89594   1.39453
 0.120285  0.755242
  2.53492   1.76881
 0.720435  0.268411
  2.32091   1.10533
 0.102018  0.822577
  1.17039  0.735623
  1.31336   2.59977
   2.8474   2.48046
  2.54462   1.72989
  1.10449  0.659306
 0.452335   1.82914
 0.573726   1.83245
  1.75072   2.84817
  2.10916   2.03025
   1.9236   1.63181
  1.62432  0.738682
 0.347979  0.248478
  1.96728   2.27739
 0.835501   0.19286
  1.04101 0.0849712
  2.68033   2.71283
 0.516926  0.212013
   2.3731   1.21153
   1.9561   1.16635
  1.41879   2.75655
  1.32261   1.80569
  2.14046   0.56734
  2.02386   1.97319
  2.58545   2.49369
   1.4291  0.542903
  2.54953   2.79962
  1.70464   1.80971
  1.38079    2.5095
  2.60018   1.86152
 0.313738   1.92211
  2.08117   2.04179
  1.58133   1.76899
  2.24117   2.81263
  1.06633  0.296325
  2.57821    1.8944
 0.672281  0.662412
 0.719081 0.0131092
  0.95279   2.37042
  1.83053   1.70058
  1.94768   1.42228
  1.78147   2.97955
  2.84716   1.61876
  2.38191   2.38438
 0.917054  0.326655
  2.57073   1.66895
  2.27499   2.55748
 0.451574  0.517363
 0.727627   2.58811
  1.17456  0.356891
  2.84354    2.4471
  2.48882  0.279637
 0.878274 0.0420053
  1.94606   1.97251
  0.75033   1.32655
  1.78805   2.60116
  1.78356 0.0247679
  1.75692  0.979844
 0.357314  0.825904
  1.25842     0.252
  2.71183   2.58569
  2.00497   1.87893
   2.0882    0.9572
   2.0494   1.39192
  2.74762   1.79108
  1.79834     2.105
  2.19787   2.00179
  2.03644  0.592982
 0.547793  0.406162
  2.73688  0.308054
 0.490574  0.701326
  0.82361   1.37293
 0.509927   1.07577
  2.93494   1.46393
  1.11167    1.5891
 0.719505   1.89639
 0.360752  0.820056
  2.58764   2.92272
 0.393363  0.618186
  2.71729  0.788202
  1.15513   2.53548
  2.04474   1.22288
  0.46513  0.304517
  2.99406   1.45193
  1.50345  0.452445
 0.400098  0.169303
  2.99921   1.01043
 0.778608   2.94371
  1.66261   2.02382
   2.4786   2.86375
  1.05868   1.12837
  2.36917   2.40755
  1.85229   2.96371
  1.23516 0.0458468
   2.9205   1.95086
 0.854918   1.63285
  1.37375  0.224871
  2.90337   1.79609
  2.25689 0.0147949
 0.504757   1.49869
  2.28234   1.60943
 0.595414   1.75185
 0.711559   1.21503
  2.59727     1.084
  1.50456   2.82338
   1.3975   1.36999
  2.54393   2.28045
 0.807124   2.40573
  1.24154  0.606954
  2.67044   2.35287
0.0615186   1.94847
  1.41578   1.62981
  1.34135   0.32827
0.0726617   2.39324
  1.08304   2.66527
  2.45283  0.979623
  2.08616   1.53132
  2.94539    2.1386
 0.452085   1.66569
  2.11955   1.78821
   0.7487   1.19975
  1.81474   1.43795
 0.266674   1.78793
  1.17422   2.41387
  1.35413   1.01698
 0.829369  0.306424
  2.24265  0.149322
  2.26763    1.8231
  2.05401   2.83769
  1.61583   1.76652
  1.37886   0.60201
  1.32201  0.813465
 0.961061   2.97567
 0.986027 0.0718825
  2.25421  0.590878
  2.15873  0.538159
  1.43683 0.0814875
  2.65148   1.93517
 0.402456   2.58343
  1.55306   1.40061
 0.227338   1.30455
  1.65837   1.44204
  2.59763  0.434405
 0.446901   0.96911
  2.34841   1.93639
 0.898601 0.0302383
  1.40873   2.02552
  1.01055   2.47591
 0.802412  0.451257
  2.15688   0.37335
  1.92622   2.51088
  2.78032   2.25685
  2.53058  0.128624
   1.0648   1.73024
  2.77253   2.43532
   2.1819 0.0209724
 0.691674  0.445092
 0.365531   1.60306
 0.626198   2.66488
 0.593926   2.53525
  2.11497  0.553693
  1.82273  0.653292
0.0397029  0.378341
  2.99983   1.20592
  2.87154   2.54006
  1.46946  0.528827
  1.25706   1.50217
  1.11543  0.975499
 0.701289   1.41016
 0.813128  0.119284
  2.15207   1.07444
  2.89694   2.84341
  0.93137   2.00555
  2.52659  0.496478
  1.72809  0.634649
0.0360672 0.0739189
  1.13934   1.26138
  1.54754    2.8053
  1.87829  0.851504
  1.16009   1.54371
0.0783833   2.49229
0.0836422   1.38864
  1.98741   1.65525
 0.633433  0.760837
  2.21325   1.72524
 0.402882   2.46039
  2.41027 0.0563966
0.00680661   2.66182
 0.149365   2.69017
  2.14287   1.04473
  0.10209   2.15377
  1.42915  0.508294
  1.93682   1.40318
 0.764069   1.62087
 0.175462    0.7447
  1.27737  0.267458
  0.56063   2.65974
0.0364305   1.83379
  0.40446   2.87404
  1.90216  0.475999
  0.61587   1.17868
 0.742745  0.554277
  2.47682  0.100475
   0.7055   2.18093
  1.32556   1.96963
  2.54515   1.50051
 0.790972  0.783219
  1.75689   2.53211
  1.13839    1.7527
  1.51034  0.799346
 0.605953   1.74135
  1.26775   2.57758
  2.76295    1.9553
  1.35063   1.25772
  1.83036   2.83473
  1.30016   1.96001
 0.077623   2.31969
  1.01969  0.575115
  1.01886   1.93709
 0.238743   1.87992
0.0618872    1.3098
  1.29104   2.55412
  2.60846   1.70866
   1.7557   1.34717
  1.38138   2.42128
  0.78589 0.0267045
 0.312857   2.09136
 0.478469    2.5533
 0.806504   2.95288
  1.43062   2.21894
 0.895859    2.9477
  2.59627   1.48487
  1.96172   1.37871
 0.902546   2.55236
  2.36921     2.767
  2.61499  0.388037
   1.1834  0.519038
 0.847914    1.6531
  1.66558   1.39533
 0.895661   2.23949
 0.786356   2.60499
  2.02362   2.90431
 0.801057   2.24051
  2.99161   2.83755
  2.96946   1.78902
 0.094563   2.56115
  2.04292 0.0219846
 0.836682   1.79596
 0.879677   1.31194
  1.55829   1.29613
 0.887556    2.7754
  1.16519 0.0541654
  2.96953   2.95203
 0.285304  0.824229
  1.46966    1.2668
 0.107688   2.92938
   2.4637  0.890661
 0.457565   2.38133
 0.723428   1.22428
  2.76967   2.02327
  1.12163  0.803285
  2.48848   2.73516
 0.473728  0.264475
  2.06471   1.56878
  2.43517   1.55039
 0.646231  0.237858
  1.08845   2.25828
  2.74059  0.597322
 0.256842  0.269162
0.0281212   1.70346
  2.00627   1.08326
  2.16178   0.59938
 0.111489   1.48969
0.0814908  0.127379
  2.18969   1.02807
 0.667198  0.792502
    2.026   1.66936
 0.065983   2.55597
  1.34074   2.14323
  1.29128 0.0994828
  2.89238   2.16049
  2.31672   1.14382
  1.67352   1.43669
 0.797273  0.264757
  2.29086   1.87739
  2.30693    1.4291
  2.07258  0.150204
  2.31494  0.766625
 0.838861  0.181201
  1.21498     1.662
   2.4969   1.22921
  1.32788   2.11744
  1.42808   1.97558
 0.428181   2.38269
    2.977   1.86462
  1.78258  0.499275
  1.55836   2.77703
0.00549382   2.66183
  2.53771   0.79657
 0.385007   2.48433
  2.90884   1.54811
  2.86458   2.83779
  1.46369   1.13353
  2.33366   2.86772
  1.31328   2.66535
  2.08377   2.82117
  1.21822   1.48707
  1.53176  0.416318
 0.431302   2.77762
  0.89522   1.13746
  1.31782  0.605186
 0.903802  0.543497
  1.11765   1.53586
 0.536029  0.822887
  2.97478   1.35748
  0.28135  0.947129
  1.73822   1.00853
  2.34016   2.99235
 0.416994   2.30946
  2.07044  0.537881
0.0618084   2.38949
  1.43078   2.35209
  2.52234   2.91208
 0.483356  0.516337
 0.583964   2.85501
  2.67087   1.58211
 0.444895   2.40866
  2.74453   2.70341
  2.02028   1.40418
  2.30529   1.85661
 0.465825   2.63131
   2.6279   2.17075
 0.672515   2.13599
  1.87312   1.43124
 0.609672   1.83335
 0.786438   2.16054
 0.629671  0.257776
 0.320976   2.76258
  1.88308  0.735981
  1.54154  0.722849
   1.9325   2.55743
 0.576944   1.12364
  1.82858   1.54082
  1.49375  0.421733
  2.26607 0.0583799
  1.79389   1.37384
  2.21485   1.18795
  1.01656   2.97044
 0.769642   2.75468
 0.516549    1.5332
   1.8353   0.96014
  1.77537   1.45247
  2.06138   2.62848
 0.331813  0.532246
  1.11215  0.303056
    2.631   2.07777
  0.80137   2.74722
  2.71076   2.66304
  1.35444   2.87511
  1.00506   2.17125
  1.83843  0.921715
  1.80206   1.71691
  1.17416 0.0429225
  1.29346   1.20579
  1.95313   1.41275
  1.23344  0.209951
  2.69898  0.717699
  2.41264   2.77048
  2.68868   1.42131
  1.14615   1.40496
  1.15818   2.12547
 0.568569   1.54648
 0.284279    1.1856
0.0350227   2.10561
  1.48061  0.438038
  1.71226   1.14431
   2.9007   2.89169
  1.70384   2.36716
  2.74452   2.31367
  0.82389  0.834796
 0.819378   2.62589
  1.41594    2.5884
  1.55481  0.789795
 0.234954  0.668016
  1.49973   2.18251
  2.85635 0.0656033
 0.042307   2.91397
  2.23943   1.97437
  1.76915  0.913204
  1.33176   1.08164
  1.52805   1.15364
 0.805547   1.89866
  1.38136  0.508856
  1.63085   2.83859
  2.95374   0.53935
  2.50131   2.25196
 0.113975   2.45556
  2.66677   1.33231
 0.408643   2.95782
  1.30761   1.51947
  2.93765  0.926687
 0.602785   2.24165
 0.517826  0.749681
 0.294714  0.289606
  1.16681   2.85443
  2.28237 0.0284094
  1.67269   1.90521
  1.84271   1.66927
    2.453   2.34885
 0.361232    1.6123
  2.37149  0.898196
  2.36363 0.0748956
 0.932971   1.36404
  1.11606  0.906361
  2.37867   2.76904
 0.236242   1.00174
0.0342665   1.74503
 0.941083   1.27456
  1.71932  0.978783
 0.360555    2.6134
    0.983   2.50887
 0.369876  0.887796
   2.2268   1.96993
0.0951415  0.152283
  1.32226  0.524906
 0.254642   1.57592
 0.972214   2.05691
  2.60838   2.62629
 0.647737   1.69043
   1.5504  0.766162
  1.23506   1.24024
 0.707766   1.45961
 0.289829   1.29337
  0.78398  0.518431
 0.423985 0.0889635
 0.245646   1.62374
  1.85042     2.911
  1.89241   1.17802
 0.413253  0.457672
  1.81077  0.151043
 0.901802   2.64507
  2.31369   1.44198
  1.73884  0.770044
   2.2462   1.87787
  2.70796   1.49744
 0.466025   1.72784
0.0937132    1.0003
 0.102794   2.00509
 0.595749  0.690379
 0.813662  0.647122
   1.6633     1.537
  1.81095   2.00612
LINKS_SOURCE_DESTINATION_DISTANCE 1598
     0      1      1
     0      4      1
     0      6      1
     0      7      1
     0     27      1
     0     50      1
     0    124      1
     0    252      1
     0    752      1
     1      0      1
     1      2      1
     1      3      1
     1      9      1
     1     35      1
     1    290      1
     1    781      1
     2      1      1
     2      5      1
     2     17      1
     2     20      1
     2     36      1
     2     54      1
     2     74      1
     2     83      1
     3      1      1
     3     95      1
     3     99      1
     3    119      1
     3    224      1
     3    235      1
     3    420      1
     4      0      1
     5      2      1
     5     25      1
     5    131      1
     5    140      1
     5    196      1
     5    293      1
     5    406      1
     5    537      1
     6      0      1
     6     12      1
     6     13      1
     6    163      1
     6    350      1
     6    390      1
     7      0      1
     7      8      1
     7     10      1
     7     11      1
     7     24      1
     7     32      1
     7     94      1
     7    258      1
     7    319      1
     7    375      1
     8      7      1
     8     89      1
     8    150      1
     8    160      1
     8    162      1
     8    272      1
     8    595      1
     9      1      1
     9     16      1
     9     57      1
     9    170      1
    10      7      1
    10     18      1
    10     21      1
    10     64      1
    10     68      1
    10    158      1
    10    511      1
    11      7      1
    11     19      1
    11     22      1
    11     28      1
    11     67      1
    11     96      1
    11    217      1
    11    422      1
    12      6      1
    12     15      1
    12     30      1
    12     31      1
    12     43      1
    12     47      1
    12    173      1
    12    597      1
    13      6      1
    13     14      1
    13     91      1
    13    339      1
    14     13      1
    14    135      1
    14    168      1
    15     12      1
    15    175      1
    15    327      1
    15    690      1
    16      9      1
    16     70      1
    16     86      1
    16    125      1
    16    176      1
    16    452      1
    16    459      1
    17      2      1
    17     44      1
    17     75      1
    17     76      1
    17    102      1
    17    169      1
    18     10      1
    18     23      1
    18    141      1
    18    143      1
    18    419      1
    19     11      1
    19    100      1
    19    230      1
    19    257      1
    20      2      1
    20     42      1
    20     56      1
    20     63      1
    20     69      1
    20    120      1
    20    261      1
    21     10      1
    21     26      1
    21    127      1
    21    155      1
    21    187      1
    22     11      1
    22    121      1
    22    239      1
    23     18      1
    23    574      1
    24      7      1
    24     40      1
    24    386      1
    25      5      1
    25    300      1
    26     21      1
    26     97      1
    26    112      1
    26    149      1
    26    250      1
    26    493      1
    26    642      1
    26    695      1
    26    721      1
    27      0      1
    27     29      1
    27    104      1
    28     11      1
    28     33      1
    28     34      1
    28     49      1
    28    670      1
    29     27      1
    29     79      1
    29     81      1
    29    464      1
    29    547      1
    30     12      1
    30    182      1
    31     12      1
    31     48      1
    31     52      1
    31     59      1
    31     71      1
    31    111      1
    31    117      1
    31    766      1
    32      7      1
    32     37      1
    32     38      1
    32     39      1
    32     46      1
    32    540      1
    32    613      1
    33     28      1
    34     28      1
    34    787      1
    35      1      1
    35    194      1
    35    347      1
    36      2      1
    36    113      1
    36    126      1
    36    450      1
    36    784      1
    37     32      1
    37     53      1
    37    205      1
    37    247      1
    38     32      1
    38    342      1
    39     32      1
    40     24      1
    40     41      1
    40    132      1
    40    138      1
    40    238      1
    40    280      1
    41     40      1
    41    634      1
    42     20      1
    42     51      1
    42     60      1
    42     90      1
    42    659      1
    42    783      1
    43     12      1
    43     45      1
    43     55      1
    44     17      1
    44     84      1
    44    200      1
    44    444      1
    45     43      1
    46     32      1
    46    228      1
    47     12      1
    47     61      1
    47     82      1
    47    234      1
    47    369      1
    47    439      1
    47    562      1
    48     31      1
    48    279      1
    48    656      1
    49     28      1
    49     58      1
    49     62      1
    49    147      1
    49    219      1
    49    478      1
    49    696      1
    50      0      1
    50    209      1
    50    245      1
    50    289      1
    50    614      1
    50    734      1
    51     42      1
    51     73      1
    51     93      1
    52     31      1
    52    114      1
    52    157      1
    52    318      1
    53     37      1
    53    146      1
    53    443      1
    53    481      1
    54      2      1
    54     65      1
    54     85      1
    54    118      1
    54    185      1
    54    233      1
    54    255      1
    54    491      1
    54    601      1
    55     43      1
    55    253      1
    56     20      1
    56    321      1
    56    354      1
    56    475      1
    56    583      1
    56    728      1
    57      9      1
    57    180      1
    57    305      1
    57    437      1
    58     49      1
    58     66      1
    58    110      1
    58    161      1
    59     31      1
    59    139      1
    60     42      1
    60    107      1
    60    199      1
    60    210      1
    60    560      1
    61     47      1
    61    179      1
    61    206      1
    62     49      1
    62    178      1
    62    388      1
    63     20      1
    63    152      1
    64     10      1
    64     72      1
    65     54      1
    65    299      1
    65    715      1
    65    740      1
    66     58      1
    66     88      1
    66    240      1
    66    241      1
    66    453      1
    66    528      1
    67     11      1
    68     10      1
    68    399      1
    68    587      1
    69     20      1
    69     78      1
    69     87      1
    69    136      1
    69    549      1
    70     16      1
    70    133      1
    71     31      1
    71    115      1
    71    315      1
    72     64      1
    72    129      1
    72    156      1
    72    229      1
    73     51      1
    73    103      1
    73    768      1
    74      2      1
    74     77      1
    74     98      1
    74    137      1
    74    148      1
    74    357      1
    75     17      1
    75    167      1
    75    231      1
    75    718      1
    76     17      1
    76     80      1
    76    191      1
    76    208      1
    76    461      1
    76    504      1
    77     74      1
    77    106      1
    77    278      1
    78     69      1
    78    508      1
    79     29      1
    79    391      1
    79    556      1
    80     76      1
    80    745      1
    81     29      1
    81    364      1
    82     47      1
    82    151      1
    82    359      1
    83      2      1
    83    122      1
    84     44      1
    84    281      1
    85     54      1
    85    310      1
    85    726      1
    86     16      1
    87     69      1
    87    653      1
    87    705      1
    88     66      1
    88    101      1
    88    116      1
    88    171      1
    88    213      1
    88    215      1
    88    358      1
    89      8      1
    89    189      1
    90     42      1
    90    181      1
    90    292      1
    90    395      1
    91     13      1
    91     92      1
    91    165      1
    91    285      1
    91    373      1
    92     91      1
    92    303      1
    93     51      1
    94      7      1
    94    145      1
    95      3      1
    95    154      1
    95    355      1
    95    590      1
    96     11      1
    96    123      1
    96    271      1
    97     26      1
    97    105      1
    97    109      1
    97    214      1
    97    314      1
    97    374      1
    97    531      1
    97    692      1
    98     74      1
    98    192      1
    98    469      1
    99      3      1
    99    172      1
   100     19      1
   100    246      1
   101     88      1
   101    134      1
   101    193      1
   101    522      1
   102     17      1
   102    153      1
   102    471      1
   103     73      1
   103    108      1
   103    284      1
   103    641      1
   104     27      1
   104    352      1
   105     97      1
   105    524      1
   106     77      1
   106    218      1
   106    332      1
   106    578      1
   107     60      1
   107    509      1
   107    754      1
   108    103      1
   108    635      1
   109     97      1
   110     58      1
   110    164      1
   110    329      1
   111     31      1
   111    435      1
   112     26      1
   112    306      1
   112    436      1
   112    484      1
   113     36      1
   114     52      1
   115     71      1
   115    370      1
   116     88      1
   116    221      1
   116    283      1
   117     31      1
   117    544      1
   118     54      1
   118    211      1
   118    294      1
   119      3      1
   119    244      1
   119    365      1
   120     20      1
   121     22      1
   121    335      1
   121    472      1
   121    797      1
   122     83      1
   122    534      1
   123     96      1
   123    128      1
   123    430      1
   123    489      1
   123    567      1
   123    589      1
   123    609      1
   124      0      1
   124    334      1
   124    385      1
   125     16      1
   125    274      1
   126     36      1
   127     21      1
   127    130      1
   127    144      1
   127    356      1
   128    123      1
   129     72      1
   129    220      1
   130    127      1
   130    183      1
   130    648      1
   130    748      1
   130    770      1
   131      5      1
   131    270      1
   132     40      1
   133     70      1
   133    190      1
   133    683      1
   133    688      1
   133    736      1
   133    760      1
   134    101      1
   135     14      1
   135    702      1
   136     69      1
   136    159      1
   136    539      1
   137     74      1
   137    142      1
   137    619      1
   138     40      1
   139     59      1
   140      5      1
   141     18      1
   141    433      1
   141    525      1
   141    612      1
   141    636      1
   142    137      1
   142    568      1
   143     18      1
   143    254      1
   143    515      1
   143    765      1
   144    127      1
   144    699      1
   145     94      1
   145    216      1
   145    456      1
   145    516      1
   146     53      1
   146    397      1
   147     49      1
   147    186      1
   147    338      1
   148     74      1
   148    639      1
   149     26      1
   149    681      1
   149    731      1
   150      8      1
   150    276      1
   151     82      1
   151    788      1
   152     63      1
   152    346      1
   152    361      1
   152    725      1
   153    102      1
   154     95      1
   154    177      1
   154    188      1
   155     21      1
   155    260      1
   155    552      1
   156     72      1
   156    343      1
   156    598      1
   156    777      1
   157     52      1
   157    184      1
   158     10      1
   158    197      1
   158    259      1
   158    320      1
   158    366      1
   159    136      1
   159    201      1
   159    297      1
   159    407      1
   159    409      1
   160      8      1
   160    237      1
   160    389      1
   161     58      1
   161    572      1
   162      8      1
   162    166      1
   162    256      1
   162    381      1
   162    527      1
   163      6      1
   163    236      1
   163    323      1
   163    377      1
   164    110      1
   164    353      1
   164    457      1
   164    570      1
   164    599      1
   165     91      1
   165    174      1
   165    759      1
   166    162      1
   166    757      1
   167     75      1
   167    304      1
   168     14      1
   168    401      1
   168    487      1
   169     17      1
   169    263      1
   169    324      1
   170      9      1
   171     88      1
   171    455      1
   172     99      1
   172    351      1
   173     12      1
   174    165      1
   174    466      1
   175     15      1
   175    223      1
   176     16      1
   176    654      1
   177    154      1
   177    203      1
   177    412      1
   177    465      1
   177    644      1
   178     62      1
   179     61      1
   179    682      1
   180     57      1
   180    195      1
   181     90      1
   182     30      1
   182    410      1
   182    697      1
   182    717      1
   183    130      1
   183    212      1
   183    451      1
   183    458      1
   183    739      1
   184    157      1
   184    198      1
   184    251      1
   185     54      1
   186    147      1
   186    202      1
   186    273      1
   186    596      1
   186    633      1
   187     21      1
   188    154      1
   188    286      1
   189     89      1
   189    232      1
   190    133      1
   190    204      1
   190    265      1
   191     76      1
   192     98      1
   192    226      1
   193    101      1
   193    326      1
   194     35      1
   194    621      1
   194    627      1
   195    180      1
   195    367      1
   195    710      1
   196      5      1
   196    336      1
   197    158      1
   197    586      1
   197    664      1
   198    184      1
   198    277      1
   198    325      1
   198    360      1
   199     60      1
   199    428      1
   200     44      1
   200    575      1
   201    159      1
   201    266      1
   201    269      1
   202    186      1
   202    207      1
   202    330      1
   203    177      1
   204    190      1
   204    348      1
   205     37      1
   205    371      1
   205    396      1
   205    647      1
   206     61      1
   207    202      1
   207    222      1
   207    416      1
   207    476      1
   208     76      1
   209     50      1
   209    227      1
   210     60      1
   210    242      1
   210    243      1
   211    118      1
   212    183      1
   212    368      1
   213     88      1
   213    249      1
   213    316      1
   214     97      1
   214    307      1
   215     88      1
   216    145      1
   216    225      1
   216    685      1
   217     11      1
   217    287      1
   218    106      1
   218    772      1
   219     49      1
   220    129      1
   220    432      1
   220    482      1
   221    116      1
   221    248      1
   221    372      1
   222    207      1
   222    296      1
   222    362      1
   223    175      1
   223    507      1
   224      3      1
   224    264      1
   224    308      1
   224    345      1
   224    780      1
   225    216      1
   226    192      1
   226    378      1
   226    588      1
   226    761      1
   226    767      1
   227    209      1
   227    312      1
   227    638      1
   227    680      1
   228     46      1
   228    267      1
   229     72      1
   229    394      1
   229    753      1
   230     19      1
   230    301      1
   231     75      1
   231    380      1
   231    617      1
   232    189      1
   232    349      1
   233     54      1
   233    288      1
   234     47      1
   235      3      1
   236    163      1
   236    557      1
   237    160      1
   238     40      1
   238    446      1
   239     22      1
   239    442      1
   240     66      1
   241     66      1
   241    580      1
   242    210      1
   242    564      1
   242    763      1
   243    210      1
   243    454      1
   243    530      1
   243    769      1
   244    119      1
   244    592      1
   245     50      1
   245    608      1
   246    100      1
   246    512      1
   247     37      1
   248    221      1
   248    492      1
   248    722      1
   248    751      1
   249    213      1
   249    268      1
   249    510      1
   249    607      1
   250     26      1
   250    467      1
   251    184      1
   252      0      1
   252    501      1
   253     55      1
   253    302      1
   254    143      1
   254    262      1
   254    311      1
   254    317      1
   254    606      1
   255     54      1
   255    291      1
   256    162      1
   257     19      1
   257    624      1
   258      7      1
   258    275      1
   258    536      1
   259    158      1
   259    625      1
   259    668      1
   260    155      1
   260    488      1
   260    582      1
   261     20      1
   261    383      1
   261    577      1
   262    254      1
   262    485      1
   263    169      1
   264    224      1
   265    190      1
   266    201      1
   266    337      1
   266    626      1
   267    228      1
   267    295      1
   267    309      1
   267    313      1
   268    249      1
   268    448      1
   269    201      1
   269    282      1
   269    561      1
   269    673      1
   270    131      1
   270    382      1
   271     96      1
   271    384      1
   272      8      1
   273    186      1
   273    414      1
   274    125      1
   274    392      1
   275    258      1
   275    398      1
   275    773      1
   275    789      1
   276    150      1
   276    506      1
   276    771      1
   277    198      1
   277    431      1
   278     77      1
   279     48      1
   279    662      1
   280     40      1
   281     84      1
   282    269      1
   283    116      1
   283    505      1
   284    103      1
   284    376      1
   285     91      1
   285    423      1
   285    463      1
   285    708      1
   285    795      1
   286    188      1
   286    298      1
   287    217      1
   287    340      1
   288    233      1
   288    679      1
   289     50      1
   290      1      1
   290    555      1
   291    255      1
   291    479      1
   291    551      1
   291    618      1
   292     90      1
   292    520      1
   292    755      1
   293      5      1
   293    632      1
   293    724      1
   294    118      1
   294    615      1
   295    267      1
   295    486      1
   296    222      1
   296    460      1
   297    159      1
   297    413      1
   297    496      1
   297    732      1
   298    286      1
   298    393      1
   298    408      1
   298    449      1
   299     65      1
   300     25      1
   300    341      1
   301    230      1
   301    363      1
   301    519      1
   301    616      1
   302    253      1
   302    529      1
   303     92      1
   304    167      1
   304    462      1
   304    750      1
   305     57      1
   306    112      1
   307    214      1
   308    224      1
   309    267      1
   310     85      1
   310    498      1
   310    514      1
   310    533      1
   310    676      1
   311    254      1
   311    709      1
   312    227      1
   313    267      1
   314     97      1
   314    328      1
   314    558      1
   315     71      1
   316    213      1
   316    322      1
   317    254      1
   317    497      1
   318     52      1
   318    421      1
   319      7      1
   320    158      1
   321     56      1
   322    316      1
   323    163      1
   323    640      1
   324    169      1
   324    418      1
   324    546      1
   324    658      1
   325    198      1
   325    494      1
   326    193      1
   326    344      1
   326    778      1
   327     15      1
   327    331      1
   328    314      1
   328    513      1
   328    764      1
   329    110      1
   330    202      1
   330    429      1
   330    698      1
   331    327      1
   331    480      1
   332    106      1
   332    333      1
   333    332      1
   333    440      1
   334    124      1
   335    121      1
   336    196      1
   337    266      1
   338    147      1
   339     13      1
   340    287      1
   340    405      1
   340    425      1
   341    300      1
   341    490      1
   341    591      1
   341    630      1
   342     38      1
   343    156      1
   343    593      1
   344    326      1
   344    404      1
   345    224      1
   346    152      1
   346    737      1
   347     35      1
   347    535      1
   347    604      1
   347    735      1
   348    204      1
   349    232      1
   350      6      1
   350    445      1
   351    172      1
   351    379      1
   352    104      1
   352    569      1
   353    164      1
   353    782      1
   354     56      1
   354    387      1
   355     95      1
   355    438      1
   356    127      1
   356    791      1
   357     74      1
   357    447      1
   357    645      1
   358     88      1
   359     82      1
   360    198      1
   361    152      1
   361    665      1
   362    222      1
   362    672      1
   363    301      1
   364     81      1
   365    119      1
   365    411      1
   366    158      1
   367    195      1
   368    212      1
   369     47      1
   369    543      1
   370    115      1
   371    205      1
   372    221      1
   372    573      1
   373     91      1
   373    473      1
   373    542      1
   374     97      1
   374    643      1
   374    785      1
   375      7      1
   375    637      1
   376    284      1
   377    163      1
   377    523      1
   378    226      1
   379    351      1
   380    231      1
   380    603      1
   381    162      1
   381    400      1
   381    417      1
   382    270      1
   383    261      1
   383    403      1
   384    271      1
   385    124      1
   385    623      1
   386     24      1
   387    354      1
   388     62      1
   389    160      1
   389    629      1
   390      6      1
   390    786      1
   391     79      1
   392    274      1
   392    746      1
   393    298      1
   394    229      1
   394    427      1
   394    538      1
   395     90      1
   395    477      1
   395    550      1
   395    775      1
   396    205      1
   397    146      1
   398    275      1
   398    402      1
   399     68      1
   399    500      1
   399    743      1
   400    381      1
   401    168      1
   402    398      1
   403    383      1
   404    344      1
   404    798      1
   405    340      1
   406      5      1
   407    159      1
   408    298      1
   409    159      1
   409    415      1
   409    424      1
   409    426      1
   410    182      1
   411    365      1
   411    434      1
   411    571      1
   412    177      1
   413    297      1
   413    671      1
   414    273      1
   415    409      1
   416    207      1
   416    502      1
   417    381      1
   417    651      1
   418    324      1
   418    499      1
   419     18      1
   420      3      1
   420    661      1
   420    701      1
   421    318      1
   422     11      1
   422    521      1
   423    285      1
   423    566      1
   423    650      1
   424    409      1
   425    340      1
   426    409      1
   427    394      1
   428    199      1
   429    330      1
   429    660      1
   430    123      1
   430    711      1
   431    277      1
   431    470      1
   432    220      1
   432    730      1
   433    141      1
   434    411      1
   435    111      1
   435    441      1
   436    112      1
   437     57      1
   437    663      1
   438    355      1
   439     47      1
   440    333      1
   441    435      1
   442    239      1
   442    559      1
   442    576      1
   443     53      1
   443    541      1
   444     44      1
   444    652      1
   445    350      1
   445    794      1
   446    238      1
   447    357      1
   448    268      1
   448    628      1
   449    298      1
   450     36      1
   450    532      1
   451    183      1
   451    584      1
   452     16      1
   452    563      1
   453     66      1
   453    518      1
   454    243      1
   455    171      1
   456    145      1
   457    164      1
   458    183      1
   458    468      1
   459     16      1
   460    296      1
   461     76      1
   461    474      1
   462    304      1
   462    526      1
   463    285      1
   464     29      1
   465    177      1
   465    712      1
   466    174      1
   467    250      1
   468    458      1
   469     98      1
   469    495      1
   470    431      1
   471    102      1
   472    121      1
   473    373      1
   474    461      1
   475     56      1
   475    548      1
   476    207      1
   477    395      1
   477    483      1
   477    503      1
   478     49      1
   479    291      1
   479    517      1
   480    331      1
   481     53      1
   481    554      1
   482    220      1
   483    477      1
   483    631      1
   484    112      1
   485    262      1
   486    295      1
   486    622      1
   487    168      1
   487    667      1
   488    260      1
   489    123      1
   490    341      1
   490    594      1
   491     54      1
   492    248      1
   493     26      1
   494    325      1
   495    469      1
   495    545      1
   496    297      1
   497    317      1
   498    310      1
   498    742      1
   499    418      1
   500    399      1
   501    252      1
   501    553      1
   502    416      1
   503    477      1
   504     76      1
   505    283      1
   506    276      1
   506    674      1
   506    729      1
   507    223      1
   508     78      1
   508    677      1
   509    107      1
   510    249      1
   511     10      1
   511    565      1
   512    246      1
   513    328      1
   514    310      1
   514    602      1
   515    143      1
   515    579      1
   516    145      1
   516    649      1
   517    479      1
   518    453      1
   519    301      1
   520    292      1
   521    422      1
   522    101      1
   523    377      1
   523    611      1
   524    105      1
   525    141      1
   526    462      1
   527    162      1
   528     66      1
   529    302      1
   530    243      1
   531     97      1
   531    686      1
   532    450      1
   533    310      1
   534    122      1
   535    347      1
   536    258      1
   537      5      1
   538    394      1
   539    136      1
   540     32      1
   541    443      1
   542    373      1
   543    369      1
   544    117      1
   544    689      1
   544    793      1
   545    495      1
   546    324      1
   547     29      1
   548    475      1
   549     69      1
   549    605      1
   549    678      1
   550    395      1
   550    719      1
   551    291      1
   552    155      1
   553    501      1
   554    481      1
   554    585      1
   554    756      1
   555    290      1
   556     79      1
   557    236      1
   558    314      1
   559    442      1
   560     60      1
   561    269      1
   562     47      1
   563    452      1
   564    242      1
   565    511      1
   566    423      1
   566    581      1
   567    123      1
   568    142      1
   569    352      1
   570    164      1
   571    411      1
   572    161      1
   572    723      1
   573    372      1
   573    620      1
   574     23      1
   575    200      1
   576    442      1
   577    261      1
   577    779      1
   578    106      1
   578    675      1
   579    515      1
   579    600      1
   580    241      1
   581    566      1
   582    260      1
   583     56      1
   584    451      1
   585    554      1
   586    197      1
   586    720      1
   587     68      1
   588    226      1
   589    123      1
   589    687      1
   589    714      1
   590     95      1
   591    341      1
   592    244      1
   593    343      1
   594    490      1
   594    691      1
   594    758      1
   595      8      1
   596    186      1
   597     12      1
   598    156      1
   599    164      1
   600    579      1
   601     54      1
   602    514      1
   603    380      1
   604    347      1
   605    549      1
   606    254      1
   606    610      1
   607    249      1
   608    245      1
   608    703      1
   609    123      1
   610    606      1
   610    684      1
   611    523      1
   612    141      1
   612    749      1
   613     32      1
   614     50      1
   615    294      1
   616    301      1
   616    741      1
   617    231      1
   618    291      1
   619    137      1
   620    573      1
   621    194      1
   622    486      1
   623    385      1
   623    713      1
   624    257      1
   625    259      1
   626    266      1
   627    194      1
   627    744      1
   628    448      1
   629    389      1
   630    341      1
   631    483      1
   632    293      1
   633    186      1
   633    657      1
   633    700      1
   634     41      1
   634    646      1
   634    727      1
   635    108      1
   636    141      1
   636    694      1
   636    776      1
   637    375      1
   638    227      1
   638    655      1
   639    148      1
   640    323      1
   641    103      1
   642     26      1
   643    374      1
   643    707      1
   643    716      1
   644    177      1
   645    357      1
   646    634      1
   647    205      1
   647    747      1
   648    130      1
   648    666      1
   649    516      1
   650    423      1
   650    706      1
   651    417      1
   652    444      1
   653     87      1
   654    176      1
   655    638      1
   656     48      1
   656    790      1
   657    633      1
   658    324      1
   658    774      1
   659     42      1
   660    429      1
   660    704      1
   661    420      1
   662    279      1
   663    437      1
   664    197      1
   665    361      1
   665    669      1
   666    648      1
   667    487      1
   667    762      1
   668    259      1
   669    665      1
   670     28      1
   671    413      1
   672    362      1
   672    799      1
   673    269      1
   674    506      1
   675    578      1
   676    310      1
   677    508      1
   678    549      1
   679    288      1
   680    227      1
   681    149      1
   682    179      1
   683    133      1
   684    610      1
   685    216      1
   686    531      1
   686    693      1
   687    589      1
   688    133      1
   689    544      1
   690     15      1
   691    594      1
   692     97      1
   693    686      1
   694    636      1
   695     26      1
   695    738      1
   696     49      1
   697    182      1
   697    733      1
   698    330      1
   699    144      1
   700    633      1
   701    420      1
   702    135      1
   703    608      1
   704    660      1
   705     87      1
   706    650      1
   707    643      1
   708    285      1
   709    311      1
   710    195      1
   711    430      1
   712    465      1
   713    623      1
   714    589      1
   715     65      1
   716    643      1
   717    182      1
   718     75      1
   719    550      1
   720    586      1
   721     26      1
   722    248      1
   723    572      1
   724    293      1
   725    152      1
   726     85      1
   727    634      1
   728     56      1
   729    506      1
   730    432      1
   731    149      1
   732    297      1
   733    697      1
   734     50      1
   735    347      1
   736    133      1
   737    346      1
   738    695      1
   739    183      1
   740     65      1
   741    616      1
   742    498      1
   743    399      1
   744    627      1
   745     80      1
   746    392      1
   747    647      1
   748    130      1
   749    612      1
   750    304      1
   751    248      1
   752      0      1
   753    229      1
   754    107      1
   754    796      1
   755    292      1
   756    554      1
   757    166      1
   758    594      1
   759    165      1
   760    133      1
   761    226      1
   762    667      1
   763    242      1
   764    328      1
   765    143      1
   766     31      1
   767    226      1
   768     73      1
   769    243      1
   770    130      1
   771    276      1
   771    792      1
   772    218      1
   773    275      1
   774    658      1
   775    395      1
   776    636      1
   777    156      1
   778    326      1
   779    577      1
   780    224      1
   781      1      1
   782    353      1
   783     42      1
   784     36      1
   785    374      1
   786    390      1
   787     34      1
   788    151      1
   789    275      1
   790    656      1
   791    356      1
   792    771      1
   793    544      1
   794    445      1
   795    285      1
   796    754      1
   797    121      1
   798    404      1
   799    672      1
