COORD_X_Y 350
  1.56665   1.59857
  2.14946   1.60604
  1.34509   2.90796
 0.516734   2.88593
  1.09222   0.32129
  2.29734  0.548621
 0.361007 0.0986228
0.0110108   2.30033
  2.49268   1.57265
 0.669707  0.388377
  1.26779  0.639262
  1.89101   1.66392
  1.55132  0.964285
  2.10476  0.957046
  1.45176   1.63313
  2.70719   1.04043
  2.83236  0.842004
  1.79177   2.51686
 0.526722   1.84409
  2.68131   2.40096
  1.49322   2.08129
  2.87816   1.06375
  1.09401   1.79268
 0.630342   1.00107
  2.44619  0.964767
0.0734523  0.297527
  1.63775   1.01791
 0.649634   2.55169
  1.78412   2.74084
  2.67132  0.992188
 0.501479  0.566532
  2.61797   2.59452
  1.41067   1.30212
  2.04091    1.0843
  2.74127   1.99772
 0.521076   1.53376
 0.182389   2.96747
  1.07919   1.61905
 0.744527   1.71249
 0.753177  0.426662
  2.86631   2.64797
 0.328434   1.58588
  1.83447   2.46061
 0.133003   2.66074
  1.26897    1.1691
 0.587879  0.928838
  1.97373   1.69491
  2.94835   2.89075
 0.850351  0.721876
  1.27099   2.24849
  1.89135     2.461
 0.703467   1.33975
  1.74996    0.3206
    1.297  0.670249
 0.890769  0.997636
 0.486722   2.65377
 0.427108  0.515859
  1.68341   1.80355
  1.47345   1.59911
  2.38631   1.14935
  2.44771  0.474114
  2.71939   1.01545
  1.50952   2.44927
 0.901471   1.33331
   2.4787   2.02667
  1.61352   2.73686
  2.09479   2.26388
  2.27483  0.617362
  2.88318   2.46727
  2.23584   1.21272
   1.4958  0.741595
  1.76504  0.725848
 0.924079   2.40584
  1.58275   2.62457
 0.478673   2.15863
  2.30168   2.47606
  1.86746   1.78742
  1.42604   2.84866
  1.66214  0.319104
  2.66516   1.67092
  1.79747   2.12684
 0.219455 0.0577595
  2.63985   1.45164
  1.99237   1.12638
 0.871017   1.96314
  2.91394   2.21889
  2.40205   2.00326
  1.58295   2.65645
  1.75093   2.76064
  1.53469   2.66851
0.0347897   2.11607
0.0478413  0.887003
  1.15625   1.21591
  1.66194   1.64627
   1.9728   2.13121
 0.323696  0.936163
  1.57094 0.0450031
  2.51521   2.28017
  2.83366   1.57716
 0.638683   1.80036
 0.314312  0.865124
 0.451077   2.04025
  2.16092   2.97962
  1.95911  0.559237
  1.61259   2.63569
 0.317753    1.6778
  1.31209 0.0329148
 0.719131   1.74571
  2.84955 0.00969943
  2.12223    0.7245
 0.221406   2.76776
   0.6199   1.71057
  0.93124  0.360287
  2.26211   2.40041
  2.29305   2.52498
 0.266596   2.04562
 0.881523   1.41677
  1.10527  0.286897
  1.84539    1.5072
  2.38166   1.69778
 0.564025   2.56189
0.0961495  0.400344
 0.395618   1.40138
 0.196016   2.77836
  1.50233   2.08129
   1.3364   1.93428
 0.422846   1.64708
 0.659243    1.1174
 0.402919   1.04941
 0.641591  0.888266
  2.37507  0.699423
  2.73665   1.64863
  2.67291   1.84657
  2.09811  0.191099
 0.222322  0.325457
  1.18303   2.10483
 0.122154 0.0850184
 0.603986   2.80095
  2.26293  0.550151
 0.978159   1.23855
   2.9287   1.66038
  2.86597   2.54776
  2.68966   2.96985
 0.316076  0.458639
  1.22892   2.20197
 0.516942   2.81197
  1.50331   2.77945
   2.5609   2.13254
  1.10312   2.51641
 0.644397 0.0573728
 0.937382   1.20674
  2.10191   2.69169
 0.209038  0.163748
  1.89659  0.505851
  0.33784   2.88136
   2.3033  0.388344
  2.80681  0.375496
  2.96892  0.785263
 0.460096   1.15976
  1.65739   2.89285
 0.745104  0.592403
  2.03232 0.0415898
  2.38355    1.2689
  2.93685 0.0932628
  2.56199  0.194869
  1.90163  0.437208
  2.97214  0.923734
  2.44841   2.49594
  2.87318   1.83521
   1.1866   1.27565
  2.79975     1.257
 0.201789   2.48025
 0.819026   2.29469
  2.65525   2.08238
  2.32886   1.25691
  1.82269   1.97078
 0.841204   2.60137
 0.682783   2.59796
  1.42156  0.219122
 0.205231   2.38713
   1.3745   1.74491
  2.41372   1.65714
   1.8334   1.51986
  1.66691   1.35196
  2.29663   2.53592
  2.83035   2.46194
  1.98884   0.87526
  1.38043   1.21833
  1.94422   2.78468
  1.79053   2.10053
  1.35587   1.28002
  2.11103   2.53089
  1.58532   1.38706
 0.200686   1.66757
  1.53006    2.3836
 0.805225  0.665426
 0.565164  0.107388
  1.89193   0.97962
  1.82831   2.27058
  1.89163   1.34699
 0.868284  0.892607
  1.58306    1.2585
  2.10301 0.0236161
  1.24402  0.657676
  2.13915   1.16487
  1.97298   1.27888
 0.404135   2.74063
  0.35093   2.77271
  1.82168   2.28818
 0.225491  0.517854
  2.18877   0.23673
  1.23051   0.24197
 0.659469  0.400738
 0.551336   2.43374
  0.22907  0.251234
 0.261988   1.79921
  2.68926    1.4884
  1.63408   2.24325
  2.54772   2.25564
 0.374382  0.147896
  0.90445  0.666303
  2.22825  0.411257
  2.27441   2.03732
  1.68643   2.62007
  1.92393   1.29044
  2.11472  0.380858
  2.01366  0.440672
   2.1341   2.42189
   2.1372   1.49434
 0.188238  0.822767
 0.568089   1.99905
 0.696617   0.63021
 0.727584   1.17856
  1.45433   2.50474
 0.195911   2.85602
 0.533976  0.368569
 0.366105   1.03663
  1.76851  0.016995
  0.71948   2.59112
 0.635169 0.0366449
 0.141974   1.20505
  2.77462 0.0642836
 0.655197   2.30054
  1.19822   2.86035
  2.53202   2.11867
  1.75638   2.63713
  1.15171  0.891952
 0.449573  0.149632
   1.1438  0.187847
  1.06447   1.88894
  2.17244   2.90884
   1.8586  0.934977
 0.666175   1.69115
   2.1893    1.8984
  1.55652   1.12789
 0.718954  0.597638
  1.63221   2.78117
0.0376161   1.41635
 0.859594  0.580707
  2.09439   1.10881
  1.56933   1.18311
  2.12823 0.0996443
  2.87188  0.690841
 0.505063   2.45358
  1.07396   1.83395
  2.90486   2.32163
   2.5755   2.48264
 0.418023   1.43046
  1.39141   1.74598
  1.69509    2.2044
0.0731619   2.15779
 0.183715    2.7155
  1.84612   1.36926
  2.79976   1.51543
  0.59323   2.04515
  2.58953  0.998603
  2.08918   2.50059
  2.59021   1.35123
  1.60022  0.241594
  2.12039 0.0416098
 0.506542  0.717496
 0.101759   2.68156
    2.231   2.70624
  2.20232   1.80147
  1.44943 0.0757563
  1.00704  0.703005
  2.93601   2.39118
  1.90169   2.02292
  1.84366   1.71453
  2.97334  0.640409
   0.1228   2.02487
0.0514957  0.616608
   2.1284   2.54056
  2.11935   2.74268
  1.18816  0.111754
  2.56666   1.49808
 0.875083   2.35574
   1.6087 0.0527627
 0.342803   2.05662
  1.90397   2.89522
  1.36559    2.1678
 0.679343  0.540293
0.0443489   1.95736
  1.78672   1.02133
 0.668054   2.51022
  2.37323   1.00826
  1.64062   1.11033
  2.73811   1.57696
  1.44133   0.58864
 0.655238   1.98818
  2.78098  0.310596
 0.400974  0.229498
    1.709  0.345786
 0.302708  0.798256
  0.41893   1.48792
  1.91413   1.26074
  0.80963  0.476131
 0.978312   1.16446
 0.409842   1.32699
  2.80698   2.87984
  2.29621   2.59821
  2.57968   1.54224
  1.30505   1.15565
0.0950338   0.57464
  2.26577   2.36953
  1.51508   2.00337
  1.00904   1.73574
 0.886847     2.332
  1.84121   1.78197
  2.32668    2.4195
  1.35438   1.85091
  1.99153   1.35407
 0.476317   2.50138
  2.25759  0.916318
  1.83511   1.08265
 0.267637  0.905011
  2.34486   2.52974
   2.0112   1.30327
  1.52438   1.81499
  2.57972  0.773216
  2.89267 0.0474327
  2.77934  0.416898
  2.61581  0.336403
   1.9142   1.99229
 0.928399   0.93061
 0.471269   2.30518
  2.38805  0.511568
  2.28923   2.02381
  1.55938   1.33216
0.0349888   2.95317
LINKS_SOURCE_DESTINATION_DISTANCE 698
     0      1      1
     0      4      1
     0      7      1
     1      0      1
     1      2      1
     1      3      1
     1      9      1
     1     25      1
     1     36      1
     1     81      1
     1    126      1
     1    240      1
     2      1      1
     2     11      1
     2     17      1
     2     67      1
     2    162      1
     3      1      1
     3      6      1
     3     10      1
     3     13      1
     3     54      1
     3    136      1
     4      0      1
     4      5      1
     4     28      1
     5      4      1
     5     50      1
     5    271      1
     6      3      1
     6    137      1
     7      0      1
     7      8      1
     7     27      1
     7     35      1
     7     60      1
     7     69      1
     8      7      1
     8     12      1
     8     16      1
     8     20      1
     8     33      1
     8     41      1
     8     61      1
     8    179      1
     8    232      1
     9      1      1
     9     26      1
     9     29      1
     9    113      1
    10      3      1
    10     23      1
    10     49      1
    10    112      1
    10    217      1
    10    280      1
    11      2      1
    11     15      1
    11     74      1
    11    231      1
    12      8      1
    12     14      1
    12     19      1
    12     42      1
    12    144      1
    13      3      1
    13    219      1
    14     12      1
    14     22      1
    14    190      1
    15     11      1
    15     31      1
    15     45      1
    15     62      1
    15    129      1
    16      8      1
    16     18      1
    16     21      1
    16    104      1
    16    254      1
    17      2      1
    17    111      1
    18     16      1
    18     44      1
    19     12      1
    19     32      1
    19     37      1
    19     93      1
    19    131      1
    20      8      1
    20     24      1
    20     68      1
    20     92      1
    21     16      1
    21     39      1
    21     47      1
    21    121      1
    21    180      1
    22     14      1
    22     65      1
    22    184      1
    23     10      1
    23     38      1
    23     52      1
    23     53      1
    23    212      1
    23    281      1
    24     20      1
    25      1      1
    25     94      1
    26      9      1
    26     40      1
    26    165      1
    26    193      1
    27      7      1
    27     30      1
    27     51      1
    27     70      1
    28      4      1
    29      9      1
    29     48      1
    29    239      1
    30     27      1
    30     43      1
    30    159      1
    30    174      1
    31     15      1
    31     57      1
    31    109      1
    31    255      1
    32     19      1
    32     34      1
    33      8      1
    34     32      1
    34     66      1
    34     80      1
    34    128      1
    35      7      1
    35     86      1
    36      1      1
    36     46      1
    36    122      1
    37     19      1
    37    117      1
    37    120      1
    38     23      1
    38     55      1
    38     73      1
    38    325      1
    39     21      1
    39     76      1
    39     88      1
    39    115      1
    40     26      1
    40    125      1
    41      8      1
    41    102      1
    41    143      1
    41    249      1
    41    277      1
    42     12      1
    42     63      1
    42     82      1
    42    177      1
    43     30      1
    43     72      1
    44     18      1
    44     87      1
    44    172      1
    44    253      1
    45     15      1
    45    195      1
    46     36      1
    46    218      1
    46    288      1
    47     21      1
    47    213      1
    48     29      1
    48    119      1
    49     10      1
    49     59      1
    49    106      1
    49    338      1
    49    339      1
    50      5      1
    50     56      1
    50    108      1
    50    266      1
    51     27      1
    51     58      1
    51     96      1
    51    154      1
    51    194      1
    51    265      1
    52     23      1
    52    103      1
    53     23      1
    53     79      1
    54      3      1
    55     38      1
    55    130      1
    56     50      1
    57     31      1
    57     64      1
    57    206      1
    57    228      1
    57    234      1
    58     51      1
    58     77      1
    59     49      1
    59     78      1
    60      7      1
    60    181      1
    61      8      1
    61     90      1
    61    124      1
    61    186      1
    62     15      1
    62     75      1
    62     89      1
    62    110      1
    62    155      1
    63     42      1
    63     71      1
    63    141      1
    63    171      1
    63    294      1
    64     57      1
    64     85      1
    64    127      1
    64    319      1
    65     22      1
    65    132      1
    66     34      1
    67      2      1
    67     98      1
    67    135      1
    67    182      1
    68     20      1
    68    272      1
    69      7      1
    69    185      1
    70     27      1
    70    138      1
    70    170      1
    70    211      1
    70    226      1
    71     63      1
    71    173      1
    72     43      1
    72     97      1
    73     38      1
    73    116      1
    73    312      1
    74     11      1
    74    118      1
    74    200      1
    75     62      1
    75    142      1
    75    215      1
    75    256      1
    76     39      1
    76    197      1
    77     58      1
    77    320      1
    78     59      1
    78     95      1
    78    220      1
    79     53      1
    79    123      1
    79    205      1
    80     34      1
    81      1      1
    81     83      1
    81     84      1
    81    250      1
    81    292      1
    81    335      1
    82     42      1
    82    140      1
    82    326      1
    83     81      1
    84     81      1
    85     64      1
    85     91      1
    85    189      1
    85    273      1
    86     35      1
    86    322      1
    87     44      1
    88     39      1
    89     62      1
    90     61      1
    90    100      1
    91     85      1
    91    152      1
    91    183      1
    91    222      1
    91    287      1
    92     20      1
    93     19      1
    94     25      1
    95     78      1
    95     99      1
    95    175      1
    96     51      1
    97     72      1
    97    150      1
    98     67      1
    98    229      1
    99     95      1
    99    101      1
   100     90      1
   100    134      1
   100    139      1
   101     99      1
   102     41      1
   102    105      1
   102    114      1
   102    145      1
   102    295      1
   103     52      1
   103    107      1
   103    214      1
   104     16      1
   105    102      1
   105    176      1
   106     49      1
   106    147      1
   107    103      1
   107    149      1
   107    203      1
   107    304      1
   108     50      1
   109     31      1
   109    285      1
   110     62      1
   110    146      1
   111     17      1
   111    251      1
   112     10      1
   112    223      1
   113      9      1
   114    102      1
   115     39      1
   115    153      1
   115    291      1
   116     73      1
   117     37      1
   117    166      1
   118     74      1
   118    263      1
   119     48      1
   119    246      1
   120     37      1
   120    157      1
   121     21      1
   122     36      1
   122    286      1
   123     79      1
   124     61      1
   125     40      1
   126      1      1
   126    299      1
   127     64      1
   127    133      1
   127    156      1
   128     34      1
   129     15      1
   129    209      1
   130     55      1
   131     19      1
   131    289      1
   131    298      1
   131    309      1
   132     65      1
   132    290      1
   133    127      1
   133    160      1
   133    168      1
   133    316      1
   134    100      1
   134    148      1
   135     67      1
   136      3      1
   136    259      1
   137      6      1
   137    307      1
   138     70      1
   138    151      1
   138    199      1
   139    100      1
   139    169      1
   140     82      1
   140    164      1
   140    188      1
   140    311      1
   141     63      1
   141    227      1
   141    342      1
   142     75      1
   142    264      1
   143     41      1
   144     12      1
   145    102      1
   146    110      1
   146    210      1
   146    297      1
   147    106      1
   148    134      1
   148    334      1
   148    344      1
   149    107      1
   150     97      1
   150    158      1
   150    233      1
   150    343      1
   151    138      1
   151    269      1
   152     91      1
   152    161      1
   153    115      1
   153    225      1
   154     51      1
   154    331      1
   155     62      1
   155    202      1
   156    127      1
   156    196      1
   157    120      1
   157    192      1
   157    257      1
   158    150      1
   158    208      1
   159     30      1
   160    133      1
   160    163      1
   160    198      1
   161    152      1
   161    241      1
   161    268      1
   162      2      1
   163    160      1
   163    178      1
   163    207      1
   163    315      1
   164    140      1
   164    221      1
   165     26      1
   166    117      1
   166    167      1
   166    191      1
   167    166      1
   168    133      1
   168    238      1
   169    139      1
   169    348      1
   170     70      1
   171     63      1
   172     44      1
   173     71      1
   174     30      1
   175     95      1
   176    105      1
   176    243      1
   177     42      1
   178    163      1
   179      8      1
   179    187      1
   180     21      1
   180    336      1
   181     60      1
   181    216      1
   182     67      1
   183     91      1
   184     22      1
   184    260      1
   185     69      1
   185    245      1
   186     61      1
   186    328      1
   187    179      1
   187    261      1
   188    140      1
   189     85      1
   189    204      1
   189    279      1
   189    284      1
   190     14      1
   191    166      1
   191    252      1
   192    157      1
   193     26      1
   194     51      1
   194    201      1
   195     45      1
   196    156      1
   197     76      1
   197    224      1
   197    242      1
   197    349      1
   198    160      1
   198    236      1
   199    138      1
   200     74      1
   200    274      1
   201    194      1
   202    155      1
   203    107      1
   203    248      1
   204    189      1
   205     79      1
   205    235      1
   205    330      1
   206     57      1
   207    163      1
   208    158      1
   208    302      1
   209    129      1
   209    230      1
   210    146      1
   211     70      1
   211    308      1
   212     23      1
   212    276      1
   213     47      1
   214    103      1
   214    237      1
   215     75      1
   215    282      1
   216    181      1
   217     10      1
   217    293      1
   218     46      1
   218    332      1
   219     13      1
   220     78      1
   220    283      1
   220    345      1
   221    164      1
   222     91      1
   223    112      1
   224    197      1
   225    153      1
   226     70      1
   227    141      1
   227    314      1
   228     57      1
   229     98      1
   230    209      1
   231     11      1
   231    244      1
   232      8      1
   232    337      1
   233    150      1
   234     57      1
   235    205      1
   235    300      1
   235    310      1
   236    198      1
   236    258      1
   237    214      1
   237    262      1
   237    270      1
   238    168      1
   239     29      1
   240      1      1
   241    161      1
   242    197      1
   243    176      1
   244    231      1
   245    185      1
   245    247      1
   245    275      1
   246    119      1
   247    245      1
   248    203      1
   248    306      1
   249     41      1
   249    313      1
   250     81      1
   251    111      1
   251    341      1
   252    191      1
   253     44      1
   254     16      1
   254    303      1
   255     31      1
   255    317      1
   256     75      1
   257    157      1
   258    236      1
   258    321      1
   259    136      1
   259    278      1
   260    184      1
   261    187      1
   262    237      1
   262    267      1
   263    118      1
   264    142      1
   265     51      1
   266     50      1
   267    262      1
   268    161      1
   268    301      1
   269    151      1
   269    324      1
   270    237      1
   271      5      1
   272     68      1
   273     85      1
   274    200      1
   275    245      1
   276    212      1
   277     41      1
   278    259      1
   279    189      1
   280     10      1
   281     23      1
   281    346      1
   282    215      1
   283    220      1
   284    189      1
   285    109      1
   286    122      1
   287     91      1
   287    333      1
   288     46      1
   289    131      1
   290    132      1
   291    115      1
   291    296      1
   292     81      1
   293    217      1
   293    347      1
   294     63      1
   295    102      1
   295    305      1
   296    291      1
   297    146      1
   298    131      1
   298    318      1
   299    126      1
   300    235      1
   301    268      1
   302    208      1
   303    254      1
   304    107      1
   304    323      1
   305    295      1
   306    248      1
   307    137      1
   308    211      1
   309    131      1
   310    235      1
   311    140      1
   312     73      1
   313    249      1
   314    227      1
   315    163      1
   316    133      1
   317    255      1
   318    298      1
   319     64      1
   319    340      1
   320     77      1
   321    258      1
   321    329      1
   322     86      1
   322    327      1
   323    304      1
   324    269      1
   325     38      1
   326     82      1
   327    322      1
   328    186      1
   329    321      1
   330    205      1
   331    154      1
   332    218      1
   333    287      1
   334    148      1
   335     81      1
   336    180      1
   337    232      1
   338     49      1
   339     49      1
   340    319      1
   341    251      1
   342    141      1
   343    150      1
   344    148      1
   345    220      1
   346    281      1
   347    293      1
   348    169      1
   349    197      1
