COORD_X_Y 65
 0.801411   1.80694
  2.58253   2.42843
  1.31192   1.11496
  2.67714   1.69924
 0.132887   1.61131
   0.8087  0.511177
  2.79047   2.46033
  2.41113    2.9391
 0.517465   1.77802
 0.438958   2.21792
  1.68946   2.08332
  1.53533   2.05524
  1.83162  0.464696
  2.14519   1.16641
  1.73007  0.943933
  2.84653   1.35375
  1.62907   1.46399
 0.338222   1.81891
  2.01479   1.39428
   2.6848  0.218337
  2.11607   1.15673
 0.658906   2.19693
  2.94988  0.530183
   2.0239  0.160405
   2.0157   2.72099
 0.306298  0.381607
  1.44214  0.871201
  0.22541  0.643354
 0.772572  0.602741
  1.12323   1.82046
 0.940537  0.869525
  2.23457    1.6174
 0.654323    2.6042
   1.8783  0.281705
 0.761694   2.44738
  2.24245   1.32858
  1.89082   2.44649
 0.730995   2.08717
  2.61759   1.63597
  2.98662   1.10243
  1.59176   1.60157
  2.69244    2.7905
0.0361782  0.441233
  2.32862   0.29364
  1.70114  0.233491
  2.00708   2.10366
 0.277349  0.476831
  2.99299   2.90492
  1.28589   2.05481
 0.389755   1.43246
   2.0832   1.70456
 0.643506   2.63125
 0.738331   1.77678
   2.1854  0.370086
  0.62007   0.72672
  0.42618   2.19782
  0.13812  0.690402
0.0979435  0.953808
 0.996553   1.59295
 0.656561    2.9847
  1.08894   1.14031
  1.64192  0.737091
  0.35731  0.875053
  2.09545  0.495563
   0.3255   1.76144
LINKS_SOURCE_DESTINATION_DISTANCE 128
     0      1      1
     0      4      1
     0      5      1
     0      7      1
     0     27      1
     1      0      1
     1      2      1
     1      3      1
     1     26      1
     1     30      1
     2      1      1
     2      8      1
     2     14      1
     2     19      1
     2     32      1
     3      1      1
     3      6      1
     3      9      1
     4      0      1
     4     22      1
     5      0      1
     5     10      1
     6      3      1
     6     16      1
     6     34      1
     6     54      1
     6     57      1
     6     61      1
     7      0      1
     7     29      1
     7     55      1
     8      2      1
     8     13      1
     8     23      1
     8     28      1
     8     45      1
     9      3      1
     9     11      1
    10      5      1
    10     12      1
    10     44      1
    11      9      1
    11     47      1
    12     10      1
    12     50      1
    13      8      1
    14      2      1
    14     15      1
    14     31      1
    15     14      1
    15     17      1
    15     21      1
    15     52      1
    16      6      1
    16     20      1
    16     35      1
    16     46      1
    17     15      1
    17     18      1
    17     24      1
    17     25      1
    18     17      1
    18     43      1
    19      2      1
    20     16      1
    21     15      1
    22      4      1
    22     33      1
    23      8      1
    24     17      1
    25     17      1
    25     53      1
    26      1      1
    26     63      1
    27      0      1
    27     36      1
    27     41      1
    27     49      1
    28      8      1
    29      7      1
    29     56      1
    29     59      1
    30      1      1
    30     40      1
    31     14      1
    32      2      1
    32     37      1
    33     22      1
    33     48      1
    34      6      1
    34     39      1
    35     16      1
    36     27      1
    36     38      1
    36     64      1
    37     32      1
    37     42      1
    38     36      1
    39     34      1
    39     62      1
    40     30      1
    40     51      1
    41     27      1
    42     37      1
    43     18      1
    44     10      1
    45      8      1
    46     16      1
    46     60      1
    47     11      1
    48     33      1
    49     27      1
    50     12      1
    51     40      1
    52     15      1
    53     25      1
    54      6      1
    55      7      1
    56     29      1
    56     58      1
    57      6      1
    58     56      1
    59     29      1
    60     46      1
    61      6      1
    62     39      1
    63     26      1
    64     36      1
