COORD_X_Y 15
 0.385699   1.80111
 0.550255 0.0842722
  1.35813  0.173658
  2.38846  0.980645
  1.78686   1.72413
 0.854284   2.51352
0.0499028   1.62234
 0.395134   2.83551
  2.44285 0.0265708
  1.22655  0.877845
  1.75052   1.76319
  1.44695   0.18584
  1.05599  0.889363
  1.61604   1.61256
  2.56208   1.98101
LINKS_SOURCE_DESTINATION_DISTANCE 28
     0      1      1
     1      0      1
     1      2      1
     1      3      1
     1      7      1
     1      9      1
     1     11      1
     2      1      1
     3      1      1
     3      4      1
     4      3      1
     4      5      1
     4      8      1
     4     12      1
     5      4      1
     5      6      1
     5     14      1
     6      5      1
     7      1      1
     8      4      1
     8     10      1
     9      1      1
    10      8      1
    11      1      1
    12      4      1
    12     13      1
    13     12      1
    14      5      1
