COORD_X_Y 15
  2.44381   2.20099
 0.890055  0.903574
  1.48047  0.111076
  1.94646   2.46931
  2.94456  0.897984
  2.49237   1.51309
 0.713204   1.52504
  1.54189  0.829624
  0.22796   2.20292
   2.3934   0.70605
 0.668384   2.35975
 0.348744  0.074813
 0.086277   1.90413
  1.77776   1.89217
 0.350202   1.79169
LINKS_SOURCE_DESTINATION_DISTANCE 28
     0      1      1
     0      2      1
     1      0      1
     2      0      1
     2      3      1
     2      4      1
     2      5      1
     3      2      1
     3      8      1
     4      2      1
     4      6      1
     4      7      1
     4     14      1
     5      2      1
     6      4      1
     6      9      1
     7      4      1
     8      3      1
     8     10      1
     8     11      1
     8     13      1
     9      6      1
     9     12      1
    10      8      1
    11      8      1
    12      9      1
    13      8      1
    14      4      1
