COORD_X_Y 90
  1.97699    2.3725
   1.0458   2.75145
 0.161135   2.27916
  1.41607   2.05671
  2.96114   2.47357
  2.83217   2.99413
  2.37445  0.456069
 0.730174  0.968975
  2.94245   2.67739
  1.91802    1.2296
  2.19111   1.73273
  1.72918  0.918742
  1.72175  0.799241
 0.299623   2.58059
  2.71411   1.22538
  1.43503   1.15145
  1.53583   2.36573
  0.25768     2.533
  1.10408   2.05598
  2.05516  0.523574
  1.36703  0.330831
  1.11618   2.34073
 0.948072  0.274571
  2.76046   2.76058
 0.254859   1.75013
  2.72164   1.96133
 0.548848   2.65898
 0.992022   1.38091
  1.50537   1.02571
  2.62316   1.45184
  0.93254   1.95433
 0.152434   1.98928
 0.841222   2.91983
  1.02253   2.38859
  1.89847   1.17538
  2.23013   2.24954
 0.268043   2.35706
 0.641685   0.46244
  1.53532   2.26722
  1.13169 0.0950432
  2.99591   1.53577
  1.89604   2.58982
  2.97193   1.68499
  1.32149  0.937553
 0.209786   2.48074
  2.10351  0.425697
  2.35996  0.326575
  1.94942   1.46455
  2.43649   1.96376
 0.924682   1.12704
  2.31877   2.09866
 0.746566   1.22981
  1.33082   2.80782
  2.65373 0.0731581
 0.926438   1.50533
  2.82135  0.821183
 0.970213  0.590377
 0.338523    1.7915
  1.52944  0.297568
  1.92638   2.23236
  2.23792   1.69153
   1.2737   2.90534
 0.164423     1.076
  1.38056   2.24362
 0.682126   1.24567
  2.55141  0.677947
 0.927336   2.35686
 0.502889  0.110911
   1.6294   2.63247
  2.56713  0.103244
 0.948486  0.717329
  1.07642   1.67983
 0.794945    2.7792
  2.96267  0.427206
  2.43266   2.74372
 0.373284   2.67636
  1.65707  0.905789
  1.84664  0.955761
 0.188276  0.124173
 0.634039 0.0232469
   1.7295   2.77534
  2.25959   1.58218
  2.98661    0.6278
 0.180537   2.36258
  1.61299   2.06182
   2.2774  0.254747
  1.69067  0.730376
  2.18292   1.75369
 0.556068   2.60459
  1.73158   2.50791
LINKS_SOURCE_DESTINATION_DISTANCE 178
     0      1      1
     0      3      1
     0      6      1
     0     10      1
     0     16      1
     0     75      1
     1      0      1
     1      2      1
     1      9      1
     1     12      1
     1     18      1
     1     26      1
     1     45      1
     1     47      1
     1     65      1
     1     85      1
     2      1      1
     2      4      1
     2     11      1
     2     14      1
     2     80      1
     3      0      1
     3      5      1
     3     28      1
     3     33      1
     4      2      1
     4     17      1
     4     22      1
     4     32      1
     5      3      1
     5      7      1
     5     13      1
     5     15      1
     5     37      1
     6      0      1
     6      8      1
     7      5      1
     8      6      1
     8     20      1
     8     23      1
     8     30      1
     9      1      1
    10      0      1
    10     89      1
    11      2      1
    11     53      1
    11     61      1
    12      1      1
    12     52      1
    13      5      1
    13     19      1
    13     49      1
    14      2      1
    14     39      1
    15      5      1
    15     25      1
    16      0      1
    16     40      1
    16     74      1
    17      4      1
    17     38      1
    17     44      1
    17     86      1
    18      1      1
    18     21      1
    19     13      1
    19     31      1
    20      8      1
    21     18      1
    21     24      1
    21     43      1
    21     57      1
    21     63      1
    22      4      1
    22     84      1
    23      8      1
    24     21      1
    24     27      1
    25     15      1
    26      1      1
    27     24      1
    28      3      1
    28     29      1
    28     42      1
    28     50      1
    28     82      1
    29     28      1
    29     36      1
    30      8      1
    30     54      1
    31     19      1
    31     60      1
    32      4      1
    32     35      1
    33      3      1
    33     34      1
    33     51      1
    34     33      1
    34     62      1
    35     32      1
    35     48      1
    35     56      1
    36     29      1
    37      5      1
    37     70      1
    38     17      1
    38     41      1
    39     14      1
    39     68      1
    39     76      1
    40     16      1
    40     66      1
    40     88      1
    41     38      1
    41     46      1
    42     28      1
    43     21      1
    43     64      1
    43     67      1
    43     81      1
    44     17      1
    45      1      1
    45     69      1
    45     73      1
    46     41      1
    46     55      1
    47      1      1
    47     59      1
    48     35      1
    49     13      1
    50     28      1
    51     33      1
    52     12      1
    53     11      1
    53     71      1
    54     30      1
    54     58      1
    55     46      1
    55     72      1
    56     35      1
    57     21      1
    58     54      1
    59     47      1
    60     31      1
    60     78      1
    61     11      1
    62     34      1
    63     21      1
    64     43      1
    65      1      1
    66     40      1
    67     43      1
    68     39      1
    69     45      1
    69     79      1
    70     37      1
    70     87      1
    71     53      1
    72     55      1
    73     45      1
    74     16      1
    75      0      1
    76     39      1
    76     77      1
    77     76      1
    78     60      1
    79     69      1
    80      2      1
    80     83      1
    81     43      1
    82     28      1
    83     80      1
    84     22      1
    85      1      1
    86     17      1
    87     70      1
    88     40      1
    89     10      1
