COORD_X_Y 25
  1.18744  0.936413
 0.343382   1.80504
 0.372213   1.08601
 0.826799   2.03483
  1.54107  0.503318
  1.11247  0.712885
 0.159508    2.0097
  1.66444  0.522706
  2.28187    1.6274
  1.83743  0.532976
 0.484291   1.93373
0.00965364  0.718755
 0.409817 0.0386116
  2.14766   2.75939
  2.53601  0.798895
 0.817214   2.05234
 0.780721   2.72433
  2.11219  0.827794
   2.8763   2.90757
  2.73009  0.436679
   2.8484   1.66219
 0.226787  0.303239
  1.19067   2.96325
 0.423736   2.10696
  2.69534   2.82261
LINKS_SOURCE_DESTINATION_DISTANCE 48
     0      1      1
     0      3      1
     0      4      1
     1      0      1
     1      2      1
     2      1      1
     2      8      1
     3      0      1
     3      5      1
     3     18      1
     4      0      1
     4      7      1
     5      3      1
     5      6      1
     6      5      1
     6     10      1
     6     11      1
     6     14      1
     6     23      1
     7      4      1
     7      9      1
     7     19      1
     8      2      1
     9      7      1
     9     15      1
    10      6      1
    10     12      1
    10     17      1
    11      6      1
    11     13      1
    12     10      1
    12     16      1
    13     11      1
    13     21      1
    14      6      1
    15      9      1
    16     12      1
    16     22      1
    17     10      1
    17     20      1
    18      3      1
    19      7      1
    20     17      1
    20     24      1
    21     13      1
    22     16      1
    23      6      1
    24     20      1
