COORD_X_Y 900
  2.86621   1.81753
   1.9761   2.52593
  1.17673   2.08112
  1.15596   2.51651
  1.54827    2.7507
  1.66414    2.2148
   2.4844   2.34358
  2.94597   2.67845
  1.76778   2.41127
  2.33981  0.585832
 0.103815  0.572327
 0.487388   1.44503
  1.28351   1.81385
   1.2504   1.34266
   1.8536     1.615
  1.53431   2.61175
 0.789437   1.04598
  2.96023    2.6458
  2.29876   2.32381
  1.30696   1.82181
  1.96458  0.538112
  1.66431   1.94978
 0.567006  0.317485
  2.85824   2.40341
  1.95227  0.776922
   2.0812   1.97654
  2.64084   1.16612
   1.0692  0.538261
  1.62359   2.24876
 0.957145  0.805807
  2.76332  0.625472
 0.052531   1.26923
  1.47828  0.917292
  2.46887  0.939445
  1.19418    1.0575
  2.09349   2.29716
  2.67214 0.00497379
  2.74445  0.153434
  2.93407   2.12932
  1.80779    2.9914
   2.4447  0.845548
 0.802522   2.02327
 0.890557   2.26008
 0.676535  0.701126
  1.10315   2.97795
  2.51688   2.35537
  2.91029   2.43755
 0.883248   1.00416
  2.33765   1.24151
 0.634696  0.136873
  2.34555    0.5093
  1.95419  0.370757
  1.91653   2.90495
   1.4801  0.884358
  1.74502   1.10848
  2.75087  0.956219
  2.96234  0.228685
  2.46251   2.12229
  2.76251   2.83014
 0.842016  0.774057
 0.549611  0.191948
 0.939338   2.42011
 0.398218   1.31264
  2.64123    2.2376
  2.46658    1.2006
  2.83184   1.73715
  2.95448   2.31106
  1.76819   2.55504
  2.76413  0.347512
   2.8233   2.38783
  2.29621    2.3706
  2.96932  0.541006
  1.07449   1.36499
  2.06451   1.50069
  1.66943   1.81549
  2.89687   2.75542
 0.117525   2.36447
  1.87055  0.162337
 0.452766  0.104198
  1.14114   1.85799
  1.38681   1.12195
  1.32512   1.47031
  1.43439   1.43216
  2.65633  0.992257
  0.29051  0.714682
  2.10903   1.32782
  2.40996   2.98388
 0.077223   1.76672
0.0648424  0.915358
 0.511311  0.384506
  1.67147   2.27695
  1.00425   1.10166
 0.625937   1.45582
 0.693364  0.296753
  2.21566   1.65442
 0.122492   1.75692
  2.30981    1.5773
  1.05795   1.76682
  2.77847   2.05721
  2.31298   2.07748
 0.975221   2.67388
  1.31694   1.77191
  2.25126  0.825483
  2.84746   1.56109
  0.25468  0.978384
  2.10019 0.0420379
  2.78897   1.66138
  2.25813   2.04087
 0.272163   2.90194
  1.68539    1.1217
  1.10016  0.310408
  0.52959   1.10488
0.00988408    2.0969
 0.828467  0.988729
  1.23819  0.719392
  2.38897   1.72967
  2.47502   1.25024
 0.305441 0.0970611
 0.319129  0.353222
  2.27897  0.632989
 0.541374  0.398923
 0.868816   0.98728
  2.03776  0.603317
  1.46694 0.0878646
  1.96458   1.10237
 0.710043   1.67563
   1.6069   1.87789
  2.48696   1.17471
  2.24076   1.39817
  0.96129   1.21658
  2.09212  0.425783
  2.15288  0.501017
  1.85175   2.38749
  1.80281   2.59096
  2.09197  0.295567
  2.97973  0.607254
0.0439192  0.330077
 0.390878   1.00426
  2.36656   2.04206
  1.94369    2.6369
  2.14646   2.35723
  2.08751   2.35897
  2.41705    2.7584
  1.12482   1.61729
  2.37108   2.17395
  1.49402   1.24496
  1.60825   2.38002
   1.8301   0.34739
  1.04131  0.925829
  2.65282    1.3083
 0.939341   1.46667
  2.43235    1.2329
  1.03132   2.56539
 0.585061  0.385923
  2.09737   1.74526
  2.78286   1.90403
  2.79728     2.953
 0.114656   1.51998
    1.328   2.11816
   1.0706  0.563779
  1.75791   2.62727
  2.93952   1.53629
  2.77913   1.96435
 0.374204   2.38617
  0.69823   2.62158
 0.600468   1.86688
  2.12821   1.68881
   1.3361   2.30074
  1.38176   1.43698
  1.94119   1.35816
  2.25482   0.28232
 0.190881    1.8005
  2.00766     2.702
 0.563645   2.53659
  1.55392   0.89067
  2.47799   1.98402
  2.11941   1.18103
  2.39427   1.78093
 0.861689  0.278107
 0.731741   2.94168
  2.50069  0.347529
  1.21256   1.75619
 0.109522   2.65649
  0.83827   2.44727
  1.06152   2.01829
 0.167477   1.10488
  1.86247   1.08174
  1.46159   1.33361
   2.6671   1.02662
  2.56526   2.64612
  1.42968    2.2623
  1.94313   2.22563
 0.337859   2.46043
0.0431357    1.5345
  1.94829   1.49982
  2.63966   1.37217
 0.514568    2.1864
   1.1816   2.75461
  1.13514   2.87923
  1.72647   1.08291
 0.348772   2.56967
  1.10865   1.29751
  1.72041  0.466823
 0.630757   2.66682
  2.23778   2.22515
  2.68575   1.03066
 0.996676   1.89916
  2.01474  0.787485
 0.525408   2.75542
  1.46132     2.691
  1.85026  0.541801
  2.99681   1.62634
  1.06184   1.65396
 0.831263  0.568482
   2.5945   1.55109
 0.449703  0.972745
  2.69573  0.609169
  2.78109   1.33879
  2.45799  0.112366
  2.08921   2.68939
 0.590204  0.898646
0.0279655    2.2494
  2.93477    0.2317
  1.13907   1.35958
  1.93261   1.99185
  2.26892  0.345046
 0.211225   2.18171
 0.196119   1.45149
 0.214441   2.20779
  2.81726   1.86487
  1.25769    2.1365
 0.301017  0.231552
  2.46483   1.94732
 0.554037   1.46065
  1.74978    1.0657
  2.51345   0.73222
  1.86732    1.9703
   1.3972  0.436608
  2.93174   2.05165
  2.06918  0.466383
   2.5066   1.26775
  2.70607    1.8259
 0.370765  0.401743
 0.408784   1.61211
  1.07397  0.960684
  1.41758   1.12607
   1.9704   2.58209
  1.46092   2.57359
  2.46217 0.0281582
 0.569749  0.624085
  1.74566  0.824732
 0.159791  0.430547
  2.01926   2.70494
  1.78852  0.786165
  2.00872    1.7985
 0.416721  0.437156
 0.213434   2.04713
 0.319375    1.7237
  2.69705   2.21948
 0.985273    2.0906
 0.041256   1.44137
 0.626542  0.588698
 0.595783  0.104901
  1.75929  0.891396
  1.00737   2.75591
  1.60975   2.39178
  2.02803   1.16363
 0.261285 0.0178331
  1.04977   1.13232
  2.68673   1.31157
  2.10822  0.295017
  2.95853  0.840228
  2.12494   2.29265
  1.07574   2.04148
  2.29569   1.11707
  0.45934   2.85951
  1.59411   1.18541
  1.71285   2.56335
  1.91345   1.68858
0.0447812   1.83788
  1.12494   2.90441
  2.81495   1.30444
  2.15101  0.667615
  2.55643  0.119452
  1.51896   1.43137
  1.80185 0.0528864
 0.853089  0.587281
  1.27027   2.06759
  2.55569   0.59588
   1.9179  0.481284
  2.32184   1.67926
 0.676028 0.0288026
  1.10357   2.42681
  1.45489   2.62072
  2.22116  0.205853
  2.63316  0.886629
 0.245454  0.559492
 0.382834  0.232265
  1.18967  0.582947
  2.71023   2.06069
0.0719228   2.71922
   2.9672    1.8348
 0.547945   2.67978
 0.314101   2.36996
0.0489144  0.722911
  2.97023  0.136426
   1.8667    2.0256
  2.33112   0.39073
   0.5738   2.92986
   2.4499  0.729349
  1.80532   2.17895
 0.975531  0.678972
  1.47836   2.45619
  1.35706   1.60849
 0.311992  0.800682
  1.72039  0.046159
  1.30137   1.83518
  2.74068   1.74911
 0.973658   2.66542
 0.476966   2.97363
 0.746272   1.40391
  2.02245  0.327085
  1.64648   2.97755
 0.319179   1.66106
  1.99973  0.371809
 0.060772   2.28642
  2.04897   2.98362
  1.29622  0.481262
  1.38708   1.14582
  1.89756  0.743962
 0.600675   2.91092
  1.74522    2.5404
  1.06821   1.48537
  2.03312   1.16341
  2.72362   1.60804
  1.10428 0.0623344
 0.974469   1.90089
  1.68107   2.41608
  1.36636   1.20159
  1.89897   2.85654
   2.6542   1.09617
   1.1137  0.769424
  1.40662   1.85716
 0.466759   1.00226
 0.127652   2.31326
 0.547996 0.0904575
0.0563392   1.02594
0.0340457  0.922492
 0.224398   1.37557
 0.278243   1.17542
  1.52246   1.19576
  2.95207  0.430447
  1.10117   1.88844
 0.473052   2.56352
  1.27095    0.4847
  1.47195   1.99324
  1.42585 0.0344464
  2.51382   1.38896
 0.242439 0.0254932
  1.78273  0.274232
  1.19965   2.53307
  2.14157  0.202092
  1.68605   2.71751
0.0939845   1.85435
0.0795715   1.22393
  2.09866  0.629662
   2.1976   2.53561
   1.1111   1.86424
  1.97252  0.983446
  1.49389  0.526601
  2.87233   2.33795
 0.954868  0.486152
   1.0811   1.62783
  1.32298   1.52087
 0.912643  0.500918
  1.86632   1.33448
 0.762462   1.95292
 0.503467    2.4363
 0.723635   0.34211
  2.96655   2.71294
  2.53835  0.227422
  2.59826   1.38191
  1.80477   1.53464
 0.247981   1.50993
 0.187052  0.266799
  1.94237 0.0663154
  1.47735   1.34451
  2.23669   2.49156
  1.39822   1.63636
  1.46727   1.50738
 0.901091   1.94313
  0.91114  0.159515
   1.9159   1.78871
  1.12941  0.524272
  1.26345   1.05067
  2.92623  0.275177
  2.26122   2.32092
  1.92981   1.00054
 0.870315  0.979968
  2.39672  0.879647
   1.5658   1.17089
 0.523384   1.30198
  1.56394   1.28698
 0.894883  0.814614
 0.473691    2.8846
  1.96383  0.234393
  1.82881    2.6156
  2.35384   0.53815
 0.163609  0.614851
   1.4042  0.473829
 0.269474   2.45831
 0.322957   2.32046
  2.40846   2.20015
0.0901995   1.20645
   2.6489   2.14453
   1.3173   1.92238
 0.391724  0.167903
  2.45406  0.764073
 0.402537   2.88789
  2.49531  0.522143
  1.41341  0.276074
 0.156827  0.422618
 0.304572  0.808468
  2.24983   2.10279
  2.26808  0.437485
  1.91242   2.44568
  1.42395   1.04045
  1.54192   1.82304
 0.284882   2.45895
  1.58163   1.24743
  0.44872  0.508078
  1.78675   1.34011
  1.88155   2.77698
 0.979152   1.10893
  2.55623   2.32236
 0.711973   1.05349
   1.2445   1.43856
  2.39401   1.71234
 0.741899   1.54128
  2.83128   0.58349
  2.65898   2.50681
 0.583131   2.04123
  2.76511   2.23751
 0.508981  0.473942
 0.803442   1.57962
 0.598503   2.04018
  2.51238  0.869055
  0.46285   2.05649
  1.81302  0.759968
  1.17903  0.535509
 0.164788   1.42124
  1.06403   1.42725
 0.807684   2.06492
 0.298834   1.74659
  2.68656   2.15487
0.0681888  0.271243
  2.77466   2.27735
 0.832411   1.89785
  1.58588  0.670969
  2.21426   1.51738
   2.1051   0.42813
  2.68739   2.21514
  2.79036   2.52336
  1.58138  0.739757
  2.82582   1.30974
  1.82997   1.65543
  2.52667   2.06576
  2.42462   1.76287
  2.16544   2.93365
  2.36572   1.22679
  2.51881 0.0146392
  1.54475   2.45623
 0.771506 0.0288011
  1.97356   1.01733
0.0106278  0.241164
 0.666238   2.96497
  1.19504   2.68451
0.0474085  0.716851
  2.66144    2.6664
  1.48589  0.576767
  2.88861  0.858871
 0.289798  0.362408
   1.9593   1.73567
 0.607609   1.45721
  2.59926   1.36341
0.0530107  0.212882
 0.811756   1.92064
  1.00192   1.55504
 0.102979  0.752707
 0.290111  0.693202
  2.71869   0.87495
 0.129517  0.128946
  1.47388   0.37544
  2.57263   1.24134
  2.46761   2.68203
   2.6594   2.36006
  2.65097   1.15516
  1.22788  0.190494
  1.27723   2.27287
  1.39761   1.13553
 0.894175   2.39838
  2.09929  0.851185
  2.80172 0.0364242
  2.77028    2.2235
  1.50925  0.362329
 0.227013   2.68371
 0.618266     0.911
  0.35839  0.887364
 0.557492   1.71937
  2.92548   1.22367
  1.10376  0.188314
  1.65658  0.295284
  1.79047   1.90298
 0.210435  0.521728
  2.54326  0.844575
  1.47925   2.15422
  2.01769   1.69352
 0.444137   1.67036
 0.177299  0.421937
 0.270488  0.999723
  1.37483   2.07844
  1.48939   1.41397
  2.03289   1.93431
  2.99049  0.548889
  2.96211   1.95134
 0.159613   0.95415
  2.48038    1.1708
  2.09331  0.811823
  2.07322   1.05341
 0.490422   2.59526
  2.72593   1.03546
  2.61809  0.724589
  1.82676   2.98646
  1.29763   1.32329
  1.31669   2.52888
   2.6646   1.87814
  2.23096  0.300426
  0.39894   2.24469
  2.42525  0.841284
   0.8645   1.62355
 0.241802   2.67764
  2.55062   1.31744
    1.495   1.27731
  2.18702  0.897421
  1.08701   1.13936
  2.09353  0.610823
  1.66421   1.56213
  1.01798  0.219968
  2.79569   2.79922
  2.89852  0.213619
 0.962981  0.553131
 0.646386  0.567983
   2.6484   1.21935
   2.0914  0.260717
  2.28228   1.28431
  1.00853  0.560042
  2.40188   1.15054
  1.47592   2.69394
  2.85509  0.588901
  1.69762   1.23487
 0.864227   2.08795
   2.2844   1.71123
 0.171513   1.86694
  2.49982   1.98427
  2.78624   0.20211
  2.49897  0.701052
 0.143111   1.85552
  2.44684   2.18675
  1.54462   2.26669
 0.623359  0.395694
 0.973462   2.97492
 0.689615   2.37499
    1.094   1.73801
  0.47314   1.94702
 0.729012  0.456979
  2.89294  0.486914
  2.91842   2.26657
  2.73152  0.336649
 0.924897  0.178269
  1.27076   2.09036
  2.13035   2.95772
  0.26743   2.21974
 0.707277   1.17229
 0.320443   1.03777
  0.41281   2.78064
 0.966599  0.849321
 0.428855   2.50601
  1.58084   2.06437
  1.42474   2.31468
  1.92682  0.688617
  0.21114   2.23431
  2.52012   2.77045
 0.576416 0.0772604
  2.66837   1.43451
  2.95417   2.79684
  1.53689   2.24621
  2.88329   2.65381
0.0953124   1.44421
 0.203334  0.838036
  2.95061  0.656376
 0.159566 0.0700404
  2.66022   2.92516
  1.44507  0.149404
  2.58321  0.943597
   2.9565  0.276611
  1.93983   2.35827
 0.399355  0.866615
 0.804785   0.87699
  2.25663  0.792289
  1.45158   2.53123
  2.43946   1.87861
0.0762472   1.48916
  2.41962 0.0845648
 0.486598   1.50261
  2.63914   1.23592
  1.89222  0.408272
  1.05994   2.06569
  1.91802   1.40817
  1.27755   1.38013
    2.109   2.38655
  1.63507   2.88806
 0.913948 0.00761734
 0.759904   1.99701
  1.35644   1.80096
  2.60584    1.9279
 0.463571   2.88133
 0.622854   1.09493
  1.13076  0.260468
 0.952592   2.88749
 0.539207   1.41962
 0.138639  0.951232
  1.82191  0.911458
  2.61885  0.951601
  1.17542  0.823544
  1.09439  0.530129
  1.39995   1.99096
 0.939128  0.219078
  2.77356  0.777446
  2.05533  0.407275
  1.48087   1.30499
 0.158087   2.18214
  2.08951   2.13179
 0.924155   2.40904
  1.45251   2.67664
  2.27846   2.86997
  1.53442  0.964208
   2.3761  0.466992
  2.69022    1.9567
0.0285665  0.181812
  2.14453   2.30198
  2.97551  0.392782
 0.111029   2.81967
  2.96514    2.4415
  2.33706 0.0893083
  2.77719   2.57013
 0.328279  0.315711
 0.665671  0.474926
 0.811121  0.878879
  2.48793   2.21466
  1.34108   2.98845
  1.72397  0.805777
  2.83566   2.77419
  2.45139 0.0802569
 0.871155   0.13651
  2.89349   2.34702
  2.38834  0.491246
  2.49756  0.475229
 0.740233   2.14487
  2.89362   2.52523
 0.845731  0.342126
  1.64374   2.07678
 0.818351   1.05172
  2.82473  0.416452
  1.62465   1.08934
   2.6136   0.96086
0.0282438   2.81804
  2.05637  0.651142
  2.64268   2.19922
 0.415652   2.80132
  1.48929  0.945843
  2.25178   1.52709
  1.26999  0.998642
    2.181  0.237436
  1.06523   1.13111
 0.398738 0.0237054
  1.77552   1.32784
  1.49893   1.42517
   1.9822   2.30224
  2.73331   2.11041
  2.44576  0.886904
  1.06855  0.835999
  1.17981   2.25539
  1.74936   1.61997
  1.50202   1.71605
0.0769728   1.98916
  2.51224   2.29315
  2.12073   1.24885
  2.51261  0.193241
   1.2601  0.714947
 0.996347   2.01846
 0.249424   2.27058
  1.58625  0.752382
  1.12785   1.72239
0.0329425   1.88563
   1.4191  0.720155
  1.27025   1.51287
 0.942636   2.97025
 0.198151   1.68469
  2.62715   2.19901
  1.94189   2.87662
  2.69294   2.70982
 0.614542   2.87955
 0.729938   2.96534
   2.5131  0.530527
  1.70603   1.39472
   1.4895   1.35176
  1.03467  0.330041
  2.50217    2.0463
  1.80566   2.92099
  2.35157   1.45384
  2.40025    2.0817
   2.8974   1.36909
    1.113  0.507618
 0.843216   1.71915
 0.410148  0.854453
  2.25584   2.10743
  2.65687   2.48171
  2.82896   2.08996
  2.35474   1.14256
 0.783876   2.85557
  1.27546   2.49938
  2.22256   2.99656
 0.267714   2.54503
 0.751769   1.58506
 0.680874   1.41709
  1.00232  0.739042
 0.678704   2.60919
 0.393249   0.35946
  2.82795   2.78738
  1.07737   0.68323
 0.634958   1.86864
  2.88072   1.79537
  1.52047 0.0714247
  1.71951   1.87985
  1.69207    1.8608
   1.9538  0.754024
   2.0791   1.83227
 0.325347  0.501542
  2.74376   2.34703
  0.82388   1.18607
 0.354861   2.86714
  1.06796   2.47259
  1.23602   2.84535
  0.55364   1.97158
 0.140774    1.7892
  2.31935  0.426425
  2.66092  0.687589
  1.91586   2.82915
  1.13115   2.34509
  1.44328  0.959144
  2.15106  0.869128
  0.40386  0.337435
 0.644555 0.0107543
  2.41737   1.02701
 0.210635  0.563088
 0.588261   2.39721
  1.08853   0.91853
 0.559974   2.21111
  2.68217   2.41573
  0.92094   2.63066
   2.8798  0.529399
  1.07859   2.37546
  2.27101   2.41572
  2.33079   0.57869
  2.55523   1.95112
   1.3749  0.826235
  1.24246   1.14309
  2.99514    2.7289
  1.41516   2.17212
  1.81471   2.78298
  2.48613     2.945
0.0116265   1.23624
  2.02091   1.68205
  0.34959   1.45287
  1.75026   1.75545
 0.369697   1.62034
  2.74264   1.27861
  1.34004  0.643073
 0.260283  0.643098
  1.11176   2.83876
   2.0667   2.52847
   2.0291   2.00834
 0.577287   2.52476
  2.24814   2.73184
  2.93756   1.54814
  2.07203   1.10377
 0.779278   1.60422
 0.626205    1.0237
   2.9638  0.109197
  2.53351   1.77226
 0.881333   1.05778
 0.442114   2.12026
  2.80006  0.657264
 0.859603    2.2044
 0.507898   2.52992
 0.251597   2.82701
  1.10579   2.20829
0.0537456  0.750094
  2.27756   1.06455
 0.597488   1.09935
  2.85321   2.26963
  1.51764  0.351692
  1.28265  0.159644
  0.43523  0.749637
  2.92286   1.18032
  1.93847   1.91168
  2.73829  0.935713
  2.16105   1.73332
  1.79167   2.72707
  1.47699   1.33486
 0.960368  0.293882
 0.481153   2.93662
0.00144556   1.38062
0.0473561   1.15596
  1.26854   1.12142
 0.126729   1.44384
   1.8577   1.22771
  1.24966 0.0943238
  2.05707   1.60563
  2.43172  0.942233
 0.659189   2.37309
 0.615152   1.49219
 0.620714   1.31328
 0.468348  0.665843
  1.92802   2.66073
  1.45612  0.387718
 0.143263   1.05141
 0.535595   1.00816
   1.3165   2.90133
  2.91029  0.815338
  2.00713   1.27845
  2.88573  0.801521
  0.83785   1.99144
 0.217312  0.807166
   1.3725   1.93556
 0.852223   1.10288
  1.32497   2.10037
  2.39773  0.766271
0.0443176  0.880334
 0.989015  0.743801
  1.14411  0.120839
 0.114398  0.721997
 0.786584     2.395
 0.601282   2.80753
   2.5021   2.16151
   2.8236  0.304692
 0.972507   1.79796
 0.866881  0.788387
    1.277   2.37241
 0.837231  0.878302
 0.751971  0.262622
  2.77119    1.2795
 0.978039  0.173121
   2.3688   1.66955
 0.662839   2.30283
0.00927052  0.540711
0.000446652   2.67767
0.00753478   2.46149
  0.82928   2.11276
  1.79426  0.873757
 0.833282   2.57393
 0.524692  0.543398
  1.71099   1.71725
 0.937452   1.00653
  2.17109  0.775577
  2.24018   1.93813
 0.961185   1.66993
  2.44315  0.527747
  1.59057  0.478517
  2.34516   2.30279
  1.86815  0.776415
    2.278    2.7435
  2.46716   2.62771
  2.75614  0.776804
 0.616723   2.47278
  2.99043    0.3363
 0.102204   1.69626
 0.836732  0.503522
  1.01909  0.510477
0.0628862   1.74618
 0.773049   2.23738
  0.93973   1.24652
  2.46093   1.61632
 0.719821   1.03235
  2.76744   1.26939
  0.72765   0.30905
  2.05285   1.04383
   1.0735   2.64578
 0.163901   1.37574
 0.897354   2.66008
LINKS_SOURCE_DESTINATION_DISTANCE 1798
     0      1      1
     0      3      1
     0      4      1
     0      7      1
     0     17      1
     0    633      1
     1      0      1
     1      2      1
     1     12      1
     1     14      1
     1     22      1
     1     33      1
     1    125      1
     1    349      1
     2      1      1
     2      6      1
     2     13      1
     2     23      1
     2     38      1
     2     55      1
     2    117      1
     3      0      1
     3     10      1
     3     36      1
     3     74      1
     3    567      1
     4      0      1
     4      5      1
     4      8      1
     4     61      1
     4     82      1
     4     83      1
     4    129      1
     4    151      1
     4    209      1
     4    375      1
     4    515      1
     5      4      1
     5     16      1
     5     56      1
     5    122      1
     5    159      1
     5    224      1
     5    570      1
     5    597      1
     5    799      1
     6      2      1
     6     18      1
     6     30      1
     6    158      1
     6    231      1
     7      0      1
     7    272      1
     7    281      1
     8      4      1
     8      9      1
     8     28      1
     8     65      1
     8    147      1
     8    653      1
     9      8      1
     9     11      1
     9     86      1
     9    208      1
     9    227      1
     9    275      1
     9    735      1
    10      3      1
    10     77      1
    10     97      1
    10    271      1
    10    889      1
    11      9      1
    11     21      1
    11     39      1
    11    126      1
    12      1      1
    12     24      1
    12     53      1
    12    470      1
    12    690      1
    12    824      1
    13      2      1
    13     44      1
    13     60      1
    14      1      1
    14     15      1
    14     20      1
    14     32      1
    14     51      1
    14     89      1
    14     96      1
    14    200      1
    15     14      1
    15     29      1
    16      5      1
    16     95      1
    16    109      1
    16    143      1
    17      0      1
    17     31      1
    17     35      1
    17    100      1
    17    333      1
    18      6      1
    18     19      1
    18     26      1
    18     46      1
    18    328      1
    18    348      1
    18    583      1
    18    782      1
    18    867      1
    19     18      1
    20     14      1
    20     37      1
    20     50      1
    20     58      1
    20    359      1
    21     11      1
    21     93      1
    21    138      1
    21    693      1
    21    749      1
    22      1      1
    22     25      1
    22     52      1
    22    107      1
    22    108      1
    22    656      1
    22    772      1
    23      2      1
    23     54      1
    23    270      1
    24     12      1
    24     67      1
    24    115      1
    25     22      1
    25     27      1
    25     73      1
    25    171      1
    25    245      1
    25    357      1
    25    404      1
    25    560      1
    26     18      1
    26     34      1
    26     62      1
    26    101      1
    26    105      1
    26    262      1
    26    337      1
    26    729      1
    27     25      1
    27    220      1
    27    367      1
    27    487      1
    28      8      1
    28     40      1
    28     49      1
    28     71      1
    28     72      1
    28    150      1
    29     15      1
    29    206      1
    29    490      1
    30      6      1
    30    127      1
    31     17      1
    31     48      1
    31     78      1
    32     14      1
    32    133      1
    32    170      1
    32    439      1
    33      1      1
    33     45      1
    33    179      1
    33    204      1
    33    254      1
    33    374      1
    34     26      1
    35     17      1
    35     42      1
    35     63      1
    35    192      1
    35    215      1
    36      3      1
    36     94      1
    36    152      1
    36    401      1
    36    407      1
    37     20      1
    37     59      1
    37    183      1
    37    210      1
    37    294      1
    38      2      1
    38     88      1
    38    119      1
    38    153      1
    38    740      1
    39     11      1
    39     41      1
    39    177      1
    39    238      1
    40     28      1
    41     39      1
    41     43      1
    41     70      1
    41    237      1
    42     35      1
    42    103      1
    42    106      1
    42    235      1
    42    267      1
    43     41      1
    43     47      1
    43    163      1
    43    250      1
    44     13      1
    44     69      1
    44     92      1
    44    386      1
    44    537      1
    44    714      1
    45     33      1
    45    132      1
    45    323      1
    46     18      1
    46     64      1
    46    128      1
    46    354      1
    46    724      1
    47     43      1
    47     75      1
    47    112      1
    47    522      1
    47    568      1
    48     31      1
    48     91      1
    48    505      1
    49     28      1
    49    371      1
    50     20      1
    51     14      1
    51    123      1
    51    165      1
    51    214      1
    52     22      1
    52    233      1
    52    481      1
    53     12      1
    53    425      1
    53    733      1
    54     23      1
    54     81      1
    54    221      1
    55      2      1
    55    190      1
    55    205      1
    55    274      1
    55    819      1
    56      5      1
    56     57      1
    56    252      1
    56    853      1
    57     56      1
    58     20      1
    58    137      1
    58    156      1
    58    167      1
    58    311      1
    59     37      1
    59     79      1
    59    148      1
    60     13      1
    60    146      1
    61      4      1
    61    264      1
    61    302      1
    61    420      1
    62     26      1
    62    113      1
    62    193      1
    62    236      1
    62    276      1
    62    788      1
    63     35      1
    63     66      1
    63    288      1
    63    317      1
    63    399      1
    64     46      1
    64     68      1
    64     85      1
    64    116      1
    64    218      1
    64    638      1
    64    820      1
    65      8      1
    65     84      1
    65    161      1
    65    445      1
    65    594      1
    65    723      1
    66     63      1
    66    114      1
    66    168      1
    67     24      1
    67    679      1
    68     64      1
    68    187      1
    68    283      1
    69     44      1
    69    388      1
    70     41      1
    70    111      1
    70    383      1
    71     28      1
    71    142      1
    71    397      1
    72     28      1
    72     76      1
    72     80      1
    73     25      1
    73     98      1
    73    479      1
    74      3      1
    74    140      1
    75     47      1
    75    110      1
    75    145      1
    75    680      1
    76     72      1
    76    289      1
    76    745      1
    77     10      1
    77    136      1
    77    184      1
    77    847      1
    78     31      1
    78     90      1
    78    872      1
    78    898      1
    79     59      1
    79     87      1
    79    120      1
    79    155      1
    79    768      1
    80     72      1
    80    176      1
    80    832      1
    81     54      1
    82      4      1
    82    251      1
    82    627      1
    83      4      1
    83    102      1
    83    202      1
    83    260      1
    83    327      1
    83    379      1
    83    504      1
    84     65      1
    84    408      1
    84    484      1
    85     64      1
    85    217      1
    85    299      1
    85    422      1
    86      9      1
    86    172      1
    86    197      1
    86    496      1
    86    718      1
    87     79      1
    87    405      1
    87    617      1
    87    753      1
    88     38      1
    88    396      1
    88    424      1
    89     14      1
    89    534      1
    89    809      1
    89    818      1
    90     78      1
    90    269      1
    91     48      1
    91     99      1
    92     44      1
    92    303      1
    93     21      1
    93    124      1
    93    675      1
    94     36      1
    94    213      1
    94    246      1
    94    284      1
    94    702      1
    95     16      1
    95    118      1
    96     14      1
    96    364      1
    97     10      1
    97    104      1
    97    194      1
    97    344      1
    97    473      1
    98     73      1
    98    242      1
    98    686      1
    98    826      1
    99     91      1
    99    393      1
   100     17      1
   100    259      1
   101     26      1
   101    776      1
   102     83      1
   102    319      1
   102    642      1
   102    742      1
   103     42      1
   103    444      1
   104     97      1
   104    144      1
   104    400      1
   105     26      1
   105    157      1
   105    368      1
   105    428      1
   105    784      1
   105    791      1
   106     42      1
   106    131      1
   106    312      1
   107     22      1
   107    182      1
   107    248      1
   108     22      1
   108    203      1
   108    247      1
   108    588      1
   109     16      1
   109    719      1
   110     75      1
   110    744      1
   111     70      1
   112     47      1
   112    290      1
   112    524      1
   113     62      1
   114     66      1
   115     24      1
   115    135      1
   115    181      1
   115    195      1
   116     64      1
   116    121      1
   116    647      1
   117      2      1
   117    280      1
   117    287      1
   117    347      1
   117    544      1
   118     95      1
   118    291      1
   118    752      1
   119     38      1
   119    134      1
   119    166      1
   120     79      1
   120    321      1
   120    441      1
   121    116      1
   121    230      1
   121    266      1
   122      5      1
   123     51      1
   123    207      1
   123    542      1
   124     93      1
   124    139      1
   124    682      1
   125      1      1
   125    130      1
   125    874      1
   126     11      1
   126    141      1
   126    160      1
   127     30      1
   127    345      1
   128     46      1
   128    149      1
   129      4      1
   129    229      1
   129    278      1
   129    471      1
   129    503      1
   129    688      1
   130    125      1
   130    369      1
   130    373      1
   130    681      1
   130    866      1
   131    106      1
   132     45      1
   132    219      1
   132    239      1
   132    285      1
   132    436      1
   132    689      1
   132    899      1
   133     32      1
   133    634      1
   134    119      1
   134    164      1
   134    878      1
   135    115      1
   136     77      1
   136    169      1
   136    338      1
   137     58      1
   137    154      1
   137    243      1
   137    390      1
   138     21      1
   138    580      1
   139    124      1
   139    199      1
   139    222      1
   139    301      1
   140     74      1
   140    307      1
   140    808      1
   140    859      1
   141    126      1
   141    509      1
   141    582      1
   142     71      1
   142    611      1
   142    657      1
   143     16      1
   143    162      1
   143    244      1
   143    551      1
   144    104      1
   144    378      1
   145     75      1
   145    372      1
   145    494      1
   146     60      1
   147      8      1
   147    185      1
   147    325      1
   147    382      1
   148     59      1
   148    293      1
   148    612      1
   149    128      1
   149    201      1
   149    211      1
   150     28      1
   150    198      1
   150    521      1
   150    646      1
   150    746      1
   151      4      1
   151    300      1
   151    517      1
   152     36      1
   152    510      1
   153     38      1
   153    216      1
   153    413      1
   153    806      1
   154    137      1
   154    241      1
   155     79      1
   155    508      1
   155    785      1
   156     58      1
   156    332      1
   156    416      1
   156    492      1
   157    105      1
   157    585      1
   158      6      1
   159      5      1
   159    579      1
   159    850      1
   160    126      1
   160    410      1
   160    602      1
   161     65      1
   161    265      1
   161    569      1
   162    143      1
   163     43      1
   164    134      1
   164    174      1
   164    189      1
   165     51      1
   165    707      1
   166    119      1
   166    173      1
   166    608      1
   166    798      1
   167     58      1
   167    191      1
   167    223      1
   167    298      1
   167    391      1
   168     66      1
   168    188      1
   168    398      1
   168    411      1
   168    474      1
   169    136      1
   169    613      1
   170     32      1
   170    175      1
   170    308      1
   170    326      1
   170    421      1
   171     25      1
   171    178      1
   171    232      1
   171    346      1
   172     86      1
   172    186      1
   172    760      1
   173    166      1
   173    180      1
   173    455      1
   173    556      1
   174    164      1
   174    306      1
   175    170      1
   175    316      1
   175    423      1
   175    839      1
   176     80      1
   177     39      1
   177    462      1
   177    677      1
   178    171      1
   178    336      1
   178    533      1
   178    595      1
   179     33      1
   179    366      1
   179    429      1
   180    173      1
   180    196      1
   180    340      1
   180    684      1
   181    115      1
   182    107      1
   182    228      1
   183     37      1
   183    861      1
   184     77      1
   185    147      1
   185    212      1
   185    310      1
   185    596      1
   186    172      1
   186    409      1
   186    460      1
   186    890      1
   187     68      1
   187    314      1
   187    361      1
   187    418      1
   188    168      1
   189    164      1
   190     55      1
   190    305      1
   190    341      1
   190    614      1
   190    668      1
   191    167      1
   192     35      1
   192    282      1
   192    446      1
   193     62      1
   193    434      1
   194     97      1
   194    225      1
   195    115      1
   196    180      1
   197     86      1
   198    150      1
   198    226      1
   198    461      1
   198    756      1
   199    139      1
   200     14      1
   201    149      1
   202     83      1
   202    566      1
   203    108      1
   203    529      1
   204     33      1
   205     55      1
   205    322      1
   205    376      1
   206     29      1
   206    576      1
   207    123      1
   207    525      1
   207    835      1
   208      9      1
   208    343      1
   208    692      1
   209      4      1
   209    615      1
   210     37      1
   210    261      1
   210    313      1
   210    350      1
   210    722      1
   211    149      1
   211    589      1
   212    185      1
   212    498      1
   213     94      1
   213    334      1
   213    381      1
   214     51      1
   215     35      1
   215    353      1
   215    518      1
   216    153      1
   216    475      1
   216    698      1
   217     85      1
   217    599      1
   218     64      1
   219    132      1
   219    565      1
   220     27      1
   220    263      1
   220    451      1
   221     54      1
   221    812      1
   222    139      1
   222    295      1
   222    467      1
   222    502      1
   223    167      1
   224      5      1
   225    194      1
   225    520      1
   225    661      1
   226    198      1
   226    234      1
   226    662      1
   227      9      1
   227    449      1
   228    182      1
   228    255      1
   228    320      1
   228    701      1
   228    802      1
   229    129      1
   229    815      1
   230    121      1
   230    557      1
   230    561      1
   231      6      1
   231    240      1
   231    619      1
   232    171      1
   232    256      1
   232    258      1
   232    315      1
   232    864      1
   233     52      1
   234    226      1
   235     42      1
   236     62      1
   236    482      1
   236    664      1
   236    843      1
   237     41      1
   237    456      1
   238     39      1
   238    419      1
   238    469      1
   239    132      1
   239    249      1
   239    797      1
   240    231      1
   240    335      1
   240    466      1
   241    154      1
   242     98      1
   242    532      1
   242    552      1
   243    137      1
   243    362      1
   244    143      1
   244    292      1
   245     25      1
   246     94      1
   247    108      1
   248    107      1
   248    384      1
   249    239      1
   249    506      1
   250     43      1
   250    277      1
   251     82      1
   251    253      1
   251    558      1
   252     56      1
   253    251      1
   253    363      1
   253    592      1
   253    766      1
   254     33      1
   254    268      1
   255    228      1
   255    257      1
   255    351      1
   255    392      1
   256    232      1
   256    273      1
   256    488      1
   256    670      1
   257    255      1
   258    232      1
   259    100      1
   260     83      1
   260    572      1
   261    210      1
   262     26      1
   262    324      1
   262    380      1
   262    514      1
   262    540      1
   263    220      1
   263    377      1
   263    385      1
   263    513      1
   264     61      1
   264    279      1
   265    161      1
   266    121      1
   266    433      1
   266    648      1
   267     42      1
   267    352      1
   268    254      1
   269     90      1
   269    286      1
   269    330      1
   269    623      1
   270     23      1
   270    329      1
   270    355      1
   270    554      1
   271     10      1
   272      7      1
   272    426      1
   272    574      1
   272    609      1
   272    712      1
   273    256      1
   273    296      1
   273    476      1
   273    577      1
   273    757      1
   274     55      1
   274    694      1
   275      9      1
   276     62      1
   276    440      1
   276    640      1
   276    695      1
   277    250      1
   277    606      1
   278    129      1
   279    264      1
   279    709      1
   280    117      1
   281      7      1
   282    192      1
   282    573      1
   283     68      1
   283    443      1
   283    774      1
   284     94      1
   284    765      1
   285    132      1
   285    304      1
   286    269      1
   286    590      1
   286    637      1
   287    117      1
   288     63      1
   288    631      1
   288    841      1
   289     76      1
   289    360      1
   290    112      1
   290    676      1
   290    888      1
   291    118      1
   291    365      1
   291    726      1
   292    244      1
   292    527      1
   293    148      1
   293    297      1
   294     37      1
   294    387      1
   295    222      1
   295    849      1
   296    273      1
   297    293      1
   297    318      1
   298    167      1
   298    639      1
   299     85      1
   300    151      1
   300    309      1
   301    139      1
   301    356      1
   302     61      1
   303     92      1
   303    553      1
   304    285      1
   304    438      1
   304    660      1
   305    190      1
   305    331      1
   306    174      1
   306    495      1
   307    140      1
   307    897      1
   308    170      1
   309    300      1
   310    185      1
   311     58      1
   311    370      1
   311    697      1
   312    106      1
   312    402      1
   313    210      1
   314    187      1
   314    789      1
   315    232      1
   315    358      1
   315    472      1
   316    175      1
   316    581      1
   317     63      1
   318    297      1
   318    669      1
   319    102      1
   320    228      1
   321    120      1
   322    205      1
   322    339      1
   322    715      1
   323     45      1
   324    262      1
   325    147      1
   325    500      1
   326    170      1
   327     83      1
   328     18      1
   328    550      1
   329    270      1
   329    658      1
   330    269      1
   331    305      1
   332    156      1
   332    822      1
   333     17      1
   333    511      1
   334    213      1
   334    848      1
   335    240      1
   336    178      1
   336    342      1
   336    519      1
   337     26      1
   337    427      1
   337    538      1
   337    601      1
   337    650      1
   338    136      1
   338    666      1
   338    748      1
   339    322      1
   340    180      1
   341    190      1
   341    632      1
   342    336      1
   343    208      1
   343    856      1
   344     97      1
   344    842      1
   345    127      1
   345    478      1
   345    833      1
   346    171      1
   346    512      1
   346    625      1
   346    687      1
   347    117      1
   348     18      1
   349      1      1
   349    406      1
   350    210      1
   350    541      1
   351    255      1
   351    417      1
   351    630      1
   352    267      1
   353    215      1
   353    493      1
   354     46      1
   355    270      1
   355    389      1
   356    301      1
   357     25      1
   357    448      1
   358    315      1
   359     20      1
   359    870      1
   360    289      1
   361    187      1
   361    477      1
   361    845      1
   362    243      1
   363    253      1
   363    394      1
   363    430      1
   363    700      1
   364     96      1
   365    291      1
   365    894      1
   366    179      1
   366    395      1
   367     27      1
   367    403      1
   367    523      1
   367    783      1
   368    105      1
   368    626      1
   368    773      1
   369    130      1
   370    311      1
   371     49      1
   371    873      1
   372    145      1
   372    501      1
   372    563      1
   372    880      1
   373    130      1
   373    491      1
   374     33      1
   374    730      1
   375      4      1
   375    821      1
   376    205      1
   377    263      1
   377    464      1
   378    144      1
   379     83      1
   379    507      1
   379    603      1
   380    262      1
   380    607      1
   381    213      1
   382    147      1
   382    605      1
   383     70      1
   383    414      1
   384    248      1
   384    838      1
   385    263      1
   386     44      1
   386    412      1
   386    624      1
   386    751      1
   387    294      1
   387    486      1
   388     69      1
   388    457      1
   389    355      1
   390    137      1
   390    763      1
   391    167      1
   391    442      1
   392    255      1
   392    432      1
   392    665      1
   393     99      1
   393    485      1
   394    363      1
   395    366      1
   396     88      1
   397     71      1
   397    831      1
   398    168      1
   398    415      1
   398    447      1
   399     63      1
   399    716      1
   400    104      1
   401     36      1
   402    312      1
   403    367      1
   404     25      1
   405     87      1
   406    349      1
   407     36      1
   408     84      1
   408    549      1
   408    628      1
   408    636      1
   409    186      1
   409    453      1
   409    539      1
   410    160      1
   411    168      1
   412    386      1
   412    450      1
   413    153      1
   413    458      1
   414    383      1
   415    398      1
   416    156      1
   417    351      1
   418    187      1
   418    437      1
   419    238      1
   420     61      1
   420    435      1
   420    644      1
   421    170      1
   422     85      1
   422    431      1
   422    643      1
   422    721      1
   423    175      1
   424     88      1
   424    622      1
   425     53      1
   426    272      1
   426    459      1
   427    337      1
   427    454      1
   427    546      1
   427    761      1
   428    105      1
   429    179      1
   430    363      1
   431    422      1
   431    548      1
   431    593      1
   432    392      1
   432    750      1
   432    871      1
   433    266      1
   433    452      1
   433    575      1
   434    193      1
   435    420      1
   435    468      1
   435    489      1
   436    132      1
   437    418      1
   437    587      1
   438    304      1
   439     32      1
   440    276      1
   441    120      1
   442    391      1
   443    283      1
   443    536      1
   443    790      1
   444    103      1
   444    584      1
   445     65      1
   446    192      1
   447    398      1
   448    357      1
   449    227      1
   450    412      1
   450    465      1
   450    795      1
   451    220      1
   452    433      1
   453    409      1
   454    427      1
   454    747      1
   455    173      1
   455    531      1
   456    237      1
   457    388      1
   457    562      1
   458    413      1
   459    426      1
   460    186      1
   461    198      1
   461    649      1
   461    655      1
   461    875      1
   462    177      1
   462    463      1
   463    462      1
   463    545      1
   463    618      1
   464    377      1
   464    604      1
   464    739      1
   464    775      1
   465    450      1
   465    754      1
   465    780      1
   465    781      1
   466    240      1
   466    530      1
   467    222      1
   467    483      1
   468    435      1
   469    238      1
   470     12      1
   470    755      1
   471    129      1
   472    315      1
   472    635      1
   473     97      1
   473    851      1
   474    168      1
   475    216      1
   475    480      1
   475    571      1
   476    273      1
   477    361      1
   477    793      1
   478    345      1
   478    708      1
   479     73      1
   480    475      1
   480    654      1
   481     52      1
   482    236      1
   482    645      1
   483    467      1
   483    758      1
   484     84      1
   485    393      1
   485    720      1
   486    387      1
   486    674      1
   487     27      1
   487    555      1
   488    256      1
   489    435      1
   490     29      1
   491    373      1
   492    156      1
   492    535      1
   492    777      1
   493    353      1
   493    737      1
   494    145      1
   494    497      1
   495    306      1
   495    499      1
   495    543      1
   496     86      1
   496    564      1
   497    494      1
   497    771      1
   498    212      1
   498    738      1
   499    495      1
   500    325      1
   500    526      1
   501    372      1
   502    222      1
   502    667      1
   502    705      1
   502    767      1
   503    129      1
   503    528      1
   504     83      1
   504    547      1
   505     48      1
   506    249      1
   506    516      1
   507    379      1
   508    155      1
   509    141      1
   509    659      1
   509    731      1
   509    834      1
   510    152      1
   511    333      1
   512    346      1
   512    671      1
   512    885      1
   513    263      1
   514    262      1
   515      4      1
   516    506      1
   516    836      1
   517    151      1
   518    215      1
   519    336      1
   520    225      1
   521    150      1
   522     47      1
   523    367      1
   523    620      1
   524    112      1
   524    598      1
   525    207      1
   525    559      1
   525    678      1
   526    500      1
   526    685      1
   527    292      1
   528    503      1
   529    203      1
   530    466      1
   531    455      1
   531    829      1
   532    242      1
   533    178      1
   534     89      1
   534    591      1
   535    492      1
   536    443      1
   537     44      1
   538    337      1
   538    672      1
   538    736      1
   539    409      1
   540    262      1
   541    350      1
   542    123      1
   543    495      1
   544    117      1
   545    463      1
   545    717      1
   546    427      1
   547    504      1
   547    586      1
   547    600      1
   548    431      1
   549    408      1
   549    683      1
   550    328      1
   551    143      1
   551    610      1
   552    242      1
   552    863      1
   553    303      1
   554    270      1
   554    673      1
   555    487      1
   556    173      1
   556    868      1
   557    230      1
   558    251      1
   558    696      1
   559    525      1
   560     25      1
   561    230      1
   562    457      1
   563    372      1
   564    496      1
   564    578      1
   565    219      1
   565    652      1
   566    202      1
   567      3      1
   568     47      1
   568    691      1
   569    161      1
   569    811      1
   570      5      1
   571    475      1
   571    732      1
   572    260      1
   573    282      1
   574    272      1
   574    896      1
   575    433      1
   576    206      1
   577    273      1
   578    564      1
   578    704      1
   579    159      1
   580    138      1
   580    759      1
   581    316      1
   581    762      1
   582    141      1
   583     18      1
   584    444      1
   584    823      1
   585    157      1
   585    621      1
   586    547      1
   587    437      1
   588    108      1
   589    211      1
   590    286      1
   590    792      1
   591    534      1
   592    253      1
   592    616      1
   593    431      1
   593    741      1
   594     65      1
   595    178      1
   596    185      1
   596    865      1
   597      5      1
   598    524      1
   599    217      1
   599    727      1
   600    547      1
   600    814      1
   601    337      1
   601    778      1
   602    160      1
   602    663      1
   603    379      1
   604    464      1
   604    641      1
   605    382      1
   606    277      1
   607    380      1
   607    651      1
   608    166      1
   609    272      1
   610    551      1
   610    779      1
   611    142      1
   612    148      1
   613    169      1
   613    711      1
   613    801      1
   614    190      1
   614    828      1
   615    209      1
   616    592      1
   617     87      1
   618    463      1
   619    231      1
   620    523      1
   621    585      1
   622    424      1
   622    706      1
   623    269      1
   624    386      1
   625    346      1
   626    368      1
   626    844      1
   627     82      1
   628    408      1
   628    629      1
   629    628      1
   630    351      1
   631    288      1
   631    725      1
   631    879      1
   632    341      1
   633      0      1
   634    133      1
   635    472      1
   636    408      1
   637    286      1
   638     64      1
   639    298      1
   640    276      1
   641    604      1
   642    102      1
   643    422      1
   643    770      1
   643    794      1
   644    420      1
   645    482      1
   646    150      1
   647    116      1
   648    266      1
   648    840      1
   649    461      1
   649    769      1
   650    337      1
   651    607      1
   651    713      1
   652    565      1
   653      8      1
   653    699      1
   654    480      1
   655    461      1
   656     22      1
   657    142      1
   657    800      1
   658    329      1
   659    509      1
   660    304      1
   661    225      1
   661    854      1
   662    226      1
   662    813      1
   663    602      1
   663    882      1
   663    886      1
   664    236      1
   665    392      1
   665    734      1
   665    796      1
   666    338      1
   667    502      1
   668    190      1
   669    318      1
   670    256      1
   670    728      1
   670    805      1
   671    512      1
   671    860      1
   672    538      1
   673    554      1
   674    486      1
   675     93      1
   675    857      1
   676    290      1
   676    807      1
   677    177      1
   678    525      1
   679     67      1
   680     75      1
   681    130      1
   682    124      1
   683    549      1
   683    703      1
   684    180      1
   685    526      1
   686     98      1
   687    346      1
   688    129      1
   689    132      1
   690     12      1
   691    568      1
   692    208      1
   693     21      1
   694    274      1
   695    276      1
   695    787      1
   696    558      1
   696    855      1
   697    311      1
   698    216      1
   699    653      1
   699    710      1
   700    363      1
   700    743      1
   701    228      1
   702     94      1
   703    683      1
   704    578      1
   705    502      1
   705    884      1
   706    622      1
   706    887      1
   707    165      1
   708    478      1
   709    279      1
   710    699      1
   711    613      1
   712    272      1
   712    827      1
   713    651      1
   714     44      1
   715    322      1
   716    399      1
   717    545      1
   718     86      1
   719    109      1
   720    485      1
   721    422      1
   722    210      1
   723     65      1
   724     46      1
   724    817      1
   725    631      1
   726    291      1
   727    599      1
   727    786      1
   728    670      1
   729     26      1
   730    374      1
   730    816      1
   731    509      1
   732    571      1
   733     53      1
   734    665      1
   735      9      1
   736    538      1
   737    493      1
   738    498      1
   739    464      1
   740     38      1
   741    593      1
   742    102      1
   743    700      1
   744    110      1
   744    764      1
   745     76      1
   746    150      1
   747    454      1
   748    338      1
   749     21      1
   750    432      1
   751    386      1
   752    118      1
   753     87      1
   754    465      1
   755    470      1
   756    198      1
   757    273      1
   757    876      1
   758    483      1
   759    580      1
   760    172      1
   760    852      1
   761    427      1
   761    877      1
   762    581      1
   763    390      1
   764    744      1
   765    284      1
   766    253      1
   767    502      1
   768     79      1
   768    804      1
   769    649      1
   770    643      1
   771    497      1
   772     22      1
   773    368      1
   774    283      1
   775    464      1
   776    101      1
   777    492      1
   777    893      1
   778    601      1
   779    610      1
   779    825      1
   780    465      1
   781    465      1
   782     18      1
   782    837      1
   783    367      1
   784    105      1
   785    155      1
   786    727      1
   787    695      1
   788     62      1
   788    883      1
   789    314      1
   790    443      1
   791    105      1
   792    590      1
   793    477      1
   793    803      1
   794    643      1
   795    450      1
   796    665      1
   797    239      1
   798    166      1
   799      5      1
   800    657      1
   800    830      1
   801    613      1
   802    228      1
   802    810      1
   803    793      1
   804    768      1
   804    862      1
   805    670      1
   806    153      1
   807    676      1
   808    140      1
   809     89      1
   810    802      1
   811    569      1
   811    846      1
   811    892      1
   812    221      1
   813    662      1
   814    600      1
   815    229      1
   816    730      1
   817    724      1
   818     89      1
   819     55      1
   820     64      1
   821    375      1
   822    332      1
   823    584      1
   824     12      1
   825    779      1
   826     98      1
   827    712      1
   828    614      1
   829    531      1
   830    800      1
   831    397      1
   832     80      1
   833    345      1
   834    509      1
   835    207      1
   836    516      1
   837    782      1
   838    384      1
   839    175      1
   840    648      1
   841    288      1
   842    344      1
   843    236      1
   844    626      1
   845    361      1
   846    811      1
   847     77      1
   848    334      1
   849    295      1
   850    159      1
   851    473      1
   851    869      1
   852    760      1
   853     56      1
   854    661      1
   854    858      1
   855    696      1
   856    343      1
   857    675      1
   858    854      1
   858    881      1
   859    140      1
   860    671      1
   861    183      1
   862    804      1
   863    552      1
   864    232      1
   865    596      1
   866    130      1
   867     18      1
   868    556      1
   869    851      1
   870    359      1
   871    432      1
   872     78      1
   873    371      1
   873    895      1
   874    125      1
   875    461      1
   876    757      1
   877    761      1
   878    134      1
   879    631      1
   880    372      1
   881    858      1
   882    663      1
   883    788      1
   884    705      1
   885    512      1
   886    663      1
   886    891      1
   887    706      1
   888    290      1
   889     10      1
   890    186      1
   891    886      1
   892    811      1
   893    777      1
   894    365      1
   895    873      1
   896    574      1
   897    307      1
   898     78      1
   899    132      1
