COORD_X_Y 1000
  2.46176  0.593067
  1.53107   2.38272
0.00562716   2.33534
 0.886279  0.402898
  1.27111   2.18536
  1.21883   1.50295
 0.202297  0.953705
   0.2854   2.12255
  1.12944   2.85814
  2.20829    2.4797
  2.84452   1.25876
 0.765462   1.10474
  1.32252     2.769
 0.446834   2.10507
  2.84564  0.486748
 0.411826    2.8782
 0.324917  0.201776
  1.97721  0.747123
  1.49652  0.552528
  2.66753  0.298558
  1.94736    1.5314
  1.33951 0.0433269
 0.695248   1.31619
  2.13937   0.64834
 0.930728  0.997497
 0.531591  0.729661
 0.750499  0.290093
  2.93946   1.40809
  1.65621   2.28102
 0.575957  0.180862
  1.85442   1.37828
  0.69144   1.45808
  1.87673    2.5301
   2.2002   1.43644
  2.54195  0.368731
  1.31518  0.368229
 0.716302    2.9671
  2.97359   1.56346
  1.64501    2.8218
  1.96836  0.958622
 0.735458   1.25342
  2.74849  0.886357
  1.41639   0.77185
   1.0319   0.70296
 0.789324 0.0404644
 0.818023  0.590916
  1.54567   2.79949
  0.69259   2.35913
  1.24684   2.36371
 0.302412   1.28576
  2.50515   1.45037
  2.19769   1.28526
 0.823395   2.74993
 0.929654   1.10446
 0.753557   1.98936
  2.66206  0.874195
  2.96104   2.90422
  2.48796  0.982253
   1.2476   1.53017
  2.58596  0.432313
  1.14116   2.05078
  1.52309  0.546135
  2.05918   0.72279
  2.88398   2.63014
 0.834886   2.10847
  2.72434  0.315965
 0.523349   2.41724
 0.661566  0.518668
0.0317964  0.873534
  2.72467  0.831525
  2.95516   1.50509
   1.1513  0.684159
  1.66958   2.30904
  1.88335   2.36587
 0.471137  0.516009
  1.63267  0.935425
  1.60412  0.219351
  2.22863   1.11265
 0.605191 0.0229295
  1.75296   1.74268
 0.499717   2.81647
 0.676719   1.78976
 0.965466  0.280558
 0.340451  0.262607
0.0249419   1.27337
 0.532834   2.43736
  2.00375  0.894517
  2.16738   2.17926
 0.688913   2.05016
  1.17808  0.513488
   2.1457   2.74169
  2.01003  0.430719
  2.48625   0.28854
0.0900956   2.15711
  2.18619   1.85056
 0.688826 0.0206547
  2.02555  0.743371
  1.91074   1.34718
   1.0509   2.54258
  1.09316 0.0959028
 0.677386    2.5985
  2.11034   1.86133
  2.80724   1.65009
   2.7417    1.8738
  2.74156   2.97087
  2.87403   2.70873
  2.40692  0.985869
  2.22461 0.0794865
  1.46621   1.66948
 0.433594   1.87308
  1.24269  0.736897
  2.19391   2.75163
  1.22787  0.587764
  1.04055   1.02684
  1.54781   2.94754
  1.09449  0.674419
  2.70501   2.13726
  1.87471   1.37944
  1.53351  0.101779
  2.72704   2.66289
 0.575906 0.0568185
  1.54715   1.06392
0.0963768  0.867371
  2.03849   1.75156
 0.885689    1.8821
  2.89916   1.87779
 0.377876   1.16008
  2.83298 0.0598227
  2.07363  0.025337
   2.2003  0.715726
  2.10072  0.487544
  1.12489    1.8827
  1.12793   2.77097
  1.02634   2.45974
 0.628331  0.509131
   2.4428   2.87019
 0.685594    1.1372
  1.98478   2.18258
  2.43602    1.2247
  2.90923   2.57149
 0.872206   2.06424
  2.99122   1.30277
  2.14381   2.08086
  1.38085   1.10304
  2.84657   2.95234
0.0931678   2.91685
  1.80505    2.0901
  1.24896   2.75143
  2.00405   1.01971
  1.33965   1.61481
 0.134379   1.07007
 0.646715   2.58168
  1.41334  0.324637
  1.66894    2.0357
  2.38304   1.18827
 0.787394   2.75317
 0.755365    2.7867
0.0953622   1.57847
  1.09719   1.74497
  1.82164   1.23719
  1.86067    1.7415
  1.80331 0.00360246
  1.90301   1.81836
 0.131567   1.48184
  1.34441  0.981945
  1.67006  0.669514
 0.208951   2.51116
 0.741134   1.26558
  2.31017  0.131414
  2.78428   2.29984
 0.326886   1.37769
 0.689735   2.34539
  1.12808   1.47392
  2.88775  0.565395
  2.55792   1.12729
  2.82489  0.900854
  1.39994   2.24855
  1.16728    1.8715
   1.6666   2.95262
 0.108727   2.39048
 0.625339   1.03495
  1.00783  0.609781
 0.676893    2.8648
  2.12993   1.63685
 0.797924   1.71409
 0.433794   1.45938
  1.83479   1.45673
  1.71001   1.18032
 0.711607  0.848433
  2.81561   1.28519
  2.19528   1.99429
 0.915646  0.855092
  1.51654   0.67878
 0.154779   1.05073
  2.55016   1.93308
 0.354666   2.59552
  2.32867   0.78571
  2.90217  0.636791
  2.22089   1.42267
  1.26223    2.8501
  1.84695   1.72911
 0.667043   1.99129
   1.2873   2.47737
  2.03778   2.70824
  2.51685   1.51074
  2.56485  0.516465
  2.77861   1.92227
 0.216897   2.81961
  2.30126 0.0655681
  1.32856   2.18551
  1.98123   2.25783
  1.73577  0.385463
  1.46001  0.671633
0.0437269   1.81059
  2.12723   1.86318
 0.505236   2.40797
  1.23151    2.7748
 0.530402   2.17593
  1.62318   1.53065
 0.399828   1.61157
 0.812312    1.8847
 0.471304  0.678377
 0.428158   1.94267
  1.22434  0.739888
  1.82418 0.0159239
  2.47498  0.866223
  2.62562   2.45712
  1.31298   0.88529
 0.351897   2.98134
 0.465286  0.421739
  1.20127   1.82684
  2.71505   2.88146
  1.08141   1.89382
0.0892437   1.65456
  1.15691  0.740313
  2.18036    2.5952
 0.395593   2.35546
 0.236245   1.75432
  1.14161   1.86312
  1.14788  0.395892
  2.64197   1.78568
0.0497536  0.446077
  2.55191   2.67657
  2.81199   2.26454
  1.84829   2.06846
 0.397206   2.52205
 0.403946   1.39547
  1.12976   2.78112
0.0810784   2.50294
  2.00704    0.3375
  1.13541  0.291236
  2.28583  0.154986
  0.17578   2.21866
0.0462369    1.1118
  1.12589   1.00201
  1.29864   2.02737
 0.349938   1.51055
 0.479332   2.91594
  0.86212   2.56214
  1.76295   1.28207
 0.940576  0.511719
  1.24144  0.436996
 0.130797   1.62297
  1.22214   2.80916
  2.18066  0.929063
 0.167771  0.274733
  1.05218  0.177838
    2.554   2.75386
  2.96064   2.48139
   1.8891   2.56941
  2.35739   2.44934
  1.84273   1.15162
  1.57822  0.683382
  1.92568   2.77588
 0.794988   1.79299
  2.41363   1.84356
 0.812441  0.576338
 0.243337   1.72144
 0.338122   1.18027
  2.42929   2.20424
 0.412562  0.753503
  1.84573   1.31611
  2.48311   2.98971
  2.65596   1.27099
  1.15822   2.16994
  1.99307 0.00229024
0.0621741  0.512046
  1.51444  0.498975
   2.6039  0.265244
  1.78186 0.0903579
  1.69045  0.161703
  2.91334   1.81481
 0.280028   2.47312
  1.87614    1.6043
  1.65797   2.42978
  1.83263 0.0994065
  1.18123   2.88617
 0.946001   2.22807
  2.05659   2.98286
  2.82247   1.04149
  1.78242    1.3756
  2.99003  0.596878
  1.09624    1.8204
 0.955412    2.3654
  1.28446 0.0997438
  1.22809   2.86691
 0.717584   2.25461
  1.64744   1.64255
  2.81072 0.0884278
  1.99805   2.44874
  2.71196   2.02316
  1.18895   2.80402
  2.64013   1.70387
 0.231578   1.15291
  1.42055   2.48921
 0.703632   2.49786
  1.14991  0.315101
  2.27159   2.24225
0.0329875   2.65093
 0.653975   1.69535
 0.358721   1.16234
     2.97  0.539462
  2.72277  0.458555
  0.16044  0.940758
   2.5427   0.45831
   2.0197   2.79786
  2.96597   2.27463
 0.903746  0.914052
   2.3692  0.852767
  2.39163  0.729767
 0.420905   1.54081
  2.14474    2.8917
  2.73743  0.501738
  2.05057  0.809818
  2.74838   1.63648
0.0544287    2.9146
 0.626919   0.76284
 0.159592   2.13296
  1.68093   2.16184
  1.15534   2.51311
  1.40355  0.649897
  1.31444  0.470647
 0.544163   1.71495
  1.65766   1.02222
 0.396912  0.303128
  2.27767     1.137
  1.10986  0.784267
  2.35238  0.157965
  1.31222   1.21004
  1.26758   1.68947
 0.787812   2.41033
  1.03397   2.73004
 0.217618  0.987388
  0.46926   1.45389
 0.423232   1.84432
  2.53553  0.531542
 0.810141  0.474399
  1.42227   1.88946
 0.568297   1.65555
  2.73234   1.03315
  1.41877   2.44525
  2.14493   2.46715
 0.137298  0.343778
 0.313741   2.52057
 0.616901    1.2016
  1.15885   0.24925
 0.390842   1.32941
 0.290394 0.0731415
  2.38311   2.59719
 0.417531 0.0962059
  1.37579   1.22766
   2.3153   1.81342
 0.743206   2.97137
 0.106071  0.629196
 0.125423    2.6201
  1.32118  0.124978
  1.21163   1.23233
   1.7865   1.18399
  1.76852   0.85183
 0.159877   2.01603
 0.680264   1.80513
  2.20802  0.283248
 0.392942   2.74926
  2.59658   1.41841
  2.59641   2.43737
 0.979277  0.545202
0.0329985   2.83162
  1.06228   1.09596
  2.83505   1.52888
 0.335424  0.376521
  1.71547   2.44249
  1.00003   1.12026
  1.51164   2.97934
  1.17898  0.238711
 0.921574   2.40485
  1.91798    1.7264
   2.4019   1.79611
   2.0674   2.46569
 0.298413   2.09492
 0.769072   2.89487
   1.7728   1.77162
 0.398753   2.16375
  1.08066   1.30418
  1.06941   0.75168
  1.28585   1.20863
  2.72041   1.13613
 0.582498  0.317267
  2.44623  0.632278
  2.08635   2.17081
  2.41423  0.805431
  2.90316   1.49354
  1.14019   2.44387
  2.79301    0.7793
  2.32682   2.53225
  2.14648   1.26089
 0.061657   2.81174
 0.297064   2.63311
  1.31711   2.20619
 0.548153   2.19282
  1.94495   1.11439
  2.28919  0.251384
 0.809116  0.525328
 0.633154   1.54831
  1.67938   1.84282
   2.3426   0.68774
  2.91447  0.879966
  1.59366   2.15097
  2.70948  0.276575
 0.159037   2.61468
   2.3116   0.92375
 0.926223   2.63956
  0.83211   1.58205
  2.95831   1.83442
  1.16372  0.335402
  2.78717  0.295995
  2.75172   1.49532
  1.10053   2.87891
     2.25   2.35687
  2.27472   2.78183
  1.47881   1.28154
  0.63367  0.309896
 0.830334   2.55477
  1.13167   2.11415
 0.423336   2.79414
 0.719462   2.93599
 0.475713  0.145687
   1.2893   1.85726
 0.291396   1.20523
 0.254752  0.722456
  1.16042   2.70259
 0.127993   2.17548
 0.426209    1.0752
  1.64267   2.11513
  1.30405   2.86882
  2.18834  0.361459
  1.86488    1.4048
  2.08181   1.20471
 0.404483   1.53432
  2.72405   1.08381
 0.679418   2.29593
  1.17019  0.440475
  1.67188   2.06759
  1.03537  0.339952
 0.995733   2.01988
 0.872007   1.31978
 0.131895   1.80897
 0.563904   1.00619
0.0517717   2.56541
  2.71318    1.6962
  2.31518   1.24528
  1.19283   1.25079
  2.32998  0.266107
  1.49526   2.47848
  1.43999   1.48309
  1.18022  0.247215
 0.791409  0.453947
 0.818512   1.88965
 0.913926   2.48424
 0.720159   2.29532
   1.0057  0.252132
  0.14731   1.12812
  1.01806   1.59119
   2.1005   2.43026
  1.65104    2.3965
0.0343526   1.60324
  1.42107   1.05503
  2.82251   2.19137
 0.911775   2.32917
  1.17412   1.64639
  1.06849   1.39045
  1.07599    2.0609
 0.704923   2.19657
 0.743545   2.68756
 0.887287   1.30585
  1.09294     1.538
  1.94073 0.0638005
  1.32446   1.30702
  1.94777   2.56195
  1.51819   1.75078
  1.08025  0.962389
  2.74717   1.98841
  1.39253  0.344248
  1.79148   1.49019
 0.749423   2.84706
  1.26418  0.466831
  1.85156  0.235696
 0.651626   2.59286
  2.93383   2.55567
 0.205195  0.315452
  2.83834    1.0832
 0.541952   1.36204
  0.12738   1.36525
  1.36319    1.6035
 0.860862    2.5845
 0.825671   2.24436
  2.73261    1.4405
  1.34411  0.535532
  1.41565   1.81228
 0.192124   1.24898
 0.383423   1.71106
  1.44632   2.96136
  1.15375   0.81967
  2.72321   1.73892
  1.86406   1.39362
 0.935379   2.39063
  1.54789   2.30864
  1.37723   2.05952
 0.171853   2.50727
  2.08513   1.92536
  2.01447  0.218307
 0.809058    1.1935
  1.13666    2.8813
  2.51627  0.423071
  0.47484   2.80417
 0.289328  0.612731
 0.634265 0.0793545
 0.588618   1.95828
  1.74974   2.34077
 0.133824   1.23191
  2.12139   1.34252
 0.385138   1.70183
   1.4973   1.71205
 0.369691   1.24781
 0.444779  0.723355
 0.331873   1.63649
  2.85823    1.6404
  1.51153   2.26254
  2.98553   2.27059
 0.370645   1.23064
  1.47842   2.65457
 0.267476   2.85206
 0.229543   2.74565
  2.25706   1.64302
   1.3594   2.10734
  2.15574   2.50384
  1.97493   2.51193
 0.746847   2.21352
  2.68527   1.07337
 0.770476  0.664997
  2.50086   2.56144
 0.792785   2.87321
  2.48788    2.0231
  2.35043   1.78489
  0.30138   1.67094
  1.03939   1.27349
 0.752556    1.6774
 0.272307   2.52305
  2.75305   2.53108
  1.28895   1.69801
 0.384837  0.420456
 0.248065   1.06062
  2.50217   2.59767
 0.616019   2.26622
 0.218031   2.89161
  2.28602    2.2635
  1.49915    1.5849
 0.198875   2.56492
  1.00403   2.31897
 0.190725   2.80154
  1.11115  0.234452
  2.27037 0.0957492
 0.444294   1.97874
  2.40202   2.76938
  2.03683   2.68925
  2.63719   1.81942
  1.23955  0.893319
  1.51799   2.12317
0.0940696   2.35632
 0.858296  0.852851
  2.43942    2.0329
0.0738417    1.7426
  1.15657  0.346383
 0.686029   1.43499
 0.304197  0.355864
  2.02317  0.451329
  1.83666   0.48168
 0.259712   1.99754
  2.16613  0.540573
  1.83273  0.350642
  2.71503  0.783065
  2.86283   2.32664
  1.54636   0.98921
 0.161538   1.68676
  1.24818   2.69315
  2.50297  0.207031
  2.72115   1.90906
0.0307774  0.543181
 0.956729   2.14686
 0.544299   0.98658
    1.156  0.660183
  2.41633   2.31574
  1.51538  0.172408
 0.699588   2.68745
  2.12704   1.97461
  1.85622   2.90362
  0.84404    2.6325
  2.52398     2.479
  1.59487   2.99753
  1.48612   1.67571
  1.32216 0.0198617
  2.22756  0.442477
 0.303824   2.51242
  1.93488   1.97299
  2.46653   2.16726
  1.22457  0.670496
  1.78544  0.830639
 0.981287   2.27307
  0.35447   2.32519
  1.00024  0.936629
 0.184753   2.46411
  2.86509   1.89856
0.0425791   1.32213
  2.71208   1.08659
 0.660653   1.76908
  1.42358  0.945383
 0.335074   2.36007
  2.03823   1.63938
  1.74575   1.34262
  0.54058  0.942468
 0.307001  0.850307
  1.25723   1.51659
  1.85412   1.55982
  1.32781 0.0557405
  1.77578  0.998201
  1.71252 0.0369979
 0.741071 0.0691113
 0.620802   1.86481
  0.27618  0.946881
  0.65201  0.451296
  0.74914   1.78383
  1.51633  0.739837
 0.255379  0.106115
  1.37562   2.42616
  1.52273  0.398343
  1.50685   2.07134
  1.97827   1.31644
 0.481692   1.13641
  1.77886  0.307785
   2.7598   2.58729
  2.78566   2.98307
  2.83652   2.27797
  1.90451   2.50279
  1.93947   1.19439
 0.592344   2.54802
  0.27857   2.30487
  2.60466  0.352613
 0.660277   2.37965
 0.633305   1.60722
 0.771954  0.829072
  1.56151   2.08782
 0.905983  0.418721
  2.79304   2.57236
  2.65117  0.129035
  1.48989    2.6203
  0.42155  0.596103
  2.36267   1.52468
  2.08852  0.811079
  1.68561   1.15101
   2.1811   2.08992
  1.53647 0.0457473
  1.53951   1.44348
  1.65643   2.17957
0.0637256  0.132835
 0.978992  0.561009
0.0112604   1.71754
  1.27099   2.28846
  2.43828  0.426228
  2.04065    2.1624
  1.64676  0.609568
  1.66966   2.38117
   1.5648   2.15977
  2.17151  0.611305
  1.09287  0.879642
  2.19739   1.81594
  1.54647   2.61042
 0.714147   2.16729
   2.3787  0.664093
 0.565993   2.78173
  2.55926   1.67459
 0.662288  0.913552
 0.614739   2.11901
  1.96129    1.4478
  2.17713   1.09489
 0.831049   0.25218
0.0390343    2.2581
 0.961534  0.735824
  2.98134  0.251576
  1.69631   1.39879
  2.95832   1.12318
 0.452754   2.42738
  1.62921   2.52116
  2.78444   1.67001
  2.68961    2.4285
  2.96794  0.171943
  2.57474   1.59291
  2.58865    2.5821
  1.50949   1.46658
  1.27627   1.59213
  1.41622   2.36574
  2.88662  0.024137
  1.96385   2.22738
  1.61696   2.88107
  2.82284   2.46275
  0.46567   1.95846
  1.75014   1.93741
    1.319   1.93189
  2.64282   1.93589
  2.33337  0.105671
 0.412666   2.22901
  1.73237   2.22133
  1.58405  0.966697
  1.72894   1.02488
   1.3502  0.505485
 0.491822  0.404428
    1.735   1.66408
  1.30035  0.365585
   2.1028  0.742641
  1.70467   2.39037
 0.648051  0.338449
 0.282226   2.85607
 0.325623   2.30162
 0.798922   1.95208
  2.04637   1.60228
  1.38591   1.05973
  1.56246   1.32387
  1.76634   2.55586
0.0713168   2.79138
  2.25764  0.985965
0.0089961   1.40071
  1.99364   1.34184
  2.96896  0.386723
  1.91199   2.84357
 0.248823   2.74159
  1.88169  0.429556
  2.19176   1.30655
 0.868382   2.03267
 0.580102    2.6853
  2.78618  0.613747
  1.97125   1.11001
 0.446923    1.3577
  2.12103   0.71091
 0.396745   1.95572
   2.3614   1.03791
 0.554785   1.10716
  2.50397  0.708627
  2.81959    1.0453
 0.322843   1.67409
 0.108892  0.465512
  1.13109  0.232635
  2.31689  0.116341
 0.450628   2.90807
  1.22484    1.1403
  1.80769  0.018973
   1.1713   2.41813
  1.21958   0.26391
  1.12402  0.558393
 0.905844   2.78294
 0.979386  0.901023
0.0535382   2.43543
 0.824334 0.00719662
  1.42465  0.259314
  1.09044    1.0901
  2.76967  0.638497
  2.08343    2.1488
 0.987918   1.21201
 0.831021  0.397317
  1.92213   0.16294
  1.40847   1.37849
 0.196306   0.42908
  1.31525  0.596771
  1.87319   2.97861
  1.43216   1.94589
 0.059143  0.387379
  2.27092   2.77472
  1.61744   2.93951
   1.1078   1.85904
   2.9558  0.590855
 0.807297   1.35597
  2.42289    2.6371
  2.46199   2.27513
  2.74088   1.41129
 0.447202   2.20485
  0.12368   1.09055
 0.462363   1.53559
  1.23771   1.68922
 0.314069   0.72549
  2.37977  0.592016
  1.94557   2.36289
  1.52965   1.69825
 0.960196 0.0414937
 0.047469  0.315357
0.0816417     1.928
  1.97739  0.364361
 0.662409   1.02842
  1.45244   2.88394
 0.487579 0.0844621
0.0210054   1.99408
  1.68582 0.0650774
 0.167621  0.243123
  1.23138  0.568616
  1.78834   1.50022
  2.02283   1.49293
  2.14908  0.873277
  1.62369   1.65389
 0.740455    2.6259
 0.683537   2.15957
  2.07141  0.100421
  2.57381  0.511559
 0.602014    0.8129
  2.54043   1.10011
 0.682698   1.32616
 0.931125  0.951093
  1.62801 0.0978582
  1.26797   2.16271
  1.66012   2.64218
  1.93217   2.59608
  2.16552   1.15903
  2.71481  0.395453
  0.23252    1.7039
  2.70167  0.835226
  2.23199   1.64123
 0.190511   2.83935
  1.06708   2.08456
 0.635266   1.53343
  2.08963   2.50673
 0.951589   1.20195
   2.6238  0.347755
  2.56085  0.655155
  1.11606  0.292806
  1.10033   2.15721
  1.61368  0.166658
  2.92242   2.04974
  2.39254  0.816494
 0.458659   0.52824
 0.924307   2.40794
  2.05898     2.278
 0.359481  0.481617
  1.70296   2.62723
 0.880594    1.5656
  1.49397  0.815063
 0.171806   2.23064
  2.65001   0.71293
 0.634879   1.05947
 0.183958  0.868895
  2.90829   1.00325
  1.98934  0.927901
  1.42436  0.672943
 0.108833   2.80485
  1.11956   1.91111
  1.79438   2.34388
   2.7449   1.12311
 0.740834    2.4723
 0.342519   1.26037
  2.10603   2.20178
  1.68177   1.44874
 0.362732   1.07125
  2.28908   2.25186
 0.606387  0.512715
   1.9991  0.280151
  1.62783   2.38906
    1.228  0.302207
 0.837708   2.86444
  1.37872   1.31009
  2.56676   2.22375
  1.36369  0.939295
  1.07135   2.32136
  1.08784   2.81039
  1.35396   1.68602
  0.84888   2.91601
  1.49222  0.206069
  1.09362   1.61239
 0.897492   1.51621
  1.31175   1.23125
  1.90752  0.453553
  2.15413   2.71103
  1.46339   1.09006
 0.385282   1.99886
  1.78651   2.74845
 0.721083  0.540505
  1.19698   1.87975
  2.51223   2.89182
  2.66362    1.4151
  2.60932   2.32583
  2.52318   2.38497
  2.42196   2.78597
  2.58876 0.0885944
 0.895253   2.92841
 0.685819   1.60095
  2.91917   1.61779
  2.83815  0.400528
  2.15902   1.52017
  0.14225   2.59067
  1.28898   1.77267
 0.911048   1.18757
  2.49037   1.89853
  2.92415  0.374231
 0.992262  0.426102
  2.02492   2.27788
  1.55299   2.86615
   1.7032  0.259446
  1.83345    1.8699
  1.89338  0.550799
  1.17346  0.559935
  1.94882  0.940921
 0.926191  0.771491
  1.19365  0.135055
 0.847422  0.441883
  2.45802   1.54279
  2.73345   2.03597
 0.470171 0.0105821
   2.0361   1.74123
  2.50468   2.92599
  2.04918   2.38198
  1.74685   1.98947
  1.51824   2.14489
  1.13268   2.26773
  2.10038   2.49296
 0.890462  0.214182
  1.07406   2.91147
  2.63757 0.00961851
 0.534948   2.92957
  2.90864   1.87608
  1.35039  0.403148
 0.708659  0.349206
  2.97457    1.3796
  1.34571   2.79159
  2.54919  0.998516
  2.54053    0.8735
 0.399738   1.35728
  1.72211  0.735266
  2.25433   1.55558
 0.809293  0.772033
  1.74695  0.648904
  2.74541  0.512436
  1.14357   2.48136
  2.51909   2.75958
 0.157932   2.22721
  1.35022  0.952544
  1.10089   1.56754
  2.41291   1.69405
   0.4912  0.252527
 0.783451   2.53122
 0.275915  0.611114
  2.36744  0.713827
 0.487546  0.405414
  1.90351   2.44231
  1.86608   2.91457
 0.349412   1.43885
  2.95157   1.07722
  1.45634   1.66204
  1.62102  0.527259
  1.64384   1.51383
  2.18212  0.969148
   1.2772   1.09002
 0.421299  0.422271
  2.61321   2.61132
 0.552501   1.29979
  2.29698  0.741099
 0.234982   1.90646
  1.50944   1.01021
  2.33953  0.777188
 0.390811  0.760016
  1.87179   1.58282
0.0434101 0.0497717
  2.88269  0.604753
   2.3114 0.0976747
 0.614209    2.4252
 0.424421   1.81522
  2.41476   1.38069
  2.45961   1.61769
  0.32299    1.8164
  1.39465   1.96231
  2.21574   1.45701
  2.91292   2.07351
  2.55882   1.65078
  2.93412    1.7472
   1.0584   2.15446
  1.26859   1.84941
 0.972651   2.95798
  2.53198   1.64464
LINKS_SOURCE_DESTINATION_DISTANCE 1998
     0      1      1
     0      2      1
     0      3      1
     0      4      1
     0      8      1
     0     11      1
     0     12      1
     0     62      1
     0    194      1
     1      0      1
     1      5      1
     1     10      1
     1     47      1
     1     69      1
     1    490      1
     1    872      1
     2      0      1
     2      6      1
     2      7      1
     2     14      1
     2     25      1
     2    198      1
     2    522      1
     2    761      1
     3      0      1
     3     97      1
     4      0      1
     4     13      1
     4     59      1
     4     68      1
     4    299      1
     4    844      1
     5      1      1
     5      9      1
     5    732      1
     6      2      1
     6     33      1
     6     46      1
     6     58      1
     6    132      1
     6    181      1
     6    313      1
     6    770      1
     7      2      1
     7     16      1
     7     30      1
     7     72      1
     7    805      1
     8      0      1
     8     17      1
     9      5      1
     9    118      1
     9    374      1
    10      1      1
    10     24      1
    10     28      1
    10     73      1
    10    158      1
    10    824      1
    11      0      1
    11     21      1
    11    285      1
    11    336      1
    12      0      1
    12     18      1
    12     32      1
    12     91      1
    12    154      1
    12    295      1
    12    362      1
    13      4      1
    13     22      1
    13     23      1
    13    164      1
    13    177      1
    13    648      1
    14      2      1
    14     15      1
    14     56      1
    14    545      1
    15     14      1
    15     26      1
    15     38      1
    15     83      1
    16      7      1
    16     20      1
    16     34      1
    16     36      1
    16     40      1
    16     45      1
    16     70      1
    16    494      1
    16    733      1
    16    892      1
    17      8      1
    17     48      1
    17     63      1
    17    102      1
    18     12      1
    18     19      1
    18    140      1
    18    143      1
    18    311      1
    18    544      1
    19     18      1
    19     29      1
    19     39      1
    19    109      1
    19    178      1
    19    235      1
    20     16      1
    20     35      1
    20    369      1
    21     11      1
    21     52      1
    22     13      1
    22    264      1
    23     13      1
    23     31      1
    23     64      1
    23    729      1
    23    748      1
    23    774      1
    24     10      1
    24     27      1
    24    210      1
    25      2      1
    25    155      1
    25    288      1
    25    645      1
    26     15      1
    26     50      1
    26    107      1
    26    144      1
    26    256      1
    26    386      1
    27     24      1
    27     55      1
    27    165      1
    27    874      1
    28     10      1
    28    175      1
    28    176      1
    28    250      1
    28    424      1
    29     19      1
    29     42      1
    29     49      1
    29    428      1
    29    809      1
    30      7      1
    30     87      1
    30    131      1
    30    190      1
    30    241      1
    30    513      1
    30    589      1
    31     23      1
    31     37      1
    31    286      1
    31    297      1
    32     12      1
    32    104      1
    32    171      1
    32    851      1
    33      6      1
    33     67      1
    33     81      1
    33    151      1
    34     16      1
    34    105      1
    34    160      1
    34    212      1
    34    222      1
    34    322      1
    34    499      1
    35     20      1
    35     66      1
    35    985      1
    36     16      1
    36    166      1
    37     31      1
    37    146      1
    37    439      1
    37    706      1
    38     15      1
    38     41      1
    38     43      1
    38     53      1
    38    145      1
    38    185      1
    38    270      1
    38    427      1
    39     19      1
    39     44      1
    39     84      1
    39     99      1
    39    220      1
    39    287      1
    39    389      1
    39    560      1
    40     16      1
    40     61      1
    40    150      1
    40    504      1
    41     38      1
    41     65      1
    41     78      1
    41     96      1
    42     29      1
    42     54      1
    42    372      1
    42    392      1
    42    559      1
    43     38      1
    43     75      1
    43    197      1
    43    905      1
    44     39      1
    44     85      1
    44     89      1
    44    149      1
    44    173      1
    44    449      1
    45     16      1
    45     76      1
    45    577      1
    46      6      1
    46    608      1
    47      1      1
    47    115      1
    47    659      1
    48     17      1
    48     51      1
    48     57      1
    49     29      1
    49    122      1
    49    214      1
    50     26      1
    50    128      1
    50    242      1
    51     48      1
    51    101      1
    51    142      1
    51    471      1
    51    518      1
    51    621      1
    52     21      1
    52     60      1
    52     80      1
    52    213      1
    52    230      1
    53     38      1
    53     79      1
    53     82      1
    53    117      1
    54     42      1
    54     98      1
    54    127      1
    54    184      1
    55     27      1
    55     74      1
    55    308      1
    56     14      1
    56    811      1
    56    852      1
    57     48      1
    57    110      1
    57    681      1
    58      6      1
    58     92      1
    58    630      1
    59      4      1
    60     52      1
    60    121      1
    60    248      1
    61     40      1
    61    111      1
    61    393      1
    61    665      1
    62      0      1
    62    125      1
    62    156      1
    62    496      1
    63     17      1
    63     71      1
    63    123      1
    63    334      1
    63    668      1
    64     23      1
    64     77      1
    64     88      1
    64    100      1
    64    130      1
    64    133      1
    64    161      1
    64    167      1
    64    172      1
    64    278      1
    64    331      1
    64    413      1
    64    473      1
    64    882      1
    65     41      1
    65    326      1
    65    361      1
    66     35      1
    67     33      1
    67     90      1
    67    114      1
    67    162      1
    67    398      1
    67    421      1
    67    543      1
    67    801      1
    67    812      1
    68      4      1
    68    225      1
    68    255      1
    69      1      1
    69    195      1
    69    951      1
    70     16      1
    70     95      1
    70    492      1
    71     63      1
    71     93      1
    72      7      1
    72    112      1
    72    119      1
    72    139      1
    72    417      1
    73     10      1
    73    301      1
    74     55      1
    74    196      1
    74    204      1
    74    223      1
    74    292      1
    74    438      1
    75     43      1
    76     45      1
    76    269      1
    76    379      1
    76    983      1
    77     64      1
    77    358      1
    77    378      1
    77    548      1
    78     41      1
    78    120      1
    78    159      1
    78    179      1
    78    430      1
    79     53      1
    80     52      1
    80     86      1
    80    129      1
    80    294      1
    81     33      1
    81    183      1
    81    273      1
    82     53      1
    82    279      1
    82    383      1
    82    816      1
    83     15      1
    83    276      1
    83    321      1
    84     39      1
    84    357      1
    85     44      1
    85    106      1
    85    232      1
    85    271      1
    85    445      1
    85    573      1
    86     80      1
    86    257      1
    87     30      1
    87    315      1
    87    936      1
    88     64      1
    88    103      1
    88    549      1
    89     44      1
    89    227      1
    89    360      1
    89    688      1
    90     67      1
    90    261      1
    91     12      1
    91    126      1
    91    540      1
    91    746      1
    92     58      1
    92     94      1
    92    124      1
    92    792      1
    93     71      1
    93    191      1
    93    446      1
    94     92      1
    94    108      1
    94    365      1
    95     70      1
    95    116      1
    95    137      1
    96     41      1
    96    113      1
    96    135      1
    96    189      1
    96    394      1
    96    976      1
    97      3      1
    97    141      1
    97    337      1
    97    531      1
    97    607      1
    97    722      1
    98     54      1
    98    525      1
    98    527      1
    99     39      1
    99    258      1
    99    662      1
   100     64      1
   100    239      1
   100    452      1
   101     51      1
   101    163      1
   101    431      1
   102     17      1
   102    182      1
   102    234      1
   102    470      1
   102    745      1
   102    906      1
   103     88      1
   103    136      1
   103    188      1
   103    280      1
   104     32      1
   104    236      1
   104    347      1
   104    785      1
   104    994      1
   105     34      1
   105    192      1
   105    307      1
   105    952      1
   106     85      1
   106    304      1
   106    676      1
   107     26      1
   107    260      1
   107    324      1
   107    460      1
   107    547      1
   107    739      1
   108     94      1
   108    157      1
   108    942      1
   109     19      1
   109    134      1
   109    147      1
   109    375      1
   110     57      1
   110    206      1
   110    211      1
   110    890      1
   111     61      1
   111    152      1
   111    569      1
   111    644      1
   111    660      1
   111    713      1
   112     72      1
   112    174      1
   112    339      1
   112    380      1
   112    450      1
   113     96      1
   113    180      1
   113    193      1
   114     67      1
   114    959      1
   115     47      1
   115    538      1
   116     95      1
   116    343      1
   116    710      1
   117     53      1
   117    209      1
   117    217      1
   117    444      1
   117    981      1
   118      9      1
   118    148      1
   118    454      1
   118    845      1
   119     72      1
   119    169      1
   119    409      1
   120     78      1
   121     60      1
   121    557      1
   122     49      1
   122    596      1
   123     63      1
   124     92      1
   124    485      1
   125     62      1
   125    199      1
   126     91      1
   126    832      1
   127     54      1
   127    340      1
   127    650      1
   127    838      1
   128     50      1
   128    289      1
   128    408      1
   128    758      1
   129     80      1
   129    877      1
   130     64      1
   130    479      1
   131     30      1
   131    498      1
   131    780      1
   132      6      1
   132    153      1
   132    170      1
   132    491      1
   132    699      1
   133     64      1
   133    233      1
   133    916      1
   134    109      1
   134    138      1
   134    655      1
   135     96      1
   135    948      1
   136    103      1
   137     95      1
   137    274      1
   138    134      1
   138    759      1
   139     72      1
   139    395      1
   139    822      1
   140     18      1
   140    168      1
   140    714      1
   141     97      1
   141    459      1
   142     51      1
   142    267      1
   143     18      1
   143    200      1
   143    290      1
   144     26      1
   144    345      1
   144    353      1
   144    448      1
   144    708      1
   145     38      1
   145    329      1
   146     37      1
   146    419      1
   146    426      1
   146    604      1
   146    854      1
   147    109      1
   147    546      1
   147    640      1
   147    834      1
   147    903      1
   147    904      1
   148    118      1
   149     44      1
   149    208      1
   150     40      1
   150    328      1
   151     33      1
   151    524      1
   151    599      1
   152    111      1
   152    303      1
   152    418      1
   153    132      1
   153    243      1
   153    385      1
   153    651      1
   154     12      1
   154    488      1
   155     25      1
   155    272      1
   156     62      1
   156    284      1
   156    622      1
   157    108      1
   157    207      1
   157    697      1
   158     10      1
   159     78      1
   159    489      1
   159    778      1
   159    894      1
   160     34      1
   160    202      1
   160    249      1
   160    825      1
   161     64      1
   161    282      1
   161    443      1
   161    980      1
   162     67      1
   162    229      1
   163    101      1
   163    201      1
   163    231      1
   163    237      1
   163    275      1
   163    388      1
   163    606      1
   163    899      1
   164     13      1
   164    515      1
   164    744      1
   165     27      1
   166     36      1
   166    614      1
   167     64      1
   168    140      1
   168    203      1
   168    495      1
   169    119      1
   169    601      1
   170    132      1
   170    215      1
   170    332      1
   170    554      1
   171     32      1
   172     64      1
   173     44      1
   173    481      1
   174    112      1
   174    252      1
   175     28      1
   175    320      1
   176     28      1
   176    335      1
   176    516      1
   177     13      1
   177    224      1
   178     19      1
   178    226      1
   178    240      1
   179     78      1
   179    384      1
   179    458      1
   179    520      1
   179    998      1
   180    113      1
   181      6      1
   181    835      1
   181    873      1
   182    102      1
   182    187      1
   183     81      1
   183    186      1
   183    263      1
   183    305      1
   183    512      1
   183    595      1
   183    652      1
   183    826      1
   183    869      1
   184     54      1
   184    218      1
   184    219      1
   184    868      1
   185     38      1
   185    296      1
   185    363      1
   186    183      1
   186    268      1
   186    509      1
   187    182      1
   187    205      1
   187    281      1
   187    325      1
   188    103      1
   188    266      1
   189     96      1
   189    552      1
   190     30      1
   190    647      1
   191     93      1
   191    625      1
   191    643      1
   191    768      1
   192    105      1
   193    113      1
   193    671      1
   194      0      1
   194    245      1
   194    253      1
   194    414      1
   194    901      1
   195     69      1
   195    396      1
   195    436      1
   195    987      1
   196     74      1
   196    251      1
   197     43      1
   197    309      1
   197    314      1
   197    823      1
   198      2      1
   198    312      1
   198    465      1
   198    658      1
   198    941      1
   199    125      1
   200    143      1
   200    216      1
   200    615      1
   200    734      1
   201    163      1
   201    323      1
   201    593      1
   201    617      1
   202    160      1
   202    221      1
   203    168      1
   203    359      1
   203    432      1
   204     74      1
   204    422      1
   204    530      1
   204    541      1
   205    187      1
   206    110      1
   206    247      1
   206    254      1
   206    366      1
   206    570      1
   206    784      1
   207    157      1
   207    238      1
   207    355      1
   208    149      1
   209    117      1
   209    291      1
   209    462      1
   209    741      1
   209    921      1
   210     24      1
   210    265      1
   210    657      1
   211    110      1
   211    597      1
   211    602      1
   212     34      1
   213     52      1
   213    228      1
   214     49      1
   214    879      1
   215    170      1
   215    956      1
   216    200      1
   217    117      1
   217    317      1
   217    399      1
   218    184      1
   218    302      1
   219    184      1
   219    306      1
   219    373      1
   219    521      1
   220     39      1
   220    456      1
   221    202      1
   221    410      1
   221    695      1
   221    907      1
   222     34      1
   222    346      1
   222    641      1
   223     74      1
   223    333      1
   223    532      1
   223    574      1
   224    177      1
   225     68      1
   226    178      1
   226    568      1
   227     89      1
   227    246      1
   228    213      1
   228    397      1
   228    636      1
   229    162      1
   230     52      1
   230    704      1
   231    163      1
   232     85      1
   232    591      1
   233    133      1
   233    725      1
   234    102      1
   234    319      1
   234    561      1
   234    909      1
   235     19      1
   235    244      1
   235    352      1
   235    400      1
   235    740      1
   235    773      1
   236    104      1
   236    995      1
   237    163      1
   237    453      1
   238    207      1
   238    537      1
   239    100      1
   239    316      1
   239    853      1
   240    178      1
   240    382      1
   240    402      1
   240    828      1
   241     30      1
   242     50      1
   242    638      1
   242    687      1
   243    153      1
   243    555      1
   244    235      1
   245    194      1
   245    791      1
   246    227      1
   246    711      1
   247    206      1
   247    624      1
   248     60      1
   248    482      1
   249    160      1
   249    293      1
   249    310      1
   250     28      1
   251    196      1
   252    174      1
   252    283      1
   253    194      1
   253    717      1
   254    206      1
   255     68      1
   256     26      1
   256    259      1
   256    318      1
   257     86      1
   257    404      1
   257    849      1
   258     99      1
   259    256      1
   260    107      1
   260    262      1
   260    550      1
   261     90      1
   261    474      1
   262    260      1
   262    618      1
   263    183      1
   263    441      1
   264     22      1
   264    931      1
   265    210      1
   265    467      1
   266    188      1
   267    142      1
   267    434      1
   267    631      1
   268    186      1
   269     76      1
   270     38      1
   271     85      1
   271    277      1
   271    461      1
   271    519      1
   271    632      1
   272    155      1
   272    457      1
   272    663      1
   272    765      1
   272    993      1
   273     81      1
   273    411      1
   274    137      1
   274    364      1
   274    935      1
   275    163      1
   275    391      1
   275    566      1
   276     83      1
   276    769      1
   277    271      1
   278     64      1
   279     82      1
   280    103      1
   280    300      1
   281    187      1
   282    161      1
   282    387      1
   282    588      1
   282    702      1
   283    252      1
   284    156      1
   284    338      1
   284    556      1
   285     11      1
   286     31      1
   286    679      1
   286    735      1
   287     39      1
   287    803      1
   287    923      1
   288     25      1
   289    128      1
   289    367      1
   289    977      1
   290    143      1
   290    298      1
   291    209      1
   291    330      1
   291    673      1
   291    871      1
   292     74      1
   292    514      1
   292    680      1
   292    862      1
   293    249      1
   293    586      1
   293    629      1
   293    908      1
   294     80      1
   294    847      1
   295     12      1
   295    837      1
   296    185      1
   297     31      1
   297    451      1
   297    949      1
   298    290      1
   299      4      1
   300    280      1
   300    344      1
   300    401      1
   301     73      1
   301    510      1
   302    218      1
   302    639      1
   303    152      1
   303    381      1
   304    106      1
   304    875      1
   305    183      1
   305    842      1
   305    933      1
   306    219      1
   307    105      1
   307    351      1
   307    405      1
   308     55      1
   308    425      1
   309    197      1
   309    349      1
   310    249      1
   310    534      1
   311     18      1
   312    198      1
   312    327      1
   312    712      1
   313      6      1
   313    690      1
   314    197      1
   314    403      1
   314    517      1
   315     87      1
   315    370      1
   315    565      1
   316    239      1
   316    783      1
   317    217      1
   317    539      1
   318    256      1
   319    234      1
   320    175      1
   321     83      1
   322     34      1
   322    407      1
   322    533      1
   322    727      1
   322    990      1
   323    201      1
   323    356      1
   324    107      1
   324    463      1
   324    564      1
   324    689      1
   324    814      1
   325    187      1
   325    348      1
   326     65      1
   326    691      1
   327    312      1
   327    376      1
   327    390      1
   327    416      1
   327    486      1
   328    150      1
   328    642      1
   329    145      1
   329    955      1
   330    291      1
   330    878      1
   331     64      1
   331    772      1
   332    170      1
   332    420      1
   333    223      1
   333    342      1
   334     63      1
   335    176      1
   335    341      1
   335    478      1
   336     11      1
   336    433      1
   336    437      1
   336    576      1
   337     97      1
   337    377      1
   337    423      1
   337    619      1
   338    284      1
   339    112      1
   339    350      1
   339    412      1
   340    127      1
   341    335      1
   341    526      1
   341    751      1
   342    333      1
   343    116      1
   343    677      1
   343    815      1
   344    300      1
   345    144      1
   345    831      1
   345    893      1
   346    222      1
   347    104      1
   347    469      1
   347    817      1
   348    325      1
   348    483      1
   348    551      1
   349    309      1
   349    920      1
   350    339      1
   350    694      1
   350    857      1
   351    307      1
   351    354      1
   351    583      1
   352    235      1
   352    686      1
   353    144      1
   354    351      1
   354    406      1
   354    728      1
   355    207      1
   355    613      1
   356    323      1
   357     84      1
   357    472      1
   357    991      1
   358     77      1
   359    203      1
   359    371      1
   359    484      1
   359    523      1
   360     89      1
   360    649      1
   360    922      1
   361     65      1
   362     12      1
   362    620      1
   363    185      1
   363    536      1
   364    274      1
   364    891      1
   364    910      1
   365     94      1
   365    368      1
   365    429      1
   366    206      1
   367    289      1
   368    365      1
   369     20      1
   370    315      1
   371    359      1
   371    762      1
   372     42      1
   372    501      1
   373    219      1
   373    623      1
   374      9      1
   374    928      1
   375    109      1
   376    327      1
   376    505      1
   376    720      1
   376    821      1
   377    337      1
   377    992      1
   378     77      1
   379     76      1
   379    678      1
   380    112      1
   380    511      1
   380    771      1
   381    303      1
   382    240      1
   382    447      1
   382    582      1
   383     82      1
   383    934      1
   384    179      1
   384    753      1
   384    841      1
   385    153      1
   385    850      1
   386     26      1
   386    723      1
   387    282      1
   387    960      1
   388    163      1
   388    940      1
   389     39      1
   390    327      1
   391    275      1
   391    528      1
   392     42      1
   392    918      1
   393     61      1
   394     96      1
   394    653      1
   394    705      1
   394    775      1
   395    139      1
   396    195      1
   397    228      1
   398     67      1
   398    709      1
   398    795      1
   399    217      1
   399    953      1
   400    235      1
   400    999      1
   401    300      1
   402    240      1
   402    929      1
   403    314      1
   404    257      1
   404    605      1
   405    307      1
   406    354      1
   407    322      1
   407    693      1
   407    969      1
   408    128      1
   409    119      1
   409    721      1
   409    924      1
   409    962      1
   410    221      1
   410    415      1
   410    858      1
   411    273      1
   412    339      1
   412    508      1
   412    911      1
   413     64      1
   413    468      1
   414    194      1
   415    410      1
   415    435      1
   415    627      1
   415    666      1
   416    327      1
   417     72      1
   418    152      1
   418    670      1
   419    146      1
   419    493      1
   420    332      1
   421     67      1
   421    440      1
   421    982      1
   422    204      1
   422    584      1
   423    337      1
   423    840      1
   423    975      1
   424     28      1
   425    308      1
   426    146      1
   427     38      1
   427    529      1
   428     29      1
   428    475      1
   429    365      1
   429    984      1
   430     78      1
   431    101      1
   431    947      1
   432    203      1
   433    336      1
   434    267      1
   434    611      1
   435    415      1
   436    195      1
   436    553      1
   436    667      1
   437    336      1
   437    572      1
   438     74      1
   438    600      1
   438    797      1
   439     37      1
   439    742      1
   440    421      1
   440    715      1
   441    263      1
   441    442      1
   442    441      1
   442    898      1
   443    161      1
   443    497      1
   443    754      1
   444    117      1
   444    786      1
   445     85      1
   446     93      1
   446    610      1
   447    382      1
   447    455      1
   447    646      1
   447    885      1
   448    144      1
   448    843      1
   449     44      1
   450    112      1
   451    297      1
   451    590      1
   452    100      1
   452    476      1
   453    237      1
   454    118      1
   454    464      1
   454    503      1
   454    567      1
   455    447      1
   456    220      1
   457    272      1
   458    179      1
   459    141      1
   460    107      1
   461    271      1
   461    507      1
   462    209      1
   462    477      1
   463    324      1
   463    466      1
   464    454      1
   465    198      1
   465    701      1
   465    707      1
   466    463      1
   467    265      1
   468    413      1
   468    634      1
   468    883      1
   469    347      1
   469    500      1
   470    102      1
   470    757      1
   471     51      1
   471    480      1
   472    357      1
   473     64      1
   474    261      1
   474    558      1
   475    428      1
   475    487      1
   475    535      1
   475    585      1
   475    719      1
   475    863      1
   476    452      1
   476    682      1
   476    839      1
   477    462      1
   477    747      1
   478    335      1
   479    130      1
   479    755      1
   479    806      1
   479    974      1
   480    471      1
   481    173      1
   481    810      1
   481    989      1
   482    248      1
   483    348      1
   483    789      1
   484    359      1
   485    124      1
   485    635      1
   485    798      1
   486    327      1
   487    475      1
   488    154      1
   488    692      1
   489    159      1
   490      1      1
   491    132      1
   492     70      1
   492    674      1
   493    419      1
   494     16      1
   494    603      1
   495    168      1
   495    830      1
   496     62      1
   497    443      1
   497    781      1
   498    131      1
   499     34      1
   499    612      1
   500    469      1
   501    372      1
   501    502      1
   502    501      1
   502    938      1
   503    454      1
   504     40      1
   504    506      1
   505    376      1
   506    504      1
   507    461      1
   508    412      1
   509    186      1
   510    301      1
   510    562      1
   511    380      1
   511    896      1
   512    183      1
   512    731      1
   512    827      1
   513     30      1
   513    767      1
   514    292      1
   515    164      1
   515    598      1
   515    626      1
   516    176      1
   517    314      1
   517    760      1
   518     51      1
   519    271      1
   519    927      1
   520    179      1
   521    219      1
   521    578      1
   522      2      1
   523    359      1
   523    864      1
   524    151      1
   525     98      1
   526    341      1
   526    609      1
   527     98      1
   527    865      1
   527    967      1
   528    391      1
   529    427      1
   530    204      1
   531     97      1
   531    802      1
   532    223      1
   533    322      1
   534    310      1
   534    542      1
   535    475      1
   536    363      1
   537    238      1
   537    580      1
   537    965      1
   538    115      1
   538    563      1
   538    594      1
   538    716      1
   538    776      1
   539    317      1
   540     91      1
   540    637      1
   540    656      1
   541    204      1
   541    571      1
   541    946      1
   542    534      1
   543     67      1
   543    790      1
   544     18      1
   544    736      1
   545     14      1
   546    147      1
   546    579      1
   547    107      1
   547    675      1
   547    820      1
   548     77      1
   549     88      1
   549    945      1
   550    260      1
   550    793      1
   551    348      1
   551    818      1
   552    189      1
   552    724      1
   552    900      1
   553    436      1
   554    170      1
   554    737      1
   555    243      1
   556    284      1
   556    628      1
   557    121      1
   557    661      1
   558    474      1
   559     42      1
   559    592      1
   560     39      1
   561    234      1
   562    510      1
   562    654      1
   562    752      1
   563    538      1
   563    581      1
   564    324      1
   564    925      1
   565    315      1
   566    275      1
   566    964      1
   567    454      1
   568    226      1
   569    111      1
   570    206      1
   571    541      1
   571    788      1
   572    437      1
   573     85      1
   573    575      1
   573    794      1
   574    223      1
   575    573      1
   576    336      1
   577     45      1
   578    521      1
   579    546      1
   579    764      1
   580    537      1
   580    587      1
   581    563      1
   582    382      1
   582    685      1
   582    926      1
   583    351      1
   583    669      1
   584    422      1
   585    475      1
   585    730      1
   586    293      1
   587    580      1
   587    616      1
   587    633      1
   587    963      1
   588    282      1
   589     30      1
   590    451      1
   591    232      1
   592    559      1
   593    201      1
   593    937      1
   594    538      1
   595    183      1
   596    122      1
   597    211      1
   597    698      1
   598    515      1
   599    151      1
   600    438      1
   601    169      1
   602    211      1
   602    889      1
   603    494      1
   604    146      1
   604    829      1
   605    404      1
   606    163      1
   607     97      1
   608     46      1
   608    703      1
   609    526      1
   609    664      1
   610    446      1
   611    434      1
   611    895      1
   612    499      1
   612    807      1
   612    968      1
   613    355      1
   614    166      1
   615    200      1
   616    587      1
   617    201      1
   617    902      1
   618    262      1
   619    337      1
   620    362      1
   621     51      1
   622    156      1
   623    373      1
   624    247      1
   625    191      1
   625    884      1
   626    515      1
   627    415      1
   628    556      1
   629    293      1
   629    876      1
   630     58      1
   630    738      1
   630    749      1
   631    267      1
   632    271      1
   632    915      1
   633    587      1
   634    468      1
   635    485      1
   636    228      1
   637    540      1
   637    756      1
   638    242      1
   638    919      1
   639    302      1
   640    147      1
   641    222      1
   642    328      1
   643    191      1
   644    111      1
   645     25      1
   646    447      1
   647    190      1
   648     13      1
   649    360      1
   650    127      1
   651    153      1
   652    183      1
   652    867      1
   653    394      1
   653    880      1
   654    562      1
   654    696      1
   654    808      1
   654    979      1
   655    134      1
   656    540      1
   656    912      1
   657    210      1
   657    683      1
   658    198      1
   659     47      1
   660    111      1
   660    684      1
   661    557      1
   661    672      1
   662     99      1
   663    272      1
   664    609      1
   665     61      1
   666    415      1
   667    436      1
   668     63      1
   669    583      1
   670    418      1
   671    193      1
   672    661      1
   672    796      1
   673    291      1
   673    700      1
   673    870      1
   673    914      1
   674    492      1
   675    547      1
   676    106      1
   677    343      1
   677    819      1
   678    379      1
   679    286      1
   680    292      1
   681     57      1
   681    860      1
   682    476      1
   682    855      1
   683    657      1
   684    660      1
   684    859      1
   685    582      1
   686    352      1
   687    242      1
   688     89      1
   689    324      1
   690    313      1
   690    782      1
   691    326      1
   692    488      1
   692    779      1
   693    407      1
   694    350      1
   695    221      1
   695    961      1
   696    654      1
   697    157      1
   698    597      1
   699    132      1
   700    673      1
   701    465      1
   702    282      1
   703    608      1
   704    230      1
   705    394      1
   706     37      1
   706    861      1
   707    465      1
   708    144      1
   709    398      1
   710    116      1
   711    246      1
   712    312      1
   712    718      1
   713    111      1
   714    140      1
   715    440      1
   715    726      1
   716    538      1
   717    253      1
   718    712      1
   718    833      1
   719    475      1
   720    376      1
   720    804      1
   721    409      1
   722     97      1
   723    386      1
   724    552      1
   724    799      1
   725    233      1
   726    715      1
   726    743      1
   727    322      1
   727    750      1
   728    354      1
   729     23      1
   730    585      1
   731    512      1
   732      5      1
   732    763      1
   733     16      1
   734    200      1
   734    777      1
   735    286      1
   736    544      1
   736    800      1
   737    554      1
   738    630      1
   739    107      1
   740    235      1
   741    209      1
   742    439      1
   743    726      1
   744    164      1
   745    102      1
   746     91      1
   747    477      1
   748     23      1
   748    986      1
   749    630      1
   750    727      1
   751    341      1
   752    562      1
   753    384      1
   754    443      1
   754    966      1
   755    479      1
   756    637      1
   757    470      1
   758    128      1
   758    766      1
   759    138      1
   760    517      1
   761      2      1
   761    888      1
   761    944      1
   762    371      1
   762    866      1
   763    732      1
   764    579      1
   765    272      1
   766    758      1
   767    513      1
   767    813      1
   768    191      1
   769    276      1
   770      6      1
   771    380      1
   772    331      1
   773    235      1
   774     23      1
   775    394      1
   775    846      1
   776    538      1
   777    734      1
   777    988      1
   778    159      1
   778    897      1
   779    692      1
   780    131      1
   780    836      1
   781    497      1
   782    690      1
   783    316      1
   784    206      1
   785    104      1
   786    444      1
   786    787      1
   787    786      1
   787    958      1
   787    973      1
   788    571      1
   789    483      1
   789    950      1
   790    543      1
   791    245      1
   792     92      1
   792    848      1
   793    550      1
   793    887      1
   794    573      1
   795    398      1
   796    672      1
   797    438      1
   798    485      1
   799    724      1
   800    736      1
   801     67      1
   802    531      1
   803    287      1
   804    720      1
   805      7      1
   806    479      1
   807    612      1
   808    654      1
   809     29      1
   810    481      1
   811     56      1
   811    972      1
   812     67      1
   813    767      1
   814    324      1
   815    343      1
   816     82      1
   817    347      1
   818    551      1
   818    971      1
   819    677      1
   819    886      1
   819    970      1
   820    547      1
   821    376      1
   822    139      1
   823    197      1
   824     10      1
   825    160      1
   826    183      1
   827    512      1
   828    240      1
   829    604      1
   830    495      1
   830    856      1
   830    997      1
   831    345      1
   832    126      1
   833    718      1
   834    147      1
   835    181      1
   836    780      1
   837    295      1
   838    127      1
   839    476      1
   840    423      1
   841    384      1
   842    305      1
   843    448      1
   844      4      1
   845    118      1
   846    775      1
   847    294      1
   847    913      1
   848    792      1
   849    257      1
   850    385      1
   851     32      1
   852     56      1
   853    239      1
   854    146      1
   855    682      1
   856    830      1
   857    350      1
   858    410      1
   859    684      1
   860    681      1
   861    706      1
   862    292      1
   862    943      1
   863    475      1
   864    523      1
   865    527      1
   865    917      1
   866    762      1
   867    652      1
   868    184      1
   869    183      1
   869    954      1
   870    673      1
   871    291      1
   872      1      1
   873    181      1
   874     27      1
   875    304      1
   876    629      1
   877    129      1
   878    330      1
   879    214      1
   879    881      1
   880    653      1
   881    879      1
   882     64      1
   883    468      1
   884    625      1
   885    447      1
   886    819      1
   887    793      1
   888    761      1
   889    602      1
   890    110      1
   890    939      1
   891    364      1
   892     16      1
   893    345      1
   894    159      1
   895    611      1
   896    511      1
   897    778      1
   898    442      1
   899    163      1
   900    552      1
   901    194      1
   902    617      1
   903    147      1
   904    147      1
   905     43      1
   906    102      1
   907    221      1
   908    293      1
   909    234      1
   910    364      1
   911    412      1
   912    656      1
   913    847      1
   914    673      1
   915    632      1
   916    133      1
   917    865      1
   918    392      1
   919    638      1
   920    349      1
   920    996      1
   921    209      1
   921    932      1
   922    360      1
   923    287      1
   924    409      1
   924    978      1
   925    564      1
   926    582      1
   926    930      1
   927    519      1
   928    374      1
   929    402      1
   930    926      1
   931    264      1
   931    957      1
   932    921      1
   933    305      1
   934    383      1
   935    274      1
   936     87      1
   937    593      1
   938    502      1
   939    890      1
   940    388      1
   941    198      1
   942    108      1
   943    862      1
   944    761      1
   945    549      1
   946    541      1
   947    431      1
   948    135      1
   949    297      1
   950    789      1
   951     69      1
   952    105      1
   953    399      1
   954    869      1
   955    329      1
   956    215      1
   957    931      1
   958    787      1
   959    114      1
   960    387      1
   961    695      1
   962    409      1
   963    587      1
   964    566      1
   965    537      1
   966    754      1
   967    527      1
   968    612      1
   969    407      1
   970    819      1
   971    818      1
   972    811      1
   973    787      1
   974    479      1
   975    423      1
   976     96      1
   977    289      1
   978    924      1
   979    654      1
   980    161      1
   981    117      1
   982    421      1
   983     76      1
   984    429      1
   985     35      1
   986    748      1
   987    195      1
   988    777      1
   989    481      1
   990    322      1
   991    357      1
   992    377      1
   993    272      1
   994    104      1
   995    236      1
   996    920      1
   997    830      1
   998    179      1
   999    400      1
