COORD_X_Y 65
0.0901158    2.8942
 0.368938  0.560814
  1.85926   0.16334
 0.421783   2.79859
  1.22113   1.96045
  1.13919   1.20409
0.0733319   1.93387
  1.28089   2.85925
 0.622828 0.0866826
  1.81791  0.207611
    1.344   1.17125
  1.49069  0.229116
 0.473254   2.43322
  1.61809   1.25049
  1.79211   1.43419
 0.468901     1.444
0.0468894 0.0834951
 0.178175  0.541976
  2.66206   1.28795
 0.683072   1.86457
  1.70664  0.768769
   2.9351   1.01614
  2.20363    2.8002
  1.74378   1.76426
  2.77488   1.65547
  1.13886   2.47523
  1.91068   1.95366
  2.28024   2.75007
 0.116029    1.3116
  2.53811  0.778344
 0.778081   2.41426
  2.82275   1.31253
  1.02626  0.550679
 0.165454   2.96604
  0.78908   1.66988
 0.737936    1.0562
   2.9388    1.9051
  2.69554   1.21864
  2.26199   1.99549
  0.81141   1.68236
  1.27602    2.0028
  1.25894   1.51761
 0.888532  0.117346
  1.60744   2.48043
  2.54134   1.02314
0.0689725  0.710511
  1.87468    2.4157
  2.01401   1.52376
 0.331098   1.73151
 0.495389   2.63807
   2.4366 0.0103884
  2.92896   2.59028
  1.87635   1.70719
  1.85521   2.27629
   1.1237   2.41597
  1.79004   1.42775
  1.46629   2.71118
 0.408375  0.345597
 0.104658   1.88902
 0.846806   2.50392
  2.09273   1.66848
   1.6288  0.677818
  2.63675   1.89021
0.0335177   2.54793
  2.47721   1.46148
LINKS_SOURCE_DESTINATION_DISTANCE 128
     0      1      1
     0      2      1
     1      0      1
     1      4      1
     1      8      1
     1     12      1
     1     20      1
     1     21      1
     1     45      1
     2      0      1
     2      3      1
     3      2      1
     3      5      1
     3      6      1
     3     11      1
     3     35      1
     4      1      1
     4      7      1
     4      9      1
     4     10      1
     4     14      1
     4     40      1
     5      3      1
     5     34      1
     5     64      1
     6      3      1
     6     24      1
     6     57      1
     7      4      1
     7     28      1
     7     50      1
     7     59      1
     8      1      1
     8     19      1
     8     25      1
     8     37      1
     9      4      1
     9     29      1
     9     39      1
    10      4      1
    10     18      1
    10     23      1
    11      3      1
    11     13      1
    11     22      1
    12      1      1
    12     15      1
    13     11      1
    13     52      1
    14      4      1
    14     16      1
    14     26      1
    15     12      1
    15     27      1
    16     14      1
    16     17      1
    16     54      1
    16     61      1
    17     16      1
    18     10      1
    19      8      1
    19     49      1
    20      1      1
    21      1      1
    21     32      1
    22     11      1
    22     36      1
    22     44      1
    22     48      1
    23     10      1
    23     47      1
    24      6      1
    24     41      1
    25      8      1
    26     14      1
    26     30      1
    27     15      1
    27     33      1
    28      7      1
    28     38      1
    28     55      1
    29      9      1
    29     31      1
    29     51      1
    30     26      1
    31     29      1
    32     21      1
    33     27      1
    33     56      1
    34      5      1
    35      3      1
    35     42      1
    35     58      1
    35     62      1
    36     22      1
    37      8      1
    38     28      1
    39      9      1
    40      4      1
    40     43      1
    41     24      1
    42     35      1
    42     53      1
    43     40      1
    43     46      1
    44     22      1
    45      1      1
    46     43      1
    46     63      1
    47     23      1
    48     22      1
    49     19      1
    50      7      1
    50     60      1
    51     29      1
    52     13      1
    53     42      1
    54     16      1
    55     28      1
    56     33      1
    57      6      1
    58     35      1
    59      7      1
    60     50      1
    61     16      1
    62     35      1
    63     46      1
    64      5      1
