COORD_X_Y 25
  2.22375   2.99129
   2.4801   2.12727
  2.49966  0.944178
0.0389309  0.136026
   1.3854  0.145846
  0.39463  0.871218
  1.45026   2.22371
  1.28519   2.18339
 0.927892   2.64204
  2.09206  0.931489
   2.1688   2.28361
  2.00598   1.50627
 0.571582  0.869816
 0.542081   1.87417
0.0783895  0.109981
  1.80029   2.87252
  2.46804  0.136177
  2.28386   1.15182
 0.943333    1.6604
  1.85507   1.34069
  1.81879  0.392864
  2.95154   1.35321
  2.36492   1.39351
  2.75656  0.893389
  2.78058   1.78471
LINKS_SOURCE_DESTINATION_DISTANCE 48
     0      1      1
     0     12      1
     1      0      1
     1      2      1
     1      8      1
     1      9      1
     1     13      1
     1     22      1
     2      1      1
     2      3      1
     2      4      1
     2      5      1
     2     23      1
     3      2      1
     3      6      1
     3      7      1
     4      2      1
     4     16      1
     4     21      1
     5      2      1
     5     10      1
     5     11      1
     6      3      1
     7      3      1
     8      1      1
     9      1      1
     9     14      1
    10      5      1
    10     18      1
    11      5      1
    12      0      1
    12     19      1
    12     20      1
    13      1      1
    13     15      1
    14      9      1
    15     13      1
    15     17      1
    16      4      1
    17     15      1
    18     10      1
    19     12      1
    20     12      1
    21      4      1
    22      1      1
    23      2      1
    23     24      1
    24     23      1
