COORD_X_Y 600
  2.66042   2.70381
  2.27009   0.26572
0.00063482   0.91595
  1.78881    2.2826
  0.54111   2.64093
  2.77519   1.82999
 0.056699  0.364404
 0.756957 0.0936952
  1.79392   2.40015
 0.382077   1.18114
 0.771724   1.38186
   2.4676   2.66133
 0.329774  0.341882
  2.69158    1.5561
  2.22856  0.785978
 0.862012   1.40289
  1.67718  0.719933
  2.46891   1.44197
 0.998172   2.80117
  1.48828  0.474476
 0.764757   1.92302
  2.98823   0.20462
  2.39963  0.202297
  2.87027   1.91757
  2.40823   1.60671
 0.538585  0.117775
 0.872504   1.00253
  1.38145   2.17884
  1.29336  0.602547
  1.58099  0.498372
  2.79777   2.24227
  1.30586   1.21549
 0.797354   1.59122
  1.87087    2.8727
  1.62794  0.104163
  2.35222  0.155603
  2.38487   1.92717
  2.56532  0.946481
  0.12621   1.03112
 0.348599  0.146146
  2.06881   2.48189
  1.44636   2.68306
  2.22981    2.0837
  1.07022   2.22761
  2.99745  0.420947
 0.580318  0.925856
  1.55618   1.13859
 0.203589   1.05073
   2.0221   2.21208
  1.88721   2.54277
  0.68236  0.699046
  2.86577   2.20767
0.0814324  0.425992
  2.99605   1.36828
 0.308826   1.45701
 0.791608   1.78481
0.0403626   1.28217
  2.89203   2.04459
 0.451406   2.32697
  2.67029   2.18039
 0.163268   1.41347
  1.95823   2.71155
 0.288619   1.77947
 0.676294   1.89394
  2.56118   2.64423
  2.00105 0.0275896
  1.43245   1.76963
 0.889207   1.85446
  1.55641   2.21179
  1.04968    2.7817
  2.09189   0.41853
  2.12546   1.48485
  1.48858   1.13984
  2.81789    1.9421
 0.521992   1.35309
 0.661757  0.463674
  1.47548   1.73282
  1.59881   2.86347
0.0756985   1.45889
  1.59447    1.8878
0.0728061   1.57269
 0.195073   2.14104
 0.226514   2.12826
 0.701678   0.10644
 0.267404   2.70233
 0.353776   1.55691
  1.84781  0.630637
 0.959526   1.52533
 0.546079   2.92303
 0.612808   1.45822
 0.558201   2.72759
  1.17842  0.437042
  1.67329  0.312029
 0.705179  0.456539
  1.88473   2.99527
  1.60561  0.876589
 0.618625   2.89284
 0.863692   2.07075
  2.93754  0.681772
  1.63238   2.56178
  1.25819   1.33273
 0.742744   2.51635
  2.87645   1.47173
 0.032222   2.63375
  0.14794   2.88228
  2.87766   2.43353
  0.75138   1.93116
  2.23411   1.68943
 0.366743   2.45567
 0.811437  0.736961
  1.48364   1.16995
  1.55701   2.16671
 0.330302   1.71659
  1.00202   2.02316
  1.26541  0.137161
  2.44726  0.991824
  2.84875   1.92349
  1.41951   1.34808
  2.86914   1.41901
  2.32173   1.13111
  2.63471  0.859992
 0.997807  0.390131
 0.837475   2.76274
  2.35388   1.09873
 0.202055  0.862824
 0.682667   1.52472
  1.72892   2.97796
  1.52945   2.70268
 0.956766   2.80089
  2.44583   2.21779
 0.718313  0.568034
   2.7351  0.274829
 0.688985   2.55872
  2.34855   1.92346
  1.02716  0.128126
0.0104956   2.72077
 0.393478   2.92183
  1.71269   2.12261
  2.12016  0.503195
  2.35741  0.792407
 0.915676  0.418045
  2.43456    1.3417
  1.24293   2.01834
  2.30064  0.220687
 0.260776  0.533418
  1.28215  0.404464
 0.346667   0.25756
 0.685682  0.750467
  2.40109   1.86559
 0.510019   2.29738
  0.67712   1.00637
  2.05482  0.671869
  2.36958  0.289063
  2.86131   2.05404
 0.601185   2.91205
  1.36156   2.88823
  1.83103   2.59831
   1.9611     2.094
 0.211394   2.61598
  2.32744   2.58182
  1.49313   2.34875
  2.56441  0.562426
  2.71439   2.45246
    2.137   2.83861
0.0944999   2.30909
   2.3326   2.69383
 0.503464   2.81021
  2.59765   2.52792
  2.26291  0.445231
  1.27947  0.992908
 0.482136   2.06981
  1.78606   2.58717
  1.34533   1.93616
 0.299345   1.22191
  1.93979   1.63371
  1.42415   2.62823
  1.03831   2.51437
  2.08111  0.311642
 0.952645   1.18239
  2.28986   1.61926
 0.665814  0.313115
   2.1854   2.76797
  2.56715   0.66263
 0.563313  0.678353
 0.364312  0.919411
 0.699999 0.0086739
   1.6125   2.39135
  1.96062  0.537559
  1.56602   2.59159
   2.3857   1.87661
  1.76123   1.94415
  2.83009  0.926172
  1.81523   2.63983
  2.07664   2.16787
 0.839562   2.59151
  1.56982   1.42661
  2.97974   2.88725
  1.37775    2.3183
   2.3031   2.46353
  2.88496   1.32759
  2.23529  0.215417
 0.615926   1.00106
  2.94251  0.255667
  1.72164  0.648166
  1.70047 0.0668249
  2.29928  0.217206
  2.64758   1.73557
  2.07044  0.232728
  2.03059   2.61765
 0.831434   1.10201
  2.21128  0.286271
  1.03995   1.63429
  2.46986  0.818641
  2.08624   1.37152
  1.71658   1.26636
 0.170264 0.0927417
 0.947234  0.847373
 0.329094   2.55261
  2.30705   1.47329
  1.77332 0.0874188
   2.8087 0.0123215
 0.941906   2.62877
  2.49094   2.44551
  1.39422   1.86206
  2.24864   2.12012
  2.65881  0.118102
 0.511615   2.31287
  2.69897  0.528115
 0.306345  0.402618
  1.92428  0.906738
  1.92652   1.07643
  2.89049   1.66219
 0.647929  0.716857
  2.45505   0.27261
 0.426348  0.251598
  2.98576  0.632991
  2.32015   2.54036
0.0669965  0.659654
  2.79934  0.314252
 0.674578   2.82896
  2.75876   2.62925
 0.380778  0.180469
 0.487337   1.93245
  2.21178   1.76521
 0.601046   2.77636
 0.752663   1.66156
   1.1721   2.24184
  1.95225   1.16918
  1.61662   2.92482
  2.70029   1.80452
 0.537354  0.660728
  2.30241   2.28106
 0.731502    2.5715
  2.49343 0.0361694
 0.208864    1.5122
  2.34881   1.87213
 0.479816   1.96283
 0.902239  0.367736
  2.50432   2.18873
   0.4544  0.710184
 0.527206   1.67007
 0.514735  0.686163
  2.98424   2.88472
  1.87975  0.298482
 0.553799  0.539671
0.0286616  0.895631
  2.93587   2.33971
  1.55414  0.576172
  2.33158   1.10199
  2.95247  0.569913
  2.98651  0.269771
  1.21148   1.22583
  2.82956   1.22132
  1.67291   1.39121
 0.201304  0.999047
  1.78082  0.836799
  2.82146   1.95871
  2.72693   2.71065
 0.983257  0.579711
  2.54867   2.96001
 0.571036   1.23646
  1.29828   2.85272
  1.35859   1.25503
 0.426984   1.25181
  1.03061 0.0223741
 0.739152     2.471
 0.713445   1.91714
  2.85625  0.640356
  2.05849   2.67122
  2.50448  0.856344
 0.375706   1.00249
   1.2032   1.05113
  1.46482  0.991363
  0.80653  0.926386
  2.51307    1.7821
  1.72069  0.796594
  1.29927   0.13594
  2.99176  0.666825
  1.10366   1.17015
  1.92361   2.54067
  1.29479   2.59241
   2.9944  0.621297
  2.36233  0.876777
  1.82584  0.862192
  1.14119   2.92886
  2.99042  0.500407
 0.264996   1.40093
 0.891844   1.57704
 0.473643   2.28796
  0.68825  0.975505
  2.31265    2.1336
  1.52565    2.2636
 0.993919  0.799782
  2.78814   2.07841
  2.97075   1.24174
  1.42094 0.0492272
  1.98824   2.36263
  1.24644  0.727067
  2.19041  0.697571
  1.85645    1.3829
 0.153625    1.8347
  1.48287  0.994903
  2.39245   2.31621
0.0554322   0.70798
  1.70263   1.72016
  2.40874   2.50814
  2.30789  0.315216
  1.16688 0.0147042
   1.8808   1.26227
  1.76252  0.817301
  2.49383   1.96836
 0.498957   2.59293
  2.74695   2.15064
  1.76031  0.754835
 0.864504  0.232533
  2.76817  0.351896
  1.09664   2.01265
  1.87135   1.01413
  2.96347   0.91443
  2.65883   2.66401
  2.82044   2.56145
  1.47344   0.64895
  2.38634  0.369335
  2.12872  0.803487
 0.335401   1.08453
 0.646097  0.571922
  0.08114 0.0719952
  1.99371   2.14574
  0.55066    1.3949
  2.02348   1.36205
  2.92534   1.56433
 0.452618   0.27942
  2.18396  0.994767
   2.4626  0.439627
  2.05304    1.2837
 0.247628  0.860901
  1.13663  0.822392
  1.29966  0.569934
  1.91583   1.27905
 0.502091   2.15647
  2.92242   1.51611
  1.71792   2.92875
  1.46736  0.817712
   2.6419   2.51328
  1.93442   1.93864
  2.52012   1.45907
 0.642844   2.80439
  1.29659   2.83099
   2.1121   1.60402
 0.302844  0.600982
 0.745233    1.4852
0.0973074   1.16566
  2.33415    2.2658
  1.61287  0.290216
  1.46299  0.400651
  2.05547  0.978597
  1.57874  0.997587
 0.115397   1.65179
  1.01726   1.24776
  1.13548    2.1463
  2.51772    1.3239
  1.13697  0.386308
  1.70872   1.35955
   2.0186   1.93176
  0.92077   1.47893
  2.52792  0.896796
 0.267718   2.65975
  1.55798   1.87282
 0.218148   2.20628
 0.810831   2.95508
  1.37955   2.28375
 0.652784  0.995494
 0.144867   0.60972
  2.60515   2.21797
  2.65107   2.27606
 0.683778   2.28474
   2.3456   2.25704
  2.08362   1.67598
 0.526761  0.861326
  1.17525  0.753099
  2.33124   2.99291
  2.86934   2.80925
0.0886044   1.72946
 0.234187  0.674308
  1.50523  0.736212
 0.143477 0.0520206
  2.37193  0.849783
  1.77017    2.8673
   2.9657 0.0377968
  1.07108  0.355445
  2.93236  0.932066
   1.0991   2.74633
  2.53772  0.193177
 0.894734   1.35144
  2.15854   2.81384
   1.8041   1.03012
  1.54134   1.60484
  2.91496   2.77211
  1.04519   2.01386
  2.31055   1.74862
  2.24273   2.52947
 0.186995   0.40413
0.0821327  0.274249
  2.89911   1.65604
 0.372282   1.05288
  2.22117   1.13457
  2.52915   1.41065
 0.908624   1.68797
  1.10106  0.288822
  1.09835  0.633598
  1.91092   1.06672
  2.21221   2.25049
 0.983643   1.87174
  2.12835   1.47117
 0.154741    1.4972
0.0410798   1.21472
 0.402614    1.4302
   2.1965   2.68145
  1.97165  0.917457
  1.47093   1.76836
 0.471316   2.65939
 0.646411   1.25717
  2.01237   2.86452
  1.93955   2.19559
  1.58278   1.84312
 0.689596    2.8867
  1.27275  0.845109
   2.9721   1.19826
  0.25357 0.0430858
 0.988196  0.701132
0.0546281 0.0540066
 0.644886   1.33633
  1.87539 0.00694462
 0.704032   1.22623
   1.6978   2.72046
 0.684809   1.11332
 0.776359   2.83836
 0.456661  0.765116
  2.10514  0.505462
  1.06872   1.97769
  1.02125  0.509095
  1.87828   2.70206
 0.806667   1.24598
 0.341235  0.429855
   1.5157  0.882148
 0.807705   0.48365
 0.466387   0.66287
 0.830905   1.47921
 0.625201   2.57744
  2.72364   2.07956
  1.70202   2.02178
 0.684827  0.160848
  1.71985   1.17289
  0.69026  0.440397
  1.64565  0.691752
  1.74383   1.32871
  1.15928   1.87251
  2.18565   1.41321
   1.2776   2.93092
  2.88662  0.162955
  2.13477   1.13402
  1.99238   2.98167
 0.677687   1.11459
  2.84439   2.79055
 0.349445  0.886579
 0.615129   1.42276
  1.73478  0.855156
 0.445454  0.227878
  1.35395  0.405247
  2.93632  0.984365
  1.06035   2.03553
  2.54225   2.90841
  2.48913   2.42679
  2.09478   2.99699
  1.20323   2.45097
 0.870259    2.2289
  1.04075   2.57055
  2.02107   2.59108
  1.65386   2.98615
 0.452675    2.0878
  2.68955   1.04607
  2.36413   1.61388
  1.89521   2.21605
 0.743699  0.989683
   1.0791  0.761514
 0.115145   2.18159
  1.97919  0.965119
   1.0623  0.373675
  1.56751  0.536172
  2.46281     1.499
  1.21491   1.12349
     1.16   1.74305
   2.6734   1.33927
  1.85716   1.55756
  1.68859   2.26822
 0.575596   1.50274
  1.06164   2.07474
  2.18897   1.88247
 0.288798   1.36249
  1.11913  0.687897
  2.61011  0.581077
 0.548019   2.30362
  2.66131   2.98751
 0.213728  0.380009
 0.529169   1.79981
   1.0285   2.12202
  1.68823    2.7661
 0.590059   1.59989
  1.48116   2.66744
  1.31959  0.265792
 0.542904   1.21781
  1.74355     2.032
  2.05257  0.990864
  2.51408  0.398374
 0.597402   1.00967
 0.618469   2.38763
  1.79052   1.12881
  2.02614   1.09101
 0.647902   1.32568
  0.90664   1.66418
  2.18948   1.04028
  2.76793  0.905881
  1.60313   2.55279
 0.525105  0.321229
   2.9955  0.425732
  1.84464   1.59069
 0.825568  0.883998
  1.27405   2.69142
 0.203218  0.167097
  1.17036  0.336479
 0.988529  0.995092
   1.8297   2.82926
  0.76636   2.84684
  2.77173  0.103541
   1.3539   2.32951
  2.53571   2.09148
 0.752629   0.71008
 0.331552   2.69648
  2.93583   1.83372
   1.0079   2.59072
  1.91796  0.385255
   1.8751   2.28699
  2.47633   2.85694
 0.637426   2.75098
 0.206994  0.313045
 0.507619   2.85863
 0.701102  0.208976
  2.35531   1.48325
 0.237265   1.96296
 0.357304  0.341359
 0.866452   2.84569
  2.14672  0.893934
0.0577273   1.89226
  1.21651    2.0088
 0.443235   1.62661
  2.01747   2.07182
  2.97837    0.3671
  1.28473  0.169308
  2.90676  0.655063
  2.61166    2.4072
 0.755975  0.234735
0.0503614   2.89009
 0.461304  0.292145
  2.62655  0.733514
  1.39875   1.94059
  2.80907   1.83466
  1.12489   1.76932
  1.03872   2.40594
 0.475996  0.767179
  2.88421   1.01995
  2.17397  0.824289
  2.67606  0.405441
  2.65842   1.75829
 0.455932  0.183325
0.0826765   2.31738
  1.12917  0.916096
    2.364  0.131527
  2.34054  0.593721
 0.463581  0.315031
  2.97581   2.21445
LINKS_SOURCE_DESTINATION_DISTANCE 1198
     0      1      1
     0      4      1
     0    156      1
     0    341      1
     0    374      1
     1      0      1
     1      2      1
     1      3      1
     1     68      1
     1    108      1
     2      1      1
     2      6      1
     2      7      1
     2     18      1
     2     27      1
     2     79      1
     2    281      1
     2    517      1
     3      1      1
     3      8      1
     3     31      1
     3     34      1
     3     51      1
     3     71      1
     3     74      1
     3    286      1
     4      0      1
     4      5      1
     4    256      1
     4    353      1
     4    452      1
     5      4      1
     5     15      1
     5     22      1
     5     25      1
     5     50      1
     5    218      1
     6      2      1
     6      9      1
     6    112      1
     6    407      1
     7      2      1
     7     56      1
     7    161      1
     8      3      1
     8     10      1
     8     11      1
     8     35      1
     8     99      1
     8    506      1
     9      6      1
     9     19      1
     9     26      1
     9    160      1
     9    491      1
     9    522      1
    10      8      1
    10     13      1
    10     17      1
    10     32      1
    11      8      1
    11     12      1
    11     14      1
    11     29      1
    11     59      1
    11    182      1
    12     11      1
    12     20      1
    12     30      1
    12     40      1
    12     52      1
    12     66      1
    12    103      1
    12    265      1
    12    285      1
    13     10      1
    13     16      1
    13     61      1
    13     83      1
    14     11      1
    14     24      1
    14     75      1
    14    514      1
    15      5      1
    15     41      1
    15    107      1
    15    311      1
    15    548      1
    16     13      1
    16     21      1
    16     58      1
    16    291      1
    17     10      1
    17     39      1
    17     53      1
    17     54      1
    17    591      1
    18      2      1
    18     23      1
    18     47      1
    19      9      1
    19     45      1
    19     57      1
    19     70      1
    19    213      1
    19    275      1
    20     12      1
    20    102      1
    20    185      1
    20    211      1
    20    287      1
    20    370      1
    21     16      1
    21     33      1
    21     88      1
    22      5      1
    22    118      1
    23     18      1
    23     65      1
    23     76      1
    23     95      1
    24     14      1
    24     28      1
    24     38      1
    24     63      1
    24     64      1
    24    162      1
    24    269      1
    24    292      1
    24    465      1
    25      5      1
    25     48      1
    25    365      1
    26      9      1
    26    145      1
    26    191      1
    26    411      1
    27      2      1
    27    177      1
    27    220      1
    28     24      1
    28     36      1
    28    111      1
    28    133      1
    28    241      1
    28    504      1
    29     11      1
    29     46      1
    30     12      1
    30     60      1
    30     67      1
    30    101      1
    30    204      1
    30    320      1
    31      3      1
    31    124      1
    31    147      1
    31    519      1
    32     10      1
    33     21      1
    33     37      1
    33     55      1
    33     78      1
    33     86      1
    33    159      1
    33    208      1
    33    443      1
    34      3      1
    34    354      1
    35      8      1
    35     49      1
    35    214      1
    36     28      1
    36     85      1
    36    535      1
    37     33      1
    37     62      1
    38     24      1
    38     43      1
    38    206      1
    38    425      1
    39     17      1
    39     42      1
    39    130      1
    39    319      1
    39    493      1
    40     12      1
    40    579      1
    41     15      1
    42     39      1
    42    266      1
    43     38      1
    43     44      1
    43    128      1
    44     43      1
    44    116      1
    44    198      1
    44    326      1
    44    437      1
    45     19      1
    45     80      1
    45    140      1
    46     29      1
    47     18      1
    47     92      1
    47    282      1
    47    359      1
    48     25      1
    48    251      1
    49     35      1
    49     73      1
    49    104      1
    49    271      1
    50      5      1
    50    163      1
    50    253      1
    51      3      1
    51     91      1
    52     12      1
    52    157      1
    52    485      1
    53     17      1
    53    459      1
    54     17      1
    54    524      1
    55     33      1
    55     72      1
    55    110      1
    55    180      1
    56      7      1
    56    122      1
    56    148      1
    56    507      1
    57     19      1
    57    121      1
    58     16      1
    58    123      1
    58    179      1
    59     11      1
    59    192      1
    60     30      1
    61     13      1
    61     77      1
    61     84      1
    61    171      1
    62     37      1
    62    106      1
    62    144      1
    62    293      1
    62    557      1
    62    565      1
    63     24      1
    63    109      1
    63    183      1
    64     24      1
    64    132      1
    64    141      1
    64    315      1
    65     23      1
    66     12      1
    66     94      1
    67     30      1
    67     69      1
    67    134      1
    67    137      1
    67    298      1
    67    460      1
    68      1      1
    68    384      1
    68    436      1
    69     67      1
    70     19      1
    70     82      1
    70     90      1
    70    127      1
    70    217      1
    71      3      1
    71     93      1
    71     98      1
    71    235      1
    71    257      1
    72     55      1
    73     49      1
    73    119      1
    73    232      1
    74      3      1
    74    138      1
    74    190      1
    74    215      1
    74    262      1
    75     14      1
    75     81      1
    75    312      1
    76     23      1
    76     89      1
    76    328      1
    77     61      1
    77    115      1
    77    146      1
    77    338      1
    77    474      1
    78     33      1
    79      2      1
    79    239      1
    79    250      1
    80     45      1
    80     97      1
    80    136      1
    80    169      1
    80    222      1
    80    358      1
    80    417      1
    80    451      1
    80    492      1
    81     75      1
    81     87      1
    81    375      1
    82     70      1
    82    105      1
    82    129      1
    82    317      1
    83     13      1
    83    476      1
    84     61      1
    84    515      1
    85     36      1
    85    154      1
    85    347      1
    85    586      1
    86     33      1
    86    125      1
    86    261      1
    86    352      1
    87     81      1
    87    100      1
    88     21      1
    89     76      1
    89     96      1
    89    468      1
    90     70      1
    90    305      1
    91     51      1
    91    114      1
    91    168      1
    92     47      1
    92    153      1
    92    379      1
    93     71      1
    93    403      1
    94     66      1
    94    126      1
    95     23      1
    95    186      1
    95    199      1
    95    424      1
    95    456      1
    96     89      1
    97     80      1
    97    283      1
    97    526      1
    98     71      1
    98    158      1
    98    184      1
    99      8      1
    99    181      1
    99    228      1
   100     87      1
   101     30      1
   101    174      1
   102     20      1
   102    306      1
   103     12      1
   103    142      1
   103    461      1
   103    505      1
   104     49      1
   105     82      1
   105    165      1
   105    175      1
   105    294      1
   105    405      1
   106     62      1
   107     15      1
   107    113      1
   107    139      1
   108      1      1
   108    187      1
   108    188      1
   108    427      1
   109     63      1
   110     55      1
   110    117      1
   110    462      1
   111     28      1
   111    555      1
   112      6      1
   113    107      1
   113    303      1
   114     91      1
   115     77      1
   115    170      1
   116     44      1
   116    178      1
   117    110      1
   117    551      1
   118     22      1
   118    276      1
   118    366      1
   119     73      1
   119    120      1
   119    255      1
   119    258      1
   119    263      1
   119    274      1
   120    119      1
   120    189      1
   120    307      1
   121     57      1
   121    201      1
   121    278      1
   121    302      1
   122     56      1
   122    131      1
   122    167      1
   122    260      1
   122    301      1
   122    552      1
   123     58      1
   123    400      1
   124     31      1
   124    216      1
   124    296      1
   125     86      1
   126     94      1
   127     70      1
   127    166      1
   127    277      1
   128     43      1
   128    195      1
   128    357      1
   129     82      1
   130     39      1
   130    135      1
   131    122      1
   131    418      1
   132     64      1
   132    240      1
   133     28      1
   134     67      1
   134    398      1
   135    130      1
   135    308      1
   136     80      1
   136    152      1
   136    254      1
   136    547      1
   137     67      1
   138     74      1
   138    155      1
   138    268      1
   138    304      1
   138    376      1
   138    401      1
   139    107      1
   139    279      1
   140     45      1
   140    149      1
   140    176      1
   140    193      1
   140    249      1
   141     64      1
   141    150      1
   141    259      1
   141    574      1
   142    103      1
   142    143      1
   143    142      1
   143    252      1
   143    544      1
   144     62      1
   144    444      1
   145     26      1
   145    151      1
   145    172      1
   145    247      1
   145    484      1
   145    528      1
   146     77      1
   146    442      1
   146    597      1
   147     31      1
   147    203      1
   148     56      1
   148    592      1
   149    140      1
   149    479      1
   150    141      1
   150    450      1
   150    458      1
   150    480      1
   151    145      1
   152    136      1
   152    173      1
   153     92      1
   154     85      1
   154    164      1
   155    138      1
   155    280      1
   155    475      1
   156      0      1
   156    200      1
   156    323      1
   156    330      1
   157     52      1
   157    224      1
   158     98      1
   158    377      1
   158    426      1
   159     33      1
   159    511      1
   160      9      1
   160    313      1
   161      7      1
   162     24      1
   162    212      1
   162    389      1
   163     50      1
   163    295      1
   164    154      1
   164    226      1
   165    105      1
   165    310      1
   166    127      1
   167    122      1
   167    196      1
   168     91      1
   168    349      1
   169     80      1
   169    416      1
   169    564      1
   170    115      1
   170    197      1
   170    219      1
   170    486      1
   171     61      1
   172    145      1
   172    205      1
   172    378      1
   172    453      1
   172    463      1
   173    152      1
   174    101      1
   175    105      1
   175    362      1
   176    140      1
   176    332      1
   176    383      1
   177     27      1
   177    510      1
   178    116      1
   178    331      1
   179     58      1
   179    194      1
   180     55      1
   180    202      1
   180    234      1
   180    395      1
   180    423      1
   180    440      1
   181     99      1
   181    231      1
   181    356      1
   182     11      1
   182    321      1
   182    337      1
   182    367      1
   182    409      1
   183     63      1
   184     98      1
   184    207      1
   184    288      1
   185     20      1
   185    322      1
   186     95      1
   186    428      1
   187    108      1
   188    108      1
   188    498      1
   188    543      1
   189    120      1
   189    513      1
   190     74      1
   190    422      1
   191     26      1
   191    210      1
   192     59      1
   192    570      1
   193    140      1
   194    179      1
   194    209      1
   194    284      1
   194    583      1
   195    128      1
   196    167      1
   196    238      1
   197    170      1
   197    233      1
   197    264      1
   197    273      1
   197    516      1
   198     44      1
   199     95      1
   199    236      1
   200    156      1
   201    121      1
   201    270      1
   202    180      1
   203    147      1
   203    237      1
   204     30      1
   204    242      1
   205    172      1
   206     38      1
   206    297      1
   207    184      1
   207    229      1
   208     33      1
   208    221      1
   209    194      1
   209    246      1
   209    346      1
   209    521      1
   209    525      1
   210    191      1
   210    243      1
   210    390      1
   210    469      1
   211     20      1
   211    435      1
   212    162      1
   212    531      1
   212    594      1
   213     19      1
   214     35      1
   214    448      1
   215     74      1
   215    223      1
   215    336      1
   216    124      1
   217     70      1
   217    244      1
   217    397      1
   218      5      1
   218    593      1
   219    170      1
   219    248      1
   220     27      1
   220    225      1
   220    387      1
   221    208      1
   222     80      1
   222    227      1
   222    412      1
   222    533      1
   223    215      1
   223    542      1
   224    157      1
   224    333      1
   225    220      1
   225    348      1
   226    164      1
   227    222      1
   227    230      1
   227    289      1
   228     99      1
   228    314      1
   228    483      1
   229    207      1
   229    245      1
   229    339      1
   230    227      1
   230    345      1
   230    406      1
   231    181      1
   232     73      1
   232    580      1
   233    197      1
   233    573      1
   234    180      1
   234    318      1
   235     71      1
   235    392      1
   235    394      1
   236    199      1
   237    203      1
   237    410      1
   238    196      1
   239     79      1
   240    132      1
   240    584      1
   241     28      1
   242    204      1
   243    210      1
   243    272      1
   243    577      1
   244    217      1
   244    361      1
   244    371      1
   245    229      1
   246    209      1
   246    360      1
   247    145      1
   247    334      1
   247    388      1
   248    219      1
   249    140      1
   250     79      1
   251     48      1
   251    382      1
   251    568      1
   252    143      1
   252    351      1
   253     50      1
   253    267      1
   254    136      1
   254    290      1
   254    342      1
   255    119      1
   256      4      1
   256    316      1
   256    421      1
   257     71      1
   258    119      1
   258    393      1
   259    141      1
   259    329      1
   260    122      1
   260    549      1
   261     86      1
   262     74      1
   263    119      1
   264    197      1
   264    446      1
   265     12      1
   266     42      1
   266    343      1
   267    253      1
   268    138      1
   269     24      1
   269    497      1
   269    585      1
   270    201      1
   271     49      1
   271    464      1
   272    243      1
   272    363      1
   272    561      1
   272    582      1
   273    197      1
   273    380      1
   273    494      1
   274    119      1
   275     19      1
   275    299      1
   276    118      1
   276    372      1
   277    127      1
   278    121      1
   279    139      1
   280    155      1
   280    325      1
   280    373      1
   281      2      1
   282     47      1
   283     97      1
   284    194      1
   284    414      1
   285     12      1
   285    300      1
   285    434      1
   286      3      1
   287     20      1
   288    184      1
   288    381      1
   289    227      1
   289    488      1
   289    563      1
   290    254      1
   291     16      1
   291    327      1
   292     24      1
   293     62      1
   294    105      1
   294    560      1
   295    163      1
   296    124      1
   297    206      1
   297    344      1
   298     67      1
   299    275      1
   299    540      1
   300    285      1
   300    335      1
   300    404      1
   301    122      1
   302    121      1
   303    113      1
   304    138      1
   305     90      1
   305    558      1
   306    102      1
   307    120      1
   307    512      1
   308    135      1
   308    309      1
   309    308      1
   309    576      1
   310    165      1
   310    599      1
   311     15      1
   312     75      1
   313    160      1
   314    228      1
   315     64      1
   316    256      1
   317     82      1
   317    324      1
   318    234      1
   319     39      1
   319    523      1
   320     30      1
   321    182      1
   322    185      1
   323    156      1
   324    317      1
   324    536      1
   325    280      1
   326     44      1
   327    291      1
   328     76      1
   328    559      1
   329    259      1
   330    156      1
   330    449      1
   330    527      1
   331    178      1
   331    350      1
   331    399      1
   332    176      1
   333    224      1
   333    364      1
   334    247      1
   335    300      1
   336    215      1
   337    182      1
   338     77      1
   338    340      1
   339    229      1
   339    369      1
   340    338      1
   341      0      1
   342    254      1
   342    368      1
   343    266      1
   344    297      1
   345    230      1
   346    209      1
   347     85      1
   348    225      1
   348    432      1
   348    556      1
   349    168      1
   349    471      1
   349    490      1
   350    331      1
   350    386      1
   351    252      1
   352     86      1
   352    433      1
   352    467      1
   352    501      1
   352    529      1
   353      4      1
   353    355      1
   354     34      1
   355    353      1
   355    454      1
   355    495      1
   356    181      1
   357    128      1
   358     80      1
   359     47      1
   359    590      1
   360    246      1
   361    244      1
   362    175      1
   363    272      1
   364    333      1
   364    402      1
   364    499      1
   365     25      1
   366    118      1
   366    413      1
   367    182      1
   368    342      1
   369    339      1
   369    473      1
   370     20      1
   370    396      1
   371    244      1
   371    466      1
   372    276      1
   373    280      1
   374      0      1
   375     81      1
   375    391      1
   376    138      1
   377    158      1
   378    172      1
   378    503      1
   379     92      1
   379    385      1
   379    445      1
   379    500      1
   379    508      1
   380    273      1
   380    438      1
   381    288      1
   382    251      1
   383    176      1
   383    537      1
   384     68      1
   385    379      1
   385    408      1
   385    441      1
   385    546      1
   386    350      1
   387    220      1
   387    477      1
   387    539      1
   388    247      1
   389    162      1
   390    210      1
   390    455      1
   391    375      1
   391    415      1
   392    235      1
   393    258      1
   393    429      1
   394    235      1
   395    180      1
   396    370      1
   397    217      1
   398    134      1
   398    487      1
   399    331      1
   400    123      1
   400    509      1
   401    138      1
   402    364      1
   403     93      1
   403    420      1
   403    470      1
   404    300      1
   405    105      1
   406    230      1
   407      6      1
   408    385      1
   409    182      1
   409    588      1
   410    237      1
   410    419      1
   411     26      1
   412    222      1
   413    366      1
   413    532      1
   413    581      1
   414    284      1
   415    391      1
   416    169      1
   417     80      1
   418    131      1
   418    578      1
   419    410      1
   420    403      1
   420    550      1
   421    256      1
   421    430      1
   422    190      1
   423    180      1
   424     95      1
   424    431      1
   425     38      1
   426    158      1
   426    439      1
   427    108      1
   428    186      1
   429    393      1
   430    421      1
   430    447      1
   431    424      1
   431    496      1
   432    348      1
   433    352      1
   434    285      1
   435    211      1
   436     68      1
   436    472      1
   437     44      1
   438    380      1
   439    426      1
   440    180      1
   441    385      1
   442    146      1
   443     33      1
   444    144      1
   445    379      1
   446    264      1
   446    571      1
   447    430      1
   448    214      1
   448    553      1
   449    330      1
   450    150      1
   451     80      1
   452      4      1
   453    172      1
   454    355      1
   455    390      1
   455    457      1
   455    481      1
   455    587      1
   456     95      1
   456    541      1
   456    567      1
   457    455      1
   458    150      1
   459     53      1
   459    489      1
   460     67      1
   461    103      1
   462    110      1
   463    172      1
   463    482      1
   463    538      1
   464    271      1
   465     24      1
   466    371      1
   466    478      1
   466    554      1
   467    352      1
   468     89      1
   469    210      1
   470    403      1
   471    349      1
   471    595      1
   472    436      1
   473    369      1
   474     77      1
   475    155      1
   476     83      1
   477    387      1
   478    466      1
   479    149      1
   479    518      1
   480    150      1
   480    530      1
   481    455      1
   481    572      1
   482    463      1
   483    228      1
   484    145      1
   485     52      1
   486    170      1
   487    398      1
   488    289      1
   488    575      1
   489    459      1
   490    349      1
   491      9      1
   491    589      1
   492     80      1
   493     39      1
   493    502      1
   494    273      1
   494    534      1
   495    355      1
   495    569      1
   496    431      1
   497    269      1
   498    188      1
   499    364      1
   500    379      1
   501    352      1
   502    493      1
   503    378      1
   504     28      1
   504    520      1
   505    103      1
   506      8      1
   507     56      1
   508    379      1
   509    400      1
   510    177      1
   511    159      1
   512    307      1
   513    189      1
   514     14      1
   515     84      1
   516    197      1
   517      2      1
   518    479      1
   519     31      1
   520    504      1
   521    209      1
   522      9      1
   523    319      1
   524     54      1
   525    209      1
   526     97      1
   527    330      1
   528    145      1
   529    352      1
   530    480      1
   531    212      1
   531    545      1
   532    413      1
   533    222      1
   534    494      1
   535     36      1
   536    324      1
   537    383      1
   538    463      1
   539    387      1
   540    299      1
   541    456      1
   541    598      1
   542    223      1
   543    188      1
   544    143      1
   545    531      1
   545    562      1
   546    385      1
   547    136      1
   548     15      1
   549    260      1
   550    420      1
   551    117      1
   552    122      1
   553    448      1
   553    566      1
   554    466      1
   555    111      1
   556    348      1
   557     62      1
   558    305      1
   559    328      1
   560    294      1
   561    272      1
   562    545      1
   563    289      1
   564    169      1
   565     62      1
   566    553      1
   567    456      1
   568    251      1
   569    495      1
   570    192      1
   571    446      1
   572    481      1
   573    233      1
   574    141      1
   575    488      1
   576    309      1
   577    243      1
   578    418      1
   579     40      1
   580    232      1
   581    413      1
   581    596      1
   582    272      1
   583    194      1
   584    240      1
   585    269      1
   586     85      1
   587    455      1
   588    409      1
   589    491      1
   590    359      1
   591     17      1
   592    148      1
   593    218      1
   594    212      1
   595    471      1
   596    581      1
   597    146      1
   598    541      1
   599    310      1
