COORD_X_Y 60
 0.573851   1.98289
  2.00798  0.725565
   1.5746  0.273151
  2.53365   2.72952
 0.972328   1.41571
 0.551747  0.832436
 0.957028   1.21495
  1.54922   1.91249
 0.209338   2.05044
 0.378089   2.51137
 0.393178   1.34532
  1.91084   2.71364
 0.601149  0.529557
0.0210835   1.34224
  1.60796   1.03548
0.0505891   0.28026
 0.843358   2.47725
 0.106706   1.17413
 0.773145   2.42671
  2.59429   2.56716
   1.2697  0.348338
  2.45871   0.26889
 0.247766   1.22386
  1.25235  0.558282
  0.83482   2.31715
  2.02415   2.44141
  1.01074   0.48128
  2.00847  0.800474
  2.14516   2.56894
 0.839388   0.67054
  1.14221   2.38551
 0.398518   2.49026
  1.97932   2.17486
  1.29869  0.800756
  2.48439   2.91447
 0.330476   2.77103
  1.86375    1.0795
   2.1778  0.790295
 0.644437   2.71456
  2.11959  0.276292
0.0122294  0.102375
  2.06743  0.620357
  1.18517   1.04469
  2.24976   2.99127
  1.15569  0.816655
  2.82081    2.6535
 0.782753    2.5082
  2.57289   1.00126
 0.235653  0.896038
0.00676295   0.85491
0.0512168   2.70757
 0.715316   2.41449
 0.769619  0.204495
   1.8381 0.0556795
  2.22606    2.5232
  1.34838   1.38406
  1.62809   2.88712
 0.796494  0.826781
  1.64163   0.14869
   2.2332  0.227945
LINKS_SOURCE_DESTINATION_DISTANCE 118
     0      1      1
     0      3      1
     0      5      1
     0     11      1
     0     20      1
     1      0      1
     1      2      1
     1      4      1
     1      7      1
     1     13      1
     1     15      1
     1     51      1
     2      1      1
     2     12      1
     2     23      1
     3      0      1
     3      8      1
     3     14      1
     3     24      1
     3     46      1
     4      1      1
     4      6      1
     4     10      1
     5      0      1
     5     39      1
     6      4      1
     6     22      1
     6     53      1
     7      1      1
     7     16      1
     8      3      1
     8      9      1
     8     32      1
     9      8      1
     9     36      1
    10      4      1
    11      0      1
    11     44      1
    11     49      1
    12      2      1
    12     34      1
    13      1      1
    14      3      1
    14     19      1
    15      1      1
    15     18      1
    15     21      1
    15     26      1
    16      7      1
    16     17      1
    16     35      1
    17     16      1
    18     15      1
    18     27      1
    18     45      1
    19     14      1
    19     28      1
    19     31      1
    20      0      1
    21     15      1
    21     25      1
    21     29      1
    21     55      1
    22      6      1
    23      2      1
    23     40      1
    23     41      1
    23     48      1
    24      3      1
    25     21      1
    25     33      1
    25     52      1
    26     15      1
    26     50      1
    27     18      1
    27     54      1
    28     19      1
    28     37      1
    29     21      1
    29     30      1
    30     29      1
    31     19      1
    32      8      1
    33     25      1
    34     12      1
    34     42      1
    34     59      1
    35     16      1
    35     38      1
    36      9      1
    37     28      1
    38     35      1
    38     43      1
    39      5      1
    40     23      1
    40     47      1
    41     23      1
    42     34      1
    43     38      1
    43     56      1
    44     11      1
    45     18      1
    46      3      1
    47     40      1
    48     23      1
    49     11      1
    50     26      1
    51      1      1
    51     58      1
    52     25      1
    53      6      1
    54     27      1
    54     57      1
    55     21      1
    56     43      1
    57     54      1
    58     51      1
    59     34      1
