COORD_X_Y 10
 0.948911  0.767014
 0.536742   2.47755
  2.46617  0.967277
  1.45804  0.766448
  1.25759    1.9635
  2.40238   1.55445
  1.19103  0.360105
 0.916523   2.60654
  2.10978     2.199
  1.59269   1.59634
LINKS_SOURCE_DESTINATION_DISTANCE 18
     0      1      1
     0      5      1
     0      6      1
     1      0      1
     1      2      1
     1      3      1
     1      4      1
     2      1      1
     2      8      1
     3      1      1
     4      1      1
     5      0      1
     6      0      1
     6      7      1
     7      6      1
     8      2      1
     8      9      1
     9      8      1
