COORD_X_Y 15
 0.741637   2.14555
  1.52075   2.46332
   2.4164  0.333796
  1.98521   2.89852
  1.65759   2.13179
 0.839412  0.202694
 0.177486   1.63094
  1.92525   2.79718
   1.6308  0.169476
  1.57856   1.31712
 0.908546   2.31825
  2.86352   2.40466
  2.71803   1.66032
  2.49233   0.47163
 0.229124  0.239365
LINKS_SOURCE_DESTINATION_DISTANCE 28
     0      1      1
     0     10      1
     0     12      1
     1      0      1
     1      2      1
     1      4      1
     1      9      1
     2      1      1
     2      3      1
     2      5      1
     2      6      1
     3      2      1
     4      1      1
     5      2      1
     5      7      1
     5      8      1
     6      2      1
     7      5      1
     7     11      1
     8      5      1
     9      1      1
    10      0      1
    10     14      1
    11      7      1
    11     13      1
    12      0      1
    13     11      1
    14     10      1
