COORD_X_Y 25
0.0160112   0.67148
  1.01769  0.689662
  2.97216   1.68233
 0.793274   2.68596
  1.75637  0.586027
  2.82394   2.23206
  1.86556    1.9547
  2.66409   2.45926
   2.5242   1.58513
  1.20005   1.99828
 0.798635   2.19747
  2.62598   1.29661
 0.730814   2.51521
  1.67294  0.895246
 0.313846   2.68654
 0.687565   2.65804
 0.276533   2.75366
  1.51796   2.64879
 0.432554   2.90851
  2.72968   2.44088
  1.08775   1.01525
  1.70336   2.29919
  1.76044   1.99514
  2.13152   1.65977
  2.89636   2.88463
LINKS_SOURCE_DESTINATION_DISTANCE 48
     0      1      1
     0      8      1
     0     15      1
     1      0      1
     1      2      1
     1      4      1
     1     10      1
     1     16      1
     2      1      1
     2      3      1
     3      2      1
     3      9      1
     3     17      1
     4      1      1
     4      5      1
     4      6      1
     4     12      1
     5      4      1
     5      7      1
     6      4      1
     6     11      1
     6     14      1
     7      5      1
     7     23      1
     8      0      1
     9      3      1
    10      1      1
    10     21      1
    11      6      1
    12      4      1
    12     13      1
    13     12      1
    13     24      1
    14      6      1
    14     18      1
    15      0      1
    15     19      1
    16      1      1
    17      3      1
    18     14      1
    18     20      1
    19     15      1
    20     18      1
    20     22      1
    21     10      1
    22     20      1
    23      7      1
    24     13      1
