COORD_X_Y 400
   2.0838   2.86178
  1.02527   1.83225
   2.0515   2.89872
 0.270656  0.486334
 0.545237   2.06791
  1.22399 0.0993385
  2.83131   2.32061
 0.522531    1.9668
 0.394366  0.925675
  2.10996    1.7571
 0.264514   1.82736
 0.370505   1.54808
  2.54237   2.93985
  2.83855   2.51797
 0.079077    2.1568
  1.72715  0.207943
  2.95219  0.541152
  1.89154   1.22361
  2.95407   1.69123
  1.36466  0.240315
  2.85529   2.67338
  1.21936    2.3637
  1.02994  0.900047
 0.644114   2.87862
 0.241608   1.65845
 0.718017  0.289207
  1.93302  0.996657
  1.21974   2.20471
  1.41714   2.76888
  1.06945   2.93494
  1.65309  0.856486
  2.94298    2.8935
 0.154871   1.31774
 0.434011   2.54497
  2.58738   0.66472
   1.7786   2.88215
  2.74752   1.83225
 0.783605   1.91636
  2.60218   2.73389
  2.50795   2.72975
  2.17934   1.53571
  1.65443  0.980391
  2.62231   2.04893
  1.51454  0.596652
 0.582104   1.07904
  1.19609    1.8024
  2.76825   1.34343
  0.16368   2.93901
  2.12066   2.95638
   2.5554    2.0169
  2.58188   2.57861
  1.99691  0.358487
  2.60417   1.94472
  2.43292  0.598524
  2.28341   1.47736
  2.01513  0.790115
   1.8911  0.910874
 0.683265    2.6242
   2.9936   1.36157
  1.37808  0.569522
  2.15758  0.782505
 0.261363   1.79167
  0.32298   1.99186
 0.685407   2.47389
  2.52847     2.023
  2.31254   1.47688
  0.85002   1.29665
 0.558509   1.21035
  1.38042   2.30659
 0.373886  0.186553
  1.36729   1.03497
 0.960393    1.6292
 0.893624    2.7006
   1.2994  0.512305
  1.01594   2.37753
 0.675133  0.290538
 0.580738   2.69733
 0.695393   2.65149
   2.0623   1.11539
 0.195319   1.51156
  1.39679   1.29511
  1.38964   2.84562
  1.61637  0.980031
 0.811029   2.34705
 0.867699   1.34639
  2.92827   2.62578
 0.684339 0.0132632
 0.485752    2.9686
 0.736981   2.57874
  2.07112   2.53221
  0.64751  0.978986
 0.782808   1.85031
 0.370421    1.2136
  1.19458  0.289259
  2.58054   2.75858
  1.82734   2.94883
  2.99088   1.69095
  1.95193   2.74948
   0.7354 0.0579841
  1.05451   1.16871
  1.10499  0.723617
  1.22169  0.178486
 0.315399  0.868516
 0.664238   1.70707
 0.344923   2.71712
  0.62118    1.8963
  2.19507   2.87479
 0.862578    1.6745
 0.425816   1.26714
    1.411   1.44973
  1.38268  0.869139
 0.135596   2.70204
  2.97423   2.77738
 0.885758   2.95199
  1.62797  0.330402
 0.870279  0.458112
  2.40302    2.9436
  2.17087   1.54041
  2.71157   2.60047
  2.98576   0.32769
  1.72167    2.5554
  2.77875   1.68825
  2.33416  0.897259
  2.02356  0.500534
0.0806191  0.240601
  0.83746   1.80504
  2.19057  0.396205
  1.70802  0.136319
  1.82896   2.03711
 0.199099 0.0144225
  0.74402    1.7377
  2.26705   2.19416
  1.68236   0.59916
  2.21578   2.06886
 0.809707  0.582678
 0.188957  0.947412
  2.41071   1.62563
  1.70989   0.14307
  1.55173   2.22149
    2.119   1.16646
  1.85041  0.321187
  1.16981  0.472534
  2.85511   2.49725
  1.77421 0.0619817
  1.42918   2.79473
  1.32766   2.59298
  1.81857   2.69817
  1.23012  0.738935
  1.63024  0.146719
 0.450167   1.77958
  1.67447  0.349338
  2.72148    1.6336
0.0989273   2.28974
  2.36613   1.30597
 0.697196   1.12228
  2.86877   1.00785
 0.921335  0.299062
  1.77382   2.67678
  0.35546  0.896965
  1.43743    1.2276
  2.95889   1.96294
  2.40007  0.509736
 0.273054   2.02458
  1.49323   1.64083
    2.187  0.786064
  1.01853   2.40911
 0.488953  0.450927
  1.83664  0.462745
  2.19588   2.12056
   2.6946  0.693203
  1.26231   1.10948
  1.75021    1.1701
  2.69019   1.89804
 0.419005    2.0827
 0.613223  0.834343
  2.21216    2.2454
  2.72278 0.00398006
  1.99625  0.385035
  2.41497 0.0141045
  1.24481   1.10239
 0.140371   0.64372
  1.30757   2.46733
  2.26006   2.37066
  2.59876  0.880258
 0.982013   1.73892
 0.581421   2.23683
  2.61846   1.16157
  1.43514   2.79828
  1.26439   2.13489
 0.168424  0.492763
   0.9039    2.9007
  2.47948  0.824204
  1.66519   1.43976
  1.68708     2.243
  2.92753   2.16882
  2.66853   2.93818
   2.4091   2.50489
   2.6753     1.006
  2.86107   1.08186
  1.68765   1.80204
  1.46919  0.599459
 0.918389   2.46181
  1.24703   1.20859
  2.59772  0.848485
  2.21985   1.58434
  2.35102  0.474343
  2.49704  0.552642
  1.46227   2.53754
  1.59648 0.0877272
 0.979457   1.36079
 0.180163  0.142052
  2.71615  0.784708
  1.34391   1.83114
  1.95939   2.90702
 0.861683  0.641117
  2.81435   2.25541
  1.31565  0.925699
  1.89268   2.52159
  2.85586   1.85073
  2.65418     1.508
0.00448416   2.69302
  2.64461  0.420301
0.0597071   2.83025
  2.24007   2.28488
  2.42881  0.850824
  2.49707   2.39432
  1.03606   1.92493
  1.88049   1.68834
  1.77206   1.84884
   2.9814   2.92297
 0.330563   1.91516
  1.83888   1.12635
  2.41063   1.58917
  1.34959   2.26062
 0.228546    1.0759
  2.61848  0.994001
 0.145601  0.807224
  2.11199  0.168117
  1.48341   1.01319
  1.28333   2.58999
  1.11672   1.60165
 0.162653   1.85197
  1.04782   2.50023
  1.69211 0.0568531
  2.33707   2.96472
 0.594271   1.89161
  2.21612  0.399981
  1.04434  0.193398
  2.16913   1.62737
  2.65731   1.72298
  1.40721   1.37144
  1.71744   2.93704
  2.29237   1.50358
   2.0346   1.96432
  2.29999  0.750159
  1.35427   2.50539
   2.7386   2.85517
  1.61209   1.10104
  2.80136   2.11863
  1.90077   1.57332
  1.95743 0.0797719
  1.47208   2.24274
 0.408395    2.1164
  1.93645   2.28606
 0.754546 0.0709682
  1.71939   2.38595
 0.644492   2.03955
  1.56024    2.7384
  1.68976  0.509698
  2.86226  0.933916
  1.74533  0.033321
  2.67211  0.356846
 0.460617  0.793296
  2.59983   2.70076
  2.68382   1.78958
 0.353176   2.76173
  1.34614   2.20478
0.0238696   1.47906
 0.189013  0.450994
 0.831763   1.28778
 0.235653   2.47239
  1.26032    2.0798
  2.91345   1.18819
  2.39735  0.309564
 0.221362  0.951897
 0.653034   2.01444
 0.943338   2.70317
  0.27327 0.0674811
  2.07202    1.3444
  0.71301   2.27647
  1.29357   1.89309
   2.4146  0.434415
    2.717   1.88119
  1.81727   2.21208
 0.361056  0.535709
 0.906194   2.14325
  2.14306  0.310557
  1.91185   1.48253
   2.0517   1.89634
  2.57827   2.10225
  1.71707    2.6653
  2.87907  0.294947
  1.79262   2.87445
 0.433845   2.67703
  2.50535   2.43297
  2.57462   1.62262
 0.291118   1.09261
 0.849721   2.16466
  1.17831  0.101132
  2.70734  0.297504
  2.22673   1.19877
  1.18965   1.23748
  2.86339  0.112198
  2.58595   2.06433
  2.25378   1.74646
   2.3518   2.67029
  2.74108   1.58749
 0.167503   1.94837
  1.05695   2.05482
  1.02295    1.9416
  0.96275   1.32435
  1.78862  0.425765
 0.545618  0.145897
  1.08334   2.42754
  2.58761   1.27284
  1.90002  0.149356
 0.368359   2.20357
  2.49647   1.27765
 0.198978   1.00792
  2.99068 0.0299916
  1.60591   0.43372
  2.99208   2.51368
  1.87628   2.33481
  2.00773  0.733279
 0.688339  0.767399
  2.08203   2.64403
  1.64705    2.2686
  1.08564   1.17403
  2.47448   2.38081
    2.469   2.04625
    2.681   2.12159
  2.86523   2.06483
  1.79172   1.73838
  1.87728   1.15476
0.0343687   2.16205
  2.72196   1.81157
 0.943823     2.663
0.0868603   2.75811
0.0903134    2.4566
 0.734576   1.50911
 0.353658   1.40005
   2.6299   2.75526
  1.97818   1.78428
 0.253384   1.89657
 0.788218   1.61003
  2.26882   2.64294
  2.24785  0.314674
  2.62097   2.50872
0.0712643   1.20556
 0.463591  0.365424
  2.87813  0.141899
  2.74554   1.32872
  2.59804   2.40884
 0.306898  0.225993
  2.15133   2.53717
  2.36445   2.74693
 0.954671   1.13687
 0.913317   2.86003
    2.652  0.922957
   2.0404    2.9313
 0.190431   1.50529
  1.39193  0.052075
  1.27195  0.315553
  0.63514   1.07211
  2.01498 0.00807326
 0.711283  0.719742
  1.87003   1.76082
  2.89438  0.548861
  1.03227   2.58214
  1.78544   2.96745
  1.22346  0.693799
 0.345485  0.448408
   1.9749  0.288762
  2.32458   2.04946
   1.6512   1.10504
 0.502413   2.63039
  1.70806  0.958878
  2.84673  0.550895
 0.209326   2.92879
  1.01061   1.91528
  1.83368   2.67169
  0.21254   1.35287
  1.53144   2.40932
 0.111814   1.56854
  1.25223   1.31337
  2.45374   2.16916
 0.108955   2.21788
 0.475143   2.10507
  1.33719   2.46708
 0.497918  0.413471
LINKS_SOURCE_DESTINATION_DISTANCE 798
     0      1      1
     0      7      1
     0      9      1
     0     11      1
     0     18      1
     0     29      1
     0     75      1
     0    154      1
     0    335      1
     1      0      1
     1      2      1
     1     39      1
     1     63      1
     1     92      1
     1    352      1
     2      1      1
     2      3      1
     2      4      1
     2      5      1
     2     10      1
     2     13      1
     2     25      1
     2     28      1
     2     54      1
     2     77      1
     2    128      1
     3      2      1
     3     72      1
     3     93      1
     3    248      1
     4      2      1
     4      6      1
     4     12      1
     4     20      1
     4     88      1
     4    141      1
     5      2      1
     5     43      1
     5     64      1
     5     74      1
     6      4      1
     6    195      1
     7      0      1
     7      8      1
     7     15      1
     7    119      1
     7    379      1
     7    387      1
     8      7      1
     8     26      1
     8     33      1
     8     40      1
     8     94      1
     8    325      1
     8    367      1
     9      0      1
     9    144      1
    10      2      1
    10     38      1
    10     86      1
    10    199      1
    11      0      1
    11    220      1
    11    277      1
    11    305      1
    12      4      1
    13      2      1
    13     14      1
    13     22      1
    13     61      1
    13    216      1
    13    253      1
    14     13      1
    14     17      1
    14     47      1
    14    194      1
    15      7      1
    15     16      1
    15     65      1
    15    100      1
    15    143      1
    15    201      1
    16     15      1
    16     36      1
    16    326      1
    16    331      1
    17     14      1
    17     19      1
    17     31      1
    17     35      1
    17     97      1
    17    123      1
    18      0      1
    18     21      1
    18     23      1
    18     56      1
    18     73      1
    18     84      1
    18    185      1
    18    342      1
    19     17      1
    19     71      1
    20      4      1
    20     49      1
    20    121      1
    20    282      1
    21     18      1
    21     48      1
    21     51      1
    21     96      1
    21    178      1
    22     13      1
    22     52      1
    22    109      1
    22    112      1
    22    118      1
    23     18      1
    23     24      1
    23     37      1
    23    239      1
    23    256      1
    24     23      1
    24    197      1
    25      2      1
    25     41      1
    25     44      1
    26      8      1
    26     27      1
    26     46      1
    26     85      1
    26    116      1
    26    184      1
    27     26      1
    27     34      1
    28      2      1
    28     30      1
    28    157      1
    28    246      1
    29      0      1
    30     28      1
    30     32      1
    30     45      1
    31     17      1
    31    260      1
    32     30      1
    32     42      1
    32     60      1
    32    190      1
    32    380      1
    33      8      1
    33    149      1
    33    181      1
    33    303      1
    34     27      1
    34    296      1
    35     17      1
    36     16      1
    36    147      1
    37     23      1
    38     10      1
    38    151      1
    38    327      1
    39      1      1
    39     91      1
    40      8      1
    40    113      1
    40    142      1
    41     25      1
    42     32      1
    42     90      1
    42    117      1
    42    258      1
    43      5      1
    43     55      1
    43    146      1
    43    186      1
    44     25      1
    44     57      1
    44    139      1
    44    274      1
    44    351      1
    44    388      1
    45     30      1
    45     59      1
    45     83      1
    46     26      1
    46     76      1
    46    196      1
    46    348      1
    47     14      1
    47     87      1
    47    103      1
    48     21      1
    48     68      1
    48    161      1
    48    322      1
    49     20      1
    49     50      1
    49     53      1
    49    173      1
    50     49      1
    50     66      1
    50    138      1
    50    140      1
    50    206      1
    50    243      1
    51     21      1
    51     62      1
    51    129      1
    51    234      1
    51    385      1
    52     22      1
    52     67      1
    53     49      1
    53     58      1
    53     89      1
    53    261      1
    54      2      1
    54    155      1
    54    213      1
    55     43      1
    55    221      1
    55    301      1
    55    336      1
    56     18      1
    56    166      1
    56    174      1
    57     44      1
    57     98      1
    58     53      1
    58    106      1
    59     45      1
    59    115      1
    59    135      1
    59    179      1
    60     32      1
    60    333      1
    61     13      1
    62     51      1
    62    187      1
    63      1      1
    63    355      1
    64      5      1
    64     70      1
    64    127      1
    64    175      1
    64    230      1
    65     15      1
    65    344      1
    66     50      1
    66     79      1
    67     52      1
    67     69      1
    67    313      1
    68     48      1
    69     67      1
    69    101      1
    69    222      1
    69    223      1
    70     64      1
    70    137      1
    70    233      1
    71     19      1
    71    236      1
    72      3      1
    72    111      1
    73     18      1
    73     78      1
    73    124      1
    73    188      1
    73    241      1
    73    268      1
    74      5      1
    74     95      1
    74    105      1
    74    193      1
    75      0      1
    75     82      1
    75    294      1
    76     46      1
    76     80      1
    76    120      1
    76    176      1
    76    288      1
    77      2      1
    77    125      1
    78     73      1
    79     66      1
    79    110      1
    80     76      1
    80     81      1
    80    130      1
    80    165      1
    81     80      1
    81    315      1
    81    316      1
    82     75      1
    83     45      1
    83    104      1
    83    215      1
    83    339      1
    84     18      1
    84    286      1
    85     26      1
    85    126      1
    85    132      1
    85    275      1
    86     10      1
    87     47      1
    88      4      1
    89     53      1
    89     99      1
    90     42      1
    90    108      1
    90    169      1
    90    218      1
    91     39      1
    91    163      1
    91    229      1
    92      1      1
    92    102      1
    93      3      1
    93    153      1
    93    279      1
    93    350      1
    94      8      1
    94    114      1
    94    332      1
    94    366      1
    95     74      1
    95    226      1
    95    346      1
    96     21      1
    96    289      1
    97     17      1
    98     57      1
    98    107      1
    99     89      1
    99    148      1
   100     15      1
   100    341      1
   101     69      1
   101    177      1
   101    212      1
   101    283      1
   102     92      1
   102    133      1
   103     47      1
   103    122      1
   104     83      1
   104    255      1
   105     74      1
   105    302      1
   106     58      1
   107     98      1
   107    134      1
   108     90      1
   108    272      1
   109     22      1
   109    136      1
   109    237      1
   110     79      1
   111     72      1
   111    224      1
   112     22      1
   112    145      1
   113     40      1
   113    167      1
   114     94      1
   115     59      1
   115    214      1
   116     26      1
   116    204      1
   117     42      1
   117    164      1
   117    343      1
   118     22      1
   118    198      1
   118    265      1
   119      7      1
   119    205      1
   120     76      1
   120    159      1
   120    210      1
   121     20      1
   122    103      1
   123     17      1
   123    269      1
   124     73      1
   125     77      1
   125    180      1
   125    263      1
   126     85      1
   126    131      1
   126    235      1
   127     64      1
   127    207      1
   128      2      1
   128    264      1
   129     51      1
   130     80      1
   131    126      1
   132     85      1
   132    209      1
   133    102      1
   133    244      1
   134    107      1
   134    168      1
   134    297      1
   135     59      1
   135    252      1
   136    109      1
   136    156      1
   137     70      1
   138     50      1
   138    329      1
   139     44      1
   140     50      1
   141      4      1
   141    262      1
   141    373      1
   142     40      1
   142    182      1
   142    381      1
   143     15      1
   143    152      1
   144      9      1
   144    162      1
   144    171      1
   145    112      1
   145    150      1
   146     43      1
   146    295      1
   147     36      1
   147    158      1
   147    172      1
   148     99      1
   148    189      1
   148    202      1
   149     33      1
   149    160      1
   150    145      1
   151     38      1
   152    143      1
   153     93      1
   154      0      1
   155     54      1
   155    299      1
   156    136      1
   157     28      1
   158    147      1
   159    120      1
   160    149      1
   160    231      1
   160    270      1
   161     48      1
   161    364      1
   162    144      1
   163     91      1
   163    170      1
   163    259      1
   163    371      1
   164    117      1
   164    340      1
   164    360      1
   164    391      1
   165     80      1
   165    357      1
   166     56      1
   167    113      1
   167    192      1
   168    134      1
   168    395      1
   169     90      1
   169    330      1
   170    163      1
   171    144      1
   171    191      1
   172    147      1
   172    203      1
   173     49      1
   174     56      1
   174    267      1
   174    276      1
   175     64      1
   176     76      1
   176    211      1
   177    101      1
   178     21      1
   179     59      1
   180    125      1
   181     33      1
   182    142      1
   182    183      1
   182    291      1
   183    182      1
   184     26      1
   184    349      1
   185     18      1
   185    217      1
   185    319      1
   185    356      1
   186     43      1
   186    225      1
   187     62      1
   187    200      1
   187    285      1
   188     73      1
   188    228      1
   188    257      1
   188    290      1
   188    293      1
   189    148      1
   190     32      1
   190    254      1
   190    304      1
   191    171      1
   191    251      1
   192    167      1
   193     74      1
   193    334      1
   194     14      1
   195      6      1
   195    375      1
   196     46      1
   196    383      1
   197     24      1
   198    118      1
   199     10      1
   199    208      1
   200    187      1
   201     15      1
   202    148      1
   202    280      1
   202    358      1
   203    172      1
   204    116      1
   205    119      1
   205    317      1
   206     50      1
   206    232      1
   206    292      1
   207    127      1
   207    219      1
   208    199      1
   209    132      1
   210    120      1
   211    176      1
   212    101      1
   212    309      1
   213     54      1
   213    311      1
   214    115      1
   214    238      1
   215     83      1
   216     13      1
   216    306      1
   217    185      1
   218     90      1
   218    247      1
   218    314      1
   219    207      1
   220     11      1
   220    249      1
   221     55      1
   221    242      1
   222     69      1
   222    250      1
   223     69      1
   224    111      1
   224    227      1
   224    240      1
   225    186      1
   226     95      1
   227    224      1
   228    188      1
   228    318      1
   228    369      1
   229     91      1
   230     64      1
   230    300      1
   231    160      1
   231    245      1
   232    206      1
   232    347      1
   232    363      1
   233     70      1
   233    273      1
   234     51      1
   234    320      1
   235    126      1
   235    278      1
   235    353      1
   235    359      1
   236     71      1
   237    109      1
   237    271      1
   238    214      1
   239     23      1
   240    224      1
   241     73      1
   242    221      1
   243     50      1
   244    133      1
   245    231      1
   246     28      1
   246    396      1
   247    218      1
   247    266      1
   247    281      1
   248      3      1
   248    365      1
   249    220      1
   250    222      1
   251    191      1
   252    135      1
   253     13      1
   253    324      1
   254    190      1
   254    308      1
   254    310      1
   254    337      1
   254    376      1
   255    104      1
   256     23      1
   257    188      1
   258     42      1
   258    321      1
   259    163      1
   260     31      1
   261     53      1
   261    392      1
   262    141      1
   263    125      1
   264    128      1
   265    118      1
   266    247      1
   266    287      1
   266    384      1
   267    174      1
   267    370      1
   268     73      1
   269    123      1
   270    160      1
   271    237      1
   271    307      1
   271    397      1
   272    108      1
   273    233      1
   274     44      1
   274    298      1
   275     85      1
   275    382      1
   276    174      1
   277     11      1
   277    284      1
   278    235      1
   278    389      1
   279     93      1
   280    202      1
   280    362      1
   281    247      1
   282     20      1
   283    101      1
   284    277      1
   285    187      1
   285    374      1
   286     84      1
   287    266      1
   287    399      1
   288     76      1
   289     96      1
   290    188      1
   291    182      1
   292    206      1
   293    188      1
   294     75      1
   294    328      1
   295    146      1
   296     34      1
   296    312      1
   297    134      1
   298    274      1
   299    155      1
   300    230      1
   301     55      1
   302    105      1
   303     33      1
   303    398      1
   304    190      1
   305     11      1
   306    216      1
   306    323      1
   307    271      1
   308    254      1
   309    212      1
   310    254      1
   310    377      1
   311    213      1
   311    393      1
   312    296      1
   313     67      1
   314    218      1
   315     81      1
   315    338      1
   316     81      1
   317    205      1
   318    228      1
   319    185      1
   320    234      1
   321    258      1
   322     48      1
   323    306      1
   324    253      1
   325      8      1
   326     16      1
   326    361      1
   327     38      1
   328    294      1
   329    138      1
   330    169      1
   330    345      1
   330    372      1
   331     16      1
   331    386      1
   332     94      1
   333     60      1
   334    193      1
   334    378      1
   335      0      1
   335    390      1
   336     55      1
   336    394      1
   337    254      1
   338    315      1
   339     83      1
   340    164      1
   341    100      1
   342     18      1
   342    354      1
   343    117      1
   344     65      1
   345    330      1
   346     95      1
   347    232      1
   348     46      1
   349    184      1
   350     93      1
   351     44      1
   352      1      1
   353    235      1
   354    342      1
   355     63      1
   355    368      1
   356    185      1
   357    165      1
   358    202      1
   359    235      1
   360    164      1
   361    326      1
   362    280      1
   363    232      1
   364    161      1
   365    248      1
   366     94      1
   367      8      1
   368    355      1
   369    228      1
   370    267      1
   371    163      1
   372    330      1
   373    141      1
   374    285      1
   375    195      1
   376    254      1
   377    310      1
   378    334      1
   379      7      1
   380     32      1
   381    142      1
   382    275      1
   383    196      1
   384    266      1
   385     51      1
   386    331      1
   387      7      1
   388     44      1
   389    278      1
   390    335      1
   391    164      1
   392    261      1
   393    311      1
   394    336      1
   395    168      1
   396    246      1
   397    271      1
   398    303      1
   399    287      1
