COORD_X_Y 15
  2.15357   1.98469
   2.9991  0.817601
  0.33617   1.14992
0.0664181  0.988647
  2.51318  0.580152
  1.56887  0.152295
 0.568889   1.30927
 0.394061   2.04938
  2.52646  0.643322
   1.5577   2.09779
  1.08532    2.4733
    1.825   1.07431
  2.94246  0.317016
  0.06136   2.38356
 0.117749  0.858556
LINKS_SOURCE_DESTINATION_DISTANCE 28
     0      1      1
     0      3      1
     0      8      1
     0     14      1
     1      0      1
     1      2      1
     1      5      1
     1      7      1
     2      1      1
     2      9      1
     3      0      1
     3      4      1
     3      6      1
     4      3      1
     5      1      1
     5     10      1
     6      3      1
     7      1      1
     8      0      1
     8     11      1
     9      2      1
    10      5      1
    10     13      1
    11      8      1
    11     12      1
    12     11      1
    13     10      1
    14      0      1
