COORD_X_Y 110
 0.413629   2.32507
  2.04962   1.06828
 0.810917  0.981585
  1.82841   2.07495
   2.1439  0.790688
 0.117163  0.126309
 0.657664  0.310301
 0.643867   2.48936
   1.7922   2.55457
  1.87961   1.23377
  2.82862   1.07334
  2.40871   2.79221
 0.382362   2.30042
0.0918963   1.62357
  1.46818   1.90964
 0.945042   2.16954
  2.21343  0.579055
  1.34697   0.78357
  1.02818   1.83262
  2.00519    2.9895
  2.20772   2.88708
  2.71665   1.04918
  2.44453  0.296881
  2.35782  0.126812
 0.190539    1.6643
 0.518691   0.71309
  1.30477  0.983756
  2.17053   2.69752
 0.263175   2.67788
  2.09526   2.16466
 0.685879   2.92936
  1.92796   1.61495
  1.76204   1.65601
  2.72711    2.8276
 0.914805   1.34185
  1.78461    1.4636
  0.62397   1.02761
  0.86854  0.259014
  2.65381   2.59812
 0.244546   2.70027
 0.492321   1.28731
  2.72538   2.25132
  1.92626  0.725526
  1.63254   1.75866
   1.3306   2.97573
  2.97854  0.753563
  0.42312   1.21412
 0.564754   2.67425
 0.270674   2.27651
  2.07648  0.636241
 0.120996  0.713614
 0.550891  0.010038
  1.25854   2.08064
  2.22052   2.86942
  1.18588  0.311304
  1.99793   1.80771
  2.94712  0.264656
 0.612048   2.02634
  1.26266  0.486575
  2.21222   2.69505
  1.48238  0.707838
  1.60989   2.34654
   2.6608   2.54641
   1.6434   2.92732
 0.438337   2.61411
0.0928755  0.783428
   2.3804   1.16909
  2.76662   1.06338
  2.63983  0.951901
  2.34848   2.04549
  1.95628   1.66799
 0.946013    1.1902
 0.787297   1.43473
 0.444761  0.235712
 0.488165   2.41778
  1.26895   1.50378
  2.25238    1.1585
 0.754123   1.61013
 0.795883   2.31009
  1.87344   1.12625
   1.3046   1.54091
 0.779143   2.57452
  2.18143   2.52209
  2.47346   1.35915
  1.48155  0.326688
 0.721637   1.94608
  2.21493   2.25942
  2.75646   1.74911
  2.94664  0.810428
  2.06664   1.99309
  1.37725   2.69844
 0.541051   2.57654
  1.57524   1.25828
  2.84004    2.8144
  2.46053  0.143354
  2.45947   1.27805
  1.18248    2.1319
 0.473431   1.49718
  2.64018  0.701389
 0.253211  0.203835
  2.18116   2.12533
 0.666467   2.07619
 0.013535   2.34398
    1.112   2.87913
  1.71052   1.54361
  2.13603   2.03463
  1.23641  0.957447
0.0139506   1.31807
  2.62339   2.21632
  2.38312  0.416852
LINKS_SOURCE_DESTINATION_DISTANCE 218
     0      1      1
     0      2      1
     0      3      1
     0      4      1
     0     35      1
     1      0      1
     1     22      1
     1     29      1
     1    107      1
     2      0      1
     2      5      1
     2      8      1
     2     26      1
     3      0      1
     3     12      1
     3     14      1
     3     17      1
     3     78      1
     3     99      1
     4      0      1
     4      6      1
     4      7      1
     4     16      1
     4     30      1
     4     32      1
     4     61      1
     5      2      1
     5      9      1
     5     13      1
     6      4      1
     6     40      1
     6     68      1
     7      4      1
     7     15      1
     7     25      1
     7     86      1
     8      2      1
     8     10      1
     8     42      1
     9      5      1
     9     23      1
    10      8      1
    10     11      1
    10     41      1
    10     56      1
    11     10      1
    11     24      1
    12      3      1
    12     43      1
    12     67      1
    12     84      1
    13      5      1
    13     18      1
    14      3      1
    14     19      1
    14     28      1
    14    104      1
    14    109      1
    15      7      1
    15     39      1
    15     46      1
    15     52      1
    16      4      1
    16     71      1
    17      3      1
    17     20      1
    17     45      1
    17     73      1
    18     13      1
    18     54      1
    19     14      1
    19     21      1
    20     17      1
    20     38      1
    20     72      1
    21     19      1
    21     89      1
    22      1      1
    22     85      1
    23      9      1
    24     11      1
    24     34      1
    24     51      1
    25      7      1
    25     27      1
    25     63      1
    26      2      1
    26     49      1
    27     25      1
    28     14      1
    28     37      1
    28     47      1
    28     81      1
    29      1      1
    29     66      1
    29     91      1
    30      4      1
    30     31      1
    30     74      1
    30     83      1
    31     30      1
    31     48      1
    32      4      1
    32     33      1
    33     32      1
    33     36      1
    33     50      1
    34     24      1
    34     70      1
    35      0      1
    35     97      1
    36     33      1
    37     28      1
    38     20      1
    38     59      1
    39     15      1
    39     44      1
    39     58      1
    39     64      1
    39     69      1
    39     88      1
    40      6      1
    40     62      1
    41     10      1
    41     53      1
    41     55      1
    42      8      1
    42     90      1
    43     12      1
    43     65      1
    44     39      1
    45     17      1
    46     15      1
    46     92      1
    47     28      1
    48     31      1
    48     98      1
    49     26      1
    50     33      1
    51     24      1
    52     15      1
    53     41      1
    54     18      1
    55     41      1
    55     57      1
    55     75      1
    56     10      1
    57     55      1
    57     60      1
    58     39      1
    59     38      1
    60     57      1
    60     93      1
    61      4      1
    62     40      1
    62     76      1
    63     25      1
    64     39      1
    64     96      1
    65     43      1
    65     94      1
    65    101      1
    66     29      1
    67     12      1
    68      6      1
    68     79      1
    68     80      1
    69     39      1
    70     34      1
    70    108      1
    71     16      1
    72     20      1
    72     77      1
    73     17      1
    74     30      1
    75     55      1
    76     62      1
    77     72      1
    78      3      1
    78     82      1
    78     87      1
    79     68      1
    79    103      1
    80     68      1
    81     28      1
    82     78      1
    83     30      1
    84     12      1
    84     95      1
    85     22      1
    86      7      1
    87     78      1
    88     39      1
    89     21      1
    89    106      1
    90     42      1
    91     29      1
    92     46      1
    93     60      1
    94     65      1
    95     84      1
    96     64      1
    96    100      1
    96    105      1
    97     35      1
    98     48      1
    99      3      1
   100     96      1
   100    102      1
   101     65      1
   102    100      1
   103     79      1
   104     14      1
   105     96      1
   106     89      1
   107      1      1
   108     70      1
   109     14      1
