COORD_X_Y 15
 0.723674  0.612861
  1.85203   2.99447
  1.82423   1.75264
 0.946146   1.01169
  1.09676  0.461905
 0.578567   1.01648
 0.722639  0.549312
 0.604305  0.284377
 0.877886 0.0023123
  1.78736   1.26718
 0.818179   1.08388
  1.84353   1.45229
   0.2692  0.961077
 0.780794   1.76141
  1.01174   1.23572
LINKS_SOURCE_DESTINATION_DISTANCE 28
     0      1      1
     0      2      1
     0      5      1
     0      6      1
     1      0      1
     1      3      1
     1      4      1
     1     12      1
     2      0      1
     2      8      1
     3      1      1
     4      1      1
     4     11      1
     5      0      1
     5      9      1
     6      0      1
     6      7      1
     7      6      1
     8      2      1
     8     13      1
     8     14      1
     9      5      1
     9     10      1
    10      9      1
    11      4      1
    12      1      1
    13      8      1
    14      8      1
