COORD_X_Y 25
0.0409453   2.11733
0.0439198   2.76735
 0.618614   2.57246
  1.43973   1.18383
 0.232124   1.28592
  1.13913   2.41846
  2.64643   1.05618
  1.67814   2.14711
0.0678423   2.61887
  2.12391  0.746588
  1.09905   1.62437
 0.145904   1.39152
 0.412655   2.15577
  2.60323   2.81744
  2.60239   2.90557
  2.08373   2.99962
  2.31711   1.26334
  1.00471   2.18354
  0.32898  0.642528
  1.61611   1.85291
 0.711498   2.58055
  2.58293   2.56439
 0.271617   2.46585
  1.52263   2.50693
  2.08396  0.280767
LINKS_SOURCE_DESTINATION_DISTANCE 48
     0      1      1
     0      2      1
     0      9      1
     0     10      1
     1      0      1
     1      5      1
     1      7      1
     1     20      1
     2      0      1
     2      3      1
     3      2      1
     3      4      1
     4      3      1
     4     16      1
     4     19      1
     5      1      1
     5      6      1
     6      5      1
     7      1      1
     7      8      1
     7     23      1
     8      7      1
     8     12      1
     8     15      1
     8     17      1
     9      0      1
     9     13      1
    10      0      1
    10     11      1
    10     21      1
    11     10      1
    11     14      1
    12      8      1
    13      9      1
    14     11      1
    14     22      1
    14     24      1
    15      8      1
    16      4      1
    16     18      1
    17      8      1
    18     16      1
    19      4      1
    20      1      1
    21     10      1
    22     14      1
    23      7      1
    24     14      1
