COORD_X_Y 300
 0.494177   2.04189
  2.01283   2.49648
  1.85323    1.3446
0.0242747  0.233373
 0.796203   2.94106
  2.71545   1.33219
   1.4159   1.64349
  2.41569   2.60689
 0.532046   1.75583
 0.760844  0.770738
 0.792887   1.22977
    2.199   1.23275
 0.705998   1.27836
  2.57302   2.08492
  0.37931   2.26644
  2.25754  0.704866
 0.522117   1.33447
  1.71301  0.897033
  1.22055   2.32306
  2.58994   1.41475
  2.72962   2.71738
 0.303663   2.29155
  1.53072   1.47797
 0.431331  0.577843
  2.64354   1.23641
  2.01751   2.86245
  2.26024    1.6576
  1.74132   1.14612
  2.76546   2.77357
   2.6658    2.7521
  1.62312  0.984776
  1.41291    2.0079
  1.47493   2.41301
  1.37775    0.7305
  2.46098  0.488168
  2.46046   2.67324
 0.497787   1.29505
 0.511937   1.36011
 0.277225  0.189506
 0.907505   1.74659
  2.44171   1.87487
 0.435054   0.45744
  2.99348   1.09833
 0.579894  0.679859
  2.21839   1.24127
  0.02206   2.86538
  1.94627   2.98942
  1.25229   2.23621
 0.895605   1.51345
  1.71646   1.22669
   1.9165   1.16387
0.0965929  0.574072
  1.81864    1.0453
  1.41673  0.139985
  2.96557   2.21677
  2.86542   1.91186
  1.56405 0.0916796
 0.396193   2.99044
  2.64339  0.809081
  1.99805   1.05496
   1.1985   2.65739
  2.01095  0.978217
 0.926778  0.194379
  1.64796   2.55322
 0.531538  0.492521
  2.96326   2.24042
  2.63728  0.346632
  1.43266  0.452017
  1.50186  0.246376
 0.906777   2.48933
  2.41958   1.62575
  1.78994   1.27954
  1.82386   2.24921
  2.25503   0.39378
  2.53913   2.52764
    1.142   1.60294
  1.08906  0.156667
0.0739079    1.8294
   2.3297   2.56102
 0.634114   2.44111
  2.61263   1.24511
  1.17995   2.75997
   2.3793   2.69087
  1.26727   1.16516
  0.14312   1.35218
  0.96782  0.710513
  2.63672  0.417154
 0.112095  0.728812
  1.54859  0.592383
 0.612803   1.44762
  1.63997  0.513401
 0.432292  0.263579
  1.00039   0.79244
  1.79733   2.26573
 0.774485   2.70489
 0.541146  0.611304
  1.40762   1.81827
  2.55604   1.01252
  2.40438   2.10325
  1.20448  0.412084
 0.982587   1.17308
  2.70748   1.21397
  1.12169   2.36854
  1.35256   1.75257
 0.183533   1.78059
 0.836733  0.935584
  2.31904   1.07778
  2.40566  0.728393
  2.69439   2.16817
  1.34028  0.883831
    2.301    2.1248
  2.23222   2.41373
  2.44821   1.15533
  2.98744   1.52605
  2.12975      2.83
  2.09371   2.92366
  1.45987   2.18997
  1.47397  0.262113
 0.326171   2.42852
  2.26428  0.974142
  2.03658  0.997427
  1.22038  0.330492
  2.12732   1.88553
  1.71888   1.00912
 0.901029   2.97889
  1.27289   2.14997
  1.62792   1.15745
  2.42075   1.60468
  2.26106  0.481337
 0.125591  0.831563
  1.97232   1.47393
  2.52629  0.869948
  1.68215   1.80232
0.0898452    2.5541
 0.530789   1.60996
  0.84314   2.40886
  2.81675   1.58564
  1.70202   1.19525
 0.134299   1.36554
  2.15224   2.08792
  2.08433   2.78943
 0.842533   1.89194
  2.05507   2.32486
  1.71654   2.00242
  2.62391  0.475637
0.00525672   1.00028
  1.34007   1.80015
  2.60132   1.32671
   1.7783   1.85983
  1.45966   1.99416
  1.25367  0.412953
0.0527301    2.5035
  2.00342   1.00258
 0.650029   2.14824
  2.36868   1.48242
 0.836449  0.655641
 0.925266   2.23559
 0.267234  0.899665
  2.54876   2.49111
  1.72799  0.278131
  0.97375   0.74009
  1.28356   2.61388
  2.83671   2.62223
 0.905434  0.287911
 0.793339  0.215628
  1.75324  0.581473
  2.42791  0.903496
 0.067191   1.88731
 0.462334   1.66472
  2.51572   2.39813
 0.374908 0.0255933
 0.298232   2.11104
    1.837   2.15214
 0.441962   2.89225
 0.806197   2.02577
  1.97738   2.91433
 0.540477    2.1856
  2.85765   2.40863
   2.6041    1.5129
 0.747732    1.9939
  1.95061   1.17498
  1.87966   0.26245
  2.86299   1.55924
   1.2013  0.280075
0.0526202   2.79798
  2.04941  0.142835
  2.64084   2.55584
  1.27968  0.973309
  2.69578   2.62287
  0.21553  0.261288
 0.173547   1.91888
   1.2941   2.11662
  1.66463   1.25699
  2.12122  0.367557
  2.05557   2.15063
  1.47313   2.56555
  2.27223   1.74434
0.0737485  0.566279
  1.82615   1.62214
 0.684116   1.46697
 0.653371    1.0628
 0.123798   2.53664
 0.353748   2.51462
  2.81121  0.995778
  1.26859   1.57121
  1.74574   2.58963
 0.622646   2.69215
 0.950541   1.65551
 0.883089    2.3785
 0.148665  0.186251
 0.602416   2.32929
  0.78103   2.49707
  2.06518  0.391954
  2.20577   2.38281
  2.19336   2.13518
  2.23407   1.74781
    2.509   2.12405
  1.04145   2.16008
  1.01117 0.0574959
  2.81443  0.841815
  1.62285   1.69053
  2.21535  0.657033
 0.148289   1.55261
   1.5829   1.49953
  2.42673   0.74956
  1.93387   1.11205
 0.399002   2.73724
  2.72411   1.09304
  1.81282   1.17558
   1.8569   1.43689
 0.624827  0.387556
  2.28992   2.29962
  1.51066   1.18483
  2.95882   1.38957
 0.466425  0.571253
  1.70587    2.5375
  2.44787   2.54687
  1.54571   2.30996
 0.973255  0.378259
   1.5846  0.979826
  1.72706  0.539787
  2.46154 0.0436998
  2.05617    1.1185
  2.27925   2.28073
   1.3691   1.03188
 0.811353 0.0853396
0.0393686   1.04778
  2.14148   2.71923
  1.19227   1.55442
  2.18837  0.581772
 0.213072   1.00658
 0.356283  0.219435
  1.11491   2.64019
 0.593168   2.71087
  2.18912   1.25651
  2.78627   1.19914
  2.23475   1.63234
 0.351682  0.667666
 0.914391   2.05707
  1.96156  0.996055
  2.52783   1.00274
 0.361767   1.75353
  2.47227   2.88149
 0.985771   1.23708
   2.8342  0.643638
  1.08354   1.75064
 0.985555    2.2686
  1.08422    1.0236
 0.900897   1.73304
  0.73995   2.81355
  1.49661   1.47076
  1.77569    1.7029
 0.577259   2.79577
 0.657844   1.65872
 0.354117  0.590517
  2.19198   1.05038
  1.64045   2.35554
     1.27   1.59262
  1.86414     1.249
  1.77122   2.24972
 0.298441   1.00927
   1.5919   2.59968
  1.59532   0.38435
 0.804313   1.88017
  2.21816   2.82516
 0.404805  0.254781
 0.481158   2.90878
 0.455682   1.60085
 0.203987   1.71041
 0.278121  0.741896
  1.50029   2.66074
 0.560981   1.74936
  2.77662   1.26731
   1.9923   2.45037
  1.02587   1.72583
  0.51765   2.23567
  1.93681   1.51752
  1.25617 0.0883738
 0.385663   1.06106
  2.29002  0.725787
LINKS_SOURCE_DESTINATION_DISTANCE 598
     0      1      1
     0      2      1
     0      5      1
     0     20      1
     0     74      1
     0    275      1
     1      0      1
     1      3      1
     1      4      1
     1     13      1
     1     15      1
     1     19      1
     2      0      1
     2     21      1
     2     31      1
     2     81      1
     2    131      1
     2    168      1
     3      1      1
     3      6      1
     3     40      1
     4      1      1
     4     10      1
     4     27      1
     4    108      1
     4    191      1
     5      0      1
     5      8      1
     5     24      1
     5     94      1
     5    223      1
     6      3      1
     6      7      1
     6      9      1
     6     18      1
     6     43      1
     6     66      1
     6    128      1
     6    205      1
     7      6      1
     7    144      1
     8      5      1
     8     11      1
     8     41      1
     8     51      1
     8    118      1
     8    126      1
     8    211      1
     9      6      1
     9     93      1
     9    102      1
    10      4      1
    10     12      1
    10     67      1
    11      8      1
    11     14      1
    11     17      1
    11     54      1
    11     62      1
    11    203      1
    12     10      1
    12     25      1
    12     49      1
    12     89      1
    12    141      1
    12    174      1
    12    232      1
    12    286      1
    13      1      1
    13     26      1
    13     69      1
    13     92      1
    13     99      1
    13    151      1
    13    257      1
    14     11      1
    14     22      1
    14     48      1
    14     59      1
    14     64      1
    15      1      1
    15     16      1
    15    183      1
    16     15      1
    16     37      1
    16     52      1
    16     65      1
    16    140      1
    17     11      1
    17     34      1
    17    105      1
    17    177      1
    18      6      1
    18     28      1
    18     33      1
    19      1      1
    19     36      1
    19     38      1
    19     57      1
    20      0      1
    20     23      1
    20     30      1
    20    266      1
    21      2      1
    21     32      1
    21     39      1
    21    188      1
    21    220      1
    22     14      1
    22     29      1
    22     85      1
    23     20      1
    23     35      1
    23    145      1
    24      5      1
    25     12      1
    26     13      1
    26     42      1
    26     44      1
    26    242      1
    26    264      1
    27      4      1
    27     53      1
    28     18      1
    28     58      1
    28    161      1
    28    199      1
    29     22      1
    29    167      1
    29    241      1
    30     20      1
    30    201      1
    31      2      1
    31    189      1
    32     21      1
    32     70      1
    33     18      1
    34     17      1
    35     23      1
    36     19      1
    36     50      1
    36    116      1
    37     16      1
    37     46      1
    38     19      1
    38     45      1
    39     21      1
    40      3      1
    40     71      1
    40     73      1
    40    281      1
    41      8      1
    41     47      1
    41    296      1
    42     26      1
    42    123      1
    42    172      1
    42    210      1
    43      6      1
    43    206      1
    44     26      1
    44     72      1
    44     82      1
    45     38      1
    45    129      1
    45    157      1
    46     37      1
    46     91      1
    46    103      1
    46    106      1
    46    150      1
    46    213      1
    46    224      1
    46    298      1
    47     41      1
    47     77      1
    47    127      1
    47    135      1
    47    207      1
    47    260      1
    48     14      1
    48     61      1
    48    112      1
    49     12      1
    50     36      1
    51      8      1
    51    173      1
    52     16      1
    52     55      1
    52    163      1
    53     27      1
    53     56      1
    53     60      1
    53     88      1
    54     11      1
    54    124      1
    54    164      1
    55     52      1
    55     63      1
    55     75      1
    55    255      1
    56     53      1
    56    159      1
    57     19      1
    57     79      1
    58     28      1
    58     78      1
    58    202      1
    59     14      1
    60     53      1
    60     86      1
    61     48      1
    61    101      1
    61    146      1
    61    217      1
    62     11      1
    62     80      1
    62    134      1
    63     55      1
    63    119      1
    64     14      1
    65     16      1
    65    122      1
    66      6      1
    66     76      1
    66    136      1
    66    142      1
    66    149      1
    66    262      1
    67     10      1
    67     68      1
    68     67      1
    68     87      1
    68    156      1
    68    170      1
    68    293      1
    69     13      1
    69     96      1
    69    117      1
    69    287      1
    70     32      1
    71     40      1
    71    125      1
    72     44      1
    72    115      1
    73     40      1
    73    240      1
    74      0      1
    75     55      1
    76     66      1
    77     47      1
    77    100      1
    77    148      1
    77    291      1
    78     58      1
    78    130      1
    78    187      1
    78    274      1
    79     57      1
    79     98      1
    80     62      1
    80    114      1
    81      2      1
    81     83      1
    81    239      1
    82     44      1
    82     97      1
    82    182      1
    82    235      1
    83     81      1
    83     84      1
    83    169      1
    84     83      1
    84    193      1
    85     22      1
    85     90      1
    86     60      1
    86    109      1
    86    132      1
    86    216      1
    87     68      1
    88     53      1
    88    138      1
    88    196      1
    89     12      1
    89    158      1
    90     85      1
    90    267      1
    91     46      1
    91    107      1
    91    110      1
    91    137      1
    91    229      1
    92     13      1
    92    104      1
    93      9      1
    93     95      1
    93    120      1
    93    178      1
    93    214      1
    94      5      1
    95     93      1
    95    208      1
    96     69      1
    96    219      1
    96    249      1
    97     82      1
    97    162      1
    98     79      1
    98    111      1
    98    236      1
    99     13      1
   100     77      1
   101     61      1
   101    133      1
   101    143      1
   102      9      1
   102    139      1
   103     46      1
   103    113      1
   104     92      1
   104    121      1
   105     17      1
   106     46      1
   106    147      1
   106    243      1
   107     91      1
   107    192      1
   107    233      1
   108      4      1
   109     86      1
   109    152      1
   110     91      1
   110    155      1
   110    272      1
   111     98      1
   111    244      1
   112     48      1
   112    154      1
   112    258      1
   113    103      1
   113    166      1
   113    279      1
   114     80      1
   114    181      1
   115     72      1
   115    221      1
   116     36      1
   117     69      1
   118      8      1
   119     63      1
   120     93      1
   120    194      1
   121    104      1
   122     65      1
   122    171      1
   123     42      1
   123    176      1
   123    231      1
   123    245      1
   124     54      1
   125     71      1
   126      8      1
   127     47      1
   128      6      1
   128    290      1
   129     45      1
   129    269      1
   130     78      1
   131      2      1
   131    165      1
   132     86      1
   133    101      1
   134     62      1
   134    179      1
   134    184      1
   134    198      1
   135     47      1
   135    261      1
   136     66      1
   137     91      1
   138     88      1
   138    225      1
   138    259      1
   139    102      1
   140     16      1
   140    227      1
   140    251      1
   141     12      1
   142     66      1
   142    180      1
   143    101      1
   143    175      1
   144      7      1
   144    185      1
   144    186      1
   145     23      1
   145    160      1
   145    270      1
   146     61      1
   147    106      1
   147    226      1
   147    252      1
   147    256      1
   147    292      1
   148     77      1
   149     66      1
   150     46      1
   151     13      1
   152    109      1
   152    153      1
   153    152      1
   154    112      1
   154    195      1
   155    110      1
   156     68      1
   157     45      1
   158     89      1
   158    228      1
   158    271      1
   159     56      1
   160    145      1
   161     28      1
   162     97      1
   162    246      1
   162    288      1
   163     52      1
   164     54      1
   165    131      1
   166    113      1
   166    200      1
   167     29      1
   168      2      1
   169     83      1
   169    265      1
   170     68      1
   170    212      1
   170    237      1
   171    122      1
   172     42      1
   173     51      1
   173    209      1
   174     12      1
   174    285      1
   175    143      1
   175    204      1
   175    218      1
   175    234      1
   176    123      1
   177     17      1
   178     93      1
   179    134      1
   180    142      1
   181    114      1
   182     82      1
   183     15      1
   183    190      1
   184    134      1
   184    197      1
   185    144      1
   185    294      1
   186    144      1
   187     78      1
   188     21      1
   189     31      1
   190    183      1
   190    215      1
   191      4      1
   191    250      1
   192    107      1
   192    276      1
   193     84      1
   194    120      1
   195    154      1
   196     88      1
   197    184      1
   198    134      1
   199     28      1
   200    166      1
   201     30      1
   201    253      1
   202     58      1
   203     11      1
   204    175      1
   205      6      1
   206     43      1
   206    282      1
   207     47      1
   207    284      1
   208     95      1
   208    230      1
   209    173      1
   210     42      1
   211      8      1
   212    170      1
   212    222      1
   213     46      1
   214     93      1
   215    190      1
   216     86      1
   217     61      1
   217    248      1
   218    175      1
   218    283      1
   219     96      1
   220     21      1
   221    115      1
   222    212      1
   223      5      1
   223    263      1
   223    277      1
   224     46      1
   224    254      1
   225    138      1
   225    238      1
   226    147      1
   227    140      1
   228    158      1
   229     91      1
   230    208      1
   231    123      1
   232     12      1
   233    107      1
   233    273      1
   234    175      1
   235     82      1
   235    247      1
   236     98      1
   237    170      1
   238    225      1
   239     81      1
   239    289      1
   240     73      1
   241     29      1
   242     26      1
   243    106      1
   244    111      1
   245    123      1
   245    278      1
   246    162      1
   247    235      1
   248    217      1
   249     96      1
   250    191      1
   251    140      1
   252    147      1
   252    268      1
   253    201      1
   254    224      1
   255     55      1
   256    147      1
   257     13      1
   258    112      1
   259    138      1
   260     47      1
   261    135      1
   262     66      1
   263    223      1
   264     26      1
   265    169      1
   266     20      1
   267     90      1
   268    252      1
   269    129      1
   270    145      1
   271    158      1
   272    110      1
   273    233      1
   274     78      1
   275      0      1
   276    192      1
   277    223      1
   278    245      1
   279    113      1
   279    280      1
   279    295      1
   280    279      1
   280    297      1
   281     40      1
   281    299      1
   282    206      1
   283    218      1
   284    207      1
   285    174      1
   286     12      1
   287     69      1
   288    162      1
   289    239      1
   290    128      1
   291     77      1
   292    147      1
   293     68      1
   294    185      1
   295    279      1
   296     41      1
   297    280      1
   298     46      1
   299    281      1
