COORD_X_Y 500
  2.26027  0.575226
  1.14528   1.24366
  1.97537   2.81596
  1.09501  0.272723
  2.08025   1.16157
  1.22758  0.240662
  1.58985   0.16161
  2.77026  0.539202
  1.55488    1.5338
 0.496717    2.1363
 0.255992   2.36724
  1.57889  0.533121
 0.636556   1.10301
  1.19659   2.63182
  0.89622   2.21188
  1.72868  0.697001
 0.865506   2.98372
  1.00826  0.834315
  2.07228   2.61525
 0.841516  0.310309
  2.84306  0.342208
  1.75699  0.826083
  2.76745   1.31969
 0.789036  0.779682
  2.24749   1.01677
  2.88341   2.51999
0.0526346   1.60686
  2.28362   2.37222
  2.33049   1.16633
  2.68845    2.7407
0.0303711   2.95203
  1.07708   1.47395
  1.49511   2.58031
 0.341797   1.33421
  2.23555  0.288583
 0.858247  0.645845
  2.37524   2.27623
  2.80459   2.51959
  1.07732  0.654367
  1.20333   1.47897
 0.619033  0.076957
 0.159583  0.355263
 0.352244   1.91429
  1.30465   1.39923
 0.372314   1.74357
  1.69238   2.01186
  1.73478    2.9241
  2.79454   2.63655
  2.46235   2.37441
 0.124677   1.01706
  1.37352  0.687411
  1.49149   1.35805
   2.7621   2.04071
  2.36479  0.224179
 0.718795   0.03769
  1.55134  0.926917
  0.38775   1.63562
0.0309971   1.98935
  2.58403  0.082681
   2.7634   1.93933
  1.54236   1.97998
  1.03261   1.00673
  2.35243  0.264739
  2.71866   2.91747
  1.49298   2.61884
  1.20577   1.92849
 0.284943   1.86534
 0.451908   1.57384
 0.784704   1.90142
 0.757973   0.56871
 0.952564   1.01418
  2.02511  0.777631
 0.484745 0.0420673
0.00465117   1.48033
  1.98173   2.33794
  1.15033   2.42791
 0.465596   2.75234
  2.23748  0.333975
   2.1545   1.86126
 0.279811    1.6977
  2.03536   1.45507
  2.71033   2.32961
  2.28107    1.1257
  1.57932   2.36643
 0.882942   1.26849
  2.43983  0.310456
  1.95062   1.77395
 0.810612  0.994987
 0.211413   1.88598
  1.38547    1.6138
  1.88314 0.0979304
  1.29312   2.50738
  1.58314   2.29648
  2.37833  0.617312
  1.77865  0.559385
  2.86291  0.435233
0.00443373  0.996061
 0.536808 0.0564315
 0.349366    2.8824
 0.618725   1.81854
  1.16565   1.22484
  2.72195   2.87293
  2.23341   1.08986
  1.98669   2.17064
 0.846309  0.381023
 0.776567   1.80306
  1.59182   1.76842
0.0752434  0.412408
 0.701974  0.784874
   1.4794   2.92452
0.0901255   1.80914
  1.53947 0.0679393
  1.14649   2.76889
  2.88642   1.04899
  2.25741   1.68877
  2.40436  0.573551
  1.73843   1.53026
0.0162316   2.93065
  1.46915   2.18317
  1.71957    2.3944
 0.700074   2.78912
  1.73524   1.06472
  0.65551   2.32532
  2.85468  0.166211
  2.25729   1.81094
  2.15125  0.379881
 0.481387   2.62903
  2.81417   2.06702
  2.18672   2.10073
  1.69424  0.914621
 0.918949   2.40963
  2.13881   1.36674
 0.272308  0.669621
  1.91928   2.04396
  1.61256   1.60163
  1.69641  0.940961
 0.524787  0.805092
 0.207143   1.56878
  0.95965   1.89972
  2.55425   2.49455
 0.444138   1.25011
  2.21368   2.76408
 0.967061   1.25295
  2.03436    1.5466
   2.2356   1.77817
0.0714074   2.56884
  1.32537   1.12951
 0.735016   1.70617
  2.78824   2.54257
  1.25036  0.828147
  1.67236   1.88089
 0.275013  0.265857
  1.77919   2.95337
  2.39099  0.881658
 0.990765   2.59597
  2.63524   1.90494
  1.25843   2.42539
  2.75416   1.72621
 0.334635   1.13323
   2.0346  0.120267
  2.44312    1.6644
 0.595838  0.550461
 0.557224   1.31239
  2.44858   2.61593
 0.664828  0.215793
 0.294857  0.845502
   2.5491   2.23914
  1.37782    2.3975
  1.43304   1.65505
  2.60795   2.61548
  2.35194   2.35763
  2.14519   2.50752
  2.01489  0.229002
  2.66531   2.93924
0.0532378   2.79812
  2.53779     2.252
  2.25752   2.99971
 0.112552   2.03065
 0.543057   2.26501
  1.36184   1.49826
  2.49584  0.686478
  2.80177   1.37557
  2.80409   2.28607
  2.36932  0.312709
  1.44511   1.49231
 0.927605   2.02216
 0.911233  0.158908
  1.05968   2.64981
  1.38444  0.716668
 0.962004   1.04121
  2.26592   2.10798
 0.865348   1.26208
 0.733105  0.868124
  1.27734   1.13137
  2.17744   2.46165
 0.947452   2.79264
  2.44775  0.518096
 0.601545   2.17585
 0.886592   1.50271
  2.70452 0.0623998
  2.51917 0.0983368
   2.8208   1.98508
 0.519989  0.235369
  1.55819   0.79933
 0.537324  0.415692
  2.87674 0.00633821
 0.875375  0.515268
  2.27383   2.01752
 0.508192    2.5895
  2.34557  0.327239
  0.02131  0.332999
  2.59062   2.58544
  1.44976   1.26681
 0.592676 0.0898208
   2.7822 0.0479466
 0.182757   2.84902
 0.181329   2.01994
   1.0131  0.392456
  2.90979  0.613914
  2.85778   2.62836
  2.20049   1.63403
  2.16833   1.26121
  1.32894   2.00655
  1.37463   2.20265
   2.2941   2.08285
  1.56978  0.341614
 0.200765   1.97998
  1.15488  0.366091
  1.50351   2.14853
  2.72398   1.62236
   1.7189   0.56462
  2.48448  0.649488
 0.989862   1.08578
 0.207653 0.0392069
  1.38292   1.46697
  1.62753   2.89317
  2.83318   1.80287
  1.45144   2.61008
 0.054142  0.263876
  0.94197    2.3172
  2.64571   0.49147
  1.83037   1.26178
 0.549864  0.751089
  1.56181  0.308427
  2.68596   2.95215
  1.53653  0.307748
  2.73693    1.1293
 0.484988   2.61073
  1.84948   2.98405
  1.63288  0.893135
 0.974579   2.36013
 0.288482  0.931372
  1.77986   1.11184
 0.445748   2.90706
  2.99122  0.861575
 0.482858  0.606898
   2.5745   2.01218
  1.83678  0.390121
  0.54954   2.34775
 0.418811   2.81246
  2.16264   2.51506
   1.3439  0.791063
  2.45848   2.81132
 0.124943  0.273669
  1.00917  0.906827
 0.191168   2.65731
   2.0472   2.57873
  2.28418   1.66468
   1.3155   2.05521
  2.60185  0.994508
  0.49891   1.00166
  1.22404    1.3233
  2.56118   2.07915
  1.52708   0.49306
  0.74153   1.04029
 0.462983   1.47253
   1.8847   1.43788
  1.37401   1.54688
  1.23821  0.496777
  2.82388   2.69545
   1.0502   2.13742
  2.51107   1.15155
  2.70227   0.27831
  2.89681   1.94373
  1.27859   2.26807
  1.81399  0.525524
 0.363501   1.51445
 0.842377  0.572447
   0.9845   2.46986
  1.34034  0.748168
  1.81326  0.207855
 0.777322   2.49158
  2.53319   1.70851
   1.5746   2.39939
  2.25633   0.12548
  1.12374   2.99129
  1.40779    2.6038
  2.08256   1.79074
 0.378451   1.60588
 0.150177   2.21168
   2.8571   2.03056
 0.154219  0.369794
 0.343781   0.50926
   1.1932   2.57575
   1.9617   2.34912
  1.53153   1.94008
  1.13845   1.06575
  1.64341     0.972
 0.197622  0.932211
 0.432499   1.76239
  2.79728  0.243797
   2.7722   1.59147
  1.99911   0.77816
  2.08046   2.44062
 0.264192  0.507539
  2.78381  0.408119
  2.48209  0.333271
 0.642336  0.690873
 0.367314  0.430095
  1.75422   2.87342
 0.962162  0.283964
 0.369813   2.26153
 0.230957   1.54161
   2.2486   2.99619
  1.29006   1.64529
  2.42513  0.372011
  1.27083   1.93196
  1.82367   2.77838
  2.45695  0.828452
 0.786926   2.46077
  1.85904   1.03265
  0.95211  0.838347
  2.35831  0.174567
   2.8198   2.57587
  1.34868   2.11569
  2.31321   2.95819
  2.95641   2.59692
  1.87662   0.76122
  1.06007   1.84331
  2.82271   2.25435
   1.1653   1.96445
   2.9755 0.0757413
0.0481527   1.49654
   1.0855   2.13152
  2.24138   1.78525
  0.78613   1.85367
 0.340335  0.858384
  2.37864   1.34406
  2.54166   2.52905
  2.84883   0.84134
  2.79622   2.25834
  2.79262  0.923629
  1.11829  0.151995
  1.25534  0.750624
 0.702642   1.75872
 0.721744   1.62523
 0.411285   2.78056
  1.75907  0.157089
  1.95978  0.437005
  1.80528   2.78639
  2.06951  0.827994
  1.94404   1.92053
  1.18763   2.72797
  2.78204   2.17277
  2.50748  0.453433
  2.57523   1.82183
0.0259485    1.2874
  0.61947    1.7548
  1.01217   2.01384
 0.161413  0.602901
  1.61363   2.25841
  1.68407  0.588989
  1.38451    1.4581
 0.652944   2.49474
  2.53876   2.51012
  1.85592  0.847212
 0.847716   1.82431
  2.79542  0.358168
  1.75808   1.80471
  2.04776   2.63371
  1.43612     1.392
  1.37173   1.76796
 0.668879   2.06872
    1.543   2.39289
  2.77698  0.399849
  1.64441  0.981449
 0.374594  0.844649
  1.17986  0.854621
  2.57016  0.705057
 0.133366  0.852386
 0.751099  0.327046
  1.83704   1.68482
 0.937143   2.18643
 0.842686   2.98405
  2.95404   2.63963
 0.307053    1.7499
  2.74088   2.81911
  0.92797   1.67649
  2.59261   2.97317
  1.72348   1.04368
  0.74266  0.242171
  2.39799   2.80263
0.0549124  0.485938
  1.93652   1.23918
 0.690787   2.55164
  0.72979   2.29782
  1.23166   2.75205
 0.928986   2.61575
  2.02584   2.25699
  1.08414   1.77586
 0.501881   2.50102
  1.49763   1.11579
 0.798492   2.80717
  2.89555   0.85068
  2.37599   1.08234
  1.39846   2.97662
  1.55601   1.84812
  1.29324  0.779198
 0.885779   2.23351
0.0204142   1.57183
  1.01673   2.34719
    1.484   1.03948
   1.8006   2.16497
   1.8199   2.62335
  1.37521   2.01606
  2.09546  0.463569
  1.07547   2.36465
 0.046388   1.91479
 0.315477   2.97539
  1.45985  0.659469
  1.13669   2.45951
  1.96604  0.332509
  1.55434    1.0097
 0.143828   1.63105
  2.17035   2.31519
  2.93217  0.279859
  1.49197   1.04713
  2.27012   2.21227
  1.53103   2.36341
  2.75464   0.83832
  2.04449  0.958792
  1.32129  0.407618
  2.58553   2.70839
 0.952789   2.76535
 0.243498  0.396573
 0.519072   2.92044
 0.280624  0.547176
  1.97977   1.34425
 0.233517   2.21258
 0.892883   1.04645
 0.343004  0.996118
  1.74309   2.74055
  2.57395  0.500209
 0.745965  0.143127
   1.7045  0.061856
   1.0758   2.70853
 0.709157  0.864125
   1.5413   2.08045
  1.66542  0.180101
 0.838045    2.3951
0.0577688   1.50501
  1.31595  0.830322
  2.33844   1.70472
 0.298288   0.72356
  2.33435  0.609486
 0.498265   2.75997
  1.76651   1.57219
  2.86071 0.0165521
 0.862595  0.722217
  2.16971  0.198996
 0.444716  0.922394
  2.31696   1.75045
  1.23364  0.526973
  1.04988   0.89559
 0.227006  0.420948
 0.435076    2.0062
  1.95907   1.47622
  2.28096  0.636925
 0.578927   0.46868
  2.20527    2.5472
  2.57907  0.170818
  1.36112  0.445331
  1.53419  0.675843
  0.30378   1.26694
 0.410469   1.39162
  1.41837   1.41711
  1.58787   1.89319
  2.10492   2.23205
  2.51456   2.31292
 0.469279  0.463802
 0.624533   2.97274
  2.82169   0.19116
  1.98284  0.923589
  2.61133   2.39851
  0.22648   2.99233
 0.732082 0.0153771
  1.62725   1.12233
  1.08655       1.1
 0.725773    2.6394
  1.31243   2.77962
LINKS_SOURCE_DESTINATION_DISTANCE 998
     0      1      1
     0      8      1
     0     13      1
     0     52      1
     0    166      1
     0    264      1
     0    279      1
     0    436      1
     1      0      1
     1      2      1
     1      7      1
     1     11      1
     1    392      1
     1    409      1
     2      1      1
     2      3      1
     2      4      1
     2     12      1
     2     30      1
     2    330      1
     3      2      1
     3      6      1
     3    327      1
     4      2      1
     4      5      1
     4     20      1
     4    100      1
     5      4      1
     5     99      1
     6      3      1
     6     84      1
     6    197      1
     6    335      1
     6    363      1
     7      1      1
     7      9      1
     7     10      1
     7     19      1
     8      0      1
     8     14      1
     8     16      1
     8     95      1
     8    136      1
     8    472      1
     9      7      1
     9     24      1
     9     34      1
    10      7      1
    10     27      1
    10     70      1
    10     81      1
    10    115      1
    10    130      1
    10    243      1
    11      1      1
    11     48      1
    12      2      1
    12     71      1
    13      0      1
    13     29      1
    13     49      1
    13    344      1
    14      8      1
    14     15      1
    14     18      1
    14     21      1
    14     23      1
    14     32      1
    14     58      1
    14     85      1
    14    109      1
    15     14      1
    15     28      1
    15    230      1
    16      8      1
    16     17      1
    16     22      1
    16     64      1
    16    212      1
    16    326      1
    17     16      1
    17     31      1
    17     66      1
    17     98      1
    17    141      1
    17    316      1
    18     14      1
    18     44      1
    18     88      1
    18    174      1
    19      7      1
    19     26      1
    19     33      1
    19     41      1
    19     93      1
    19    116      1
    19    120      1
    19    257      1
    19    359      1
    20      4      1
    20     25      1
    20     40      1
    20     42      1
    20     92      1
    20    128      1
    21     14      1
    21     38      1
    21     45      1
    21    291      1
    22     16      1
    22     46      1
    22     65      1
    22    248      1
    22    415      1
    23     14      1
    23     47      1
    23    200      1
    24      9      1
    24     56      1
    24    126      1
    24    147      1
    24    163      1
    25     20      1
    26     19      1
    26     97      1
    26    180      1
    27     10      1
    27    196      1
    28     15      1
    28     37      1
    28    178      1
    28    271      1
    29     13      1
    29     39      1
    29     43      1
    29     60      1
    29     86      1
    30      2      1
    30     57      1
    30     62      1
    30    235      1
    31     17      1
    31     36      1
    31     54      1
    31     59      1
    31     61      1
    31    362      1
    31    405      1
    31    437      1
    32     14      1
    32     63      1
    32     96      1
    32    261      1
    32    417      1
    33     19      1
    33     35      1
    33     79      1
    33    338      1
    33    342      1
    34      9      1
    34    358      1
    35     33      1
    35    460      1
    36     31      1
    36     87      1
    36    112      1
    36    144      1
    36    492      1
    37     28      1
    37    124      1
    38     21      1
    38    347      1
    39     29      1
    39     68      1
    39    203      1
    40     20      1
    41     19      1
    41     67      1
    41    111      1
    41    138      1
    42     20      1
    42    304      1
    43     29      1
    44     18      1
    44    154      1
    44    340      1
    44    372      1
    45     21      1
    46     22      1
    47     23      1
    47     91      1
    47    150      1
    47    192      1
    48     11      1
    48     50      1
    48     51      1
    48     80      1
    48    214      1
    48    296      1
    49     13      1
    49     55      1
    49     78      1
    49    151      1
    50     48      1
    50    458      1
    51     48      1
    51    191      1
    52      0      1
    52     53      1
    53     52      1
    53    101      1
    53    106      1
    53    303      1
    53    400      1
    54     31      1
    54     73      1
    54     82      1
    54    231      1
    54    234      1
    55     49      1
    55     72      1
    55     77      1
    56     24      1
    56    102      1
    56    369      1
    57     30      1
    57     83      1
    57    259      1
    57    321      1
    57    398      1
    58     14      1
    58    382      1
    59     31      1
    59     75      1
    59     76      1
    59    140      1
    60     29      1
    60    129      1
    60    164      1
    60    204      1
    61     31      1
    62     30      1
    62    223      1
    62    224      1
    63     32      1
    63    280      1
    63    466      1
    64     16      1
    64     74      1
    64    137      1
    65     22      1
    65     90      1
    65    104      1
    65    202      1
    65    350      1
    66     17      1
    66     94      1
    66    266      1
    66    366      1
    67     41      1
    68     39      1
    68     69      1
    68    134      1
    68    216      1
    68    218      1
    68    307      1
    69     68      1
    69    443      1
    70     10      1
    70    107      1
    70    422      1
    71     12      1
    71    451      1
    72     55      1
    72    275      1
    73     54      1
    73     89      1
    73    464      1
    74     64      1
    74    276      1
    74    425      1
    75     59      1
    75    105      1
    75    131      1
    75    135      1
    75    185      1
    75    186      1
    76     59      1
    76    298      1
    77     55      1
    77    123      1
    77    142      1
    77    295      1
    78     49      1
    78    119      1
    78    242      1
    79     33      1
    79    211      1
    79    370      1
    80     48      1
    80    148      1
    81     10      1
    81    217      1
    82     54      1
    82    488      1
    83     57      1
    83    292      1
    84      6      1
    84    149      1
    84    227      1
    85     14      1
    85    113      1
    86     29      1
    86    247      1
    87     36      1
    87    169      1
    87    176      1
    87    188      1
    87    198      1
    87    265      1
    87    391      1
    88     18      1
    89     73      1
    89    117      1
    89    132      1
    89    283      1
    90     65      1
    90    260      1
    90    336      1
    91     47      1
    91    165      1
    91    349      1
    92     20      1
    92    133      1
    92    490      1
    93     19      1
    93    267      1
    93    310      1
    94     66      1
    94    220      1
    94    334      1
    94    431      1
    95      8      1
    96     32      1
    97     26      1
    97    108      1
    97    278      1
    98     17      1
    98    103      1
    98    183      1
    99      5      1
    99    172      1
    99    249      1
   100      4      1
   100    263      1
   101     53      1
   101    162      1
   101    177      1
   101    308      1
   102     56      1
   102    371      1
   103     98      1
   104     65      1
   104    146      1
   104    270      1
   105     75      1
   105    114      1
   106     53      1
   107     70      1
   107    145      1
   108     97      1
   108    143      1
   108    311      1
   109     14      1
   109    110      1
   109    215      1
   109    329      1
   110    109      1
   110    118      1
   110    167      1
   110    193      1
   110    210      1
   110    463      1
   111     41      1
   111    125      1
   111    189      1
   111    286      1
   111    297      1
   111    402      1
   112     36      1
   112    156      1
   112    201      1
   112    240      1
   112    428      1
   113     85      1
   113    199      1
   113    345      1
   114    105      1
   115     10      1
   115    175      1
   115    225      1
   115    448      1
   116     19      1
   116    121      1
   116    187      1
   117     89      1
   117    157      1
   117    238      1
   118    110      1
   118    127      1
   119     78      1
   119    497      1
   120     19      1
   120    122      1
   120    222      1
   120    251      1
   121    116      1
   122    120      1
   122    158      1
   122    246      1
   123     77      1
   124     37      1
   124    205      1
   124    213      1
   125    111      1
   126     24      1
   126    434      1
   127    118      1
   127    153      1
   128     20      1
   128    152      1
   128    170      1
   128    221      1
   129     60      1
   129    139      1
   130     10      1
   130    290      1
   131     75      1
   132     89      1
   132    416      1
   133     92      1
   133    155      1
   133    181      1
   134     68      1
   134    319      1
   134    414      1
   135     75      1
   135    184      1
   136      8      1
   137     64      1
   137    252      1
   138     41      1
   138    161      1
   139    129      1
   140     59      1
   140    219      1
   141     17      1
   141    159      1
   141    207      1
   142     77      1
   142    245      1
   143    108      1
   143    168      1
   143    171      1
   144     36      1
   144    339      1
   144    433      1
   145    107      1
   145    179      1
   146    104      1
   146    351      1
   147     24      1
   147    322      1
   147    361      1
   148     80      1
   149     84      1
   150     47      1
   151     49      1
   151    236      1
   152    128      1
   153    127      1
   153    429      1
   154     44      1
   154    343      1
   154    454      1
   155    133      1
   155    206      1
   156    112      1
   156    258      1
   156    274      1
   156    277      1
   157    117      1
   157    173      1
   157    301      1
   158    122      1
   158    160      1
   158    254      1
   158    272      1
   158    346      1
   158    376      1
   159    141      1
   159    195      1
   159    423      1
   159    484      1
   160    158      1
   160    182      1
   161    138      1
   162    101      1
   163     24      1
   163    282      1
   164     60      1
   164    190      1
   164    333      1
   165     91      1
   165    444      1
   166      0      1
   167    110      1
   167    312      1
   168    143      1
   169     87      1
   170    128      1
   170    438      1
   171    143      1
   171    208      1
   172     99      1
   172    255      1
   173    157      1
   173    430      1
   174     18      1
   175    115      1
   175    318      1
   176     87      1
   176    471      1
   177    101      1
   178     28      1
   178    194      1
   179    145      1
   179    394      1
   179    493      1
   180     26      1
   181    133      1
   182    160      1
   182    419      1
   182    440      1
   183     98      1
   184    135      1
   184    209      1
   184    373      1
   185     75      1
   185    239      1
   185    367      1
   185    389      1
   186     75      1
   186    477      1
   187    116      1
   188     87      1
   189    111      1
   189    470      1
   190    164      1
   191     51      1
   191    305      1
   192     47      1
   192    229      1
   192    432      1
   193    110      1
   194    178      1
   194    268      1
   195    159      1
   196     27      1
   196    407      1
   197      6      1
   198     87      1
   199    113      1
   200     23      1
   200    241      1
   200    269      1
   201    112      1
   201    377      1
   202     65      1
   202    399      1
   202    483      1
   203     39      1
   204     60      1
   204    309      1
   205    124      1
   205    384      1
   206    155      1
   207    141      1
   207    228      1
   207    244      1
   208    171      1
   208    447      1
   209    184      1
   210    110      1
   210    237      1
   210    324      1
   211     79      1
   211    378      1
   212     16      1
   213    124      1
   214     48      1
   214    226      1
   214    232      1
   214    233      1
   215    109      1
   216     68      1
   216    294      1
   216    356      1
   216    410      1
   217     81      1
   218     68      1
   218    300      1
   219    140      1
   219    284      1
   219    360      1
   219    467      1
   220     94      1
   220    302      1
   220    413      1
   221    128      1
   222    120      1
   222    375      1
   223     62      1
   224     62      1
   225    115      1
   225    262      1
   225    288      1
   226    214      1
   227     84      1
   228    207      1
   229    192      1
   229    337      1
   230     15      1
   231     54      1
   231    289      1
   231    449      1
   232    214      1
   233    214      1
   234     54      1
   235     30      1
   235    253      1
   235    348      1
   236    151      1
   237    210      1
   238    117      1
   238    406      1
   238    445      1
   239    185      1
   239    250      1
   240    112      1
   241    200      1
   242     78      1
   243     10      1
   243    482      1
   244    207      1
   244    404      1
   244    475      1
   245    142      1
   245    323      1
   245    468      1
   246    122      1
   247     86      1
   248     22      1
   248    256      1
   248    352      1
   249     99      1
   250    239      1
   250    293      1
   250    439      1
   250    473      1
   251    120      1
   252    137      1
   253    235      1
   253    313      1
   254    158      1
   255    172      1
   256    248      1
   256    320      1
   256    486      1
   257     19      1
   258    156      1
   258    368      1
   259     57      1
   260     90      1
   260    364      1
   261     32      1
   261    450      1
   262    225      1
   263    100      1
   264      0      1
   264    273      1
   265     87      1
   265    396      1
   266     66      1
   267     93      1
   267    281      1
   267    465      1
   268    194      1
   269    200      1
   270    104      1
   270    328      1
   271     28      1
   271    287      1
   272    158      1
   272    397      1
   273    264      1
   273    476      1
   274    156      1
   275     72      1
   276     74      1
   276    383      1
   277    156      1
   278     97      1
   279      0      1
   279    393      1
   280     63      1
   281    267      1
   281    435      1
   282    163      1
   282    285      1
   282    390      1
   282    408      1
   283     89      1
   284    219      1
   285    282      1
   285    332      1
   285    380      1
   285    442      1
   286    111      1
   286    317      1
   287    271      1
   288    225      1
   289    231      1
   289    314      1
   289    498      1
   290    130      1
   290    494      1
   291     21      1
   291    418      1
   292     83      1
   292    299      1
   292    306      1
   293    250      1
   294    216      1
   295     77      1
   296     48      1
   296    325      1
   297    111      1
   298     76      1
   299    292      1
   300    218      1
   300    315      1
   301    157      1
   302    220      1
   303     53      1
   304     42      1
   305    191      1
   305    459      1
   306    292      1
   306    403      1
   307     68      1
   308    101      1
   308    386      1
   309    204      1
   310     93      1
   310    496      1
   311    108      1
   312    167      1
   313    253      1
   314    289      1
   315    300      1
   315    357      1
   316     17      1
   316    411      1
   317    286      1
   317    341      1
   318    175      1
   319    134      1
   319    381      1
   319    474      1
   320    256      1
   321     57      1
   321    353      1
   322    147      1
   322    331      1
   322    421      1
   323    245      1
   324    210      1
   325    296      1
   326     16      1
   326    385      1
   327      3      1
   328    270      1
   329    109      1
   330      2      1
   330    395      1
   331    322      1
   332    285      1
   333    164      1
   333    426      1
   333    499      1
   334     94      1
   335      6      1
   335    355      1
   336     90      1
   337    229      1
   338     33      1
   339    144      1
   340     44      1
   341    317      1
   342     33      1
   342    455      1
   343    154      1
   343    452      1
   344     13      1
   345    113      1
   346    158      1
   347     38      1
   347    354      1
   347    388      1
   348    235      1
   349     91      1
   350     65      1
   351    146      1
   352    248      1
   352    446      1
   353    321      1
   354    347      1
   355    335      1
   355    374      1
   356    216      1
   357    315      1
   357    387      1
   358     34      1
   358    401      1
   359     19      1
   359    365      1
   359    485      1
   360    219      1
   361    147      1
   361    495      1
   362     31      1
   363      6      1
   364    260      1
   365    359      1
   366     66      1
   367    185      1
   367    379      1
   368    258      1
   369     56      1
   370     79      1
   371    102      1
   372     44      1
   373    184      1
   374    355      1
   375    222      1
   376    158      1
   377    201      1
   377    424      1
   377    479      1
   378    211      1
   379    367      1
   380    285      1
   381    319      1
   382     58      1
   383    276      1
   384    205      1
   385    326      1
   386    308      1
   387    357      1
   388    347      1
   389    185      1
   390    282      1
   390    462      1
   391     87      1
   392      1      1
   393    279      1
   394    179      1
   394    412      1
   395    330      1
   395    420      1
   396    265      1
   397    272      1
   398     57      1
   398    489      1
   399    202      1
   400     53      1
   401    358      1
   402    111      1
   403    306      1
   404    244      1
   405     31      1
   406    238      1
   407    196      1
   408    282      1
   409      1      1
   410    216      1
   410    453      1
   411    316      1
   412    394      1
   412    427      1
   413    220      1
   414    134      1
   415     22      1
   416    132      1
   417     32      1
   418    291      1
   418    480      1
   419    182      1
   420    395      1
   420    456      1
   421    322      1
   422     70      1
   423    159      1
   424    377      1
   425     74      1
   425    469      1
   426    333      1
   427    412      1
   428    112      1
   429    153      1
   429    441      1
   429    461      1
   429    491      1
   430    173      1
   431     94      1
   432    192      1
   433    144      1
   434    126      1
   435    281      1
   436      0      1
   437     31      1
   438    170      1
   439    250      1
   440    182      1
   441    429      1
   442    285      1
   443     69      1
   443    478      1
   444    165      1
   445    238      1
   446    352      1
   447    208      1
   448    115      1
   449    231      1
   450    261      1
   451     71      1
   452    343      1
   453    410      1
   454    154      1
   454    457      1
   455    342      1
   456    420      1
   457    454      1
   458     50      1
   459    305      1
   460     35      1
   461    429      1
   462    390      1
   463    110      1
   464     73      1
   465    267      1
   466     63      1
   467    219      1
   468    245      1
   469    425      1
   470    189      1
   471    176      1
   472      8      1
   473    250      1
   474    319      1
   475    244      1
   476    273      1
   477    186      1
   478    443      1
   479    377      1
   480    418      1
   480    481      1
   481    480      1
   482    243      1
   483    202      1
   484    159      1
   485    359      1
   486    256      1
   486    487      1
   487    486      1
   488     82      1
   489    398      1
   490     92      1
   491    429      1
   492     36      1
   493    179      1
   494    290      1
   495    361      1
   496    310      1
   497    119      1
   498    289      1
   499    333      1
