COORD_X_Y 200
  2.78884  0.611873
  2.04423   2.64879
  2.03461   2.86661
 0.872102  0.103932
   1.5547   2.60731
 0.910878   2.00314
 0.418142   1.80551
 0.791492  0.945629
 0.271082    0.9596
  1.10384    1.6119
 0.120786    1.2916
  1.29589   2.93289
  1.72262  0.387281
   1.8654    2.6782
 0.728391  0.960565
  2.76227   2.10021
  2.46369   1.34866
   2.6682   2.70599
  2.43907   1.78188
  2.39313   1.58555
  1.25497   1.74924
 0.363255  0.403914
  2.91115   1.61153
  1.27067   2.70677
  1.77156   2.30191
  1.01599   1.22875
0.00548334  0.190021
   1.7254   1.51436
   2.7484   2.10074
  1.69104  0.203304
  2.86913  0.275599
 0.526576  0.874172
  2.03779  0.737893
  2.18397  0.508843
  1.97727  0.588062
 0.474435   2.68303
 0.366015    2.3345
  1.28843   1.65924
  2.35264  0.297364
 0.917203   2.17734
  1.34761 0.00877866
  1.88188   2.72104
  2.21649  0.561809
 0.411515   2.91376
0.0286126   2.83458
  2.78606    1.4746
  2.42866 0.0179067
   1.9435   0.30086
 0.110489   2.82269
  2.82726   2.85151
 0.852826   1.73467
 0.658163   2.04187
 0.896683 0.00381478
  0.37028   2.82144
  1.25038   1.14481
 0.034596   1.48499
  2.75531   2.13745
 0.851409  0.626311
  1.40229  0.968577
   1.0094  0.747229
   2.8869   2.58883
  1.22946 0.0561255
  2.24961   1.67371
 0.646598  0.429292
  1.46637   2.98447
  1.55571   1.02202
 0.971756 0.0184543
  2.00104   1.88724
  1.51673   2.14513
  1.88634  0.226016
  2.40219   1.42015
  2.05841  0.450688
  2.41619   1.84257
  1.04594    2.9299
 0.855177   1.99885
  2.71404  0.744164
  2.36217   1.97695
  1.09055   1.38445
 0.102689   1.54152
  1.65405   0.68589
 0.427365   2.04215
 0.393042   2.49099
  2.92041  0.104438
  2.37594  0.865219
   1.7379  0.986604
  1.04514   1.32118
  2.17566  0.308931
  2.85491   0.89996
  2.52328   2.75558
  2.91416   1.16454
 0.736413   2.46902
  1.11758   2.85045
  2.17641   1.68393
  1.20811   1.36938
 0.867814   2.21349
 0.673129   1.00501
  2.05556   1.11273
0.00715868   2.80428
  1.54625   1.85592
  2.60754  0.519314
 0.543425    1.0055
 0.208349   2.13531
  2.05318   1.79889
  1.46225  0.922718
  1.56449   1.48752
  1.31272   1.31522
  1.56511   2.52281
 0.877508    1.9566
 0.245364   1.17247
  1.33697   2.52988
  2.65658   1.11646
  1.13267   2.63663
  2.07463  0.268796
 0.415951   2.24632
  0.75515  0.153702
 0.811258   1.05359
0.0723922   2.51034
 0.533836   1.79951
  2.36898  0.309236
  1.95514  0.198798
  2.07001   1.41711
0.0516077   2.46702
 0.432571   2.43942
 0.731021   2.30045
  2.71907  0.212773
    2.851   2.44332
  1.92825  0.721625
  2.69841   1.91315
  2.38802   1.25439
  1.99371   1.24638
  2.34213   1.67011
 0.178808  0.876569
  2.78135  0.150777
 0.101623   1.85233
  2.34664  0.913257
  1.49437  0.813484
  2.15668   2.32202
 0.789286   1.57667
   2.2542  0.204576
  1.21734   1.33089
  1.17049   2.63103
0.0757552   2.30198
0.0573069  0.467455
  2.04165   1.43407
 0.348814   0.34872
 0.324497   2.26952
 0.172166   1.01171
 0.555241   2.38819
 0.824261  0.997837
 0.502575   1.32241
 0.515052  0.111563
  1.07081   1.75503
  2.30173   1.55772
  2.02914   1.20493
 0.301341  0.590809
  2.55924   2.58231
 0.998216   1.28352
  1.87996   1.06067
   2.3958   2.95172
 0.717872   1.88624
 0.810497  0.645832
  1.27121   1.04094
   1.0674   2.42913
  1.61075   1.01015
 0.591587   2.10975
   0.8996   1.86656
 0.342661   1.76202
  1.52503   2.08014
  2.09222  0.175158
  2.57673   1.93597
  2.84785   2.27078
  1.37654   1.06757
  2.57459   0.43968
  2.34775    2.7696
  2.12452   2.75094
 0.179869   1.98507
  2.55704   0.63551
 0.376331   2.77791
 0.936585  0.682784
  2.32961   2.28126
 0.927669    2.3784
  2.02718   1.96582
 0.679606  0.801258
  2.54784  0.131561
  0.94656  0.238655
  2.33855   2.54707
  1.06525   1.58827
  2.98021  0.299062
  2.59046   1.18329
 0.825451   1.76936
  1.86588  0.364532
  1.35694    1.5186
  1.26316   1.62639
  2.77381   1.87685
 0.403326  0.233921
  2.33464   1.29141
  2.21044  0.542754
  1.62382   0.54095
  1.88272  0.903409
 0.401575  0.543168
LINKS_SOURCE_DESTINATION_DISTANCE 398
     0      1      1
     0     36      1
     0    143      1
     1      0      1
     1      2      1
     1      5      1
     1     12      1
     1     46      1
     1     62      1
     1    193      1
     2      1      1
     2      3      1
     2      4      1
     2     16      1
     2     28      1
     3      2      1
     3      6      1
     3      7      1
     3      8      1
     3     23      1
     3     39      1
     3     53      1
     3     68      1
     3    164      1
     4      2      1
     4     17      1
     4     25      1
     4     51      1
     5      1      1
     5    111      1
     6      3      1
     6      9      1
     6     66      1
     6     69      1
     6    147      1
     7      3      1
     7     10      1
     8      3      1
     8     22      1
     8     37      1
     8    114      1
     9      6      1
     9     15      1
     9     30      1
    10      7      1
    10     11      1
    10     81      1
    10    198      1
    11     10      1
    12      1      1
    12     13      1
    12     14      1
    13     12      1
    13     27      1
    13     32      1
    13    107      1
    14     12      1
    14     19      1
    14    101      1
    14    163      1
    15      9      1
    16      2      1
    16     18      1
    16     24      1
    16     34      1
    16     57      1
    16     80      1
    16    155      1
    16    172      1
    17      4      1
    17     26      1
    17    189      1
    18     16      1
    18     21      1
    18     50      1
    18     54      1
    18    180      1
    19     14      1
    19     20      1
    19     89      1
    20     19      1
    20    199      1
    21     18      1
    22      8      1
    22     41      1
    23      3      1
    23     29      1
    24     16      1
    24    148      1
    25      4      1
    25     43      1
    25     93      1
    26     17      1
    26     45      1
    26     97      1
    26    149      1
    27     13      1
    27     31      1
    28      2      1
    28     38      1
    28     40      1
    28     76      1
    28    185      1
    29     23      1
    29     35      1
    30      9      1
    30     44      1
    30     88      1
    31     27      1
    32     13      1
    32     33      1
    33     32      1
    33     42      1
    33    146      1
    34     16      1
    34     56      1
    34     67      1
    35     29      1
    35     55      1
    36      0      1
    36     75      1
    36     98      1
    37      8      1
    37    138      1
    37    173      1
    38     28      1
    38     60      1
    38    142      1
    39      3      1
    40     28      1
    40     48      1
    40     58      1
    40    117      1
    41     22      1
    41     47      1
    41     99      1
    42     33      1
    42     49      1
    42     52      1
    42     59      1
    42    103      1
    43     25      1
    44     30      1
    45     26      1
    45    129      1
    46      1      1
    46    175      1
    47     41      1
    48     40      1
    48     65      1
    48     91      1
    49     42      1
    49     86      1
    50     18      1
    50    181      1
    51      4      1
    52     42      1
    53      3      1
    53    100      1
    53    113      1
    54     18      1
    54     84      1
    54    126      1
    54    160      1
    54    176      1
    55     35      1
    55     63      1
    55     83      1
    55    106      1
    56     34      1
    56     82      1
    56    191      1
    57     16      1
    57     73      1
    57     79      1
    58     40      1
    59     42      1
    59     64      1
    59     90      1
    60     38      1
    60     61      1
    61     60      1
    61    105      1
    62      1      1
    62     78      1
    63     55      1
    63    196      1
    64     59      1
    64     72      1
    64     77      1
    64     87      1
    65     48      1
    66      6      1
    67     34      1
    67    119      1
    68      3      1
    68     70      1
    68     71      1
    68     74      1
    68    156      1
    69      6      1
    69     85      1
    69    121      1
    69    171      1
    70     68      1
    71     68      1
    72     64      1
    72    108      1
    72    168      1
    72    197      1
    73     57      1
    74     68      1
    74     94      1
    74    195      1
    75     36      1
    75    133      1
    76     28      1
    77     64      1
    78     62      1
    78    134      1
    78    165      1
    79     57      1
    80     16      1
    80    131      1
    81     10      1
    81     95      1
    81     96      1
    82     56      1
    82     92      1
    83     55      1
    84     54      1
    84    110      1
    84    112      1
    85     69      1
    85    136      1
    86     49      1
    87     64      1
    88     30      1
    89     19      1
    89    161      1
    90     59      1
    91     48      1
    91    118      1
    92     82      1
    92    124      1
    92    127      1
    93     25      1
    93    102      1
    93    104      1
    93    109      1
    93    169      1
    94     74      1
    94    115      1
    94    123      1
    94    135      1
    95     81      1
    95    144      1
    95    153      1
    95    170      1
    96     81      1
    96    145      1
    97     26      1
    98     36      1
    99     41      1
   100     53      1
   100    140      1
   101     14      1
   101    184      1
   102     93      1
   103     42      1
   104     93      1
   104    132      1
   105     61      1
   106     55      1
   107     13      1
   107    125      1
   108     72      1
   108    190      1
   109     93      1
   110     84      1
   110    116      1
   110    128      1
   111      5      1
   111    192      1
   112     84      1
   113     53      1
   113    137      1
   114      8      1
   115     94      1
   115    122      1
   115    154      1
   116    110      1
   116    151      1
   117     40      1
   117    177      1
   118     91      1
   119     67      1
   119    120      1
   120    119      1
   120    157      1
   121     69      1
   121    159      1
   121    183      1
   122    115      1
   123     94      1
   124     92      1
   124    130      1
   125    107      1
   126     54      1
   127     92      1
   127    139      1
   127    194      1
   128    110      1
   128    187      1
   129     45      1
   130    124      1
   130    188      1
   131     80      1
   132    104      1
   133     75      1
   134     78      1
   135     94      1
   136     85      1
   136    166      1
   137    113      1
   138     37      1
   138    141      1
   138    182      1
   139    127      1
   140    100      1
   141    138      1
   142     38      1
   143      0      1
   144     95      1
   145     96      1
   146     33      1
   146    152      1
   147      6      1
   148     24      1
   148    150      1
   149     26      1
   150    148      1
   151    116      1
   151    158      1
   152    146      1
   152    179      1
   153     95      1
   154    115      1
   155     16      1
   156     68      1
   156    167      1
   157    120      1
   157    162      1
   158    151      1
   159    121      1
   160     54      1
   161     89      1
   162    157      1
   163     14      1
   164      3      1
   165     78      1
   166    136      1
   166    186      1
   167    156      1
   167    174      1
   168     72      1
   169     93      1
   170     95      1
   170    178      1
   171     69      1
   172     16      1
   173     37      1
   174    167      1
   175     46      1
   176     54      1
   177    117      1
   178    170      1
   179    152      1
   180     18      1
   181     50      1
   182    138      1
   183    121      1
   184    101      1
   185     28      1
   186    166      1
   187    128      1
   188    130      1
   189     17      1
   190    108      1
   191     56      1
   192    111      1
   193      1      1
   194    127      1
   195     74      1
   196     63      1
   197     72      1
   198     10      1
   199     20      1
