COORD_X_Y 65
 0.015351 0.0945462
  2.08857   1.89784
  1.73411   1.93402
  0.67689  0.303134
  2.35817   2.06258
  2.47445  0.999369
  2.25471   2.93088
 0.273252   1.20333
  2.34277   0.14855
  0.13883  0.125905
  2.33483   1.47257
  1.49438  0.713861
  2.73908   2.72961
  1.54493 0.0861899
  2.29427  0.542631
 0.201599  0.856126
  2.04383  0.975707
  1.05107 0.0556027
 0.161536   2.39761
  1.30387   1.50847
  1.88792  0.256481
  1.96705   1.23248
 0.359745  0.828843
 0.521067   2.10571
 0.689645   1.74755
 0.183032   1.12661
  2.33133 0.000486996
  1.63569   2.67815
  1.74703   2.95646
   2.2773    2.9754
  2.96405   2.19839
  2.48921   1.05001
  1.38553  0.919572
 0.600722  0.913128
   2.5704   1.56725
 0.422571   1.72971
 0.180036  0.883683
  1.87511 0.0943913
  1.66333   2.32427
  2.59689    2.3314
  1.17185  0.550984
  2.29715   1.70462
 0.377728 0.0736539
 0.517272  0.969901
  2.48953   2.15465
  2.71267  0.203791
  1.54183   1.52854
 0.902343  0.121145
  1.11091  0.846761
 0.136242  0.275622
  2.82325   2.31427
  0.15264   2.03783
  2.13775   1.00681
  0.44152   1.22642
  1.73866   1.12207
   1.6149   1.71519
 0.915344   1.13388
  2.11334  0.565556
  2.75878   2.27711
  1.16399  0.553587
  2.50742   1.15217
  1.77099   2.93228
  1.13355  0.150653
 0.297566   2.47427
   2.4278  0.264496
LINKS_SOURCE_DESTINATION_DISTANCE 128
     0      1      1
     0      8      1
     0     53      1
     1      0      1
     1      2      1
     1      3      1
     1      4      1
     1      5      1
     1      9      1
     1     11      1
     1     18      1
     2      1      1
     2      7      1
     2     46      1
     3      1      1
     3     33      1
     4      1      1
     5      1      1
     5      6      1
     5     16      1
     5     22      1
     6      5      1
     6     20      1
     6     28      1
     7      2      1
     7     12      1
     8      0      1
     8     19      1
     8     43      1
     9      1      1
     9     10      1
     9     15      1
    10      9      1
    10     14      1
    10     45      1
    11      1      1
    11     21      1
    12      7      1
    12     13      1
    12     55      1
    13     12      1
    13     25      1
    14     10      1
    15      9      1
    16      5      1
    16     17      1
    16     27      1
    16     36      1
    16     47      1
    16     60      1
    17     16      1
    18      1      1
    19      8      1
    19     38      1
    19     50      1
    20      6      1
    20     23      1
    21     11      1
    21     32      1
    22      5      1
    22     24      1
    22     26      1
    22     30      1
    22     37      1
    22     59      1
    23     20      1
    23     44      1
    24     22      1
    24     35      1
    25     13      1
    26     22      1
    26     31      1
    27     16      1
    27     48      1
    28      6      1
    28     29      1
    28     41      1
    29     28      1
    30     22      1
    30     56      1
    31     26      1
    32     21      1
    32     42      1
    32     54      1
    33      3      1
    33     34      1
    33     39      1
    34     33      1
    35     24      1
    36     16      1
    37     22      1
    37     40      1
    38     19      1
    38     58      1
    39     33      1
    39     57      1
    40     37      1
    40     52      1
    40     61      1
    41     28      1
    42     32      1
    43      8      1
    44     23      1
    45     10      1
    45     49      1
    45     51      1
    45     62      1
    46      2      1
    47     16      1
    48     27      1
    49     45      1
    49     64      1
    50     19      1
    51     45      1
    52     40      1
    53      0      1
    54     32      1
    55     12      1
    56     30      1
    57     39      1
    58     38      1
    59     22      1
    60     16      1
    61     40      1
    62     45      1
    62     63      1
    63     62      1
    64     49      1
