COORD_X_Y 130
  2.19904   2.20202
  2.37567   1.49818
 0.762817  0.917531
  2.09545   2.27066
  1.90733   2.77304
  2.19944  0.920587
  1.26828   2.25992
  2.85989   2.57227
 0.915815  0.420457
  1.72764   1.88839
  1.85773  0.934168
  2.95951   2.17686
  0.57916  0.144578
 0.862017  0.641799
  2.79954   2.62085
 0.375245   1.71835
  1.96742   1.58254
  1.05744   0.18552
  1.27686  0.868354
  2.32452   1.10321
  2.99512   1.68228
  2.31295   1.98742
  2.22579   1.77193
 0.801402  0.892098
 0.629085   1.46388
  1.94558  0.601704
  2.76909  0.458806
 0.515273  0.997285
 0.809808   0.36752
  2.00364   0.23526
  0.96322   2.83047
  2.49746   2.53344
  1.19721  0.813078
  2.64672  0.365225
  1.88484   1.50941
 0.386049  0.910499
  2.18626   2.31862
 0.632963   1.41934
  1.56107   2.36081
 0.972389   2.18508
  2.89157  0.312392
 0.412936    2.9541
  1.50165   1.69789
 0.970215   1.08355
  1.88641   1.34639
  2.95605   2.11555
0.0155501  0.575646
 0.370608   1.15754
 0.758878   1.80047
  2.14755   0.46959
  1.21809    1.5369
  2.77586   1.34478
0.0226208   2.18164
   2.4569   0.49579
  2.77355   1.46039
  1.83216   1.40634
  1.08787  0.762852
 0.961382   2.88462
  1.39992   1.36777
  1.04196   0.83805
  1.40373 0.0432571
 0.316879  0.333088
  2.61048  0.234588
 0.411417   1.03368
  1.84773   2.73471
0.0289713   1.98859
  1.04084   1.60467
  2.06892   2.14739
  1.46241   1.33328
   2.7297  0.869716
  1.45985   2.78282
  0.74523   1.37055
  1.61303   2.40208
  2.72459   1.07089
 0.747027  0.848237
 0.118279   1.28859
  1.18628   2.35998
  1.28823   2.25615
    1.334   2.61934
 0.855469   2.67219
  1.09515    2.1105
 0.464938   1.58517
  2.85694 0.0279075
  2.42903  0.555911
  1.93836   1.53129
 0.145578   2.97467
  0.82641    1.5588
   1.5839   1.15038
 0.305259   2.49879
  1.44226   1.98216
  0.51736  0.274424
 0.326565   1.56171
 0.746221   2.49152
 0.880431   1.37137
  1.06019   0.38872
  2.16116   2.32314
  1.79997   1.23662
 0.905886  0.541429
  2.22885   0.36964
 0.646187  0.820337
  2.02434  0.284207
 0.778035   1.61161
  0.58575  0.482319
  1.53943  0.213329
 0.627392  0.581627
  1.66872   1.95652
 0.938908   2.45298
  1.25751  0.977503
  1.58517   1.18662
 0.917288   2.20144
  2.79856   1.24995
 0.489217  0.677393
 0.913222   2.64989
  2.38207   1.47952
 0.932574   1.90608
  1.20582  0.471934
  0.14529  0.154207
  2.45679   1.56562
   2.0394  0.593345
  2.27884   2.64523
  2.52976   1.77401
 0.901523   1.23281
  2.18603   1.02418
  2.02247   2.18285
  1.15467  0.230339
   2.6927   2.86681
  1.61152   1.26072
  1.73089   1.08243
 0.201057  0.172478
  1.10997  0.936676
LINKS_SOURCE_DESTINATION_DISTANCE 258
     0      1      1
     0      2      1
     0      5      1
     0     79      1
     0     87      1
     1      0      1
     1      3      1
     1      4      1
     1     29      1
     1     36      1
     2      0      1
     2      8      1
     2      9      1
     2     70      1
     3      1      1
     3      6      1
     3      7      1
     3     16      1
     3     26      1
     3     65      1
     4      1      1
     4     21      1
     4     22      1
     4     41      1
     4     46      1
     4     55      1
     4     69      1
     5      0      1
     5     10      1
     5     11      1
     5     23      1
     5     33      1
     6      3      1
     6     25      1
     7      3      1
     8      2      1
     8     13      1
     8    102      1
     8    118      1
     9      2      1
     9     19      1
     9     24      1
     9     71      1
    10      5      1
    10     14      1
    10     50      1
    10    101      1
    10    127      1
    11      5      1
    11     12      1
    11     15      1
    11     51      1
    11     56      1
    11     72      1
    11    107      1
    12     11      1
    12     17      1
    12     84      1
    12    115      1
    13      8      1
    14     10      1
    14     18      1
    14     20      1
    14     30      1
    14     47      1
    14     52      1
    15     11      1
    15     37      1
    15     38      1
    15     42      1
    15    119      1
    16      3      1
    16     31      1
    16     32      1
    16     49      1
    17     12      1
    17     43      1
    18     14      1
    18     35      1
    18     45      1
    19      9      1
    19    121      1
    20     14      1
    20     58      1
    20     64      1
    21      4      1
    22      4      1
    22     28      1
    22     59      1
    22    109      1
    23      5      1
    24      9      1
    24     27      1
    24     68      1
    25      6      1
    25     61      1
    26      3      1
    26     34      1
    26     74      1
    27     24      1
    28     22      1
    28    100      1
    29      1      1
    29     89      1
    30     14      1
    30     93      1
    30    112      1
    31     16      1
    31     40      1
    31    105      1
    32     16      1
    32     53      1
    32     80      1
    33      5      1
    33     57      1
    34     26      1
    34     48      1
    34     62      1
    35     18      1
    36      1      1
    37     15      1
    38     15      1
    38     39      1
    38     92      1
    38    125      1
    39     38      1
    39     98      1
    40     31      1
    40     81      1
    40     90      1
    41      4      1
    42     15      1
    42     44      1
    42     76      1
    43     17      1
    44     42      1
    45     18      1
    45     60      1
    46      4      1
    47     14      1
    47     67      1
    48     34      1
    48    114      1
    49     16      1
    50     10      1
    51     11      1
    51     54      1
    52     14      1
    52    104      1
    53     32      1
    54     51      1
    54    122      1
    55      4      1
    56     11      1
    56     66      1
    56     83      1
    57     33      1
    58     20      1
    59     22      1
    59    111      1
    60     45      1
    60     95      1
    61     25      1
    61    123      1
    62     34      1
    62     63      1
    62     75      1
    63     62      1
    63    120      1
    64     20      1
    64    110      1
    65      3      1
    66     56      1
    66     73      1
    66     85      1
    67     47      1
    67     94      1
    68     24      1
    69      4      1
    69     82      1
    69     88      1
    69     91      1
    70      2      1
    70     77      1
    71      9      1
    72     11      1
    73     66      1
    74     26      1
    74     99      1
    74    113      1
    75     62      1
    76     42      1
    77     70      1
    77     78      1
    78     77      1
    79      0      1
    79     97      1
    80     32      1
    80     86      1
    80    117      1
    81     40      1
    82     69      1
    83     56      1
    84     12      1
    85     66      1
    86     80      1
    87      0      1
    88     69      1
    89     29      1
    90     40      1
    90    116      1
    91     69      1
    92     38      1
    93     30      1
    93     96      1
    94     67      1
    95     60      1
    95    129      1
    96     93      1
    96    103      1
    97     79      1
    98     39      1
    98    106      1
    99     74      1
   100     28      1
   101     10      1
   101    108      1
   101    126      1
   102      8      1
   103     96      1
   104     52      1
   105     31      1
   106     98      1
   107     11      1
   107    124      1
   108    101      1
   109     22      1
   110     64      1
   111     59      1
   112     30      1
   113     74      1
   114     48      1
   115     12      1
   116     90      1
   116    128      1
   117     80      1
   118      8      1
   119     15      1
   120     63      1
   121     19      1
   122     54      1
   123     61      1
   124    107      1
   125     38      1
   126    101      1
   127     10      1
   128    116      1
   129     95      1
