COORD_X_Y 400
  2.73693    1.1293
 0.484988   2.61073
  1.84948   2.98405
  1.63288  0.893135
 0.974579   2.36013
 0.288482  0.931372
  1.77986   1.11184
 0.445748   2.90706
  2.99122  0.861575
 0.482858  0.606898
   2.5745   2.01218
  1.83678  0.390121
  0.54954   2.34775
 0.418811   2.81246
  2.16264   2.51506
   1.3439  0.791063
  2.45848   2.81132
 0.124943  0.273669
  1.00917  0.906827
 0.191168   2.65731
   2.0472   2.57873
  2.28418   1.66468
   1.3155   2.05521
  2.60185  0.994508
  0.49891   1.00166
  1.22404    1.3233
  2.56118   2.07915
  1.52708   0.49306
  0.74153   1.04029
 0.462983   1.47253
   1.8847   1.43788
  1.37401   1.54688
  1.23821  0.496777
  2.82388   2.69545
   1.0502   2.13742
  2.51107   1.15155
  2.70227   0.27831
  2.89681   1.94373
  1.27859   2.26807
  1.81399  0.525524
 0.363501   1.51445
 0.842377  0.572447
   0.9845   2.46986
  1.34034  0.748168
  1.81326  0.207855
 0.777322   2.49158
  2.53319   1.70851
   1.5746   2.39939
  2.25633   0.12548
  1.12374   2.99129
  1.40779    2.6038
  2.08256   1.79074
 0.378451   1.60588
 0.150177   2.21168
   2.8571   2.03056
 0.154219  0.369794
 0.343781   0.50926
   1.1932   2.57575
   1.9617   2.34912
  1.53153   1.94008
  1.13845   1.06575
  1.64341     0.972
 0.197622  0.932211
 0.432499   1.76239
  2.79728  0.243797
   2.7722   1.59147
  1.99911   0.77816
  2.08046   2.44062
 0.264192  0.507539
  2.78381  0.408119
  2.48209  0.333271
 0.642336  0.690873
 0.367314  0.430095
  1.75422   2.87342
 0.962162  0.283964
 0.369813   2.26153
 0.230957   1.54161
   2.2486   2.99619
  1.29006   1.64529
  2.42513  0.372011
  1.27083   1.93196
  1.82367   2.77838
  2.45695  0.828452
 0.786926   2.46077
  1.85904   1.03265
  0.95211  0.838347
  2.35831  0.174567
   2.8198   2.57587
  1.34868   2.11569
  2.31321   2.95819
  2.95641   2.59692
  1.87662   0.76122
  1.06007   1.84331
  2.82271   2.25435
   1.1653   1.96445
   2.9755 0.0757413
0.0481527   1.49654
   1.0855   2.13152
  2.24138   1.78525
  0.78613   1.85367
 0.340335  0.858384
  2.37864   1.34406
  2.54166   2.52905
  2.84883   0.84134
  2.79622   2.25834
  2.79262  0.923629
  1.11829  0.151995
  1.25534  0.750624
 0.702642   1.75872
 0.721744   1.62523
 0.411285   2.78056
  1.75907  0.157089
  1.95978  0.437005
  1.80528   2.78639
  2.06951  0.827994
  1.94404   1.92053
  1.18763   2.72797
  2.78204   2.17277
  2.50748  0.453433
  2.57523   1.82183
0.0259485    1.2874
  0.61947    1.7548
  1.01217   2.01384
 0.161413  0.602901
  1.61363   2.25841
  1.68407  0.588989
  1.38451    1.4581
 0.652944   2.49474
  2.53876   2.51012
  1.85592  0.847212
 0.847716   1.82431
  2.79542  0.358168
  1.75808   1.80471
  2.04776   2.63371
  1.43612     1.392
  1.37173   1.76796
 0.668879   2.06872
    1.543   2.39289
  2.77698  0.399849
  1.64441  0.981449
 0.374594  0.844649
  1.17986  0.854621
  2.57016  0.705057
 0.133366  0.852386
 0.751099  0.327046
  1.83704   1.68482
 0.937143   2.18643
 0.842686   2.98405
  2.95404   2.63963
 0.307053    1.7499
  2.74088   2.81911
  0.92797   1.67649
  2.59261   2.97317
  1.72348   1.04368
  0.74266  0.242171
  2.39799   2.80263
0.0549124  0.485938
  1.93652   1.23918
 0.690787   2.55164
  0.72979   2.29782
  1.23166   2.75205
 0.928986   2.61575
  2.02584   2.25699
  1.08414   1.77586
 0.501881   2.50102
  1.49763   1.11579
 0.798492   2.80717
  2.89555   0.85068
  2.37599   1.08234
  1.39846   2.97662
  1.55601   1.84812
  1.29324  0.779198
 0.885779   2.23351
0.0204142   1.57183
  1.01673   2.34719
    1.484   1.03948
   1.8006   2.16497
   1.8199   2.62335
  1.37521   2.01606
  2.09546  0.463569
  1.07547   2.36465
 0.046388   1.91479
 0.315477   2.97539
  1.45985  0.659469
  1.13669   2.45951
  1.96604  0.332509
  1.55434    1.0097
 0.143828   1.63105
  2.17035   2.31519
  2.93217  0.279859
  1.49197   1.04713
  2.27012   2.21227
  1.53103   2.36341
  2.75464   0.83832
  2.04449  0.958792
  1.32129  0.407618
  2.58553   2.70839
 0.952789   2.76535
 0.243498  0.396573
 0.519072   2.92044
 0.280624  0.547176
  1.97977   1.34425
 0.233517   2.21258
 0.892883   1.04645
 0.343004  0.996118
  1.74309   2.74055
  2.57395  0.500209
 0.745965  0.143127
   1.7045  0.061856
   1.0758   2.70853
 0.709157  0.864125
   1.5413   2.08045
  1.66542  0.180101
 0.838045    2.3951
0.0577688   1.50501
  1.31595  0.830322
  2.33844   1.70472
 0.298288   0.72356
  2.33435  0.609486
 0.498265   2.75997
  1.76651   1.57219
  2.86071 0.0165521
 0.862595  0.722217
  2.16971  0.198996
 0.444716  0.922394
  2.31696   1.75045
  1.23364  0.526973
  1.04988   0.89559
 0.227006  0.420948
 0.435076    2.0062
  1.95907   1.47622
  2.28096  0.636925
 0.578927   0.46868
  2.20527    2.5472
  2.57907  0.170818
  1.36112  0.445331
  1.53419  0.675843
  0.30378   1.26694
 0.410469   1.39162
  1.41837   1.41711
  1.58787   1.89319
  2.10492   2.23205
  2.51456   2.31292
 0.469279  0.463802
 0.624533   2.97274
  2.82169   0.19116
  1.98284  0.923589
  2.61133   2.39851
  0.22648   2.99233
 0.732082 0.0153771
  1.62725   1.12233
  1.08655       1.1
 0.725773    2.6394
  1.31243   2.77962
  2.41334   1.69647
0.0439083  0.223858
 0.386674   2.60178
 0.440571    1.3654
  2.94546   1.16436
 0.073857  0.743101
  2.33711   2.34709
  2.21306    2.9448
  2.82993   1.65107
  1.73626   1.14423
  2.09111  0.241685
  2.36317   2.59951
0.0948153   2.34065
  1.02823    2.9683
  1.46625   2.01487
  1.44211  0.305709
  2.60095   1.14589
   1.8317   1.46013
0.0361308   2.45449
  1.30891   1.70794
 0.817865  0.572393
 0.132341   2.21143
  2.85609  0.277902
  1.18597   2.57025
  2.54039   1.12412
  2.00626   1.29489
 0.286073    1.4417
 0.803387    1.9987
 0.198227   2.46734
  2.11179   1.92916
  1.90507   1.26609
 0.790672   2.87795
  1.55248   2.70314
  1.58632  0.601131
  2.74742  0.467376
 0.192464  0.172059
  2.03717   1.72126
  2.31817   2.11684
  2.85748   1.31427
 0.219263   1.97921
  2.19429   1.33049
  2.68039   2.65302
 0.974445   1.97861
 0.586469    0.5576
 0.790077    2.7726
  1.92928   1.33149
 0.272356   2.43492
  2.83798   2.26336
  2.09648    1.8129
 0.525467   1.20467
  2.58631   0.66682
 0.333963   2.79641
  2.50328  0.232288
 0.458441   2.21932
  1.20954   2.22242
0.0683639    1.0798
  1.07963  0.941712
  1.35861   1.10501
 0.329675   2.11769
  2.99625   1.78768
  1.48311  0.932087
  2.58374  0.672347
 0.805644    2.8408
  1.38054   2.03885
  0.81329   1.06527
  1.12695  0.116812
  2.94211   2.12026
   2.1486   1.43788
 0.927907   2.57326
  1.52138   1.30493
  1.14038  0.201031
  2.06632  0.981091
  2.22045 0.0515076
 0.216638   2.80402
 0.402822    2.0971
 0.832226   1.18314
  1.90496   1.27178
  2.00202   2.75336
  1.72244   0.66331
  1.19428   2.66836
  2.69076   0.76212
 0.888192  0.066145
  2.49043  0.842439
 0.698233 0.0827864
  2.78198   2.02953
  0.93128  0.926392
  2.73728   1.44247
   1.2341   1.34628
  2.83071   1.83226
  2.67454 0.00991283
  2.06166   1.48762
 0.877931   2.36308
 0.924977   2.44391
   1.1755  0.509972
  1.96001  0.844341
0.0632766   1.11898
  2.29902   2.61288
 0.849651   2.13853
  1.47515    1.6712
 0.196561 0.0129932
 0.426887   1.97779
 0.827215   0.51517
 0.440209  0.981337
  2.55013  0.397469
  1.05156   2.82272
  1.63315  0.812516
 0.587403   2.46137
  2.51799  0.905502
  2.93127   1.54727
  2.37106  0.545712
  2.42195  0.314758
  1.62737  0.821234
 0.722578   2.58013
   2.6052  0.464018
 0.876362  0.976569
 0.399756   0.33923
 0.765367   2.08952
 0.948931  0.947703
  1.16228   1.34296
  1.97469   1.46857
  1.80814   1.05299
  1.44135  0.605951
   2.4424  0.712064
  2.46459   1.17318
  1.93779  0.366389
 0.897932    2.2576
 0.576553  0.849858
  1.76475    1.2485
 0.367128  0.986238
   2.8185   2.12619
  2.17471   2.10305
  1.88955   2.86926
  2.53894   2.71406
  1.54974  0.497085
 0.572214  0.677533
  2.66537   2.90986
  2.22753  0.840976
 0.488284   2.30693
  2.80542  0.302294
  2.68622    1.5223
   1.4072   1.66203
  1.20802 0.0832335
  2.50606    1.1172
   1.6868  0.203931
 0.923146   1.96037
0.0120732   2.07442
LINKS_SOURCE_DESTINATION_DISTANCE 798
     0      1      1
     0      2      1
     0      3      1
     0     11      1
     0     22      1
     0    112      1
     0    184      1
     1      0      1
     1      4      1
     1      5      1
     1      6      1
     1    133      1
     1    316      1
     2      0      1
     2     12      1
     2     14      1
     2     24      1
     2    119      1
     3      0      1
     3     16      1
     3    118      1
     3    259      1
     4      1      1
     4      7      1
     4     53      1
     4     74      1
     4    364      1
     5      1      1
     5      9      1
     5    141      1
     5    169      1
     6      1      1
     6      8      1
     6     13      1
     6     70      1
     7      4      1
     7     15      1
     7    146      1
     7    194      1
     7    212      1
     7    214      1
     8      6      1
     8     10      1
     8    288      1
     9      5      1
     9     21      1
     9     27      1
     9     35      1
     9     36      1
     9    293      1
     9    365      1
     9    367      1
     9    372      1
    10      8      1
    10     63      1
    10     82      1
    10    356      1
    11      0      1
    11     18      1
    11     23      1
    11     37      1
    12      2      1
    12     19      1
    12     20      1
    12     32      1
    12     48      1
    12    135      1
    13      6      1
    13     17      1
    13     54      1
    13     56      1
    13    128      1
    13    149      1
    13    334      1
    14      2      1
    14     30      1
    14     38      1
    14     91      1
    14     92      1
    15      7      1
    15     45      1
    15     66      1
    16      3      1
    16     34      1
    17     13      1
    17     83      1
    17    315      1
    18     11      1
    18     26      1
    18    117      1
    19     12      1
    19     42      1
    19    363      1
    20     12      1
    20     28      1
    21      9      1
    21     46      1
    21     47      1
    21     55      1
    21     57      1
    21    217      1
    21    243      1
    21    384      1
    22      0      1
    22     25      1
    22    258      1
    22    385      1
    23     11      1
    23     31      1
    23     76      1
    24      2      1
    24     29      1
    24     51      1
    24    153      1
    24    168      1
    25     22      1
    25     49      1
    25    106      1
    25    140      1
    25    298      1
    25    325      1
    25    391      1
    26     18      1
    26     60      1
    26     86      1
    26    104      1
    26    115      1
    27      9      1
    28     20      1
    28     97      1
    28    126      1
    28    218      1
    29     24      1
    29     93      1
    29    186      1
    30     14      1
    30     87      1
    30    210      1
    31     23      1
    31     41      1
    31     62      1
    31    116      1
    31    144      1
    31    190      1
    31    223      1
    32     12      1
    32     33      1
    32     44      1
    32    114      1
    32    172      1
    32    219      1
    32    328      1
    33     32      1
    33    254      1
    33    361      1
    34     16      1
    34     78      1
    34    108      1
    34    263      1
    34    278      1
    34    327      1
    35      9      1
    35     52      1
    35     77      1
    35    203      1
    36      9      1
    36     98      1
    36    145      1
    37     11      1
    37     39      1
    37     40      1
    37     43      1
    37     64      1
    37    156      1
    38     14      1
    39     37      1
    39    174      1
    39    260      1
    40     37      1
    40     50      1
    40    151      1
    41     31      1
    41     61      1
    41     80      1
    41    345      1
    42     19      1
    42     68      1
    42    120      1
    42    359      1
    43     37      1
    43     96      1
    43    142      1
    44     32      1
    44    320      1
    45     15      1
    45     69      1
    45    161      1
    45    179      1
    45    216      1
    45    250      1
    46     21      1
    47     21      1
    47     73      1
    47     81      1
    47     99      1
    47    232      1
    48     12      1
    48    323      1
    48    338      1
    49     25      1
    49     65      1
    49     95      1
    49    300      1
    50     40      1
    50     88      1
    50    159      1
    50    233      1
    51     24      1
    51    201      1
    51    236      1
    52     35      1
    53      4      1
    53     59      1
    53     85      1
    54     13      1
    54     58      1
    54    110      1
    54    270      1
    55     21      1
    55    109      1
    56     13      1
    57     21      1
    57     72      1
    57     79      1
    57    152      1
    57    158      1
    57    160      1
    57    335      1
    58     54      1
    58    164      1
    58    205      1
    59     53      1
    59    268      1
    59    340      1
    60     26      1
    60    175      1
    60    337      1
    61     41      1
    61     71      1
    61    100      1
    61    139      1
    61    394      1
    62     31      1
    62    177      1
    63     10      1
    63     75      1
    63    107      1
    63    134      1
    64     37      1
    64     67      1
    64    101      1
    65     49      1
    65    225      1
    66     15      1
    66    102      1
    67     64      1
    67    200      1
    67    281      1
    68     42      1
    69     45      1
    69     94      1
    69    336      1
    70      6      1
    71     61      1
    71     90      1
    71    297      1
    72     57      1
    72    180      1
    72    235      1
    73     47      1
    73    131      1
    74      4      1
    74    137      1
    74    255      1
    75     63      1
    75    122      1
    76     23      1
    76    199      1
    77     35      1
    77    155      1
    77    251      1
    77    308      1
    77    382      1
    78     34      1
    79     57      1
    79    121      1
    79    332      1
    80     41      1
    80    157      1
    80    162      1
    80    176      1
    80    198      1
    80    207      1
    80    389      1
    81     47      1
    81     84      1
    81    321      1
    82     10      1
    82    289      1
    83     17      1
    84     81      1
    84    189      1
    85     53      1
    85    154      1
    85    208      1
    85    226      1
    86     26      1
    87     30      1
    87     89      1
    87    188      1
    88     50      1
    88    123      1
    89     87      1
    89    125      1
    89    127      1
    89    373      1
    90     71      1
    91     14      1
    91    178      1
    91    209      1
    92     14      1
    92    103      1
    92    105      1
    92    166      1
    92    193      1
    93     29      1
    93    241      1
    94     69      1
    94    111      1
    94    368      1
    94    370      1
    95     49      1
    95    256      1
    96     43      1
    97     28      1
    97    113      1
    98     36      1
    98    124      1
    99     47      1
    99    211      1
   100     61      1
   100    346      1
   100    358      1
   101     64      1
   101    230      1
   102     66      1
   102    221      1
   102    339      1
   103     92      1
   103    129      1
   104     26      1
   104    130      1
   104    314      1
   105     92      1
   105    136      1
   105    148      1
   105    272      1
   106     25      1
   106    143      1
   106    170      1
   106    287      1
   107     63      1
   107    264      1
   108     34      1
   108    246      1
   109     55      1
   110     54      1
   110    132      1
   111     94      1
   111    150      1
   111    173      1
   112      0      1
   112    319      1
   113     97      1
   114     32      1
   114    196      1
   115     26      1
   116     31      1
   116    269      1
   117     18      1
   118      3      1
   118    204      1
   118    206      1
   119      2      1
   119    307      1
   120     42      1
   121     79      1
   121    197      1
   121    215      1
   121    362      1
   122     75      1
   122    182      1
   123     88      1
   123    213      1
   124     98      1
   124    353      1
   125     89      1
   125    271      1
   125    395      1
   126     28      1
   126    191      1
   127     89      1
   128     13      1
   129    103      1
   129    138      1
   129    229      1
   129    273      1
   130    104      1
   131     73      1
   131    165      1
   132    110      1
   132    163      1
   132    231      1
   132    310      1
   132    386      1
   133      1      1
   133    147      1
   134     63      1
   134    397      1
   135     12      1
   136    105      1
   136    227      1
   137     74      1
   138    129      1
   138    304      1
   139     61      1
   140     25      1
   140    247      1
   141      5      1
   142     43      1
   143    106      1
   143    234      1
   144     31      1
   144    305      1
   145     36      1
   145    291      1
   146      7      1
   147    133      1
   147    318      1
   148    105      1
   149     13      1
   149    275      1
   150    111      1
   151     40      1
   151    274      1
   152     57      1
   152    237      1
   152    265      1
   153     24      1
   154     85      1
   155     77      1
   155    167      1
   156     37      1
   156    280      1
   157     80      1
   157    290      1
   157    349      1
   158     57      1
   158    352      1
   159     50      1
   159    267      1
   160     57      1
   161     45      1
   161    317      1
   161    355      1
   162     80      1
   163    132      1
   163    171      1
   164     58      1
   164    366      1
   165    131      1
   165    192      1
   166     92      1
   167    155      1
   167    242      1
   167    248      1
   168     24      1
   168    277      1
   168    333      1
   169      5      1
   169    301      1
   170    106      1
   171    163      1
   171    185      1
   172     32      1
   173    111      1
   174     39      1
   174    181      1
   174    224      1
   175     60      1
   176     80      1
   177     62      1
   177    183      1
   177    187      1
   177    311      1
   177    348      1
   178     91      1
   178    371      1
   179     45      1
   179    283      1
   180     72      1
   181    174      1
   182    122      1
   182    244      1
   182    344      1
   182    369      1
   183    177      1
   183    249      1
   184      0      1
   185    171      1
   186     29      1
   187    177      1
   188     87      1
   189     84      1
   189    195      1
   189    354      1
   190     31      1
   190    220      1
   190    303      1
   191    126      1
   192    165      1
   193     92      1
   194      7      1
   195    189      1
   196    114      1
   196    202      1
   196    388      1
   197    121      1
   197    222      1
   197    252      1
   197    306      1
   198     80      1
   198    238      1
   199     76      1
   200     67      1
   201     51      1
   202    196      1
   202    375      1
   203     35      1
   203    253      1
   204    118      1
   205     58      1
   206    118      1
   207     80      1
   207    261      1
   207    380      1
   208     85      1
   209     91      1
   210     30      1
   211     99      1
   211    295      1
   212      7      1
   213    123      1
   213    239      1
   214      7      1
   214    279      1
   214    282      1
   215    121      1
   216     45      1
   217     21      1
   218     28      1
   218    296      1
   219     32      1
   220    190      1
   220    396      1
   221    102      1
   221    329      1
   222    197      1
   222    302      1
   223     31      1
   224    174      1
   224    228      1
   225     65      1
   225    240      1
   225    276      1
   225    299      1
   226     85      1
   226    390      1
   227    136      1
   227    330      1
   227    399      1
   228    224      1
   229    129      1
   229    262      1
   229    286      1
   230    101      1
   231    132      1
   231    383      1
   232     47      1
   232    245      1
   233     50      1
   234    143      1
   234    285      1
   235     72      1
   236     51      1
   237    152      1
   237    347      1
   238    198      1
   238    257      1
   239    213      1
   240    225      1
   241     93      1
   242    167      1
   243     21      1
   244    182      1
   245    232      1
   246    108      1
   247    140      1
   248    167      1
   249    183      1
   250     45      1
   251     77      1
   251    379      1
   252    197      1
   253    203      1
   254     33      1
   255     74      1
   256     95      1
   257    238      1
   258     22      1
   259      3      1
   259    266      1
   259    294      1
   259    378      1
   260     39      1
   260    331      1
   261    207      1
   261    387      1
   262    229      1
   263     34      1
   264    107      1
   265    152      1
   266    259      1
   266    351      1
   267    159      1
   267    342      1
   268     59      1
   268    292      1
   269    116      1
   270     54      1
   270    392      1
   271    125      1
   271    381      1
   272    105      1
   273    129      1
   273    326      1
   274    151      1
   275    149      1
   276    225      1
   277    168      1
   278     34      1
   278    284      1
   279    214      1
   280    156      1
   281     67      1
   282    214      1
   283    179      1
   284    278      1
   285    234      1
   286    229      1
   287    106      1
   288      8      1
   289     82      1
   290    157      1
   291    145      1
   291    324      1
   292    268      1
   293      9      1
   294    259      1
   295    211      1
   295    377      1
   296    218      1
   296    309      1
   297     71      1
   298     25      1
   299    225      1
   300     49      1
   301    169      1
   301    313      1
   301    322      1
   302    222      1
   302    343      1
   303    190      1
   304    138      1
   304    360      1
   305    144      1
   306    197      1
   307    119      1
   308     77      1
   308    312      1
   309    296      1
   310    132      1
   311    177      1
   312    308      1
   312    341      1
   313    301      1
   314    104      1
   315     17      1
   316      1      1
   317    161      1
   318    147      1
   319    112      1
   320     44      1
   321     81      1
   322    301      1
   323     48      1
   324    291      1
   325     25      1
   326    273      1
   327     34      1
   328     32      1
   329    221      1
   330    227      1
   331    260      1
   332     79      1
   333    168      1
   334     13      1
   335     57      1
   336     69      1
   337     60      1
   337    376      1
   338     48      1
   338    350      1
   339    102      1
   340     59      1
   341    312      1
   342    267      1
   343    302      1
   344    182      1
   345     41      1
   346    100      1
   347    237      1
   348    177      1
   349    157      1
   349    374      1
   350    338      1
   351    266      1
   351    357      1
   352    158      1
   352    398      1
   353    124      1
   354    189      1
   355    161      1
   356     10      1
   357    351      1
   358    100      1
   359     42      1
   360    304      1
   361     33      1
   362    121      1
   363     19      1
   364      4      1
   365      9      1
   366    164      1
   367      9      1
   368     94      1
   369    182      1
   370     94      1
   371    178      1
   372      9      1
   373     89      1
   374    349      1
   375    202      1
   376    337      1
   377    295      1
   378    259      1
   379    251      1
   379    393      1
   380    207      1
   381    271      1
   382     77      1
   383    231      1
   384     21      1
   385     22      1
   386    132      1
   387    261      1
   388    196      1
   389     80      1
   390    226      1
   391     25      1
   392    270      1
   393    379      1
   394     61      1
   395    125      1
   396    220      1
   397    134      1
   398    352      1
   399    227      1
