COORD_X_Y 65
  0.61992  0.360238
 0.590647   2.83067
   2.0569   1.40051
  1.87118   2.90474
  2.43217   1.00267
  1.77195  0.936822
 0.504848   1.82097
  2.23275   2.86337
  2.79137   1.01827
  1.04279   0.87232
  1.87797   2.41174
  1.26666   1.74648
0.0825713  0.505869
  2.20877   2.41062
 0.593915   1.25566
  2.50494  0.679335
  1.34264   1.67833
 0.546541  0.485125
 0.823486  0.173675
 0.213338   1.78897
   0.6693   1.15043
  2.73753  0.591681
 0.792641   2.15811
  1.96638    1.5939
  2.53505  0.694459
  1.82289   1.50611
0.0764469   2.73651
  1.59993    1.5857
 0.820325    1.1473
  1.29718  0.889304
 0.586325    2.3874
  2.88486   0.86173
 0.253527    2.5015
  1.73577   1.72278
 0.687384   1.10201
  2.98478   0.55655
  2.42383   1.36296
 0.442828   2.81082
  2.29968   2.58186
 0.179522   2.60445
  1.99978   1.50946
  1.11356   2.54777
  2.69154   1.08826
  1.33748   2.48143
  2.34866  0.482311
  1.09666  0.820638
 0.491362  0.580885
  1.84608   2.10393
 0.291293   2.58141
 0.845636  0.205795
  1.77896    2.2135
  2.93887   1.87774
  1.53932 0.0790097
 0.653187 0.0323157
  1.30214   2.81543
  2.79854  0.994084
  1.53276   2.49468
  2.70467   1.91557
 0.994535  0.600062
 0.823994   2.22092
  2.83785   1.99929
  2.19958   1.63559
 0.644802   1.64995
  1.37039  0.533173
  1.21953   2.28154
LINKS_SOURCE_DESTINATION_DISTANCE 128
     0      1      1
     0      2      1
     0     11      1
     0     17      1
     1      0      1
     1      3      1
     1      4      1
     1     39      1
     2      0      1
     2     12      1
     3      1      1
     3      6      1
     3      9      1
     3     15      1
     3     22      1
     3     59      1
     4      1      1
     4      5      1
     5      4      1
     5      7      1
     5     13      1
     5     18      1
     5     64      1
     6      3      1
     6     14      1
     6     26      1
     6     54      1
     7      5      1
     7      8      1
     7     20      1
     8      7      1
     9      3      1
     9     10      1
     9     25      1
    10      9      1
    11      0      1
    11     37      1
    11     46      1
    12      2      1
    13      5      1
    13     40      1
    14      6      1
    14     16      1
    14     19      1
    15      3      1
    15     21      1
    15     23      1
    15     49      1
    15     63      1
    16     14      1
    16     24      1
    16     43      1
    17      0      1
    17     35      1
    17     44      1
    17     55      1
    18      5      1
    18     29      1
    18     30      1
    19     14      1
    20      7      1
    21     15      1
    22      3      1
    22     33      1
    23     15      1
    23     32      1
    23     36      1
    23     50      1
    24     16      1
    24     27      1
    25      9      1
    25     61      1
    26      6      1
    27     24      1
    27     28      1
    27     31      1
    28     27      1
    29     18      1
    29     38      1
    30     18      1
    30     34      1
    31     27      1
    31     52      1
    31     62      1
    32     23      1
    33     22      1
    34     30      1
    34     45      1
    34     48      1
    35     17      1
    35     53      1
    36     23      1
    37     11      1
    38     29      1
    39      1      1
    39     41      1
    40     13      1
    40     47      1
    40     58      1
    41     39      1
    41     42      1
    42     41      1
    43     16      1
    44     17      1
    44     56      1
    45     34      1
    46     11      1
    46     57      1
    46     60      1
    47     40      1
    48     34      1
    49     15      1
    50     23      1
    50     51      1
    51     50      1
    52     31      1
    53     35      1
    54      6      1
    55     17      1
    56     44      1
    57     46      1
    58     40      1
    59      3      1
    60     46      1
    61     25      1
    62     31      1
    63     15      1
    64      5      1
