COORD_X_Y 1000
 0.180238   2.65681
  2.93843   2.04852
 0.257692  0.464348
 0.465498   1.15318
   2.4646   1.85774
  2.02645  0.157068
  2.22286  0.787714
 0.801851   1.17277
  1.43699  0.212389
  2.02081   2.86973
   1.4036   2.48531
  2.70026   1.57363
  1.16963   1.85672
  2.95997   2.33244
   0.9502  0.317589
 0.941476  0.734141
  1.31993   2.75389
 0.207441   2.61923
   2.9577   1.48014
  1.74303   1.82281
  0.48515   1.10875
  2.69332   1.62795
 0.561351   0.39557
  1.43589    2.8813
  1.07624   2.09656
 0.258808   2.89473
  1.82034  0.874458
  1.42865   2.47604
 0.376801   2.35892
  1.02598   2.71364
   1.9324 0.0901609
  1.23892  0.124119
  2.60665  0.598843
  2.93647 0.0819575
  1.86844   1.32019
  1.65369  0.210887
  2.38101   2.10061
 0.556667   2.99433
  2.92345   2.85736
  2.05595   2.47753
  2.20216  0.528047
  1.56994  0.895452
  0.56642   2.73548
  2.01187   1.25059
  2.51617   1.79988
  2.16544  0.561901
   1.8787  0.251265
  1.40075   1.59724
  1.80517  0.741546
 0.735291    2.8135
  2.85264   2.52182
  1.49534   2.25739
  2.12361   2.08434
  1.85147  0.377943
  1.06551  0.664819
    2.358   2.06916
  1.38734   2.53829
 0.447707  0.424347
  2.90077   2.16485
  1.71857   1.40761
  1.47951   2.13123
  1.13819   2.06115
  2.13838   1.66995
  1.98803  0.659555
 0.549823   2.49801
 0.549635  0.297875
 0.868522   1.84651
  1.88497   2.42927
  1.74608  0.695455
  2.06967   1.08797
  2.48258   1.70443
  0.49704  0.845989
  2.56183   1.04439
  1.26636  0.561867
  1.80499   1.72197
   2.6625   2.05443
 0.711747   1.29285
   1.5065   2.98947
  2.13875   1.45969
  2.05788  0.682655
  2.64968   2.73117
0.0693132   1.05092
  1.70141   1.56427
  2.92414    2.7725
  2.36859   1.41731
  1.44618  0.864165
  2.10067   1.22072
 0.629537  0.778254
 0.630426  0.195259
  1.80246   2.57405
0.0190793   1.86779
  1.75701   2.57912
  2.70565 0.000690032
 0.403199   2.73676
  2.18871   1.66241
  2.86086   2.09747
  1.95009  0.191028
  2.53891   0.25643
  1.90339   1.50121
  2.76452     2.786
  1.07675   1.62199
 0.651549  0.983816
  2.31623   1.65851
0.0868975  0.668376
   1.0487   1.78954
  2.62448  0.145592
 0.170196   1.18826
  2.72713   2.40487
  1.76096   2.28383
   1.3856   1.25277
  1.91387   1.87892
  1.66725   1.03776
 0.406696   1.30356
 0.873274   1.55904
 0.095952   1.97818
  1.72157   2.62696
 0.409915  0.895043
  1.17843   1.49735
0.0590956   2.09307
  1.92356  0.442302
  1.95813   2.36143
  2.19501   1.87487
  1.66776   1.11404
  2.23611  0.871861
  1.65178  0.441544
  1.91472   2.92251
  1.31516   1.70016
   1.1464   2.56897
 0.888327  0.935933
 0.850854    2.3743
  2.66386   2.90794
 0.229343  0.545995
  2.54671   2.71134
  0.92643   1.43524
  2.64942    1.4803
  2.27787  0.900351
  0.97966   2.24954
 0.647089   1.34913
  1.11218  0.210919
  2.03688   1.22265
  2.74445   1.04502
 0.567831   2.91247
  0.61567   2.01307
 0.442038  0.059747
   2.7497   1.25221
 0.933128  0.707742
  1.85842   1.38684
  1.67558   2.47889
  2.54348   2.09091
  2.00417  0.328559
  1.39615   2.51338
  1.25505   1.25989
  1.88241  0.401548
 0.113444  0.860855
  2.02795   1.86716
  1.85718  0.123554
  1.86995  0.511972
  2.21785   0.49395
 0.182161  0.452191
 0.580458  0.441967
  1.22418   1.27842
 0.952805  0.309487
 0.386964   2.68428
  2.52269   2.64481
0.0223022   1.26675
  2.99731   1.85415
  2.76803   2.61669
  1.01842   0.81136
  1.90217   1.58023
  2.22905   2.83573
0.0663623   2.86016
  1.32785   1.98169
 0.661751    2.5903
  2.00914   0.83854
 0.750791  0.125653
  2.51388   1.01182
0.0267887   1.27102
  1.48176   1.87185
  2.62676   2.13718
 0.236972  0.304757
   1.3673   2.55779
 0.339505    2.1536
  1.85155  0.859508
 0.216267  0.781483
  0.46337   2.49889
  2.15926   2.49326
  2.10274   1.74063
   2.7493   2.23843
 0.940438  0.493035
  1.19255  0.370239
  2.92589   2.40953
  2.10107  0.385214
  1.24352  0.509574
 0.254842    1.1888
  0.63327  0.697293
  1.97481   1.49917
 0.731947   1.19519
  2.63884  0.968595
  2.79517   2.70689
 0.569147   1.46068
  1.97621  0.215449
  1.97309   1.58863
  1.33367  0.988931
  2.22165   1.22372
   1.4803   2.87809
 0.984333  0.683872
 0.224819   2.67575
  2.48286   2.60664
  2.10669  0.690124
  2.22633  0.686148
  1.56468   1.86847
 0.163179  0.739933
   2.5111  0.762623
  2.46472  0.274938
  2.83726  0.483504
  1.08712  0.779194
 0.912225    2.2736
  1.74807  0.698554
  1.63483 0.0990902
 0.659219   1.44149
  1.45705  0.665749
  0.65061   1.61131
  1.89138   2.80799
  2.18495  0.172316
 0.056501   2.23573
  1.40567   2.11733
 0.501311  0.838509
  1.05545   2.33085
 0.484114  0.434267
  1.93728  0.622591
  1.14038   1.80716
  1.01776   1.42251
 0.425392  0.878838
 0.592521   1.87156
  2.21259   1.25436
  2.99007  0.780535
  2.58181   1.60891
 0.260375   2.34775
  1.66208   2.72609
  2.13439    1.7541
  1.80684   0.39084
  2.62911   1.49319
  2.97247   2.10974
  1.33276  0.436729
  1.10508   2.43367
  2.27714   2.76621
 0.936332   2.61905
 0.640899  0.630496
0.00609509   2.84709
  2.28374   1.47691
  2.08783   1.21876
  1.47692   2.33517
  2.70112   1.94745
  1.55026   1.91748
  2.20596   1.55731
  2.90969   2.29459
 0.209141   2.55099
  2.48196   1.74909
  2.61454  0.990395
  1.62333   2.67345
   2.0944   1.30272
  2.33456  0.131253
 0.756724   2.38737
  2.87637  0.582191
 0.823647  0.578389
 0.161067  0.875408
  2.29533   2.86706
  1.19137   0.24312
  1.16141   2.93044
  2.76603 0.0364802
  2.75025  0.189167
 0.105816   2.71213
 0.904534   1.23507
  2.61799    1.8412
 0.976284   1.83199
  1.24877  0.453426
 0.620944   1.90614
  2.44555  0.909734
 0.366476   2.82242
  1.87026   2.40175
  2.82506   2.84039
  1.74731   2.35638
 0.389857   2.89125
 0.263469   2.04881
 0.728535   1.27139
  1.89757   1.36989
  2.28003   2.73634
  1.72685   2.92508
  1.77492   1.99496
  1.44707   2.24582
   2.5397   0.47555
 0.481744   1.68758
  2.47931   2.38436
 0.140097   2.64093
 0.946553  0.570406
  1.51537  0.225308
  2.26095  0.812525
 0.571606  0.544942
  1.19542   2.91448
  2.54485  0.887443
 0.561031  0.401036
  2.02605   0.12125
  1.41924  0.646008
  1.18714    1.2249
  1.09158   2.15611
  1.09578    2.7745
  1.72155   2.96836
 0.291033  0.290551
  2.12761  0.553192
  1.73355   1.12628
 0.366098    1.0874
   2.6436   1.00133
  1.34973   2.39838
   2.8585   2.73671
  1.86185   2.84644
  2.56088 0.00494482
  1.82858   1.84216
  2.23258   1.71492
  2.74072  0.151916
  1.11463  0.119504
  2.31069   2.90988
  2.69075  0.749224
  1.35166  0.705481
  0.73265  0.601035
 0.268563  0.123355
  1.41163   1.09982
   2.6406   1.53667
  1.40498    0.2196
 0.174056  0.884851
 0.776062   1.41741
  1.22974 0.0402646
 0.833316   2.52361
0.0844962   1.60302
  1.48525   2.64848
  2.95458   2.88109
  1.84133 0.0752284
  1.23016   1.88019
  2.59415   1.13395
  1.42049  0.786277
  1.81551   0.35569
  1.95686   2.39614
 0.661553   1.56796
 0.229772   1.97569
 0.549727 0.0864868
    1.011   1.78611
  1.26429   1.42904
  1.09427   0.93859
  1.52521   2.80979
  2.25299  0.924175
 0.250547   2.53068
  2.94117   1.55142
  1.55729   1.27079
  2.60459   1.17344
 0.976961  0.553652
 0.817804   2.98102
  2.78652  0.825085
 0.996739  0.954056
  2.24139  0.727605
   1.9911   1.67346
  1.91693   1.11667
0.00114827   2.39039
  1.89259 0.0493423
  1.43629 0.0534124
  1.82117   1.26232
  2.62776 0.0651937
  1.70111  0.051711
0.0718229  0.240594
  2.66942   1.51027
  2.64738   1.64868
  2.84471  0.250366
  2.72838   2.50381
 0.182276  0.367456
 0.982503   2.67918
 0.225448   0.37582
 0.456066   2.28602
  0.97368  0.796053
 0.696965   1.16102
  1.14275  0.822673
  2.71517   1.42068
   2.0926   1.70748
  2.22078   1.75872
 0.117557    2.7435
  1.75095   1.69911
 0.825823   0.34569
  2.93989   1.06446
 0.918106   2.95377
  1.21361   1.53072
  2.16258   2.38133
  1.62486   2.82959
 0.274587  0.316044
  2.60261  0.750176
  2.51031   1.95122
  1.60258   1.53285
 0.902821  0.153961
 0.861059  0.422655
  1.92288   2.40699
  1.94403   2.29017
  2.80966  0.244159
 0.621363   2.84071
0.0902002  0.581883
  2.80762   1.21347
 0.601344   1.82687
  1.05211   2.48604
  1.05351  0.522738
  2.12961   2.21616
  2.41911   1.35155
 0.454649   1.17215
  2.98419   2.23763
  1.86877   1.50224
  2.81853   1.93251
  1.57864   1.84563
  1.31158   2.62969
  2.18127  0.380465
 0.306159   2.64086
 0.924272   1.30566
  1.56705   2.70026
  2.99438  0.905927
 0.531617   2.68355
  1.25699  0.742405
 0.897541   2.00977
 0.217937   2.67919
  2.12225  0.284903
  2.13307  0.954979
  1.13385   2.13594
  1.85775   2.94114
   2.8803   2.49962
 0.153866   2.70587
 0.614121   1.13022
 0.105869   2.35615
  2.12947   1.27463
  2.23162  0.962654
 0.884855    2.4937
 0.140456   1.13197
  1.05953   2.15806
  0.87362   1.26481
  2.57957    2.3198
  2.20443   2.91355
  2.31701   1.59643
 0.417795   2.91409
 0.657678 0.0452538
  2.84263   1.81889
  2.80882  0.115562
 0.840882   2.17018
 0.775389   1.10588
  1.16593  0.313719
  1.20762   1.03156
  1.46924   2.92806
 0.353438   1.92505
  1.15054   1.09823
   2.7209   2.64179
  2.59416   1.98223
  1.30194  0.349371
  1.10755  0.950807
 0.573242   1.94058
  1.92802  0.169394
 0.841959  0.477524
  1.83839   1.95186
  2.78955   2.12106
  1.40562   2.75326
   1.1914  0.175433
  2.76572  0.614117
 0.108607   1.38144
  2.42334  0.318079
  2.64528  0.257796
  1.37136 0.0429464
   1.8033   1.54462
 0.267297  0.916477
  2.40051   1.75765
  1.21815   2.50519
  1.92646   2.36338
  1.43747    2.6151
 0.477062  0.566417
  2.08255 0.0093267
  1.77337   1.09476
 0.851821   1.49937
  2.10315   2.41856
  1.62878   1.64805
 0.810394  0.905047
  1.69289   1.33062
  2.39304   2.01837
 0.506402  0.361432
  2.58165   1.32044
 0.467428    2.6858
  2.07682   2.89187
  1.02812   2.26085
  2.55136 0.0863779
 0.686042   1.41421
 0.314037   2.55467
 0.460284  0.100211
  2.37229    2.4754
  1.24046    2.4103
  2.26555 0.0228825
 0.842091   2.13218
  1.44963    1.6377
  2.63555   1.21475
  2.48449   1.77003
  1.68552   1.98671
  1.29089  0.897537
   1.6233  0.848629
     1.61   2.18252
  2.15524   1.84554
 0.533248   2.74054
  1.53515  0.118393
  2.72471   2.96442
  1.75866   1.46805
  2.41323  0.580906
  1.67342   2.92538
 0.301046   2.73551
  2.42258   2.06116
  1.06429   2.12463
 0.756989  0.619095
  2.13145   2.89194
  1.53465   1.93967
 0.725581   2.98441
  1.95011  0.682424
  1.01768   2.70745
  1.99898   1.39609
   2.5703  0.662726
  2.76375  0.808995
  1.86534   1.78531
  1.06092   1.34787
 0.245558   2.18551
 0.242066   2.44682
  2.28587   1.70001
  1.92288  0.348129
  1.61683   1.82047
  1.29268  0.275779
 0.330399     2.558
  1.78608   2.17783
 0.238155    2.2273
 0.231271  0.739965
 0.828397   1.80199
  2.53607  0.244452
 0.160974   1.53347
 0.694389   1.61167
 0.870346  0.416112
  1.07554   2.68805
  0.95728   0.79392
  1.58948   1.70569
 0.973856   2.16915
 0.657798  0.662821
  2.47853   1.27242
0.00554823    1.1977
  2.05376  0.532316
  2.20776     1.443
 0.135726   1.35359
 0.770806   1.14309
  1.56696   1.25459
  1.72584   1.04353
   1.1137   1.37728
  1.20004  0.995146
   2.1888    2.3831
  1.74783   1.56159
  2.06302  0.608765
  1.97446   1.57848
  1.06409   2.76617
  2.75048   1.99429
 0.125649   1.98343
  0.94656  0.579481
 0.506042  0.531916
  1.78867   1.13743
0.00869037   1.68551
 0.498048  0.524567
  1.09706  0.352064
  2.10044   1.71172
  1.71793   2.55177
  2.67374   1.79985
0.0938314   2.43365
  2.42528   0.73419
  2.31728  0.417118
  0.68369   2.37747
  1.23242   1.62829
  2.07589   1.55895
0.0351705  0.458314
  1.24198  0.888685
  2.58993   2.21831
  2.89342   2.44918
   2.3722   2.02603
  1.80798  0.836644
  1.13302   2.37327
  1.80495   1.00273
  2.04294   2.54903
  2.71921   1.62073
  2.76005  0.324358
  2.79155   2.86417
 0.639835   0.21965
  2.29369   1.48822
  0.52123   1.63563
  2.79371    2.1663
  2.09941  0.121571
  1.15304   1.12777
  2.58135   2.56656
  1.22566   2.53667
 0.320928   2.31332
  2.81261 0.0413414
  2.66303  0.660021
  1.31534   1.29338
  2.54165   2.23337
  2.15726  0.607783
  2.81326  0.111521
  1.60507  0.904421
   1.4045  0.540619
  2.01927   1.55095
 0.258933   1.13903
0.0372953   2.98901
 0.847364   2.27364
 0.583512  0.743232
  2.05577   1.43569
 0.502939   2.58683
  1.55785  0.124552
  1.70941   2.25943
 0.886476   2.54261
  1.83087   1.50272
  1.75401  0.682854
  1.65778  0.734289
  1.28084   1.37438
   2.5101   1.69122
  1.08867   1.64507
  2.49128   1.76642
 0.302953   1.30152
 0.840666   2.81206
   2.5806   2.93219
 0.920999  0.951932
  1.83646  0.985617
  0.28753  0.414502
  2.49261   1.17427
  1.96407   2.36163
  1.24974   2.40085
   1.4674   2.68507
  1.70781   2.28638
  2.28374   1.83065
  2.56463   2.46676
   1.4931  0.228357
  2.94083   2.96959
 0.343329   1.17192
  2.99439   1.68347
 0.785672   2.50979
   2.9858    2.1223
  2.03449  0.389752
  2.76922  0.451279
 0.737774   2.24804
  2.08227   2.58351
  1.54886   2.01866
   1.3282   1.00503
  2.07067   2.60736
 0.310988   2.32602
  1.68262  0.944593
 0.572281   1.71416
  2.07551   1.98866
  1.17983  0.583369
  1.32761  0.271935
  2.30415  0.769689
  2.79178   2.43129
 0.106715  0.448246
  1.47308  0.241166
  2.78871   2.35541
 0.917523 0.0219928
  2.91625   1.82604
  2.20739  0.899671
 0.374941   1.88636
  1.04641    1.2695
  2.07496   2.94246
  1.11058  0.593389
  1.13895   1.76351
 0.292877   2.15382
  2.39087   2.45298
  2.07784    1.1098
  1.02201   1.61951
 0.313815   2.22155
  1.60675  0.936805
  2.34763  0.616621
 0.478996   1.54306
  1.16564     2.981
  2.67675   1.15476
 0.786636   2.20737
  2.26073   2.87708
 0.715875  0.963313
  1.26264   1.03995
  2.43031 0.0968604
   1.0367   2.68118
   1.3368  0.758846
  1.09616   2.76814
  1.17817   1.69144
 0.802376  0.013439
  2.66715   2.84087
  1.87687   2.54007
 0.537387  0.216489
 0.276846  0.776429
  2.55985  0.627195
  2.44888  0.538799
  1.37083   1.06595
 0.798764   0.69146
0.0561456   2.39571
  1.41315    1.2402
 0.572701   2.52462
 0.354355  0.463194
  2.83633   1.57021
  2.48572  0.912269
 0.339248 0.0297618
  1.05762   1.60393
 0.253551   1.04678
  1.93541   2.61723
  1.74366  0.357655
  1.44291   1.01222
  2.91124  0.564449
  1.69143  0.253509
  1.45494  0.168687
0.00449219   2.62632
  1.77225   1.92474
 0.960073   2.21576
  2.68383   1.80175
  1.39427   2.40598
  2.39639   1.70246
  2.44715   1.11849
  2.23924   2.41465
  2.05979   2.50177
 0.714067   1.53969
  1.96849  0.377874
  1.32887   2.77907
  1.99359   2.02864
  2.15548  0.477791
  2.68707   1.50472
  1.88345  0.170037
  2.96034   2.77528
0.0983295   2.34854
  2.07042  0.719153
  1.90604   1.12243
 0.683278   1.28961
  2.88217  0.441392
  1.36368   2.49554
  0.86548  0.190374
  1.33739   1.50022
  2.28062   2.50254
  1.57518   1.75034
  0.71992   1.38085
  2.02384   0.24196
 0.437856   2.47524
 0.629464   1.04867
 0.636355   2.32076
 0.204693   1.40946
  2.66974  0.836362
   1.1337   2.72614
  1.45947  0.256816
  1.77745   1.38932
 0.182128   2.01684
 0.835339   1.30654
  1.30455   2.44544
  2.44828  0.994557
   2.7669   2.36294
 0.417622  0.754212
  1.19608   2.36041
 0.509805   2.18884
  2.61428  0.503526
 0.271192  0.921317
 0.437362   1.08498
  2.22165   1.00366
 0.910456   1.88915
  1.45569   2.20517
  1.65439   2.62531
 0.315305  0.856124
  1.01983   2.37921
  1.16971   2.86677
 0.667285  0.492716
  1.03128   2.87749
  1.86298  0.269815
  2.40999  0.970454
  2.04057   1.22857
  2.40991  0.285462
  1.44434  0.720776
 0.965205  0.221127
 0.539287   1.52143
  1.21022   2.51231
  1.16554  0.391886
  2.25711   2.63991
   2.9581   2.65355
  0.95316  0.797767
  2.60368 0.0115509
  2.10608   1.20138
  2.94652  0.215938
 0.121718   1.22995
  1.51037  0.862793
  2.98418   2.06515
  1.37117    2.3103
  2.65771   2.72183
  1.62661   2.83028
  2.96606   1.37806
  2.75447 0.0693245
  1.32224   2.16345
  2.92111  0.600082
  1.52894   2.84757
 0.383932  0.224441
  2.26593  0.303033
 0.679651   2.62522
 0.164978   2.55829
 0.597275  0.795633
  0.92689   1.75212
  2.98532  0.753287
0.0174373   1.41437
  2.75872  0.443009
 0.585081   1.91717
  2.87936   2.91044
 0.545671  0.963781
  2.09635   1.06246
  1.71849   2.87124
 0.166788   2.21807
 0.225378   2.58559
  2.27125 0.00873596
  2.77465   2.12107
   1.4683  0.698339
 0.500239   1.15692
  1.42153   2.61982
0.0339636   2.84384
  2.11558   1.38498
  2.69436  0.325055
  2.99918   2.82195
   0.2597   2.42782
  1.97452   2.74198
  2.78828 0.0713477
 0.118274   1.34984
  2.18223   1.35299
   2.2556   1.63877
 0.708537   1.91557
  1.29762  0.481533
  1.68054   2.28532
0.0355209   2.12982
 0.926187   1.03362
 0.892342    1.1967
 0.577148   0.37238
  2.28765   2.78271
  2.97498    1.7039
  2.43581   2.82991
0.0947925   2.77141
  1.14252   1.95412
   2.1024  0.113169
 0.371201   2.06931
  1.85955    2.7811
  1.45285    1.1434
  1.26209  0.700416
  2.03273  0.814238
  2.64555   1.25784
  2.48688  0.856782
  2.19969  0.584024
  1.27982   2.51924
0.0950328   1.28658
 0.864147    1.9757
 0.277274   1.82413
  2.20644  0.437534
  1.22401  0.640071
  0.90733   1.30017
   1.4668   1.67792
  1.53753   1.88599
   2.4975   0.18044
  1.60255   2.48788
  2.83226  0.189831
 0.950379    2.8907
  1.32274   1.88528
  2.02762   2.33709
  2.06963   2.24105
  2.21217   1.23972
  2.29961   1.07132
   2.5763  0.781986
 0.871218  0.447263
  2.59918   1.99599
 0.868729   2.15199
0.0667049   2.39078
  1.50409    0.7435
  2.75886  0.425929
  2.40339   1.96064
0.0564558  0.388254
 0.714443   2.74927
  2.17348   1.23554
  2.62652   1.93856
  0.87661   2.82956
  2.96115 0.0969541
 0.556283   2.77849
  2.02013  0.939361
  2.48176 0.00426321
 0.163132  0.509827
  1.49879   2.37882
   2.1329   1.81853
   1.6467   2.39021
  1.22115   1.32788
  1.01005    2.7371
  1.84551   1.10677
  1.00408   1.52347
  2.86457  0.503822
  2.77867   1.48866
  1.20001   1.92108
  1.95528   2.45458
  1.79846   1.95386
 0.888823  0.838687
 0.367426 0.0615941
  2.05649  0.538716
 0.618359  0.284416
  2.92518    2.3086
0.0802672    2.9719
 0.540973   1.21197
 0.208931  0.147936
 0.856796  0.832082
 0.932081  0.595727
  2.47874  0.909634
  2.17698   2.49412
  2.96713  0.227344
0.0324005   1.08294
  2.62573   2.91281
 0.460748   1.93241
  1.04736  0.541767
 0.658171   1.96802
  2.27194   2.23401
   1.0717   1.55107
 0.530852   2.08622
  1.97767   1.13663
  2.46408  0.438053
  2.11017   1.24237
 0.134961  0.136983
 0.921632   1.93004
 0.982656   2.64249
  2.89218   1.09319
  1.97198  0.986286
  2.34858   0.55304
  1.17234   1.73748
  0.36156   2.44005
  2.76399  0.289652
  0.68204   2.87919
  2.38374  0.719055
  1.71524   2.69896
  2.99166   1.63686
  1.80816  0.152885
    1.181   1.26302
  1.87022   2.03908
  2.28011   1.31983
 0.548424   2.62685
  1.72069  0.208091
  1.15815   2.12315
  1.59229   1.49003
  2.94992   1.38095
  1.53328   2.67347
  1.34704    2.0377
0.0412775  0.589295
  2.55654   2.52187
  1.56204   1.71317
  2.63701  0.869988
  1.59633  0.629747
  1.00294   0.67716
  2.65466   1.93972
  2.06318  0.628839
 0.334942   1.69416
 0.434275  0.168719
 0.945985  0.716505
   1.7182   1.81229
 0.946514   1.86078
 0.452735   2.48567
 0.888569   2.10909
   1.4028    1.0562
  1.95606   2.62923
  2.96639   1.38665
 0.679832   2.49536
  1.68965   2.71257
   2.7497   2.58562
  2.11128   1.30983
  2.49667  0.951599
  2.15684  0.637214
  1.75816  0.503232
  2.06439   1.63692
  0.99304   2.14225
  2.43994   1.31885
  1.42816   1.39207
  2.97575    1.5393
  2.12081  0.371894
   0.4987  0.390547
 0.275548   2.98141
  1.78366   1.08415
  1.75061   1.45939
  1.08122   1.38019
 0.682713   2.04883
 0.474154   2.13089
  1.07903   2.87261
 0.511892  0.834593
  1.15694   2.12737
 0.434331  0.717305
  1.43793   2.37549
  1.95494   1.02854
  2.52794  0.296122
 0.665506  0.597055
   2.9298   1.32227
  1.73283   1.22913
  1.97286   1.83037
 0.568027  0.592135
 0.724372  0.525109
   1.7233   2.31697
  1.63102   2.25333
   1.0401 0.0410654
  1.32005   2.41159
 0.520193   2.94265
  2.99721   0.90025
  1.32069  0.571198
 0.460012  0.724381
  1.64996   1.43456
  2.65444   1.57751
  0.53827  0.664441
LINKS_SOURCE_DESTINATION_DISTANCE 1998
     0      1      1
     0      2      1
     0      6      1
     0      9      1
     0     14      1
     0    113      1
     0    184      1
     0    196      1
     1      0      1
     1      4      1
     1     17      1
     1    275      1
     1    339      1
     1    433      1
     1    452      1
     1    538      1
     2      0      1
     2      3      1
     2     16      1
     2     27      1
     2     72      1
     2    119      1
     2    124      1
     2    181      1
     3      2      1
     3      5      1
     3     10      1
     3     12      1
     3     21      1
     3     28      1
     3     52      1
     3    140      1
     3    162      1
     3    528      1
     4      1      1
     4    106      1
     4    307      1
     4    692      1
     5      3      1
     5     11      1
     5     13      1
     5     30      1
     5    123      1
     6      0      1
     6      7      1
     6      8      1
     6     24      1
     6    107      1
     6    226      1
     6    885      1
     7      6      1
     7     20      1
     7     70      1
     7     73      1
     7    188      1
     7    670      1
     8      6      1
     8     23      1
     8     26      1
     8     31      1
     8     87      1
     8    147      1
     8    169      1
     8    286      1
     9      0      1
     9     29      1
     9     60      1
     9     95      1
     9    114      1
     9    151      1
     9    186      1
     9    650      1
    10      3      1
    10     15      1
    10    190      1
    10    254      1
    11      5      1
    11     18      1
    11     42      1
    11    195      1
    12      3      1
    12    237      1
    13      5      1
    13     47      1
    13    108      1
    13    420      1
    14      0      1
    14     22      1
    14     25      1
    14     48      1
    14     56      1
    14    127      1
    14    244      1
    14    249      1
    14    869      1
    15     10      1
    15    356      1
    16      2      1
    16     19      1
    16    223      1
    17      1      1
    17     50      1
    17     85      1
    17    229      1
    17    641      1
    17    886      1
    18     11      1
    18     32      1
    18     41      1
    18    451      1
    18    969      1
    19     16      1
    19     83      1
    19    102      1
    20      7      1
    20     64      1
    20    204      1
    20    374      1
    20    632      1
    20    809      1
    20    931      1
    20    959      1
    21      3      1
    21     53      1
    21     54      1
    21    785      1
    22     14      1
    22     39      1
    23      8      1
    23     97      1
    23    110      1
    23    546      1
    24      6      1
    24     62      1
    24     94      1
    24    361      1
    24    780      1
    25     14      1
    25     36      1
    25     44      1
    25    696      1
    25    896      1
    25    915      1
    26      8      1
    26     33      1
    26     43      1
    26    242      1
    27      2      1
    27     37      1
    27     76      1
    27    368      1
    28      3      1
    28     34      1
    28    629      1
    28    752      1
    28    850      1
    29      9      1
    29     71      1
    29     79      1
    29    709      1
    30      5      1
    30     38      1
    30    129      1
    30    369      1
    31      8      1
    31    338      1
    32     18      1
    32     75      1
    32    590      1
    33     26      1
    33     35      1
    33     49      1
    33    121      1
    33    314      1
    33    675      1
    33    894      1
    34     28      1
    34    100      1
    34    116      1
    35     33      1
    35    224      1
    35    488      1
    35    697      1
    35    794      1
    35    856      1
    36     25      1
    36     88      1
    36    437      1
    36    558      1
    37     27      1
    38     30      1
    38     46      1
    38    148      1
    38    410      1
    38    951      1
    39     22      1
    39     40      1
    39     51      1
    39     80      1
    39    213      1
    40     39      1
    40     74      1
    40     91      1
    40    283      1
    40    472      1
    40    766      1
    41     18      1
    41     68      1
    41    160      1
    42     11      1
    42     45      1
    42     58      1
    42    104      1
    42    252      1
    42    380      1
    42    382      1
    42    602      1
    43     26      1
    43     57      1
    43    130      1
    43    480      1
    43    651      1
    43    805      1
    44     25      1
    44     67      1
    44    177      1
    44    294      1
    44    631      1
    44    669      1
    45     42      1
    45    378      1
    45    426      1
    45    486      1
    46     38      1
    46     55      1
    46     86      1
    46     89      1
    46     93      1
    46    501      1
    47     13      1
    47     59      1
    47    105      1
    47    135      1
    47    144      1
    47    247      1
    47    391      1
    47    634      1
    47    720      1
    48     14      1
    48     66      1
    48    332      1
    48    609      1
    48    687      1
    49     33      1
    49    132      1
    50     17      1
    50    203      1
    50    578      1
    50    774      1
    51     39      1
    51    192      1
    51    507      1
    52      3      1
    52     63      1
    52    111      1
    52    404      1
    53     21      1
    53    344      1
    53    403      1
    54     21      1
    54    112      1
    55     46      1
    55     77      1
    55     82      1
    55    145      1
    56     14      1
    56    136      1
    56    495      1
    56    636      1
    57     43      1
    57    137      1
    57    158      1
    57    411      1
    57    790      1
    58     42      1
    58    138      1
    58    747      1
    59     47      1
    59     61      1
    59    214      1
    59    466      1
    60      9      1
    60    491      1
    60    802      1
    61     59      1
    61    174      1
    61    949      1
    62     24      1
    62     65      1
    62    199      1
    62    245      1
    62    901      1
    62    958      1
    63     52      1
    63    189      1
    63    511      1
    63    607      1
    64     20      1
    65     62      1
    65    172      1
    65    246      1
    65    346      1
    65    557      1
    66     48      1
    66     69      1
    66    134      1
    66    421      1
    66    814      1
    66    847      1
    66    993      1
    67     44      1
    67    231      1
    67    269      1
    67    394      1
    68     41      1
    68     81      1
    68    126      1
    68    347      1
    68    409      1
    69     66      1
    69    168      1
    70      7      1
    70    322      1
    70    323      1
    70    449      1
    71     29      1
    71    101      1
    71    103      1
    71    281      1
    72      2      1
    72    143      1
    72    179      1
    72    360      1
    73      7      1
    73    178      1
    73    502      1
    73    535      1
    73    685      1
    74     40      1
    74    240      1
    75     32      1
    75     84      1
    75     90      1
    75     92      1
    75     96      1
    75    304      1
    75    400      1
    75    434      1
    76     27      1
    76     78      1
    76     99      1
    77     55      1
    78     76      1
    78    273      1
    79     29      1
    79    287      1
    79    364      1
    79    456      1
    80     39      1
    80    154      1
    80    191      1
    80    728      1
    81     68      1
    82     55      1
    83     19      1
    83    109      1
    83    128      1
    84     75      1
    84    117      1
    84    153      1
    84    207      1
    84    633      1
    85     17      1
    85    429      1
    85    496      1
    86     46      1
    86    122      1
    86    234      1
    86    961      1
    87      8      1
    87    354      1
    87    910      1
    88     36      1
    88    118      1
    88    218      1
    88    302      1
    88    627      1
    89     46      1
    89    365      1
    89    555      1
    89    605      1
    90     75      1
    90    164      1
    90    175      1
    90    677      1
    90    749      1
    91     40      1
    91    115      1
    91    377      1
    92     75      1
    92    990      1
    93     46      1
    93     98      1
    93    311      1
    93    321      1
    93    481      1
    93    737      1
    94     24      1
    94    152      1
    94    654      1
    95      9      1
    95    139      1
    95    228      1
    96     75      1
    96    180      1
    96    563      1
    96    580      1
    97     23      1
    97    131      1
    97    216      1
    97    300      1
    98     93      1
    98    238      1
    98    292      1
    98    305      1
    98    575      1
    99     76      1
   100     34      1
   100    733      1
   101     71      1
   101    125      1
   101    142      1
   101    353      1
   102     19      1
   102    291      1
   102    327      1
   103     71      1
   104     42      1
   104    187      1
   104    276      1
   104    333      1
   104    386      1
   104    479      1
   104    499      1
   105     47      1
   105    243      1
   105    690      1
   105    803      1
   106      4      1
   106    265      1
   106    581      1
   107      6      1
   107    773      1
   107    834      1
   108     13      1
   108    211      1
   109     83      1
   109    201      1
   109    205      1
   110     23      1
   110    282      1
   110    436      1
   110    457      1
   110    478      1
   110    858      1
   110    898      1
   111     52      1
   111    120      1
   111    799      1
   112     54      1
   112    159      1
   112    320      1
   112    370      1
   112    432      1
   112    726      1
   113      0      1
   113    267      1
   113    967      1
   114      9      1
   114    299      1
   114    585      1
   115     91      1
   115    278      1
   116     34      1
   116    221      1
   116    285      1
   117     84      1
   117    166      1
   117    173      1
   118     88      1
   119      2      1
   119    270      1
   120    111      1
   120    405      1
   120    811      1
   121     33      1
   121    141      1
   122     86      1
   122    161      1
   122    261      1
   122    647      1
   122    819      1
   123      5      1
   123    182      1
   123    268      1
   124      2      1
   124    272      1
   124    474      1
   125    101      1
   125    133      1
   126     68      1
   126    146      1
   126    183      1
   127     14      1
   127    149      1
   127    398      1
   128     83      1
   129     30      1
   129    703      1
   129    911      1
   130     43      1
   130    176      1
   130    468      1
   131     97      1
   132     49      1
   132    296      1
   132    362      1
   132    397      1
   132    835      1
   133    125      1
   133    515      1
   134     66      1
   134    198      1
   134    202      1
   134    227      1
   134    542      1
   134    678      1
   135     47      1
   136     56      1
   136    167      1
   136    171      1
   136    465      1
   137     57      1
   137    444      1
   137    882      1
   138     58      1
   138    248      1
   139     95      1
   139    306      1
   140      3      1
   140    293      1
   140    604      1
   140    854      1
   141    121      1
   141    155      1
   141    157      1
   142    101      1
   142    193      1
   142    521      1
   142    708      1
   143     72      1
   143    828      1
   144     47      1
   144    156      1
   145     55      1
   145    325      1
   145    383      1
   145    724      1
   146    126      1
   146    163      1
   146    210      1
   146    829      1
   147      8      1
   147    150      1
   147    208      1
   147    734      1
   148     38      1
   149    127      1
   150    147      1
   151      9      1
   151    460      1
   151    676      1
   152     94      1
   153     84      1
   153    206      1
   153    309      1
   153    939      1
   154     80      1
   154    236      1
   154    682      1
   155    141      1
   155    612      1
   156    144      1
   157    141      1
   157    209      1
   158     57      1
   159    112      1
   159    250      1
   159    832      1
   160     41      1
   160    317      1
   161    122      1
   161    266      1
   161    271      1
   161    284      1
   161    415      1
   161    586      1
   161    625      1
   161    973      1
   162      3      1
   162    334      1
   162    513      1
   163    146      1
   163    258      1
   163    569      1
   164     90      1
   164    165      1
   164    390      1
   165    164      1
   165    200      1
   165    212      1
   165    251      1
   165    340      1
   166    117      1
   166    219      1
   166    937      1
   167    136      1
   167    233      1
   168     69      1
   168    170      1
   169      8      1
   169    185      1
   169    220      1
   170    168      1
   170    337      1
   170    450      1
   170    956      1
   171    136      1
   172     65      1
   172    217      1
   173    117      1
   173    552      1
   173    765      1
   173    861      1
   174     61      1
   174    194      1
   174    280      1
   174    290      1
   174    527      1
   174    825      1
   174    971      1
   175     90      1
   175    241      1
   175    860      1
   176    130      1
   176    463      1
   177     44      1
   178     73      1
   179     72      1
   179    215      1
   179    428      1
   180     96      1
   180    253      1
   180    870      1
   180    904      1
   181      2      1
   181    225      1
   181    313      1
   181    381      1
   181    455      1
   182    123      1
   182    842      1
   183    126      1
   183    439      1
   183    658      1
   183    666      1
   184      0      1
   185    169      1
   185    197      1
   185    789      1
   186      9      1
   186    232      1
   187    104      1
   187    815      1
   188      7      1
   188    548      1
   189     63      1
   190     10      1
   191     80      1
   191    308      1
   192     51      1
   192    921      1
   193    142      1
   194    174      1
   195     11      1
   195    262      1
   195    804      1
   196      0      1
   196    274      1
   197    185      1
   197    903      1
   197    909      1
   198    134      1
   198    277      1
   198    371      1
   198    684      1
   199     62      1
   199    350      1
   199    559      1
   200    165      1
   200    379      1
   200    408      1
   200    489      1
   201    109      1
   201    222      1
   201    537      1
   201    978      1
   202    134      1
   202    303      1
   203     50      1
   203    412      1
   203    523      1
   204     20      1
   204    259      1
   204    260      1
   204    288      1
   204    477      1
   204    591      1
   205    109      1
   205    863      1
   206    153      1
   206    673      1
   207     84      1
   207    315      1
   207    613      1
   208    147      1
   208    941      1
   209    157      1
   209    721      1
   210    146      1
   210    574      1
   211    108      1
   211    430      1
   211    907      1
   212    165      1
   212    256      1
   212    693      1
   213     39      1
   213    264      1
   213    395      1
   214     59      1
   215    179      1
   215    447      1
   215    524      1
   216     97      1
   216    352      1
   217    172      1
   217    448      1
   217    567      1
   218     88      1
   218    239      1
   218    263      1
   218    441      1
   219    166      1
   220    169      1
   220    318      1
   220    326      1
   220    355      1
   220    484      1
   220    701      1
   220    874      1
   221    116      1
   221    230      1
   221    427      1
   222    201      1
   222    279      1
   222    446      1
   222    483      1
   222    640      1
   223     16      1
   224     35      1
   224    301      1
   224    328      1
   225    181      1
   225    324      1
   225    698      1
   226      6      1
   226    351      1
   226    545      1
   227    134      1
   227    235      1
   228     95      1
   229     17      1
   229    257      1
   230    221      1
   231     67      1
   231    341      1
   231    699      1
   231    890      1
   232    186      1
   232    473      1
   233    167      1
   234     86      1
   234    319      1
   234    442      1
   234    788      1
   234    975      1
   235    227      1
   235    494      1
   235    983      1
   236    154      1
   237     12      1
   237    824      1
   237    912      1
   238     98      1
   238    363      1
   238    504      1
   239    218      1
   239    643      1
   240     74      1
   241    175      1
   241    577      1
   241    713      1
   242     26      1
   242    359      1
   243    105      1
   243    881      1
   244     14      1
   244    373      1
   244    599      1
   245     62      1
   245    393      1
   245    691      1
   246     65      1
   247     47      1
   247    372      1
   247    619      1
   248    138      1
   248    343      1
   248    520      1
   248    878      1
   249     14      1
   249    255      1
   249    385      1
   249    459      1
   250    159      1
   250    843      1
   251    165      1
   252     42      1
   252    582      1
   253    180      1
   253    630      1
   254     10      1
   254    295      1
   255    249      1
   255    624      1
   256    212      1
   257    229      1
   257    464      1
   257    543      1
   258    163      1
   259    204      1
   259    840      1
   260    204      1
   261    122      1
   262    195      1
   262    316      1
   263    218      1
   263    336      1
   263    342      1
   264    213      1
   264    310      1
   265    106      1
   266    161      1
   267    113      1
   267    330      1
   267    399      1
   267    418      1
   267    516      1
   268    123      1
   268    298      1
   269     67      1
   269    388      1
   269    445      1
   269    695      1
   270    119      1
   271    161      1
   271    561      1
   272    124      1
   272    289      1
   272    498      1
   272    888      1
   273     78      1
   273    406      1
   274    196      1
   275      1      1
   275    329      1
   276    104      1
   277    198      1
   278    115      1
   279    222      1
   280    174      1
   280    471      1
   281     71      1
   282    110      1
   282    401      1
   282    628      1
   282    732      1
   283     40      1
   284    161      1
   284    461      1
   285    116      1
   286      8      1
   286    423      1
   286    490      1
   287     79      1
   287    375      1
   287    407      1
   287    532      1
   287    775      1
   287    942      1
   288    204      1
   288    297      1
   288    422      1
   288    714      1
   289    272      1
   289    754      1
   290    174      1
   291    102      1
   291    402      1
   292     98      1
   292    431      1
   292    662      1
   293    140      1
   293    600      1
   294     44      1
   294    357      1
   295    254      1
   295    652      1
   295    889      1
   296    132      1
   297    288      1
   297    661      1
   297    671      1
   297    852      1
   298    268      1
   298    595      1
   298    844      1
   299    114      1
   299    867      1
   300     97      1
   300    312      1
   300    795      1
   301    224      1
   301    467      1
   302     88      1
   302    335      1
   302    781      1
   303    202      1
   304     75      1
   305     98      1
   305    487      1
   305    503      1
   306    139      1
   306    419      1
   306    745      1
   306    974      1
   307      4      1
   308    191      1
   309    153      1
   309    443      1
   310    264      1
   311     93      1
   311    367      1
   311    725      1
   312    300      1
   312    637      1
   313    181      1
   313    358      1
   314     33      1
   315    207      1
   316    262      1
   316    348      1
   317    160      1
   317    717      1
   317    917      1
   317    963      1
   318    220      1
   319    234      1
   320    112      1
   321     93      1
   321    902      1
   322     70      1
   322    589      1
   322    656      1
   323     70      1
   323    345      1
   323    753      1
   323    908      1
   324    225      1
   324    611      1
   325    145      1
   325    414      1
   325    506      1
   326    220      1
   326    992      1
   327    102      1
   328    224      1
   329    275      1
   329    331      1
   329    530      1
   329    568      1
   330    267      1
   331    329      1
   331    417      1
   331    707      1
   331    792      1
   332     48      1
   332    592      1
   333    104      1
   333    779      1
   333    924      1
   334    162      1
   334    715      1
   334    845      1
   335    302      1
   335    469      1
   335    820      1
   336    263      1
   336    475      1
   336    566      1
   337    170      1
   337    366      1
   338     31      1
   338    440      1
   339      1      1
   339    454      1
   339    584      1
   339    598      1
   339    738      1
   340    165      1
   340    416      1
   341    231      1
   341    349      1
   341    396      1
   342    263      1
   342    438      1
   343    248      1
   343    387      1
   343    923      1
   344     53      1
   344    614      1
   345    323      1
   345    793      1
   346     65      1
   346    572      1
   347     68      1
   348    316      1
   349    341      1
   349    493      1
   350    199      1
   350    668      1
   351    226      1
   352    216      1
   352    392      1
   353    101      1
   354     87      1
   355    220      1
   355    384      1
   355    519      1
   356     15      1
   357    294      1
   357    509      1
   358    313      1
   359    242      1
   360     72      1
   360    534      1
   360    638      1
   360    718      1
   361     24      1
   361    653      1
   362    132      1
   363    238      1
   363    424      1
   364     79      1
   364    807      1
   365     89      1
   366    337      1
   367    311      1
   368     27      1
   368    485      1
   369     30      1
   370    112      1
   371    198      1
   371    376      1
   371    435      1
   372    247      1
   373    244      1
   374     20      1
   374    583      1
   375    287      1
   376    371      1
   376    644      1
   377     91      1
   377    645      1
   378     45      1
   378    512      1
   379    200      1
   379    547      1
   380     42      1
   380    739      1
   381    181      1
   381    999      1
   382     42      1
   382    711      1
   383    145      1
   383    776      1
   384    355      1
   385    249      1
   386    104      1
   386    425      1
   386    514      1
   387    343      1
   388    269      1
   388    389      1
   388    735      1
   388    899      1
   389    388      1
   389    413      1
   389    623      1
   390    164      1
   390    897      1
   391     47      1
   391    830      1
   392    352      1
   392    982      1
   393    245      1
   393    593      1
   394     67      1
   394    510      1
   394    859      1
   395    213      1
   396    341      1
   396    892      1
   397    132      1
   398    127      1
   398    683      1
   399    267      1
   399    887      1
   400     75      1
   401    282      1
   401    597      1
   401    848      1
   402    291      1
   402    540      1
   402    556      1
   402    674      1
   403     53      1
   404     52      1
   405    120      1
   406    273      1
   406    740      1
   407    287      1
   408    200      1
   409     68      1
   409    564      1
   410     38      1
   411     57      1
   411    851      1
   412    203      1
   412    497      1
   412    798      1
   413    389      1
   413    893      1
   414    325      1
   414    905      1
   415    161      1
   415    731      1
   415    800      1
   416    340      1
   417    331      1
   417    550      1
   418    267      1
   419    306      1
   419    508      1
   419    857      1
   420     13      1
   420    453      1
   420    929      1
   421     66      1
   421    719      1
   422    288      1
   422    918      1
   423    286      1
   424    363      1
   424    984      1
   425    386      1
   425    616      1
   426     45      1
   427    221      1
   427    462      1
   428    179      1
   428    536      1
   428    767      1
   428    906      1
   429     85      1
   430    211      1
   430    594      1
   430    770      1
   431    292      1
   432    112      1
   432    518      1
   432    997      1
   433      1      1
   433    492      1
   433    706      1
   433    723      1
   433    768      1
   433    916      1
   434     75      1
   434    727      1
   435    371      1
   435    458      1
   435    482      1
   435    704      1
   435    960      1
   436    110      1
   436    622      1
   437     36      1
   438    342      1
   438    679      1
   439    183      1
   440    338      1
   441    218      1
   442    234      1
   443    309      1
   443    646      1
   443    672      1
   443    694      1
   444    137      1
   445    269      1
   445    554      1
   446    222      1
   446    549      1
   447    215      1
   448    217      1
   448    476      1
   449     70      1
   449    517      1
   449    571      1
   450    170      1
   450    913      1
   451     18      1
   451    663      1
   452      1      1
   452    957      1
   453    420      1
   453    615      1
   453    744      1
   454    339      1
   454    539      1
   455    181      1
   455    526      1
   455    657      1
   455    756      1
   456     79      1
   456    626      1
   457    110      1
   457    470      1
   458    435      1
   459    249      1
   459    522      1
   460    151      1
   461    284      1
   461    729      1
   461    782      1
   462    427      1
   463    176      1
   464    257      1
   464    533      1
   465    136      1
   465    762      1
   466     59      1
   467    301      1
   468    130      1
   469    335      1
   469    544      1
   470    457      1
   471    280      1
   472     40      1
   472    579      1
   472    617      1
   473    232      1
   474    124      1
   474    635      1
   475    336      1
   475    588      1
   475    833      1
   476    448      1
   477    204      1
   477    529      1
   478    110      1
   479    104      1
   479    759      1
   480     43      1
   481     93      1
   481    940      1
   482    435      1
   483    222      1
   484    220      1
   485    368      1
   485    500      1
   485    565      1
   485    935      1
   486     45      1
   487    305      1
   487    587      1
   488     35      1
   488    551      1
   489    200      1
   490    286      1
   490    864      1
   490    876      1
   490    995      1
   491     60      1
   491    822      1
   492    433      1
   492    722      1
   493    349      1
   493    601      1
   493    895      1
   494    235      1
   494    705      1
   495     56      1
   495    596      1
   495    977      1
   496     85      1
   497    412      1
   497    505      1
   498    272      1
   498    525      1
   498    531      1
   498    667      1
   499    104      1
   500    485      1
   500    757      1
   500    797      1
   500    866      1
   501     46      1
   501    933      1
   502     73      1
   503    305      1
   503    553      1
   503    716      1
   504    238      1
   504    771      1
   505    497      1
   506    325      1
   506    573      1
   507     51      1
   508    419      1
   508    702      1
   508    930      1
   509    357      1
   509    761      1
   509    823      1
   510    394      1
   511     63      1
   511    541      1
   512    378      1
   512    955      1
   513    162      1
   514    386      1
   514    560      1
   515    133      1
   516    267      1
   517    449      1
   517    772      1
   518    432      1
   518    576      1
   519    355      1
   520    248      1
   520    562      1
   520    730      1
   521    142      1
   521    919      1
   522    459      1
   523    203      1
   524    215      1
   524    608      1
   524    642      1
   525    498      1
   526    455      1
   526    922      1
   527    174      1
   527    987      1
   528      3      1
   529    477      1
   530    329      1
   531    498      1
   532    287      1
   533    464      1
   534    360      1
   534    639      1
   535     73      1
   535    655      1
   536    428      1
   537    201      1
   538      1      1
   539    454      1
   540    402      1
   541    511      1
   542    134      1
   543    257      1
   543    606      1
   544    469      1
   545    226      1
   546     23      1
   546    688      1
   547    379      1
   547    891      1
   548    188      1
   549    446      1
   550    417      1
   550    826      1
   551    488      1
   552    173      1
   553    503      1
   554    445      1
   554    751      1
   555     89      1
   555    570      1
   556    402      1
   557     65      1
   558     36      1
   558    783      1
   559    199      1
   560    514      1
   560    648      1
   561    271      1
   561    618      1
   562    520      1
   562    665      1
   563     96      1
   564    409      1
   564    610      1
   564    621      1
   565    485      1
   566    336      1
   567    217      1
   568    329      1
   569    163      1
   569    812      1
   570    555      1
   571    449      1
   571    875      1
   572    346      1
   573    506      1
   574    210      1
   575     98      1
   576    518      1
   577    241      1
   578     50      1
   579    472      1
   579    936      1
   580     96      1
   580    855      1
   581    106      1
   581    603      1
   582    252      1
   582    700      1
   583    374      1
   583    839      1
   584    339      1
   585    114      1
   585    686      1
   586    161      1
   587    487      1
   588    475      1
   588    838      1
   589    322      1
   590     32      1
   590    980      1
   591    204      1
   591    865      1
   592    332      1
   593    393      1
   593    620      1
   594    430      1
   595    298      1
   596    495      1
   596    760      1
   597    401      1
   598    339      1
   599    244      1
   599    664      1
   600    293      1
   601    493      1
   602     42      1
   603    581      1
   603    827      1
   604    140      1
   605     89      1
   606    543      1
   607     63      1
   608    524      1
   608    681      1
   609     48      1
   610    564      1
   610    868      1
   611    324      1
   611    659      1
   611    712      1
   612    155      1
   613    207      1
   614    344      1
   615    453      1
   616    425      1
   617    472      1
   618    561      1
   618    841      1
   618    846      1
   619    247      1
   619    784      1
   620    593      1
   621    564      1
   622    436      1
   622    988      1
   623    389      1
   623    660      1
   623    769      1
   624    255      1
   625    161      1
   626    456      1
   627     88      1
   627    763      1
   628    282      1
   629     28      1
   630    253      1
   630    962      1
   631     44      1
   632     20      1
   633     84      1
   633    817      1
   634     47      1
   634    764      1
   635    474      1
   635    862      1
   636     56      1
   637    312      1
   637    736      1
   637    914      1
   638    360      1
   639    534      1
   640    222      1
   641     17      1
   642    524      1
   642    818      1
   643    239      1
   644    376      1
   645    377      1
   645    750      1
   646    443      1
   647    122      1
   647    689      1
   648    560      1
   648    649      1
   649    648      1
   650      9      1
   650    808      1
   651     43      1
   652    295      1
   653    361      1
   654     94      1
   654    801      1
   655    535      1
   656    322      1
   657    455      1
   658    183      1
   659    611      1
   660    623      1
   661    297      1
   661    821      1
   662    292      1
   662    743      1
   663    451      1
   663    837      1
   664    599      1
   664    742      1
   665    562      1
   666    183      1
   667    498      1
   667    710      1
   668    350      1
   668    883      1
   669     44      1
   670      7      1
   671    297      1
   671    791      1
   672    443      1
   673    206      1
   673    680      1
   673    746      1
   673    748      1
   674    402      1
   674    796      1
   675     33      1
   676    151      1
   676    945      1
   677     90      1
   678    134      1
   679    438      1
   680    673      1
   681    608      1
   682    154      1
   683    398      1
   684    198      1
   685     73      1
   686    585      1
   687     48      1
   688    546      1
   689    647      1
   690    105      1
   691    245      1
   692      4      1
   693    212      1
   694    443      1
   695    269      1
   696     25      1
   696    994      1
   697     35      1
   698    225      1
   699    231      1
   700    582      1
   700    871      1
   701    220      1
   702    508      1
   702    965      1
   703    129      1
   704    435      1
   705    494      1
   705    964      1
   706    433      1
   707    331      1
   708    142      1
   709     29      1
   710    667      1
   711    382      1
   712    611      1
   712    778      1
   713    241      1
   714    288      1
   715    334      1
   716    503      1
   717    317      1
   718    360      1
   719    421      1
   720     47      1
   721    209      1
   722    492      1
   722    741      1
   723    433      1
   724    145      1
   724    979      1
   725    311      1
   726    112      1
   727    434      1
   728     80      1
   728    989      1
   729    461      1
   730    520      1
   731    415      1
   731    948      1
   732    282      1
   732    943      1
   732    998      1
   733    100      1
   734    147      1
   734    925      1
   735    388      1
   736    637      1
   736    849      1
   737     93      1
   737    873      1
   738    339      1
   739    380      1
   740    406      1
   740    836      1
   741    722      1
   742    664      1
   743    662      1
   744    453      1
   745    306      1
   746    673      1
   746    755      1
   746    932      1
   747     58      1
   748    673      1
   749     90      1
   749    900      1
   750    645      1
   751    554      1
   752     28      1
   752    981      1
   753    323      1
   753    758      1
   754    289      1
   754    928      1
   755    746      1
   756    455      1
   757    500      1
   757    777      1
   758    753      1
   759    479      1
   760    596      1
   761    509      1
   762    465      1
   763    627      1
   763    954      1
   764    634      1
   765    173      1
   765    787      1
   766     40      1
   767    428      1
   768    433      1
   769    623      1
   770    430      1
   770    927      1
   771    504      1
   772    517      1
   772    816      1
   772    920      1
   773    107      1
   773    786      1
   774     50      1
   775    287      1
   776    383      1
   776    884      1
   777    757      1
   777    806      1
   778    712      1
   779    333      1
   780     24      1
   781    302      1
   782    461      1
   783    558      1
   784    619      1
   785     21      1
   786    773      1
   787    765      1
   788    234      1
   789    185      1
   790     57      1
   791    671      1
   791    946      1
   792    331      1
   793    345      1
   794     35      1
   795    300      1
   795    877      1
   796    674      1
   797    500      1
   798    412      1
   799    111      1
   800    415      1
   801    654      1
   801    813      1
   802     60      1
   802    831      1
   803    105      1
   804    195      1
   804    810      1
   805     43      1
   806    777      1
   807    364      1
   808    650      1
   809     20      1
   810    804      1
   811    120      1
   811    966      1
   811    985      1
   812    569      1
   813    801      1
   814     66      1
   815    187      1
   816    772      1
   817    633      1
   818    642      1
   819    122      1
   820    335      1
   821    661      1
   822    491      1
   822    853      1
   823    509      1
   824    237      1
   825    174      1
   826    550      1
   826    926      1
   827    603      1
   827    947      1
   828    143      1
   829    146      1
   830    391      1
   831    802      1
   832    159      1
   832    879      1
   833    475      1
   834    107      1
   834    872      1
   835    132      1
   836    740      1
   837    663      1
   838    588      1
   839    583      1
   840    259      1
   841    618      1
   842    182      1
   843    250      1
   844    298      1
   845    334      1
   846    618      1
   847     66      1
   848    401      1
   849    736      1
   850     28      1
   851    411      1
   852    297      1
   853    822      1
   854    140      1
   855    580      1
   856     35      1
   857    419      1
   857    953      1
   858    110      1
   859    394      1
   860    175      1
   861    173      1
   861    880      1
   862    635      1
   863    205      1
   864    490      1
   865    591      1
   866    500      1
   867    299      1
   868    610      1
   869     14      1
   870    180      1
   871    700      1
   872    834      1
   873    737      1
   874    220      1
   875    571      1
   876    490      1
   877    795      1
   878    248      1
   879    832      1
   880    861      1
   881    243      1
   882    137      1
   883    668      1
   884    776      1
   885      6      1
   886     17      1
   887    399      1
   888    272      1
   889    295      1
   889    944      1
   890    231      1
   891    547      1
   892    396      1
   892    938      1
   893    413      1
   894     33      1
   894    950      1
   895    493      1
   896     25      1
   897    390      1
   898    110      1
   899    388      1
   900    749      1
   901     62      1
   902    321      1
   903    197      1
   903    970      1
   904    180      1
   905    414      1
   906    428      1
   907    211      1
   908    323      1
   909    197      1
   910     87      1
   911    129      1
   912    237      1
   913    450      1
   914    637      1
   915     25      1
   916    433      1
   916    952      1
   916    972      1
   917    317      1
   918    422      1
   919    521      1
   920    772      1
   921    192      1
   921    934      1
   922    526      1
   923    343      1
   923    991      1
   924    333      1
   925    734      1
   926    826      1
   926    968      1
   927    770      1
   928    754      1
   929    420      1
   929    976      1
   930    508      1
   931     20      1
   932    746      1
   933    501      1
   934    921      1
   935    485      1
   936    579      1
   937    166      1
   938    892      1
   939    153      1
   940    481      1
   941    208      1
   941    996      1
   942    287      1
   943    732      1
   944    889      1
   945    676      1
   946    791      1
   947    827      1
   948    731      1
   949     61      1
   950    894      1
   951     38      1
   952    916      1
   953    857      1
   954    763      1
   955    512      1
   956    170      1
   957    452      1
   958     62      1
   959     20      1
   960    435      1
   961     86      1
   962    630      1
   963    317      1
   964    705      1
   965    702      1
   966    811      1
   967    113      1
   968    926      1
   968    986      1
   969     18      1
   970    903      1
   971    174      1
   972    916      1
   973    161      1
   974    306      1
   975    234      1
   976    929      1
   977    495      1
   978    201      1
   979    724      1
   980    590      1
   981    752      1
   982    392      1
   983    235      1
   984    424      1
   985    811      1
   986    968      1
   987    527      1
   988    622      1
   989    728      1
   990     92      1
   991    923      1
   992    326      1
   993     66      1
   994    696      1
   995    490      1
   996    941      1
   997    432      1
   998    732      1
   999    381      1
