COORD_X_Y 1000
  1.34749   2.32396
 0.103542  0.651573
 0.890442   1.18725
 0.609743   1.76119
 0.713007   2.74748
  2.65206  0.691192
 0.561139 0.0856954
  2.74867    1.4701
 0.144614   1.33193
 0.993521   0.52093
  0.57535   1.93006
  2.18418    2.4276
 0.350958   2.15096
 0.507039   1.09596
  2.65328  0.674299
 0.470346    2.4981
  2.93846   2.86311
 0.813534   1.81594
0.0922213  0.573978
 0.437253  0.173585
  2.17665   2.79123
  2.16671   1.75186
0.0688444  0.221923
  1.57056   1.15415
  1.55005   1.44099
  0.40131  0.752469
  2.00293   1.76993
 0.328021    2.2284
 0.268067  0.188352
 0.906824   1.25476
  1.36638   1.51486
   2.1967  0.445949
  2.68627  0.110335
  1.14387   2.58112
  1.18925   1.58699
 0.294565   2.02194
  1.83502  0.997405
  2.15051   0.71751
  2.72884   1.45382
  2.90138  0.672291
  1.78671   1.67524
  1.64543   2.07738
   2.6074   1.35196
  2.47975    2.4646
  1.58419   2.05661
 0.714165   1.25158
  2.00649   2.36855
  1.60517   1.49552
  1.82346   1.32246
  1.42711   2.30357
   2.0642  0.936481
  2.02942  0.858722
 0.863083   1.34831
  1.68945 0.0202531
  2.30529    2.6038
  2.42964   1.30235
  1.27008  0.721989
  2.02465   2.73171
  1.68109   2.63281
0.0692671   2.32413
  1.40687    1.5096
  2.27233  0.792255
 0.918649  0.488088
  1.49538   2.60138
  2.41525  0.462657
  1.34893   2.52876
 0.862552  0.740542
  2.65311  0.864169
 0.737107  0.156296
 0.903617   2.58705
  1.34461  0.170551
  1.86558  0.605457
   2.0953   1.72074
  1.26248  0.474263
  2.41108 0.0568487
  2.27948  0.124172
  2.29478 0.0260143
 0.229018   1.02067
 0.688206   1.41362
 0.963151   2.83462
0.0871908   2.50269
 0.804863    1.4747
  1.19176   1.28014
  2.45256   1.48782
  2.68478   1.94575
   2.1269   2.48742
  2.15764  0.368888
  1.92012   0.17924
  2.75887   1.35698
  2.65888  0.779674
  2.36322   2.32188
  2.46412   1.56314
  1.32352 0.0626897
   1.4753   1.26552
 0.451154  0.753723
  1.83792   1.37858
 0.614894  0.160514
  2.56724   2.12442
        3   2.74625
  2.25599   1.61301
  1.81827   2.02993
  1.22581  0.926515
  1.92986 0.0482432
   1.6132  0.364564
  2.16239   1.50187
 0.465266  0.660099
  2.07259   2.92938
 0.715741  0.908096
 0.218098   1.82759
  2.23348   1.12088
 0.434346   2.93112
  2.59595   1.27564
  1.82077  0.487978
 0.403811    2.7513
 0.554428   2.80499
  2.22307   1.80419
  1.65111  0.885083
  2.38589   2.04793
  2.17509   1.86778
  2.27474   2.52939
  2.92094  0.381541
  0.16544   1.80115
  1.81352  0.990038
  2.31922  0.477759
    2.426   2.85493
  1.36881   1.63212
  1.88192   2.31494
 0.643318   2.25217
  1.86168     2.889
  0.76655  0.746993
 0.296295   2.61665
  2.53125   1.58585
  2.45726  0.769143
  1.34364   1.36996
  2.90116   1.38221
  2.52921   1.10873
   2.2681  0.418021
  2.68789  0.614715
  1.90205  0.599704
  1.32578   2.39056
  1.62633    0.6091
  2.56096  0.195523
 0.663949    1.0066
  1.21212   1.58406
 0.113065   2.51487
 0.167093  0.785144
  2.36096   2.50244
 0.570404   2.46978
   1.0527   2.16671
0.0579344   1.07578
 0.939967   1.91504
   2.1977  0.632314
  1.50118  0.111725
 0.276773  0.737412
  2.28172   1.32447
 0.132849   1.04886
  2.87312    1.7992
  1.57779  0.652939
  1.95735   0.66985
  1.06708   1.46582
  0.44935   1.23654
 0.474415   2.36385
   2.2138   1.60825
 0.482563   1.53219
  1.87267   2.28674
 0.206374   2.96822
  1.50766   1.31878
 0.940238   2.14301
 0.362147  0.115711
 0.353493   1.59269
 0.167881   2.91394
 0.858054 0.00612881
  1.77753   1.18119
  0.23255   2.14763
  1.78749   1.31496
  1.25101  0.117314
 0.837516  0.449717
  1.71259    2.7583
 0.243356  0.530912
 0.118379  0.832137
  2.82991   1.87981
  2.16274   1.80267
  2.49385   2.67796
   2.5756  0.358015
   2.0283   2.60413
  1.85014  0.621352
  2.03468  0.194908
   1.6893   1.04896
  1.04037  0.581675
  1.95622   1.15335
  2.50198   2.19493
  1.62658   1.49071
  2.36068  0.395758
  1.45727   2.30432
 0.169373     2.645
  1.52627   2.37789
 0.622745   1.76976
  1.34392 0.0290401
  1.75441  0.923489
  0.77692   2.03585
 0.509038   2.34842
 0.448722   1.45826
 0.151967   1.47677
  2.79722   2.24488
  2.81423   1.99894
  1.93774 0.00404864
  1.25195   2.07313
 0.341737   2.16647
  2.54059   1.81708
 0.167631   2.60741
   2.3786   2.99784
 0.938846  0.595793
  2.25735  0.911226
 0.622707   2.88723
  2.84281  0.903527
  2.06934   1.03532
  1.58489   1.59925
  2.12775 0.0721172
 0.290837   1.68217
  2.31267   2.98276
 0.872695   0.76511
  2.80926   2.37006
 0.612704  0.836623
 0.343581  0.291977
  1.72436   2.68099
  2.09788  0.358453
 0.823058    1.6184
  1.31859   2.70575
  1.49514   2.68669
   0.1232   1.95648
  2.33033  0.417949
  2.66505   1.60238
 0.601148  0.241509
  1.03647   2.08774
 0.640587   1.99526
  2.30729  0.150462
 0.171858  0.106844
 0.893893   2.03096
  1.85642  0.898132
 0.158838  0.910876
 0.783878  0.459012
 0.752347   1.67988
  2.25289   1.35211
  1.37614  0.362624
 0.339721  0.843053
  2.53279  0.457835
  1.32293   1.91069
 0.856479   2.24175
  1.97395  0.460707
  1.24752  0.119227
  2.81572 0.0605921
  2.97391  0.739855
  2.89268  0.547245
  1.45692   2.81469
  2.36105   1.26162
 0.546935   1.85788
  1.20414   1.24717
  1.45918   1.95206
 0.837738   1.46676
  1.43587   0.12528
 0.789524   1.75403
   2.6776    2.0263
  2.29409   2.25618
  2.79129   2.36191
  1.43265  0.447081
  2.97548   1.16673
   2.4118   1.62486
 0.840107   1.17622
 0.422668  0.876078
  1.49896   2.13892
 0.190295   2.63408
 0.509165   2.97701
  2.60506  0.833647
  2.82324   1.39376
 0.633868    2.0827
 0.768766    2.1036
  1.18917   1.29171
  2.88206   1.48119
  1.82573   2.05394
  1.11125   2.27672
  2.45504  0.296857
  2.11074   2.51331
 0.709236   1.21858
 0.854931  0.669436
  1.30187   2.73224
  1.39177   2.25628
   1.3287   2.55241
  1.34117  0.156264
 0.939489   2.07449
  1.14373   1.79484
  1.18381  0.330972
  2.33561   2.08285
  2.96155  0.821411
  2.02851  0.570834
  1.38792   2.79716
 0.952367   1.52531
 0.406542   2.94209
 0.187611   1.40325
  2.75035   2.41017
  2.73463  0.723435
 0.308104 0.0495012
 0.622542  0.693823
  1.74358   2.73956
   1.4444    1.5878
  1.86467   1.40122
 0.266809   2.42371
  1.53868   2.10311
   2.3269  0.969487
  1.37139   2.97162
  1.63932   1.00439
 0.156421 0.0788444
0.00881647   1.45176
  1.19653   2.92577
 0.657449  0.480493
 0.183364  0.469444
 0.410146   1.14527
  2.45792   1.77547
  2.78233   1.48014
 0.523811   2.53957
  2.22563   1.40612
  2.84432    1.8855
 0.681375    1.6979
   2.9496     1.375
 0.606274   1.14128
  2.63715  0.161437
  1.69661   0.35823
 0.200567   2.75305
  2.88913  0.848361
  2.49106   1.23522
  1.09986   1.03717
  2.10046  0.409193
 0.932442   2.77093
  1.46722  0.989079
 0.573946  0.384245
 0.245109  0.200713
  2.29646  0.867696
 0.782937   1.95994
  1.03603  0.932244
  2.40928   1.84323
 0.891908  0.911322
  1.54653  0.522951
 0.247709   1.89499
  2.04449   1.62706
  2.14478   2.12845
  2.59767   2.81051
   1.0855  0.770204
  1.08419   1.83651
 0.227599   1.33522
 0.648233    2.8946
 0.765368   1.38876
 0.885297    2.1508
 0.510578   2.95779
  1.36764   2.74196
  2.51105  0.947933
   2.1256  0.571334
  2.53228   1.12733
  1.76473   1.07645
  2.81153   0.33995
 0.481032    1.7269
  2.76999   2.09986
 0.452986  0.590783
  1.35398   1.55927
  1.32316  0.832783
0.0371628 0.0359452
  1.98204   2.33199
  2.57761    1.4904
 0.162684   1.05025
  2.90198 0.0703148
  2.99193     1.319
  2.19981    1.8255
  2.00888  0.378407
  1.61839   1.84794
 0.526749   1.39401
  1.85186     1.163
   2.1017  0.947223
  2.36336  0.358656
  1.67864  0.701202
  2.55594  0.401419
  1.18498   1.61086
  2.19418  0.403817
  1.63873  0.825284
 0.682234   2.50513
  1.20152  0.787623
  1.46989  0.920167
  2.82394   2.02698
  1.14807  0.944696
  1.20822   1.13643
  2.01436   0.12333
  1.33808   2.14368
  2.93689   2.80425
  2.10117    2.7033
  0.73815   2.71959
  1.24483  0.941967
  2.17497  0.725958
  2.44222    2.7856
  2.40264  0.109675
  2.85754   2.76103
  2.90216   1.93285
  1.15715  0.574388
  1.25961  0.457391
0.0405498  0.897345
  2.28602   1.59871
   1.4857   2.18483
  1.29323  0.629057
  1.54786  0.945207
  2.95537  0.453343
 0.514204   1.00782
  2.32171   2.27826
  1.86457  0.577779
   2.7989  0.878829
 0.560798   1.17294
  1.35816   2.00481
  2.19208   1.35603
  2.82807   0.25997
 0.837109   2.11609
    2.733   0.52108
 0.569944   1.74815
  0.27535   2.65345
  2.69064   1.69018
  0.62838   1.95482
    2.645   2.96791
  1.12023   1.81535
  1.49567  0.116159
  1.32578   1.82624
   2.7361   1.26457
  2.20137    2.8476
   2.7444   1.94081
  1.23276   1.19324
 0.206481  0.350832
  1.38904   0.28405
  2.09761   2.11339
  2.03745   2.31911
  2.51401  0.784993
  1.50169   2.60739
  1.17036   1.61887
 0.443827   2.28089
  2.97328   0.97702
   1.7979   2.24704
  0.66128   1.31889
  1.30006   2.47227
  2.22168   1.52945
  2.88986   2.96946
  2.68504  0.463345
  1.40045   2.77918
 0.375953   1.73605
  1.01727   2.06936
 0.343515   2.37728
  2.02625   2.45764
 0.106816   2.97129
  2.12394   2.05689
 0.529083   1.93785
  2.26447   1.30326
  2.47323  0.814273
0.0223896  0.169047
  2.27188   2.00947
  2.39587   2.54606
  2.45421   2.49936
  2.45811  0.387123
  2.07649  0.916723
    1.042  0.981379
  2.25928   1.00573
 0.679281   2.64758
   1.7211  0.249298
 0.124166  0.619662
  1.31272   1.15652
  2.67527   1.75802
  2.86861  0.092717
  1.89472   2.42585
  1.86975   2.43568
 0.606355   1.50019
  2.74031  0.444428
 0.544851   1.44285
  1.18311   1.62839
 0.143006  0.610147
  2.06115   1.92224
  1.77696   2.10987
  1.77966   1.19573
   2.6288   1.71348
  2.44542   2.23359
  1.22199  0.847835
 0.275798   2.26349
 0.862635   1.43042
  1.57651   0.87965
  1.70075   2.00017
  0.53507  0.866433
  1.89183   2.53298
  1.73781  0.327517
    2.443  0.364913
  1.65158   2.13761
 0.502048     2.438
 0.920693   2.43202
  2.30717  0.101854
 0.628095   2.00611
 0.548196  0.857177
  2.30567   2.24581
 0.360045   2.46747
  1.23913   2.52584
 0.173107   2.81973
  1.28148  0.715241
 0.683939   1.43088
  1.78538   1.83196
 0.976088   2.61959
 0.873831   2.03042
 0.476125    1.2455
 0.102968   2.45644
  1.73517  0.369875
  0.52792   1.60529
 0.902211  0.523892
  2.47317   1.02117
  2.04499  0.731005
  2.50616    2.1527
  1.25932   1.69754
 0.169529  0.638363
 0.430145   1.92134
  2.09335   1.16992
 0.562802   2.68316
0.0496681   1.48522
  1.34509 0.0134783
  2.97765   2.83352
  2.56437  0.599258
  2.68504   2.63859
 0.245858   2.07325
  2.08656   2.33478
 0.936986  0.685331
  2.72226   1.08131
  1.38678   2.91859
 0.260965  0.601399
 0.283176  0.559231
  1.43828   1.08339
  2.75776   1.02335
 0.399809   2.49368
  1.37606   1.32345
  2.34956   1.16567
  2.49955  0.100766
  2.83637   0.58585
  1.90282   2.08776
 0.342904   1.02523
 0.327794   1.94498
   1.4067    1.0644
  1.61767  0.881077
  0.79261   1.70357
 0.131005   1.05268
 0.506501   1.08693
  1.78361   1.75042
  2.34585   1.22717
  2.82423  0.401242
  1.61081   1.01369
  2.85349  0.195713
  1.94151   2.93826
  0.70362    1.0399
 0.629464   1.61944
 0.301517  0.539584
  2.14551     2.321
  2.93891  0.200681
 0.187886    1.7782
  1.10914  0.687474
 0.873192   1.12318
 0.616671   1.78693
   2.2899  0.659208
  2.77624   0.23878
  1.96555    1.8915
 0.282027  0.454173
  2.30655   1.51129
  1.20628   1.46635
   1.8245   1.65628
 0.752604  0.687303
  2.84959  0.633922
   2.5453   1.54758
  1.43248   2.41531
  2.53126   1.18443
  2.10185   2.25351
  2.89448    2.3876
 0.309399   0.16014
   0.4871   1.10451
  1.19395   2.96252
  1.61113   0.25011
  1.94918   1.75813
 0.534901   1.31826
  1.63827   1.94488
  1.29164   2.25171
 0.376367   2.66304
   1.2593   2.20016
  1.50598  0.192508
 0.672781  0.160722
 0.108037   1.10241
 0.861401   0.27969
  2.99243   1.03241
  2.55706   2.88511
  2.69598   1.79689
   1.3157   1.40852
  1.15973  0.938783
0.0436465   2.45447
0.0183537  0.794621
  2.97754   1.37942
  2.29888   1.25405
  2.69595   1.78936
 0.687317  0.347199
 0.583304  0.824695
  1.35675   2.57554
 0.862983  0.552079
 0.586895   2.76109
  1.42101  0.534413
  2.55234   2.57584
 0.927628   1.64023
  2.95145  0.617963
  1.74314  0.277791
  2.20614  0.500289
 0.883352   1.95045
 0.399067 0.0346844
 0.852059  0.539975
  2.35756    2.6527
  1.48101  0.900135
 0.280352   2.96722
 0.960754   0.12339
0.0983461  0.236007
  2.67605   1.45195
  1.89801   2.89519
  1.05573   2.15447
  2.55098   1.69848
   0.1001  0.464452
 0.116712  0.403949
 0.676683   2.24436
  2.15102   1.75673
  1.66682   2.90218
   2.6953    1.3149
  2.23254   1.16432
  2.27654   1.81551
  2.46142   1.75709
 0.711632   1.65559
 0.688382   1.16334
  2.38031   2.66647
 0.128745   0.61197
 0.366018   1.57508
 0.396237  0.382079
   1.6022   2.04942
  1.47755   1.64175
 0.967555    2.5775
  1.19729   1.49534
  2.66091   2.62475
 0.730451   1.61371
 0.163585   2.69503
  2.92819    1.2326
 0.274695   1.59401
  2.08853   2.94143
  2.53311   1.71203
  1.25976   2.30801
  1.36917   1.71033
 0.169476   2.19609
 0.512822   1.89288
 0.968225  0.971404
  1.40751   2.99516
  1.80118   1.55213
  1.45551 0.0646944
 0.471516   2.63595
  1.30546  0.940305
  2.67031  0.808002
  1.02751   2.62415
 0.826371   2.23866
  0.16097  0.729914
  1.17041   1.29644
  2.54619    2.3412
  1.73385  0.858393
  1.32342   2.51425
 0.935092  0.176872
0.0231396   1.95834
  1.39657 0.0833871
  1.43082   1.51969
0.0953419  0.227151
 0.177277  0.659242
  2.54549  0.950432
  2.31633   2.86265
  2.78694   2.21403
  1.84054   1.65959
  1.36936   1.79465
  1.55628  0.401411
  1.13048  0.293151
  1.19691   2.21888
 0.470029  0.611313
    1.634   2.03779
  1.51348   1.23101
  2.42418   2.59113
 0.633568   2.59373
  2.70012   1.84146
  2.62371   1.13836
    1.087   2.56302
  2.52656    1.3434
  1.64829   2.58148
    1.633   2.51579
  2.70309  0.850731
  2.49269    1.5265
   2.4396   2.02342
  1.50257   2.88393
  2.51902   2.14661
  0.62127   2.20613
  1.87119   1.43133
 0.600109   2.56137
  1.05404   2.63985
  2.85656  0.739547
  1.53431   1.35947
 0.924747  0.626457
  1.69034   1.48935
  2.26307   2.58117
   1.4831  0.638442
  2.95962    2.3864
 0.611905   1.56038
  2.19261   2.76463
   2.0629    1.7638
   2.3675  0.431415
  1.16332   1.36945
 0.616249   2.56065
  1.96312  0.182556
   2.3989   2.93639
  1.59522  0.479269
  1.79671   2.51474
    1.368  0.847246
  2.66879   2.79335
  1.19943    1.2585
  1.11343   1.91502
 0.018242   2.99929
  1.66654   1.42794
  2.43246   1.04958
  2.15111   2.08877
  1.84285   2.25462
  2.21468   0.34375
  1.21077   2.22978
 0.421403   2.40075
  2.24238   1.85679
 0.335731   1.17068
  2.19194   2.99736
 0.784568   2.86217
0.0221442  0.139056
 0.164758  0.650924
0.0850579  0.699736
  1.02551  0.946106
  1.50054   2.17681
  2.08762   1.60446
  2.56774  0.622621
 0.687946   1.97972
 0.601577   2.94691
  1.60159  0.141869
 0.478539   1.19311
   2.9421   2.77193
 0.942104    1.2789
  1.29623   1.30929
  0.48518   2.21627
 0.416701   2.88322
 0.314777   1.78461
  2.42796   2.60301
 0.768088   2.41055
  1.93532   1.15282
  2.13122  0.907153
 0.315083   2.29141
  2.14836   2.97339
 0.703682  0.583336
 0.686735   2.93482
  1.29443    1.0212
 0.333941  0.772706
 0.614231   1.14669
 0.357246    1.1729
  1.27029   1.47259
    1.972  0.983703
  2.30259   0.69414
 0.934989   1.10402
  2.16679  0.291943
  1.55698      2.77
 0.990174   2.91666
 0.970531   1.01975
  2.55388  0.659465
 0.938324  0.201557
 0.210207  0.230236
  2.52466   1.37462
  1.45949   0.19218
  0.73121   1.18767
  1.87886    2.0688
  2.19389 0.0902134
 0.580895  0.273643
  1.39285   1.76013
   2.3709  0.748249
  1.32463   2.58701
  2.78943   2.80057
  1.74136   2.24202
  2.09257   2.46962
 0.399379   2.03423
  2.30951   2.49949
  2.78308  0.305411
  1.24999   2.04954
  2.17653   1.35873
  2.41573   1.48659
  2.14754   2.77732
  1.03944  0.526586
  2.80677   1.41909
   1.8687  0.818634
 0.178208  0.805754
   2.1777 0.00281406
 0.491832   2.32018
 0.520843   2.06466
  1.53539   2.90851
  1.08891   2.01364
 0.995913   2.01195
  1.35132  0.516388
  2.95463  0.957727
  2.17743   2.48657
  2.32208  0.576827
 0.613525   1.51131
 0.483455  0.723739
 0.854913   2.46804
  1.17012   1.71544
  1.31058 0.0509702
  2.55397   2.39754
  1.96924   2.40066
  1.69086  0.134246
  1.61897  0.453297
0.0653805   0.67479
  1.91442  0.771119
  1.62282   2.60598
  2.71838  0.198605
  1.66565 0.00374547
 0.480258    2.9262
   1.3819  0.475502
  1.70601    2.1033
 0.105835  0.691684
  2.92092   1.10479
  0.94936  0.477134
  2.36772   2.94009
  1.27189   1.66825
  2.34824   1.92326
  1.65491   2.73101
  1.32756   2.13231
 0.612392   1.45365
 0.286797   2.07705
  2.26922    1.9039
  1.22992  0.670305
 0.787817   0.25395
 0.933015    2.8662
  1.57598   1.94884
  1.43151   1.33694
  1.90514   1.57721
 0.349036   1.42809
  1.20843   2.25519
  1.17598   1.94016
  2.26405 0.0998498
  2.37132   1.78499
  1.56325   2.85084
  0.81498 0.0386643
  2.97837   2.91206
  2.27013   1.94566
  1.67215   2.91692
  1.12634  0.811914
  1.05118   1.58746
  1.87781    1.3698
  0.10628  0.435823
 0.408419  0.641381
0.0903631    1.7142
 0.893595   2.83906
 0.860705   2.41386
  1.61306   1.37744
 0.137542 0.0867418
  1.33735  0.456413
 0.677181  0.364886
  1.36672   2.47239
 0.559708   2.81758
  0.84645   2.01904
  1.41263    2.6942
 0.658686   1.68992
0.0365366   1.81158
   1.2332   1.81751
  1.16023  0.995986
  2.18866  0.984042
 0.654969  0.201675
 0.458268  0.208574
 0.653628  0.896575
 0.974414   1.10854
 0.363159   1.38483
  2.18811   1.50675
 0.384741    2.8753
  2.97111  0.321777
  1.66096  0.127502
 0.744172   2.99012
 0.238852  0.710114
   1.4732  0.224217
  1.73878   2.43272
 0.811396   1.27523
   1.4422  0.769541
  1.00986 0.0394016
  0.61477  0.790058
  2.50298   2.75674
  2.66688  0.955098
  2.28551   1.97643
 0.788365   1.95117
 0.348619    1.7959
  0.37693  0.204142
 0.656757   2.05762
  2.41045   1.63047
  2.62786  0.655259
  2.85406  0.434819
  1.78967   2.16386
 0.820402    2.1778
 0.341432   2.95984
 0.539135  0.105156
  2.40753   1.46742
0.0104573    1.7314
 0.485094   2.93306
 0.997021   1.47873
  2.77913   1.36473
  2.75762   1.76855
  1.51622   2.81741
 0.892383  0.251249
0.0853443   2.11789
 0.816553   1.73412
 0.235956    2.6408
  2.03506   2.01967
 0.762122   1.41372
 0.926926   1.61879
 0.910675   1.49851
  1.35876   2.10297
  2.46842  0.539909
0.0701522   2.58662
  1.94121   1.53908
  1.34696   2.79046
  2.94315   2.62882
  1.38646   2.31323
 0.683807    1.1002
  1.56149   2.48668
  1.42403   1.31489
  1.30062  0.800287
 0.128938  0.218098
  2.89813   1.58498
  1.21275   1.71136
  1.46142   1.89635
  2.83632    1.1878
  1.19971   2.42772
 0.701061   1.11792
  2.64412  0.243505
  1.25758  0.248957
  1.47016   2.99698
0.0477483   2.28212
  2.73293   1.65439
 0.175016   2.96705
  1.51666   2.99847
  1.13738    2.2194
   2.0346   1.55456
  1.92451   2.44789
 0.637457   0.07758
 0.153211   1.19437
  1.53817   2.45538
  1.69095 0.0879149
   2.8172   2.42532
 0.202777   1.73608
 0.107627   2.52955
  1.09416  0.426804
 0.422309   1.41682
  2.86408   1.46166
  1.45995   2.11544
  1.33947    1.3585
  1.28974  0.111252
  1.42855   1.72989
  1.13798  0.568307
  2.23689  0.963749
 0.499496   2.23472
 0.991757   2.76583
  1.61341    2.6026
 0.084628  0.109546
  1.74492   1.86688
  2.06813  0.709644
 0.856221   2.43825
  2.27306    1.7523
  2.78256  0.136139
  1.68339  0.226027
  2.78325   1.24968
  2.78973   2.24224
  1.58002   1.70812
 0.705903   2.85426
 0.695719   1.65523
   2.6945   2.74134
  1.39455  0.251387
  2.77945   1.37474
  1.30604   1.43058
 0.983633   2.63043
  1.78195    2.2118
 0.756321 0.0499775
  2.35857  0.420822
 0.112741   2.53014
  1.03964   2.58523
 0.258944  0.381799
  2.58438  0.660761
 0.485198   2.13166
  1.62974     1.755
  1.40953    2.8381
  1.51019   1.82118
  1.42109  0.130218
 0.132853   1.27983
  2.67541   1.95678
    1.474    2.8278
  2.90873   2.22635
 0.302922   1.92454
 0.786327   2.48055
  2.02156   1.91944
  2.65305  0.903378
 0.765104    2.1777
  2.84483    2.7003
LINKS_SOURCE_DESTINATION_DISTANCE 1998
     0      1      1
     0      2      1
     0      7      1
     0     12      1
     0     15      1
     0    130      1
     0    729      1
     1      0      1
     1      4      1
     1      5      1
     1      6      1
     1     17      1
     1     44      1
     1     75      1
     1    313      1
     1    810      1
     2      0      1
     2      3      1
     2    136      1
     2    315      1
     3      2      1
     3     26      1
     3     29      1
     3    102      1
     3    104      1
     3    822      1
     4      1      1
     4     36      1
     4     59      1
     4    273      1
     5      1      1
     5     10      1
     5     14      1
     5     41      1
     5     49      1
     5    115      1
     6      1      1
     6      8      1
     6     16      1
     6     30      1
     6     90      1
     7      0      1
     7     19      1
     7     28      1
     7     79      1
     7    100      1
     7    180      1
     7    962      1
     8      6      1
     8      9      1
     8     37      1
     8    154      1
     9      8      1
     9     32      1
     9     70      1
     9    149      1
     9    155      1
     9    228      1
     9    284      1
    10      5      1
    10     11      1
    10     20      1
    10     22      1
    10    111      1
    10    464      1
    10    541      1
    10    954      1
    11     10      1
    11     13      1
    11     42      1
    11     52      1
    11     66      1
    11     77      1
    11    152      1
    11    190      1
    12      0      1
    12     94      1
    12    118      1
    12    584      1
    13     11      1
    13     23      1
    13     35      1
    13    181      1
    13    494      1
    13    732      1
    13    779      1
    13    926      1
    13    939      1
    14      5      1
    14     46      1
    14    113      1
    14    582      1
    14    622      1
    15      0      1
    15    134      1
    15    147      1
    15    164      1
    15    503      1
    15    902      1
    16      6      1
    16     18      1
    16     21      1
    16     33      1
    16     34      1
    16     53      1
    16    157      1
    16    623      1
    17      1      1
    17     40      1
    17     60      1
    17    168      1
    17    837      1
    18     16      1
    18    465      1
    19      7      1
    19     27      1
    19     45      1
    19    283      1
    19    318      1
    19    720      1
    20     10      1
    20     24      1
    20     51      1
    20     57      1
    20    109      1
    21     16      1
    21     25      1
    22     10      1
    22     43      1
    22     56      1
    23     13      1
    23     39      1
    23     74      1
    23     87      1
    23    591      1
    23    711      1
    23    746      1
    23    966      1
    24     20      1
    24    114      1
    24    159      1
    24    745      1
    24    950      1
    25     21      1
    25     50      1
    25    226      1
    25    368      1
    25    390      1
    26      3      1
    26    121      1
    27     19      1
    27    129      1
    27    275      1
    28      7      1
    28    456      1
    28    692      1
    29      3      1
    29     31      1
    29     81      1
    29     91      1
    30      6      1
    30    381      1
    30    455      1
    30    462      1
    30    466      1
    31     29      1
    32      9      1
    32     71      1
    32    126      1
    32    241      1
    32    653      1
    33     16      1
    33     48      1
    33     68      1
    34     16      1
    34     38      1
    34    263      1
    35     13      1
    35     47      1
    35    166      1
    35    234      1
    35    581      1
    36      4      1
    36     69      1
    36    125      1
    36    216      1
    36    287      1
    36    960      1
    37      8      1
    37     54      1
    37     95      1
    37     96      1
    37    116      1
    37    295      1
    37    903      1
    38     34      1
    38    709      1
    39     23      1
    39    108      1
    39    120      1
    40     17      1
    40     76      1
    40    117      1
    40    162      1
    40    387      1
    40    470      1
    40    719      1
    40    838      1
    41      5      1
    41    198      1
    42     11      1
    42    124      1
    42    184      1
    42    353      1
    42    480      1
    42    980      1
    43     22      1
    43     89      1
    43    211      1
    43    334      1
    43    694      1
    44      1      1
    44     62      1
    45     19      1
    45    256      1
    45    268      1
    45    407      1
    45    999      1
    46     14      1
    46    205      1
    47     35      1
    47     64      1
    47     82      1
    47     98      1
    47    220      1
    47    314      1
    47    777      1
    48     33      1
    48    123      1
    48    337      1
    48    927      1
    49      5      1
    49    110      1
    50     25      1
    50     55      1
    50     86      1
    50    230      1
    50    557      1
    51     20      1
    51    366      1
    52     11      1
    52     58      1
    53     16      1
    53     97      1
    53    358      1
    54     37      1
    54     65      1
    54    244      1
    54    898      1
    55     50      1
    55    217      1
    55    630      1
    56     22      1
    56     84      1
    56     88      1
    56     93      1
    56    196      1
    57     20      1
    57     61      1
    58     52      1
    58    411      1
    59      4      1
    59    566      1
    59    891      1
    60     17      1
    60     63      1
    60    106      1
    60    175      1
    60    879      1
    61     57      1
    61    206      1
    62     44      1
    62     67      1
    62    150      1
    62    370      1
    62    697      1
    63     60      1
    63     78      1
    63    240      1
    63    446      1
    63    469      1
    64     47      1
    64     73      1
    64     83      1
    64    274      1
    64    302      1
    65     54      1
    65     72      1
    65    165      1
    65    192      1
    65    642      1
    66     11      1
    66    707      1
    66    857      1
    67     62      1
    67     80      1
    67    278      1
    68     33      1
    68    186      1
    69     36      1
    69    103      1
    69    317      1
    69    648      1
    70      9      1
    70    105      1
    70    139      1
    70    144      1
    70    371      1
    70    399      1
    71     32      1
    71    262      1
    71    303      1
    71    380      1
    72     65      1
    72    185      1
    73     64      1
    73    161      1
    73    848      1
    74     23      1
    74    138      1
    74    214      1
    74    293      1
    74    434      1
    74    618      1
    75      1      1
    75     85      1
    75     99      1
    75    101      1
    75    740      1
    76     40      1
    76    189      1
    76    538      1
    77     11      1
    77    435      1
    77    791      1
    78     63      1
    78    325      1
    78    794      1
    78    896      1
    79      7      1
    79    127      1
    79    402      1
    79    517      1
    79    597      1
    79    617      1
    80     67      1
    80    183      1
    80    203      1
    80    528      1
    81     29      1
    81     92      1
    81    128      1
    81    304      1
    82     47      1
    82    142      1
    82    546      1
    82    610      1
    83     64      1
    83    553      1
    84     56      1
    85     75      1
    85    990      1
    86     50      1
    86    323      1
    86    367      1
    86    450      1
    86    526      1
    86    881      1
    87     23      1
    87    107      1
    87    145      1
    87    158      1
    87    408      1
    88     56      1
    88    238      1
    88    259      1
    88    512      1
    88    612      1
    89     43      1
    89    160      1
    89    333      1
    90      6      1
    90    197      1
    90    270      1
    90    458      1
    90    943      1
    91     29      1
    91    131      1
    91    224      1
    91    296      1
    91    300      1
    91    319      1
    91    724      1
    91    824      1
    92     81      1
    92    195      1
    92    467      1
    93     56      1
    93    122      1
    93    137      1
    93    153      1
    93    156      1
    93    738      1
    94     12      1
    94    207      1
    94    421      1
    94    594      1
    95     37      1
    95    202      1
    95    373      1
    95    600      1
    96     37      1
    96    215      1
    96    452      1
    97     53      1
    98     47      1
    99     75      1
    99    212      1
    99    291      1
   100      7      1
   101     75      1
   101    507      1
   101    523      1
   102      3      1
   102    921      1
   103     69      1
   103    944      1
   104      3      1
   104    941      1
   105     70      1
   106     60      1
   106    143      1
   106    167      1
   106    412      1
   107     87      1
   107    486      1
   108     39      1
   108    417      1
   109     20      1
   109    246      1
   110     49      1
   111     10      1
   111    112      1
   111    132      1
   111    151      1
   111    178      1
   112    111      1
   112    140      1
   112    406      1
   112    787      1
   113     14      1
   114     24      1
   114    141      1
   114    362      1
   115      5      1
   116     37      1
   116    119      1
   116    525      1
   116    537      1
   117     40      1
   117    201      1
   117    245      1
   117    577      1
   118     12      1
   118    493      1
   118    548      1
   118    932      1
   119    116      1
   119    243      1
   119    884      1
   120     39      1
   120    316      1
   120    384      1
   120    386      1
   121     26      1
   121    345      1
   122     93      1
   122    170      1
   122    174      1
   122    511      1
   122    982      1
   123     48      1
   123    135      1
   123    146      1
   123    169      1
   123    225      1
   123    285      1
   124     42      1
   124    360      1
   124    473      1
   125     36      1
   126     32      1
   126    222      1
   126    383      1
   126    394      1
   127     79      1
   128     81      1
   129     27      1
   129    227      1
   129    301      1
   129    613      1
   129    621      1
   130      0      1
   130    281      1
   130    375      1
   130    376      1
   130    536      1
   130    735      1
   131     91      1
   131    148      1
   131    208      1
   131    280      1
   131    378      1
   131    565      1
   132    111      1
   132    133      1
   132    391      1
   132    812      1
   133    132      1
   133    187      1
   133    716      1
   134     15      1
   134    194      1
   134    223      1
   134    327      1
   134    780      1
   135    123      1
   136      2      1
   137     93      1
   137    722      1
   138     74      1
   138    449      1
   138    567      1
   139     70      1
   139    606      1
   140    112      1
   140    424      1
   140    472      1
   141    114      1
   141    236      1
   142     82      1
   142    514      1
   143    106      1
   143    191      1
   143    346      1
   143    534      1
   143    589      1
   144     70      1
   144    182      1
   144    519      1
   144    721      1
   145     87      1
   145    253      1
   146    123      1
   146    163      1
   146    188      1
   146    231      1
   146    354      1
   146    433      1
   147     15      1
   147    957      1
   148    131      1
   148    492      1
   148    955      1
   149      9      1
   149    176      1
   149    771      1
   150     62      1
   151    111      1
   151    171      1
   151    427      1
   151    624      1
   151    802      1
   152     11      1
   152    352      1
   153     93      1
   153    297      1
   153    335      1
   154      8      1
   154    177      1
   154    478      1
   154    499      1
   155      9      1
   155    204      1
   155    210      1
   155    237      1
   155    255      1
   155    265      1
   155    339      1
   156     93      1
   156    172      1
   157     16      1
   157    193      1
   157    481      1
   158     87      1
   158    416      1
   158    587      1
   159     24      1
   159    218      1
   159    247      1
   159    267      1
   159    883      1
   160     89      1
   160    835      1
   161     73      1
   161    666      1
   162     40      1
   162    179      1
   162    239      1
   162    625      1
   163    146      1
   163    221      1
   163    249      1
   163    574      1
   164     15      1
   164    592      1
   164    886      1
   164    988      1
   165     65      1
   165    684      1
   166     35      1
   167    106      1
   167    286      1
   167    636      1
   168     17      1
   168    200      1
   168    271      1
   168    298      1
   168    310      1
   169    123      1
   170    122      1
   170    515      1
   171    151      1
   171    173      1
   171    311      1
   171    598      1
   172    156      1
   172    770      1
   173    171      1
   174    122      1
   174    505      1
   175     60      1
   175    340      1
   175    422      1
   175    747      1
   176    149      1
   176    199      1
   176    219      1
   177    154      1
   177    266      1
   177    299      1
   177    415      1
   177    754      1
   178    111      1
   178    343      1
   178    862      1
   179    162      1
   180      7      1
   181     13      1
   181    258      1
   182    144      1
   182    447      1
   182    596      1
   182    682      1
   183     80      1
   183    463      1
   183    793      1
   184     42      1
   184    264      1
   184    272      1
   184    321      1
   184    349      1
   184    634      1
   184    742      1
   184    767      1
   185     72      1
   185    504      1
   185    568      1
   185    602      1
   185    773      1
   186     68      1
   187    133      1
   187    670      1
   187    876      1
   188    146      1
   188    365      1
   189     76      1
   189    443      1
   189    564      1
   190     11      1
   190    232      1
   190    667      1
   191    143      1
   191    289      1
   192     65      1
   192    569      1
   193    157      1
   194    134      1
   194    307      1
   194    356      1
   194    524      1
   194    556      1
   195     92      1
   195    276      1
   195    385      1
   195    439      1
   196     56      1
   196    269      1
   197     90      1
   197    252      1
   197    734      1
   198     41      1
   198    400      1
   198    498      1
   198    677      1
   198    844      1
   198    849      1
   199    176      1
   200    168      1
   200    403      1
   201    117      1
   201    889      1
   202     95      1
   202    423      1
   203     80      1
   203    209      1
   203    705      1
   204    155      1
   204    248      1
   204    329      1
   205     46      1
   205    650      1
   206     61      1
   206    611      1
   207     94      1
   207    500      1
   207    683      1
   207    710      1
   208    131      1
   208    213      1
   209    203      1
   210    155      1
   210    324      1
   210    782      1
   211     43      1
   211    260      1
   211    533      1
   211    981      1
   212     99      1
   212    855      1
   213    208      1
   213    510      1
   214     74      1
   214    430      1
   214    545      1
   215     96      1
   215    829      1
   216     36      1
   216    419      1
   217     55      1
   217    294      1
   217    348      1
   217    580      1
   218    159      1
   219    176      1
   219    250      1
   220     47      1
   220    290      1
   221    163      1
   221    229      1
   222    126      1
   222    874      1
   223    134      1
   223    361      1
   223    482      1
   223    497      1
   223    679      1
   224     91      1
   224    261      1
   224    363      1
   224    382      1
   225    123      1
   226     25      1
   227    129      1
   227    251      1
   227    484      1
   228      9      1
   228    277      1
   228    495      1
   228    558      1
   229    221      1
   230     50      1
   230    233      1
   231    146      1
   231    674      1
   232    190      1
   232    475      1
   233    230      1
   233    235      1
   233    364      1
   233    983      1
   234     35      1
   234    288      1
   234    429      1
   234    772      1
   235    233      1
   235    254      1
   235    257      1
   235    513      1
   235    963      1
   236    141      1
   236    312      1
   236    459      1
   237    155      1
   237    292      1
   237    818      1
   238     88      1
   238    242      1
   238    309      1
   238    961      1
   239    162      1
   239    332      1
   240     63      1
   240    374      1
   240    572      1
   241     32      1
   241    723      1
   242    238      1
   242    426      1
   243    119      1
   244     54      1
   245    117      1
   245    305      1
   246    109      1
   246    520      1
   246    640      1
   247    159      1
   247    540      1
   247    880      1
   248    204      1
   248    357      1
   248    398      1
   248    713      1
   249    163      1
   249    397      1
   249    549      1
   250    219      1
   250    282      1
   250    516      1
   250    531      1
   250    863      1
   251    227      1
   251    308      1
   251    330      1
   251    551      1
   251    608      1
   251    811      1
   252    197      1
   253    145      1
   253    279      1
   253    451      1
   253    659      1
   254    235      1
   254    320      1
   254    401      1
   255    155      1
   255    369      1
   255    396      1
   255    953      1
   256     45      1
   256    993      1
   257    235      1
   258    181      1
   258    680      1
   258    895      1
   259     88      1
   259    563      1
   260    211      1
   261    224      1
   261    328      1
   261    917      1
   262     71      1
   263     34      1
   263    766      1
   264    184      1
   264    322      1
   265    155      1
   266    177      1
   266    389      1
   267    159      1
   267    649      1
   268     45      1
   268    882      1
   269    196      1
   269    555      1
   269    573      1
   270     90      1
   270    425      1
   270    785      1
   271    168      1
   271    344      1
   271    661      1
   271    947      1
   272    184      1
   272    635      1
   272    765      1
   273      4      1
   273    554      1
   273    744      1
   273    915      1
   274     64      1
   275     27      1
   275    377      1
   275    432      1
   276    195      1
   277    228      1
   277    628      1
   278     67      1
   278    506      1
   279    253      1
   279    973      1
   280    131      1
   281    130      1
   281    509      1
   282    250      1
   282    646      1
   283     19      1
   283    657      1
   283    698      1
   284      9      1
   284    651      1
   285    123      1
   286    167      1
   287     36      1
   288    234      1
   288    639      1
   289    191      1
   289    404      1
   290    220      1
   290    379      1
   290    483      1
   291     99      1
   291    440      1
   291    730      1
   292    237      1
   292    476      1
   293     74      1
   293    347      1
   293    760      1
   294    217      1
   294    831      1
   294    888      1
   295     37      1
   295    306      1
   295    336      1
   295    527      1
   295    992      1
   296     91      1
   296    331      1
   296    359      1
   297    153      1
   298    168      1
   298    750      1
   299    177      1
   300     91      1
   300    445      1
   300    781      1
   301    129      1
   301    468      1
   301    489      1
   302     64      1
   302    529      1
   303     71      1
   303    395      1
   303    448      1
   304     81      1
   304    925      1
   305    245      1
   305    351      1
   305    410      1
   305    693      1
   305    808      1
   306    295      1
   307    194      1
   308    251      1
   308    338      1
   308    778      1
   309    238      1
   310    168      1
   311    171      1
   311    355      1
   311    405      1
   311    490      1
   312    236      1
   313      1      1
   313    800      1
   313    860      1
   314     47      1
   314    749      1
   315      2      1
   315    784      1
   316    120      1
   316    326      1
   316    342      1
   316    561      1
   317     69      1
   317    438      1
   317    629      1
   318     19      1
   318    676      1
   319     91      1
   319    491      1
   320    254      1
   320    428      1
   321    184      1
   322    264      1
   323     86      1
   323    454      1
   323    739      1
   324    210      1
   325     78      1
   326    316      1
   326    652      1
   326    815      1
   327    134      1
   328    261      1
   329    204      1
   329    393      1
   330    251      1
   331    296      1
   331    654      1
   332    239      1
   332    560      1
   332    768      1
   333     89      1
   333    341      1
   334     43      1
   334    614      1
   335    153      1
   335    532      1
   336    295      1
   336    645      1
   337     48      1
   337    457      1
   337    571      1
   338    308      1
   338    736      1
   339    155      1
   339    695      1
   340    175      1
   340    479      1
   340    813      1
   341    333      1
   341    437      1
   341    637      1
   341    910      1
   342    316      1
   342    893      1
   343    178      1
   343    690      1
   344    271      1
   345    121      1
   346    143      1
   346    585      1
   347    293      1
   347    392      1
   347    413      1
   348    217      1
   348    350      1
   348    372      1
   349    184      1
   349    461      1
   350    348      1
   351    305      1
   351    946      1
   352    152      1
   353     42      1
   354    146      1
   355    311      1
   356    194      1
   356    805      1
   356    850      1
   357    248      1
   358     53      1
   358    388      1
   359    296      1
   359    485      1
   360    124      1
   360    795      1
   360    799      1
   361    223      1
   361    442      1
   361    717      1
   361    803      1
   362    114      1
   362    669      1
   363    224      1
   364    233      1
   365    188      1
   365    922      1
   366     51      1
   366    914      1
   367     86      1
   368     25      1
   368    444      1
   369    255      1
   369    631      1
   369    753      1
   370     62      1
   370    579      1
   371     70      1
   371    870      1
   372    348      1
   373     95      1
   374    240      1
   374    501      1
   375    130      1
   376    130      1
   376    418      1
   376    453      1
   376    673      1
   377    275      1
   378    131      1
   378    940      1
   379    290      1
   379    841      1
   380     71      1
   380    726      1
   381     30      1
   381    542      1
   382    224      1
   383    126      1
   383    769      1
   384    120      1
   385    195      1
   385    665      1
   385    972      1
   386    120      1
   387     40      1
   387    783      1
   388    358      1
   389    266      1
   389    806      1
   390     25      1
   391    132      1
   391    477      1
   391    508      1
   392    347      1
   392    420      1
   392    688      1
   393    329      1
   394    126      1
   395    303      1
   395    786      1
   396    255      1
   396    578      1
   396    590      1
   397    249      1
   397    535      1
   397    689      1
   398    248      1
   398    441      1
   399     70      1
   399    638      1
   399    894      1
   400    198      1
   401    254      1
   401    488      1
   402     79      1
   402    660      1
   403    200      1
   404    289      1
   405    311      1
   405    409      1
   406    112      1
   406    474      1
   407     45      1
   408     87      1
   408    703      1
   409    405      1
   410    305      1
   410    414      1
   410    633      1
   411     58      1
   411    828      1
   412    106      1
   413    347      1
   414    410      1
   414    699      1
   415    177      1
   416    158      1
   417    108      1
   417    552      1
   418    376      1
   418    615      1
   418    775      1
   419    216      1
   419    601      1
   420    392      1
   420    547      1
   421     94      1
   421    819      1
   422    175      1
   422    431      1
   423    202      1
   423    436      1
   423    496      1
   423    904      1
   423    936      1
   424    140      1
   425    270      1
   425    522      1
   426    242      1
   427    151      1
   427    655      1
   427    949      1
   428    320      1
   428    663      1
   429    234      1
   430    214      1
   430    599      1
   431    422      1
   431    460      1
   431    562      1
   432    275      1
   432    751      1
   432    820      1
   433    146      1
   433    918      1
   434     74      1
   434    678      1
   435     77      1
   435    632      1
   436    423      1
   436    975      1
   436    987      1
   437    341      1
   437    609      1
   437    979      1
   438    317      1
   439    195      1
   440    291      1
   440    616      1
   440    685      1
   440    942      1
   441    398      1
   442    361      1
   443    189      1
   443    544      1
   443    686      1
   444    368      1
   444    550      1
   445    300      1
   445    593      1
   445    867      1
   446     63      1
   447    182      1
   448    303      1
   449    138      1
   449    471      1
   450     86      1
   450    487      1
   451    253      1
   451    715      1
   452     96      1
   452    764      1
   452    956      1
   453    376      1
   453    603      1
   454    323      1
   455     30      1
   456     28      1
   457    337      1
   457    543      1
   457    605      1
   457    656      1
   458     90      1
   458    758      1
   459    236      1
   460    431      1
   461    349      1
   462     30      1
   463    183      1
   464     10      1
   464    970      1
   465     18      1
   465    840      1
   466     30      1
   466    518      1
   466    816      1
   466    968      1
   467     92      1
   467    866      1
   468    301      1
   468    583      1
   469     63      1
   469    502      1
   470     40      1
   470    675      1
   470    985      1
   471    449      1
   472    140      1
   472    814      1
   473    124      1
   473    878      1
   474    406      1
   474    559      1
   474    762      1
   475    232      1
   476    292      1
   477    391      1
   477    804      1
   477    901      1
   478    154      1
   479    340      1
   480     42      1
   481    157      1
   481    727      1
   482    223      1
   483    290      1
   484    227      1
   484    643      1
   485    359      1
   486    107      1
   486    952      1
   487    450      1
   487    718      1
   488    401      1
   489    301      1
   489    958      1
   490    311      1
   490    595      1
   490    668      1
   491    319      1
   491    521      1
   492    148      1
   493    118      1
   493    586      1
   493    976      1
   494     13      1
   495    228      1
   496    423      1
   497    223      1
   497    539      1
   498    198      1
   499    154      1
   500    207      1
   500    834      1
   501    374      1
   502    469      1
   503     15      1
   504    185      1
   505    174      1
   505    641      1
   506    278      1
   507    101      1
   508    391      1
   509    281      1
   510    213      1
   510    792      1
   510    945      1
   511    122      1
   512     88      1
   513    235      1
   514    142      1
   515    170      1
   516    250      1
   517     79      1
   518    466      1
   519    144      1
   519    830      1
   520    246      1
   521    491      1
   521    570      1
   522    425      1
   523    101      1
   524    194      1
   524    530      1
   525    116      1
   526     86      1
   527    295      1
   527    604      1
   527    833      1
   528     80      1
   529    302      1
   530    524      1
   531    250      1
   532    335      1
   533    211      1
   534    143      1
   535    397      1
   536    130      1
   536    875      1
   537    116      1
   537    691      1
   537    869      1
   538     76      1
   539    497      1
   539    576      1
   539    790      1
   540    247      1
   541     10      1
   541    647      1
   541    906      1
   542    381      1
   542    704      1
   542    752      1
   543    457      1
   544    443      1
   544    681      1
   545    214      1
   545    662      1
   545    687      1
   546     82      1
   547    420      1
   547    967      1
   548    118      1
   549    249      1
   549    825      1
   549    842      1
   550    444      1
   551    251      1
   552    417      1
   552    658      1
   552    843      1
   553     83      1
   553    748      1
   554    273      1
   555    269      1
   556    194      1
   557     50      1
   557    607      1
   557    997      1
   558    228      1
   559    474      1
   559    916      1
   560    332      1
   560    836      1
   561    316      1
   561    856      1
   562    431      1
   562    789      1
   563    259      1
   564    189      1
   564    671      1
   565    131      1
   565    620      1
   566     59      1
   566    575      1
   567    138      1
   568    185      1
   569    192      1
   569    872      1
   570    521      1
   571    337      1
   571    672      1
   572    240      1
   572    796      1
   573    269      1
   574    163      1
   575    566      1
   576    539      1
   577    117      1
   578    396      1
   579    370      1
   579    743      1
   579    928      1
   580    217      1
   581     35      1
   581    885      1
   581    989      1
   582     14      1
   582    664      1
   583    468      1
   583    588      1
   583    741      1
   584     12      1
   585    346      1
   585    708      1
   586    493      1
   586    731      1
   586    756      1
   587    158      1
   588    583      1
   589    143      1
   589    701      1
   590    396      1
   590    755      1
   591     23      1
   592    164      1
   593    445      1
   594     94      1
   595    490      1
   596    182      1
   596    619      1
   596    644      1
   596    858      1
   597     79      1
   597    817      1
   598    171      1
   599    430      1
   599    948      1
   600     95      1
   601    419      1
   602    185      1
   603    453      1
   603    627      1
   603    991      1
   604    527      1
   605    457      1
   606    139      1
   606    626      1
   606    702      1
   606    887      1
   607    557      1
   607    864      1
   608    251      1
   608    871      1
   609    437      1
   610     82      1
   610    759      1
   611    206      1
   612     88      1
   612    854      1
   613    129      1
   613    890      1
   613    892      1
   614    334      1
   614    986      1
   615    418      1
   616    440      1
   616    696      1
   617     79      1
   618     74      1
   619    596      1
   619    865      1
   620    565      1
   621    129      1
   622     14      1
   623     16      1
   624    151      1
   624    832      1
   625    162      1
   625    851      1
   626    606      1
   627    603      1
   627    995      1
   628    277      1
   629    317      1
   630     55      1
   630    900      1
   631    369      1
   631    797      1
   632    435      1
   633    410      1
   634    184      1
   635    272      1
   636    167      1
   637    341      1
   638    399      1
   639    288      1
   640    246      1
   641    505      1
   641    728      1
   642     65      1
   643    484      1
   644    596      1
   644    852      1
   645    336      1
   646    282      1
   647    541      1
   648     69      1
   648    933      1
   649    267      1
   649    712      1
   650    205      1
   651    284      1
   652    326      1
   653     32      1
   654    331      1
   655    427      1
   655    700      1
   656    457      1
   656    823      1
   657    283      1
   657    714      1
   658    552      1
   658    907      1
   659    253      1
   660    402      1
   661    271      1
   662    545      1
   663    428      1
   664    582      1
   665    385      1
   666    161      1
   667    190      1
   668    490      1
   668    706      1
   669    362      1
   670    187      1
   671    564      1
   672    571      1
   672    807      1
   673    376      1
   673    873      1
   674    231      1
   675    470      1
   676    318      1
   677    198      1
   678    434      1
   679    223      1
   680    258      1
   681    544      1
   682    182      1
   682    912      1
   683    207      1
   684    165      1
   685    440      1
   686    443      1
   686    733      1
   686    827      1
   687    545      1
   688    392      1
   689    397      1
   690    343      1
   691    537      1
   691    776      1
   692     28      1
   693    305      1
   694     43      1
   695    339      1
   696    616      1
   696    725      1
   697     62      1
   697    737      1
   697    974      1
   698    283      1
   699    414      1
   700    655      1
   701    589      1
   702    606      1
   702    977      1
   703    408      1
   703    761      1
   703    763      1
   704    542      1
   705    203      1
   705    774      1
   706    668      1
   707     66      1
   708    585      1
   709     38      1
   710    207      1
   710    809      1
   711     23      1
   712    649      1
   713    248      1
   714    657      1
   715    451      1
   715    923      1
   716    133      1
   717    361      1
   718    487      1
   718    868      1
   719     40      1
   719    859      1
   720     19      1
   721    144      1
   722    137      1
   723    241      1
   724     91      1
   725    696      1
   726    380      1
   726    909      1
   727    481      1
   728    641      1
   729      0      1
   730    291      1
   730    757      1
   731    586      1
   732     13      1
   733    686      1
   734    197      1
   735    130      1
   735    938      1
   736    338      1
   737    697      1
   737    821      1
   738     93      1
   739    323      1
   740     75      1
   741    583      1
   742    184      1
   743    579      1
   743    919      1
   744    273      1
   745     24      1
   746     23      1
   747    175      1
   748    553      1
   749    314      1
   749    861      1
   750    298      1
   751    432      1
   752    542      1
   752    935      1
   753    369      1
   754    177      1
   755    590      1
   756    586      1
   757    730      1
   758    458      1
   758    788      1
   758    798      1
   759    610      1
   760    293      1
   760    801      1
   760    826      1
   761    703      1
   762    474      1
   763    703      1
   764    452      1
   764    937      1
   765    272      1
   766    263      1
   766    924      1
   767    184      1
   768    332      1
   769    383      1
   769    845      1
   770    172      1
   771    149      1
   771    839      1
   772    234      1
   772    971      1
   773    185      1
   773    934      1
   774    705      1
   775    418      1
   776    691      1
   777     47      1
   778    308      1
   779     13      1
   780    134      1
   781    300      1
   782    210      1
   783    387      1
   784    315      1
   785    270      1
   786    395      1
   787    112      1
   788    758      1
   789    562      1
   790    539      1
   791     77      1
   792    510      1
   793    183      1
   793    897      1
   794     78      1
   795    360      1
   796    572      1
   797    631      1
   798    758      1
   799    360      1
   799    877      1
   800    313      1
   801    760      1
   802    151      1
   803    361      1
   803    978      1
   804    477      1
   805    356      1
   806    389      1
   806    847      1
   807    672      1
   808    305      1
   809    710      1
   810      1      1
   811    251      1
   812    132      1
   813    340      1
   814    472      1
   815    326      1
   815    994      1
   816    466      1
   817    597      1
   818    237      1
   819    421      1
   820    432      1
   821    737      1
   822      3      1
   823    656      1
   824     91      1
   824    899      1
   825    549      1
   826    760      1
   827    686      1
   828    411      1
   829    215      1
   829    846      1
   829    929      1
   830    519      1
   831    294      1
   832    624      1
   833    527      1
   834    500      1
   835    160      1
   835    931      1
   836    560      1
   837     17      1
   838     40      1
   839    771      1
   840    465      1
   840    911      1
   841    379      1
   842    549      1
   843    552      1
   844    198      1
   845    769      1
   846    829      1
   847    806      1
   848     73      1
   849    198      1
   849    853      1
   850    356      1
   851    625      1
   851    913      1
   852    644      1
   853    849      1
   853    908      1
   854    612      1
   855    212      1
   856    561      1
   857     66      1
   858    596      1
   858    998      1
   859    719      1
   860    313      1
   861    749      1
   862    178      1
   863    250      1
   864    607      1
   865    619      1
   866    467      1
   867    445      1
   868    718      1
   869    537      1
   870    371      1
   871    608      1
   872    569      1
   873    673      1
   874    222      1
   875    536      1
   876    187      1
   877    799      1
   878    473      1
   879     60      1
   879    920      1
   880    247      1
   881     86      1
   882    268      1
   883    159      1
   884    119      1
   885    581      1
   886    164      1
   887    606      1
   888    294      1
   889    201      1
   890    613      1
   891     59      1
   892    613      1
   893    342      1
   894    399      1
   894    930      1
   895    258      1
   896     78      1
   897    793      1
   898     54      1
   899    824      1
   900    630      1
   901    477      1
   902     15      1
   903     37      1
   904    423      1
   904    905      1
   905    904      1
   906    541      1
   907    658      1
   908    853      1
   909    726      1
   910    341      1
   911    840      1
   912    682      1
   913    851      1
   913    996      1
   914    366      1
   915    273      1
   915    959      1
   916    559      1
   917    261      1
   918    433      1
   919    743      1
   920    879      1
   921    102      1
   922    365      1
   922    951      1
   923    715      1
   924    766      1
   925    304      1
   925    965      1
   926     13      1
   927     48      1
   928    579      1
   929    829      1
   930    894      1
   931    835      1
   932    118      1
   933    648      1
   934    773      1
   935    752      1
   936    423      1
   937    764      1
   938    735      1
   939     13      1
   940    378      1
   941    104      1
   942    440      1
   943     90      1
   944    103      1
   945    510      1
   946    351      1
   947    271      1
   948    599      1
   949    427      1
   950     24      1
   951    922      1
   952    486      1
   953    255      1
   953    964      1
   954     10      1
   955    148      1
   956    452      1
   957    147      1
   958    489      1
   959    915      1
   959    969      1
   960     36      1
   961    238      1
   962      7      1
   963    235      1
   964    953      1
   965    925      1
   966     23      1
   967    547      1
   968    466      1
   969    959      1
   970    464      1
   971    772      1
   972    385      1
   973    279      1
   974    697      1
   975    436      1
   976    493      1
   977    702      1
   977    984      1
   978    803      1
   979    437      1
   980     42      1
   981    211      1
   982    122      1
   983    233      1
   984    977      1
   985    470      1
   986    614      1
   987    436      1
   988    164      1
   989    581      1
   990     85      1
   991    603      1
   992    295      1
   993    256      1
   994    815      1
   995    627      1
   996    913      1
   997    557      1
   998    858      1
   999     45      1
