COORD_X_Y 300
  2.65343   2.05192
 0.466526   1.22964
 0.217852   1.02649
 0.664959   1.73057
 0.782343    1.3298
    2.864   2.12728
   1.8601   1.28624
  0.35784   2.18324
  1.94586  0.750033
 0.684201   1.67318
  2.97592   2.28994
 0.837538   2.19451
 0.691724   2.28438
  1.54012   2.19138
  2.77558 0.0534937
 0.935519    2.1447
  1.47189  0.293759
   2.8744   1.05814
 0.666615  0.491189
 0.368581   1.12403
  2.21001   1.61603
  2.82007   1.15035
  1.28502   2.72908
  1.44058  0.101915
  2.76851 0.0685479
  1.36261  0.493225
  2.47477   1.53338
 0.670112   2.90365
0.0658326   2.63025
  1.32709   2.48156
  1.98444   1.83265
0.0844236   1.33748
  1.33024  0.495842
 0.532712   1.72208
  1.97348   1.85082
  2.91288   2.52371
  2.27416  0.864619
  2.93455   0.21335
  2.55683   1.34401
  2.98056  0.494183
  1.08751 0.00364598
  1.97909  0.627696
  1.98119   2.59616
  2.23299   1.87278
 0.273831   2.10839
  2.08358  0.127375
 0.367739   1.28166
  1.15286   1.65909
 0.765869  0.860591
 0.388465  0.697533
  1.96681  0.263722
 0.413573   2.70695
 0.873903  0.895787
 0.137084   1.59789
  2.49454  0.853121
   1.6554   2.88778
 0.174955   2.16623
  1.23666  0.933074
 0.157455   1.40327
   2.3333   2.25843
  2.92556  0.164686
  2.17738  0.567466
  1.64213   1.31933
   1.9328  0.718794
 0.955483   1.67118
  2.74878  0.395607
  2.80105   1.47726
  1.90909   2.34155
  0.88991   1.89729
  2.26881  0.739214
 0.885341   1.20847
 0.265656    1.9259
  2.81229   2.41328
 0.201328  0.467295
 0.607759  0.136721
  1.68025   1.35149
 0.984504   1.63745
  1.71353   1.16426
   2.4352  0.417017
 0.300004     1.922
  1.93999   1.67335
  2.14417  0.143698
0.0852034   2.26877
  1.75869    1.3356
 0.869045   2.99651
  0.34971   1.18145
  1.53351  0.485775
  1.94139  0.945803
 0.743055    1.0227
 0.759806   2.63915
 0.446821  0.610458
  1.52819    2.9487
  2.91911  0.979812
 0.105982   2.05374
  1.75973     1.473
 0.947286    2.5825
  1.03796  0.577564
  2.77161  0.642777
  1.12464   0.42394
 0.199298 0.0500586
  2.31785  0.387234
  2.19114 0.0633261
  1.98048  0.651992
 0.955135  0.618108
 0.839704   2.79087
 0.412385   2.82975
  1.68688   1.18985
 0.626328   1.00459
 0.269776   1.36802
  2.83279   1.41178
  1.96767   1.74104
  1.29827    1.9159
  2.55482  0.749288
  1.14041   2.50423
  1.83272   1.71347
  2.93398   2.40323
  2.10988  0.664667
  2.20259   1.75595
  1.14022   1.09307
  1.85614   2.57647
  1.71574   1.37816
  1.90479   2.68344
  2.57646   1.19655
  1.11497    2.7142
  2.37103   1.16752
  1.45531   1.74387
 0.420453 0.0340277
  1.84591   2.68755
  1.93625  0.417797
   2.9481   1.57854
  2.49815 0.0350063
  1.37488  0.837965
  1.12807   0.31952
  2.92895  0.178922
 0.900332   1.62599
  1.82344   2.30788
  1.37925  0.600727
  1.82692   2.85191
  2.95437   0.93819
  2.63612   2.07515
  0.78164   1.34758
 0.458064  0.059993
  1.73945  0.104635
  1.99952  0.322586
   0.1382  0.706116
  2.10258   1.29019
 0.444939   1.38619
  2.00454   2.84525
  2.85601   2.49677
  1.71933   1.67247
  2.24274   1.02167
  2.18963   2.62104
  2.26757   2.29295
  1.88518    2.4271
  1.81152   2.41118
  2.27464   1.60224
  2.44926   2.44473
  1.65576   1.62737
  2.89431  0.140774
   1.9933   2.41177
  2.08897   2.63103
 0.287858   1.30427
 0.871426   1.91544
  1.97187   2.27671
  1.61668   1.58972
 0.838647   1.17094
 0.866126    2.8169
  1.07353  0.120304
  2.93338  0.136646
 0.809466   2.32062
  2.15636   2.82695
  2.75374   1.54936
  1.82511  0.642849
 0.356159  0.396717
  1.12551   1.08171
 0.442284   1.36153
 0.953352  0.596909
  2.93909  0.443708
  2.15359   0.22368
  0.37433   2.27774
  2.91212    2.8632
 0.734378   0.49056
  2.47353   1.05892
  1.77429  0.291483
  1.91864   0.49046
  2.80592   1.95318
 0.204831   1.86684
   2.9499  0.778601
  1.06516   1.13029
  2.90171   2.65943
  1.19313   0.29106
  2.13881   0.69506
  1.47094   1.91517
  1.11969  0.236372
0.0452147  0.903679
  0.24779   2.85713
  2.32408    2.1125
 0.608276   2.60104
 0.490277   1.76882
 0.474641   1.68653
 0.649399   2.22243
 0.470058   2.09361
  2.56202  0.510388
  2.67956  0.122763
  2.35494   2.22944
  1.00719  0.764623
  1.72257  0.126548
  1.99732   0.14279
 0.414781   1.41581
 0.824031   2.40011
   1.5067   1.19586
  1.27802   1.18991
  2.55388  0.596184
  2.24982   1.05853
  1.89425    2.1696
  2.99815   2.53829
 0.677617   2.29778
 0.463516    2.8877
 0.608386   2.15648
 0.402172   1.51937
  1.76573   2.51712
  1.47636   1.98794
 0.760723  0.262179
  1.46993   1.17181
 0.754572    1.6492
  2.16748    1.1883
 0.620448   1.66227
  1.69117   1.97867
 0.297191   2.47245
  1.07144   2.14416
  2.61794   2.59104
  2.20681  0.235421
 0.232441   1.17947
  1.42152   1.17578
  2.71256   2.06458
 0.019688  0.860633
  1.53905  0.090429
  1.79348   2.44264
  2.64093   1.49929
  2.79653   2.80912
  2.61933   2.42889
  2.35636 0.0828072
  1.44272   1.47264
  1.19065   2.77929
  2.66637  0.340178
 0.104304   2.87126
   1.8165   2.59296
  2.10526     2.642
  1.39067   0.76543
  2.67556  0.815943
 0.995629  0.580688
  1.62187   2.91597
 0.229692   2.74808
  2.03897   1.07923
  1.98989  0.468497
  2.07427  0.819737
  1.18138  0.211965
   2.4334  0.975223
 0.316495   1.61531
 0.915886  0.226591
 0.787438   2.47957
  2.59401   1.68188
  1.23099   2.67905
  1.26087  0.770197
0.0839553  0.299201
0.0100696   2.94639
  2.83033   2.26492
  2.09299    1.8918
  2.46618   1.70684
 0.930171  0.644092
   2.5391   2.46642
  2.82193   2.24223
  2.21878  0.423246
  1.81585  0.555413
  1.93135   2.39241
 0.311852   2.90477
  2.65558   2.83823
  2.00033   2.74691
 0.805462  0.339399
  1.44995  0.533278
 0.123055   1.89757
  2.32616   1.58509
 0.273321   0.28185
  1.26171   1.36321
 0.798232   1.50304
 0.683756   1.33799
  1.46328  0.116609
 0.259019   2.58195
  1.60641   2.32098
 0.932502   2.19008
  2.88358     1.791
  2.65855   2.06258
  2.35564   2.25535
  2.81557   1.52862
 0.270738   2.19206
  1.29511   1.91183
 0.253529    1.8341
 0.138891   1.39185
  2.49612   1.16776
 0.337059  0.611456
LINKS_SOURCE_DESTINATION_DISTANCE 598
     0      1      1
     0      2      1
     0      6      1
     0      7      1
     0     14      1
     0     15      1
     0     19      1
     0     33      1
     0     60      1
     0     79      1
     0    147      1
     1      0      1
     1      4      1
     1      9      1
     1     21      1
     1     45      1
     1     56      1
     2      0      1
     2      3      1
     2      5      1
     2     13      1
     2     28      1
     2    228      1
     3      2      1
     3    121      1
     4      1      1
     4      8      1
     4     22      1
     4     34      1
     4     46      1
     4     47      1
     4    276      1
     5      2      1
     5     11      1
     5    172      1
     5    216      1
     5    274      1
     6      0      1
     6     20      1
     6     27      1
     6     61      1
     6    112      1
     6    123      1
     7      0      1
     7     26      1
     8      4      1
     8     59      1
     8    196      1
     9      1      1
     9     10      1
     9     25      1
     9     73      1
     9     86      1
     9    131      1
     9    209      1
    10      9      1
    10     12      1
    10     18      1
    10    193      1
    10    241      1
    11      5      1
    11     49      1
    11     53      1
    11     84      1
    11     88      1
    11    280      1
    12     10      1
    12     54      1
    12    145      1
    13      2      1
    13     16      1
    13     29      1
    13     42      1
    13    109      1
    14      0      1
    14     17      1
    14     24      1
    14     71      1
    14     75      1
    14    170      1
    15      0      1
    15    215      1
    15    222      1
    15    254      1
    16     13      1
    16     30      1
    16    203      1
    16    231      1
    16    237      1
    17     14      1
    17     44      1
    18     10      1
    18     32      1
    18     48      1
    18    141      1
    18    278      1
    19      0      1
    19     35      1
    19     94      1
    19    139      1
    19    263      1
    20      6      1
    20     31      1
    21      1      1
    21    130      1
    21    180      1
    22      4      1
    22     23      1
    22     93      1
    22     98      1
    23     22      1
    23     41      1
    24     14      1
    24     51      1
    24    107      1
    24    162      1
    25      9      1
    25     36      1
    25     55      1
    25     80      1
    25     83      1
    25     87      1
    25     97      1
    26      7      1
    27      6      1
    27    161      1
    27    252      1
    28      2      1
    28     38      1
    28     65      1
    28    126      1
    29     13      1
    29     43      1
    30     16      1
    30    101      1
    30    115      1
    30    248      1
    31     20      1
    32     18      1
    32     37      1
    32     50      1
    33      0      1
    33     39      1
    33    268      1
    34      4      1
    34     57      1
    34    200      1
    35     19      1
    35     67      1
    35     68      1
    36     25      1
    36     90      1
    37     32      1
    38     28      1
    38     81      1
    38    243      1
    39     33      1
    39     40      1
    39    135      1
    40     39      1
    40    220      1
    41     23      1
    41    182      1
    41    290      1
    42     13      1
    42    102      1
    42    104      1
    42    117      1
    43     29      1
    43     52      1
    44     17      1
    44    153      1
    45      1      1
    45    157      1
    46      4      1
    46     69      1
    46     72      1
    46    136      1
    47      4      1
    47    119      1
    47    168      1
    47    223      1
    48     18      1
    48     78      1
    48    275      1
    49     11      1
    49     92      1
    49    166      1
    50     32      1
    50    125      1
    50    292      1
    51     24      1
    51    127      1
    51    285      1
    52     43      1
    52     89      1
    52    164      1
    52    188      1
    53     11      1
    53     64      1
    53    110      1
    53    122      1
    54     12      1
    54     66      1
    54     77      1
    54    160      1
    54    163      1
    54    179      1
    54    289      1
    55     25      1
    55     58      1
    56      1      1
    57     34      1
    58     55      1
    58     62      1
    58     70      1
    58     85      1
    59      8      1
    59    103      1
    59    197      1
    59    266      1
    60      0      1
    60    114      1
    61      6      1
    61     95      1
    62     58      1
    62     63      1
    62     74      1
    63     62      1
    63    142      1
    64     53      1
    65     28      1
    65    184      1
    65    186      1
    65    286      1
    66     54      1
    66    118      1
    67     35      1
    67    144      1
    68     35      1
    69     46      1
    69    111      1
    70     58      1
    70    105      1
    71     14      1
    71     76      1
    72     46      1
    72     82      1
    72    128      1
    73      9      1
    73    116      1
    74     62      1
    75     14      1
    75    138      1
    75    183      1
    75    233      1
    76     71      1
    76    245      1
    77     54      1
    78     48      1
    78    244      1
    79      0      1
    79     91      1
    80     25      1
    80     99      1
    80    124      1
    81     38      1
    81    151      1
    82     72      1
    82    242      1
    83     25      1
    83    113      1
    83    154      1
    83    159      1
    84     11      1
    85     58      1
    85    194      1
    86      9      1
    86    133      1
    86    201      1
    87     25      1
    87    264      1
    88     11      1
    88    152      1
    88    284      1
    89     52      1
    89    262      1
    90     36      1
    90    100      1
    91     79      1
    91    120      1
    91    165      1
    91    173      1
    92     49      1
    92    156      1
    93     22      1
    93     96      1
    93    253      1
    94     19      1
    94    150      1
    94    281      1
    95     61      1
    96     93      1
    97     25      1
    97    108      1
    98     22      1
    98    106      1
    99     80      1
    99    256      1
   100     90      1
   101     30      1
   102     42      1
   102    149      1
   102    189      1
   102    257      1
   102    269      1
   103     59      1
   104     42      1
   104    140      1
   104    199      1
   105     70      1
   106     98      1
   106    158      1
   106    240      1
   107     24      1
   107    129      1
   107    176      1
   107    250      1
   107    293      1
   108     97      1
   109     13      1
   109    137      1
   109    155      1
   110     53      1
   110    148      1
   111     69      1
   111    132      1
   111    143      1
   111    190      1
   111    267      1
   112      6      1
   113     83      1
   113    171      1
   113    297      1
   114     60      1
   115     30      1
   116     73      1
   117     42      1
   118     66      1
   119     47      1
   120     91      1
   120    206      1
   121      3      1
   121    178      1
   121    192      1
   122     53      1
   122    219      1
   123      6      1
   123    175      1
   123    181      1
   123    246      1
   124     80      1
   124    146      1
   124    283      1
   125     50      1
   126     28      1
   127     51      1
   128     72      1
   129    107      1
   130     21      1
   130    169      1
   131      9      1
   132    111      1
   132    134      1
   133     86      1
   133    205      1
   134    132      1
   134    177      1
   135     39      1
   135    225      1
   136     46      1
   137    109      1
   137    234      1
   137    251      1
   138     75      1
   139     19      1
   140    104      1
   141     18      1
   141    213      1
   142     63      1
   142    167      1
   142    259      1
   143    111      1
   144     67      1
   145     12      1
   146    124      1
   147      0      1
   148    110      1
   149    102      1
   150     94      1
   150    236      1
   151     81      1
   151    230      1
   152     88      1
   153     44      1
   153    185      1
   153    260      1
   153    272      1
   154     83      1
   154    210      1
   154    288      1
   155    109      1
   155    239      1
   156     92      1
   156    255      1
   157     45      1
   158    106      1
   159     83      1
   160     54      1
   160    174      1
   160    282      1
   160    299      1
   161     27      1
   162     24      1
   163     54      1
   164     52      1
   165     91      1
   165    204      1
   165    258      1
   166     49      1
   167    142      1
   167    261      1
   168     47      1
   168    195      1
   169    130      1
   169    191      1
   170     14      1
   171    113      1
   172      5      1
   173     91      1
   174    160      1
   174    207      1
   175    123      1
   176    107      1
   177    134      1
   177    238      1
   178    121      1
   179     54      1
   179    296      1
   180     21      1
   180    212      1
   180    265      1
   180    273      1
   181    123      1
   182     41      1
   183     75      1
   184     65      1
   185    153      1
   186     65      1
   186    187      1
   187    186      1
   188     52      1
   189    102      1
   190    111      1
   191    169      1
   192    121      1
   192    202      1
   193     10      1
   193    226      1
   193    232      1
   194     85      1
   194    198      1
   195    168      1
   196      8      1
   196    229      1
   197     59      1
   198    194      1
   199    104      1
   199    235      1
   200     34      1
   200    208      1
   200    227      1
   201     86      1
   201    211      1
   202    192      1
   203     16      1
   203    214      1
   203    218      1
   204    165      1
   205    133      1
   206    120      1
   206    277      1
   207    174      1
   207    221      1
   208    200      1
   208    224      1
   209      9      1
   210    154      1
   211    201      1
   212    180      1
   213    141      1
   214    203      1
   215     15      1
   215    217      1
   216      5      1
   217    215      1
   218    203      1
   219    122      1
   220     40      1
   221    207      1
   222     15      1
   223     47      1
   224    208      1
   225    135      1
   226    193      1
   226    247      1
   227    200      1
   228      2      1
   229    196      1
   230    151      1
   231     16      1
   232    193      1
   233     75      1
   234    137      1
   235    199      1
   236    150      1
   237     16      1
   237    249      1
   238    177      1
   239    155      1
   240    106      1
   240    279      1
   240    287      1
   240    295      1
   241     10      1
   242     82      1
   243     38      1
   244     78      1
   245     76      1
   246    123      1
   247    226      1
   248     30      1
   249    237      1
   250    107      1
   251    137      1
   252     27      1
   253     93      1
   254     15      1
   255    156      1
   256     99      1
   257    102      1
   258    165      1
   259    142      1
   259    271      1
   260    153      1
   260    270      1
   261    167      1
   261    291      1
   262     89      1
   263     19      1
   264     87      1
   265    180      1
   266     59      1
   267    111      1
   268     33      1
   269    102      1
   270    260      1
   271    259      1
   272    153      1
   273    180      1
   274      5      1
   274    294      1
   275     48      1
   276      4      1
   277    206      1
   278     18      1
   279    240      1
   280     11      1
   281     94      1
   282    160      1
   283    124      1
   284     88      1
   285     51      1
   286     65      1
   287    240      1
   288    154      1
   289     54      1
   290     41      1
   291    261      1
   292     50      1
   293    107      1
   293    298      1
   294    274      1
   295    240      1
   296    179      1
   297    113      1
   298    293      1
   299    160      1
