COORD_X_Y 40
  2.71364  0.601149
 0.529557 0.0210835
  1.34224   1.60796
  1.03548 0.0505891
  0.28026  0.843358
  2.47725  0.106706
  1.17413  0.773145
  2.42671   2.59429
  2.56716    1.2697
 0.348338   2.45871
  0.26889  0.247766
  1.22386   1.25235
 0.558282   0.83482
  2.31715   2.02415
  2.44141   1.01074
  0.48128   2.00847
 0.800474   2.14516
  2.56894  0.839388
  0.67054   1.14221
  2.38551  0.398518
  2.49026   1.97932
  2.17486   1.29869
 0.800756   2.48439
  2.91447  0.330476
  2.77103   1.86375
   1.0795    2.1778
 0.790295  0.644437
  2.71456   2.11959
 0.276292 0.0122294
 0.102375   2.06743
 0.620357   1.18517
  1.04469   2.24976
  2.99127   1.15569
 0.816655   2.82081
   2.6535  0.782753
   2.5082   2.57289
  1.00126  0.235653
 0.896038 0.00676295
  0.85491 0.0512168
  2.70757  0.715316
LINKS_SOURCE_DESTINATION_DISTANCE 78
     0      1      1
     0      6      1
     0     15      1
     0     26      1
     1      0      1
     1      2      1
     1      9      1
     1     10      1
     1     28      1
     2      1      1
     2      3      1
     2      5      1
     2     12      1
     2     20      1
     3      2      1
     3      4      1
     3      7      1
     3     16      1
     3     19      1
     3     22      1
     4      3      1
     4     18      1
     5      2      1
     5      8      1
     6      0      1
     7      3      1
     7     11      1
     7     37      1
     8      5      1
     8     13      1
     9      1      1
    10      1      1
    11      7      1
    11     25      1
    12      2      1
    12     14      1
    12     29      1
    13      8      1
    13     21      1
    13     39      1
    14     12      1
    15      0      1
    15     17      1
    15     24      1
    15     30      1
    16      3      1
    16     31      1
    17     15      1
    17     36      1
    18      4      1
    19      3      1
    20      2      1
    21     13      1
    21     23      1
    22      3      1
    22     27      1
    22     33      1
    22     35      1
    23     21      1
    23     38      1
    24     15      1
    24     34      1
    25     11      1
    26      0      1
    26     32      1
    27     22      1
    28      1      1
    29     12      1
    30     15      1
    31     16      1
    32     26      1
    33     22      1
    34     24      1
    35     22      1
    36     17      1
    37      7      1
    38     23      1
    39     13      1
