COORD_X_Y 500
  2.02383   1.17761
  2.23019   2.75328
0.0212967   1.22508
 0.869927    1.3672
  1.92504   1.59795
  2.29682   1.33011
 0.446421   1.25629
    0.659  0.500814
    2.396   1.14763
 0.226236   2.61773
  1.21587    2.1552
  2.25355   1.28145
 0.931518    1.9371
  2.46886   1.15757
   1.3756  0.173646
  1.19129   2.71743
  2.35288  0.213483
  2.76596   2.82665
  1.67403 0.0676333
 0.504239  0.106175
  2.22848   1.66409
  2.31048   1.61263
 0.235513  0.720667
  2.46073 0.0140938
  1.30315   1.39273
  1.05879   2.05095
  1.20123   2.66041
  2.46766   2.14122
  1.80985   1.39348
  2.62698    2.8064
  2.79239   2.28929
 0.965167 0.0667329
  1.53096   2.33743
 0.678843   0.32258
  2.50695   2.58553
  0.74957   2.67075
  1.53207   2.67975
  1.07035   2.02154
  0.01323   1.11585
  2.61422  0.246713
 0.642048  0.734933
 0.972515   2.20096
   1.0405  0.454083
  2.51325  0.349494
  1.18907  0.204375
  1.51541   2.12215
  2.53675  0.507034
 0.420589   2.29614
 0.337888  0.383528
  1.08859   1.78987
 0.370982  0.919161
  2.36879  0.929558
 0.297904  0.817286
  1.35985  0.341948
  1.17744 0.0475575
  1.60273   1.66067
 0.374774   2.25102
  2.62869  0.592452
  2.28484    2.8839
 0.780268  0.211501
  1.94739  0.891483
  2.96823   2.20384
0.0824128    1.7437
  2.59509   1.62576
  2.44857  0.433227
 0.917666   2.07692
  2.53729   2.85615
  2.77428   2.39573
0.0964354   1.02892
  2.52065   1.21033
  2.48415    0.2882
 0.358407    2.0491
 0.790733   2.88424
 0.508009   1.91091
 0.921984   2.36286
  2.83471  0.417943
0.0458084  0.995803
  2.67961  0.169513
  2.16017   1.24299
  2.37167   1.32555
  2.77443    1.8708
  0.17095  0.327736
  2.54877    2.7892
 0.449192   0.31462
    2.654 0.0614543
 0.516558  0.497373
  1.68868  0.195302
  1.03246   2.22275
  2.73065   2.08932
  1.87527   2.99453
  2.10766   1.80752
  2.99088  0.051851
 0.432564    2.9785
 0.344272  0.625848
  2.21624    1.0933
  1.34201   1.05559
 0.409611   1.97425
 0.561977   2.70892
  2.75251   1.22649
 0.638583  0.388265
  1.39164  0.020269
 0.842633   2.76887
 0.467267   2.30757
  2.17822  0.881925
  1.50808   1.87272
  2.82495   1.73969
  2.09808  0.320844
  2.24452   1.80781
0.0758721   0.37208
   1.4742   1.97738
  1.00312   2.75074
 0.648113  0.769176
  1.48884  0.226251
  1.22353  0.891246
  2.93213  0.058275
   1.9212   1.81281
  1.69417   1.91558
 0.325837   2.10983
   2.1779    2.5103
  1.49323   1.98221
  1.92136   1.29585
  2.17441  0.466503
  2.39919   1.28318
  2.39086   1.31746
  1.28087  0.253398
  2.12599   1.93567
  1.22379   1.12991
  1.72543   2.69909
  2.32058   2.79169
  2.18204   1.60152
  2.78297  0.901616
  1.98068  0.258869
 0.452113   1.86827
 0.875494  0.881997
  1.24989   1.81631
  2.12403   1.62213
  2.51034    2.9396
  1.67201  0.273611
  2.42581   1.62881
   1.3943   2.66804
  2.39995   2.42452
  1.34024   2.37473
  2.31842   1.56546
 0.706448  0.887061
 0.601403   1.90917
  2.36777   1.72839
  2.35801   1.20006
  1.24489  0.598728
 0.404409   1.92028
  0.32976  0.334784
  2.48606 0.0906345
  1.08783    2.4093
 0.804351  0.962649
  2.50126  0.965694
  2.04824  0.611583
  1.03386   2.93797
 0.233555   2.18292
  2.15326    2.2115
  2.41795   2.83183
 0.279828   2.19502
 0.559596    1.2563
  1.84871   1.92012
  2.38775   1.19008
 0.742016   2.85987
  2.98629  0.538887
 0.560486  0.778873
  2.05252   2.48421
  2.85182   1.41653
 0.836899   2.47227
  1.89482   2.58255
 0.924101   2.70417
  1.90067   1.64169
  2.60683   2.02652
  2.93096  0.145752
 0.416089  0.315828
   1.3092  0.679331
  1.40518    1.8317
    1.544   1.58257
  1.18688  0.134217
 0.850786  0.974515
  2.95648  0.624938
  2.80642  0.870924
  2.40065  0.490423
 0.919108  0.855946
 0.321357   1.62429
   2.1019   1.33346
   2.4936  0.376327
 0.243579     2.802
 0.351874 0.0875037
  2.19763  0.380808
 0.145181   1.30813
  2.04098  0.388578
  1.85172    1.2277
 0.219721   1.24239
  1.02883    2.0577
 0.969562  0.472465
  1.28663   2.47973
 0.518397   1.08254
  2.73177  0.727866
  1.55474    2.1351
  0.12931  0.360081
  2.92395   2.06235
  1.22119   1.22518
 0.979741   1.51219
  1.25761   1.75063
 0.852464   2.43959
 0.223841   2.35699
   1.2839   1.18505
 0.854885  0.762238
 0.147604   2.73161
  2.94463   1.55955
 0.654433  0.190746
0.0636692   2.68806
 0.774553   2.50037
   2.2951   1.77698
  1.34945  0.992202
  1.50716  0.983169
  2.57903   2.02356
 0.671567   1.44803
  1.65486  0.238046
  1.58015   1.63466
0.0537463    2.3531
  1.99239   1.92784
  1.09211  0.546176
 0.674482   1.25404
  1.24412   1.77716
  2.86071  0.241689
 0.863965  0.234106
  1.40584   2.79883
   1.0038   1.80843
 0.282013  0.338035
  1.65631    2.9734
  2.41356    1.5843
  2.50503  0.573368
 0.586652  0.881321
  2.29479   1.89474
 0.984197   2.16021
  2.84549  0.984193
  2.70491   2.50163
  2.20644     1.692
  2.70246  0.277674
 0.637762   1.57324
   1.6661   0.67503
  2.56999   1.66152
  0.26333   1.54218
 0.790373  0.236331
   1.8486    1.8565
  1.21299  0.675036
 0.824802  0.122945
  1.80375   2.68698
 0.150742  0.430739
  1.93178   1.27491
 0.913989  0.303929
 0.343466   1.19964
  1.27822   1.24711
  2.60464   1.40666
 0.874855     1.892
 0.225792   2.14846
  1.94099 0.0972619
  2.67145   2.06787
  2.18927    1.2898
  2.91206    1.7248
  2.54558    1.6815
 0.894053   1.57966
  1.61777  0.447514
  1.05065   2.22009
  1.17517  0.864409
  0.68953   1.43206
  1.30408   2.41153
  1.21131   1.40642
 0.108232   1.90712
  2.17608   1.77119
  1.95845   0.63741
  2.81468   1.00074
  1.17486   2.83646
  1.79743   1.74319
  2.99038   1.31765
 0.291036   1.95859
 0.811997   1.40155
  1.35248   2.78193
 0.391454  0.320026
  0.27684   2.19598
 0.185914   1.31609
  1.30096   1.08485
  1.21399   1.49303
  2.12658   1.90429
  1.31732   1.92666
  2.47859   1.98073
 0.127918   1.07618
  2.62153   2.85646
  1.30459  0.790781
  0.23183   1.89689
  1.27814   2.95084
 0.841541    2.3433
 0.160982   1.82867
  1.97854  0.509621
  1.11016  0.511216
  1.85795   1.53913
  1.54023   2.76809
  1.20554   1.21788
  2.05489    1.8884
0.0238588 0.0553005
  2.50166  0.824416
 0.693375   2.58666
  1.91984  0.535229
  2.46555   2.94033
 0.404267   2.77784
 0.373392  0.093493
 0.164441   1.32472
   1.2136   2.37314
 0.263994   1.19546
  1.53159  0.760908
     2.88   2.22922
 0.370494   2.35133
  2.87796   1.38457
  2.12489   1.67964
  2.45996   1.47763
  0.38439   2.38882
  2.04833   2.60575
 0.366409   2.03135
   2.6628  0.591955
 0.430118   2.80805
0.0724546   1.55944
 0.670687  0.486674
  1.24345   2.80421
  1.81508  0.276223
  1.77732  0.443329
  2.24863  0.390136
 0.735252   2.94472
 0.925376   2.47345
 0.945397   1.19517
 0.271975   2.74673
  2.64615   2.14326
  2.74398   2.32464
  2.30146   2.66503
  2.24265  0.461527
  1.03725   2.14327
  2.15902   1.96046
  2.64961   2.72051
 0.837483  0.437014
  2.01818  0.944867
  2.99976   1.28345
  2.03747   1.85132
  1.00364   0.25802
 0.719097   2.00353
0.0180132  0.982542
  1.11962   1.58922
  1.17028   2.44074
 0.606508  0.950619
  1.65511    1.9075
 0.182548    1.9727
0.0716618   2.22709
  2.63201   1.66888
 0.194598   1.31765
  1.35447   2.27132
 0.933102   1.71322
0.0976766   1.14588
  1.89791   1.44537
  1.81219   1.26664
   1.6488   2.67461
  1.72434   1.93084
  2.99491   2.23316
  1.15537   1.87414
  2.21655  0.628081
  1.25119   2.06702
  0.82734   2.22955
  1.93047  0.523385
 0.989923   1.86009
  1.54149    1.6332
0.0394247   2.88578
  0.37084   1.28326
 0.347271  0.901615
  1.68531   1.74755
  1.48102   1.15218
 0.473297  0.990764
  2.87356  0.177482
  2.64178  0.951452
  2.67704     1.876
  1.59716   1.63527
0.0706027  0.542886
  1.50552   2.26856
 0.267543  0.398033
   1.0963   2.20406
  1.23965   2.38491
  2.19222   2.56263
  1.17359  0.917144
  2.59788   2.71518
   1.0893   2.42439
   2.5485   2.58136
  1.11368   2.55688
  1.36819   1.17984
  2.14248   2.48926
 0.901099   2.20397
  1.49051   1.84544
 0.673529  0.756882
  2.81868   1.35765
 0.874227  0.183224
  1.91839  0.197889
 0.501052   1.89442
  1.94247   2.97824
  1.43557   2.91826
  1.30333 0.0144752
  2.32431   2.73968
 0.952634   2.51017
  2.03633   1.81477
  1.43351  0.241309
  2.39038   2.57809
   1.5194   1.17641
  1.73855   2.88105
 0.858368 0.0187299
  2.66688  0.325676
  1.85574   1.44638
  1.52925  0.846805
  2.27381   1.89731
  2.22384   2.99704
0.0317386  0.698213
  1.26813   2.81216
 0.474784  0.309178
   2.5893  0.761179
   2.4707  0.337125
   2.4687    1.9627
  1.27204    2.4067
  2.33542   2.23913
   1.5772   1.13744
   2.5166   2.97182
 0.780493   1.13305
  1.91586   2.81485
 0.101785   0.38651
 0.335901  0.312999
  2.20923   0.10383
 0.123448   2.91181
   0.2803   2.54598
  2.99885   1.78829
  2.79881  0.149143
  2.81557   1.10122
  1.11596   2.48784
  1.83695   1.05981
  1.52054   1.59082
   1.5066  0.344642
  2.55188    2.5838
 0.408427   2.33008
  1.29342  0.921895
  2.44321   2.02635
  1.51085 0.0110286
 0.315029   2.39397
 0.234471   2.47956
  2.48742   2.52796
  1.71483   2.59003
  2.48384   2.33049
  2.39933   0.88626
   2.2755   2.40171
  1.42679   2.13414
  1.48357  0.577394
   1.5129  0.459105
  1.88116 0.0396205
0.0988256   2.71924
  1.54976   1.35994
  2.30211   2.79163
   2.1588   1.36396
  2.60606   2.32742
0.0262056   1.80767
  1.96177   2.53943
 0.253845  0.438922
 0.208698   1.93534
   2.2079   2.70755
  2.54147   1.08763
   2.6925   2.28588
  1.94968    1.3882
  2.51811   1.51499
 0.462649  0.322814
  1.63346   2.06916
   2.9199   1.60062
  0.29978  0.637813
 0.807336   1.54153
 0.177022    1.7984
 0.440705   2.10259
 0.382473    2.4387
 0.672004   2.56161
  1.52325   2.14763
 0.635281   2.57095
  2.05642   1.77632
   1.9342   1.36359
  2.14526  0.237928
   2.3486   1.54478
  2.95811   1.57619
  2.74499   2.93558
 0.768583   2.71139
 0.831462  0.338925
   1.4911   2.75163
  1.43309   2.53653
  0.27722  0.164313
  1.11498   2.35689
  1.69257   0.70319
  2.07088  0.705797
  2.72198   1.24333
 0.699524   2.44132
 0.697494   1.61593
 0.308178   2.70893
  1.92691  0.211214
  1.58234  0.114966
LINKS_SOURCE_DESTINATION_DISTANCE 998
     0      1      1
     0      2      1
     0      3      1
     0      4      1
     0     10      1
     0     12      1
     0    223      1
     1      0      1
     1     11      1
     1     14      1
     1     47      1
     1     55      1
     1     72      1
     1    143      1
     1    169      1
     2      0      1
     2      7      1
     2      8      1
     2     13      1
     2     38      1
     2     41      1
     2    135      1
     2    412      1
     2    475      1
     3      0      1
     3      5      1
     3      9      1
     3     16      1
     3     17      1
     3     20      1
     3     33      1
     3     36      1
     3    146      1
     3    227      1
     4      0      1
     4      6      1
     4     18      1
     4    158      1
     4    198      1
     5      3      1
     5     15      1
     5     28      1
     5     89      1
     5    195      1
     6      4      1
     6     30      1
     6     32      1
     6     62      1
     6    490      1
     7      2      1
     7    166      1
     8      2      1
     8     25      1
     8     42      1
     8     64      1
     8    231      1
     9      3      1
     9     50      1
     9    145      1
     9    220      1
     9    438      1
    10      0      1
    10     77      1
    10    118      1
    10    127      1
    10    132      1
    11      1      1
    11    194      1
    12      0      1
    12     19      1
    12     52      1
    12     57      1
    12    167      1
    12    360      1
    13      2      1
    13     24      1
    13    161      1
    13    253      1
    13    328      1
    13    341      1
    14      1      1
    14     21      1
    14     34      1
    14     66      1
    14     84      1
    14    126      1
    14    271      1
    14    276      1
    15      5      1
    15     83      1
    15    193      1
    16      3      1
    16    302      1
    16    496      1
    17      3      1
    17     37      1
    17     51      1
    17    156      1
    17    189      1
    18      4      1
    18     23      1
    19     12      1
    19     26      1
    19     48      1
    19    104      1
    20      3      1
    20     22      1
    20     29      1
    21     14      1
    21     31      1
    21     46      1
    21    224      1
    21    333      1
    22     20      1
    22     27      1
    22     35      1
    22    121      1
    22    279      1
    23     18      1
    23    288      1
    23    371      1
    24     13      1
    24     76      1
    24    202      1
    24    208      1
    24    359      1
    24    418      1
    24    478      1
    25      8      1
    25     59      1
    25     60      1
    25    122      1
    25    190      1
    26     19      1
    26     40      1
    26     73      1
    26     75      1
    26    191      1
    26    197      1
    26    489      1
    27     22      1
    28      5      1
    28     56      1
    28    181      1
    29     20      1
    29     80      1
    29    309      1
    30      6      1
    31     21      1
    31     45      1
    31    165      1
    31    213      1
    31    221      1
    31    261      1
    31    348      1
    31    436      1
    32      6      1
    33      3      1
    33     96      1
    34     14      1
    34     39      1
    34    107      1
    35     22      1
    35     71      1
    35     91      1
    35    111      1
    35    210      1
    36      3      1
    37     17      1
    37     43      1
    37     44      1
    37    114      1
    37    277      1
    38      2      1
    38     93      1
    38    105      1
    39     34      1
    39    485      1
    40     26      1
    40     49      1
    40    106      1
    40    311      1
    41      2      1
    41     53      1
    41     69      1
    41    176      1
    42      8      1
    42     68      1
    43     37      1
    43     54      1
    44     37      1
    44    123      1
    44    249      1
    45     31      1
    45    159      1
    46     21      1
    46     67      1
    46     74      1
    46    124      1
    46    313      1
    46    370      1
    47      1      1
    47     58      1
    47    286      1
    48     19      1
    48    102      1
    48    473      1
    49     40      1
    50      9      1
    50    129      1
    50    139      1
    50    372      1
    51     17      1
    51     86      1
    51    136      1
    51    138      1
    51    142      1
    51    315      1
    52     12      1
    52    444      1
    52    460      1
    53     41      1
    53     79      1
    54     43      1
    54     63      1
    55      1      1
    55     65      1
    55    110      1
    55    226      1
    56     28      1
    56    188      1
    56    318      1
    57     12      1
    57     78      1
    58     47      1
    58     70      1
    58    254      1
    58    258      1
    59     25      1
    59     61      1
    59     87      1
    59    306      1
    59    462      1
    60     25      1
    61     59      1
    62      6      1
    62     92      1
    63     54      1
    63    133      1
    63    376      1
    64      8      1
    64     85      1
    64    229      1
    64    335      1
    64    420      1
    65     55      1
    65    244      1
    65    320      1
    65    321      1
    65    355      1
    65    369      1
    65    424      1
    66     14      1
    66    125      1
    66    186      1
    67     46      1
    67    233      1
    68     42      1
    68     82      1
    68    337      1
    68    453      1
    69     41      1
    69    100      1
    69    225      1
    70     58      1
    70    108      1
    71     35      1
    71     88      1
    71    115      1
    71    149      1
    71    174      1
    71    291      1
    71    342      1
    72      1      1
    72    109      1
    72    281      1
    72    308      1
    73     26      1
    73    103      1
    73    128      1
    73    218      1
    73    297      1
    74     46      1
    74    148      1
    74    170      1
    74    417      1
    74    483      1
    75     26      1
    75    257      1
    75    346      1
    76     24      1
    77     10      1
    77    101      1
    77    117      1
    77    140      1
    77    401      1
    78     57      1
    78     94      1
    79     53      1
    80     29      1
    80     81      1
    80    450      1
    81     80      1
    81     98      1
    81    154      1
    81    425      1
    82     68      1
    82    163      1
    82    340      1
    82    405      1
    83     15      1
    83    160      1
    83    273      1
    83    469      1
    84     14      1
    84    153      1
    84    252      1
    85     64      1
    85     95      1
    86     51      1
    86    144      1
    86    248      1
    86    373      1
    87     59      1
    87    433      1
    87    499      1
    88     71      1
    88     90      1
    88    120      1
    88    287      1
    88    381      1
    89      5      1
    89    397      1
    90     88      1
    90    119      1
    90    481      1
    91     35      1
    92     62      1
    92     97      1
    92    131      1
    92    428      1
    93     38      1
    94     78      1
    94     99      1
    94    175      1
    94    180      1
    94    316      1
    94    324      1
    95     85      1
    96     33      1
    96    378      1
    97     92      1
    97    130      1
    97    239      1
    98     81      1
    99     94      1
    99    347      1
   100     69      1
   100    182      1
   100    383      1
   101     77      1
   101    152      1
   101    200      1
   101    303      1
   102     48      1
   102    112      1
   102    367      1
   103     73      1
   103    247      1
   103    314      1
   104     19      1
   105     38      1
   105    393      1
   106     40      1
   106    466      1
   107     34      1
   107    203      1
   107    217      1
   108     70      1
   109     72      1
   110     55      1
   110    134      1
   110    173      1
   111     35      1
   111    113      1
   111    385      1
   112    102      1
   112    242      1
   113    111      1
   114     37      1
   114    364      1
   114    498      1
   115     71      1
   115    116      1
   115    157      1
   115    192      1
   115    266      1
   115    415      1
   116    115      1
   116    168      1
   116    211      1
   116    215      1
   116    283      1
   116    398      1
   116    463      1
   117     77      1
   118     10      1
   118    147      1
   119     90      1
   120     88      1
   121     22      1
   121    209      1
   122     25      1
   122    184      1
   123     44      1
   123    137      1
   123    238      1
   124     46      1
   124    141      1
   124    183      1
   124    206      1
   125     66      1
   125    172      1
   125    241      1
   125    375      1
   125    480      1
   126     14      1
   126    491      1
   127     10      1
   127    470      1
   128     73      1
   129     50      1
   129    240      1
   129    434      1
   130     97      1
   130    250      1
   131     92      1
   131    150      1
   131    187      1
   131    495      1
   132     10      1
   132    389      1
   133     63      1
   133    236      1
   134    110      1
   134    151      1
   135      2      1
   136     51      1
   136    484      1
   137    123      1
   137    264      1
   138     51      1
   138    421      1
   139     50      1
   139    207      1
   139    262      1
   139    354      1
   140     77      1
   140    285      1
   140    386      1
   141    124      1
   141    368      1
   142     51      1
   143      1      1
   144     86      1
   145      9      1
   145    349      1
   146      3      1
   146    155      1
   147    118      1
   147    212      1
   148     74      1
   148    179      1
   148    494      1
   149     71      1
   149    185      1
   149    196      1
   149    293      1
   150    131      1
   150    164      1
   151    134      1
   151    411      1
   152    101      1
   153     84      1
   153    392      1
   154     81      1
   154    270      1
   154    432      1
   155    146      1
   155    171      1
   155    310      1
   155    336      1
   155    377      1
   155    406      1
   156     17      1
   157    115      1
   157    382      1
   158      4      1
   158    162      1
   158    290      1
   159     45      1
   159    177      1
   160     83      1
   160    201      1
   160    407      1
   161     13      1
   161    237      1
   162    158      1
   162    214      1
   162    234      1
   163     82      1
   164    150      1
   165     31      1
   165    380      1
   166      7      1
   166    235      1
   167     12      1
   168    116      1
   169      1      1
   169    282      1
   169    396      1
   170     74      1
   170    447      1
   171    155      1
   172    125      1
   173    110      1
   173    280      1
   174     71      1
   174    178      1
   175     94      1
   175    228      1
   175    419      1
   176     41      1
   176    294      1
   176    322      1
   177    159      1
   177    289      1
   178    174      1
   178    246      1
   178    251      1
   179    148      1
   179    199      1
   180     94      1
   180    305      1
   181     28      1
   182    100      1
   182    451      1
   183    124      1
   183    265      1
   184    122      1
   184    232      1
   184    465      1
   185    149      1
   185    323      1
   186     66      1
   186    374      1
   187    131      1
   187    338      1
   188     56      1
   188    204      1
   189     17      1
   189    255      1
   189    456      1
   190     25      1
   190    307      1
   190    446      1
   191     26      1
   191    301      1
   191    343      1
   192    115      1
   192    429      1
   193     15      1
   194     11      1
   194    222      1
   194    334      1
   194    441      1
   195      5      1
   195    205      1
   196    149      1
   197     26      1
   198      4      1
   198    327      1
   199    179      1
   200    101      1
   201    160      1
   202     24      1
   202    345      1
   203    107      1
   204    188      1
   204    350      1
   205    195      1
   205    426      1
   205    467      1
   206    124      1
   207    139      1
   207    256      1
   208     24      1
   208    304      1
   209    121      1
   209    272      1
   210     35      1
   210    267      1
   210    365      1
   211    116      1
   211    245      1
   212    147      1
   213     31      1
   214    162      1
   214    216      1
   214    243      1
   214    437      1
   215    116      1
   215    298      1
   215    404      1
   216    214      1
   216    219      1
   217    107      1
   218     73      1
   219    216      1
   219    435      1
   220      9      1
   221     31      1
   221    259      1
   222    194      1
   222    278      1
   222    445      1
   222    493      1
   223      0      1
   223    459      1
   224     21      1
   225     69      1
   225    329      1
   225    399      1
   226     55      1
   226    325      1
   227      3      1
   227    230      1
   228    175      1
   228    427      1
   229     64      1
   229    260      1
   229    296      1
   230    227      1
   230    268      1
   230    384      1
   231      8      1
   232    184      1
   233     67      1
   234    162      1
   234    312      1
   235    166      1
   235    358      1
   235    403      1
   236    133      1
   236    274      1
   236    331      1
   237    161      1
   238    123      1
   239     97      1
   239    275      1
   240    129      1
   241    125      1
   242    112      1
   242    487      1
   243    214      1
   243    457      1
   244     65      1
   244    402      1
   245    211      1
   246    178      1
   246    352      1
   247    103      1
   248     86      1
   249     44      1
   250    130      1
   251    178      1
   251    395      1
   252     84      1
   252    284      1
   253     13      1
   253    319      1
   253    344      1
   254     58      1
   254    332      1
   255    189      1
   255    263      1
   256    207      1
   257     75      1
   258     58      1
   259    221      1
   259    353      1
   259    362      1
   260    229      1
   260    413      1
   261     31      1
   261    388      1
   262    139      1
   262    295      1
   262    442      1
   263    255      1
   263    472      1
   264    137      1
   264    356      1
   265    183      1
   265    269      1
   266    115      1
   266    299      1
   267    210      1
   267    409      1
   268    230      1
   269    265      1
   270    154      1
   271     14      1
   272    209      1
   272    339      1
   272    474      1
   273     83      1
   274    236      1
   274    292      1
   275    239      1
   275    300      1
   276     14      1
   277     37      1
   277    366      1
   277    439      1
   278    222      1
   279     22      1
   279    400      1
   279    454      1
   280    173      1
   280    391      1
   281     72      1
   282    169      1
   283    116      1
   284    252      1
   285    140      1
   286     47      1
   287     88      1
   288     23      1
   289    177      1
   289    379      1
   290    158      1
   291     71      1
   292    274      1
   293    149      1
   294    176      1
   295    262      1
   296    229      1
   297     73      1
   297    440      1
   298    215      1
   299    266      1
   300    275      1
   301    191      1
   302     16      1
   302    351      1
   302    357      1
   303    101      1
   304    208      1
   304    326      1
   305    180      1
   305    317      1
   306     59      1
   307    190      1
   307    414      1
   308     72      1
   308    330      1
   309     29      1
   310    155      1
   311     40      1
   312    234      1
   312    477      1
   313     46      1
   314    103      1
   315     51      1
   316     94      1
   316    482      1
   317    305      1
   318     56      1
   319    253      1
   320     65      1
   321     65      1
   322    176      1
   323    185      1
   324     94      1
   325    226      1
   326    304      1
   326    430      1
   327    198      1
   328     13      1
   329    225      1
   330    308      1
   330    363      1
   330    423      1
   331    236      1
   332    254      1
   333     21      1
   333    455      1
   334    194      1
   335     64      1
   336    155      1
   336    410      1
   337     68      1
   338    187      1
   339    272      1
   340     82      1
   341     13      1
   342     71      1
   343    191      1
   343    431      1
   343    464      1
   344    253      1
   344    416      1
   345    202      1
   346     75      1
   347     99      1
   348     31      1
   349    145      1
   350    204      1
   350    394      1
   351    302      1
   352    246      1
   352    452      1
   353    259      1
   353    479      1
   354    139      1
   355     65      1
   355    422      1
   356    264      1
   357    302      1
   358    235      1
   359     24      1
   359    361      1
   360     12      1
   361    359      1
   362    259      1
   363    330      1
   364    114      1
   365    210      1
   365    387      1
   366    277      1
   366    408      1
   366    471      1
   367    102      1
   368    141      1
   369     65      1
   370     46      1
   371     23      1
   372     50      1
   373     86      1
   374    186      1
   374    461      1
   375    125      1
   376     63      1
   376    486      1
   377    155      1
   378     96      1
   379    289      1
   380    165      1
   381     88      1
   381    390      1
   382    157      1
   382    443      1
   383    100      1
   384    230      1
   385    111      1
   386    140      1
   387    365      1
   388    261      1
   388    468      1
   389    132      1
   390    381      1
   391    280      1
   392    153      1
   393    105      1
   394    350      1
   395    251      1
   396    169      1
   397     89      1
   398    116      1
   399    225      1
   400    279      1
   401     77      1
   402    244      1
   403    235      1
   404    215      1
   405     82      1
   406    155      1
   407    160      1
   408    366      1
   408    448      1
   409    267      1
   410    336      1
   411    151      1
   412      2      1
   412    449      1
   412    476      1
   413    260      1
   414    307      1
   415    115      1
   416    344      1
   417     74      1
   418     24      1
   419    175      1
   420     64      1
   421    138      1
   422    355      1
   423    330      1
   424     65      1
   425     81      1
   426    205      1
   427    228      1
   428     92      1
   429    192      1
   430    326      1
   431    343      1
   432    154      1
   433     87      1
   434    129      1
   435    219      1
   436     31      1
   437    214      1
   438      9      1
   439    277      1
   440    297      1
   441    194      1
   442    262      1
   443    382      1
   444     52      1
   445    222      1
   446    190      1
   447    170      1
   448    408      1
   449    412      1
   450     80      1
   451    182      1
   451    458      1
   452    352      1
   452    492      1
   453     68      1
   454    279      1
   455    333      1
   456    189      1
   457    243      1
   458    451      1
   459    223      1
   460     52      1
   461    374      1
   462     59      1
   463    116      1
   464    343      1
   465    184      1
   466    106      1
   467    205      1
   468    388      1
   469     83      1
   470    127      1
   471    366      1
   472    263      1
   472    488      1
   473     48      1
   474    272      1
   475      2      1
   476    412      1
   477    312      1
   478     24      1
   479    353      1
   480    125      1
   481     90      1
   482    316      1
   483     74      1
   484    136      1
   485     39      1
   486    376      1
   487    242      1
   488    472      1
   489     26      1
   490      6      1
   490    497      1
   491    126      1
   492    452      1
   493    222      1
   494    148      1
   495    131      1
   496     16      1
   497    490      1
   498    114      1
   499     87      1
