COORD_X_Y 65
  1.96417   1.09849
   2.2833   2.43771
  1.76985    0.4837
 0.120959   1.76669
  1.07213  0.868235
  1.85323   1.00666
 0.926749   2.62344
 0.498968  0.198365
 0.137438   1.63627
  2.89184 0.0302146
  2.45777   1.57924
  1.91942   1.02774
  2.76315   2.26059
 0.278892   2.09031
 0.391973  0.201063
  2.35531   1.35408
 0.696284   2.91348
0.0643209  0.249816
  2.45761  0.100826
 0.174983   1.36859
  2.02455   2.55452
 0.896417  0.509077
 0.358585   2.17933
 0.109568   2.20664
  1.52376   1.39398
  1.06381   2.11017
  2.47285  0.898448
 0.339568   2.58597
  1.89621   2.66755
 0.785325 0.0810162
 0.886768    1.8578
  2.79376  0.802188
 0.184553    0.9056
  2.83996  0.769777
  1.22677  0.960634
  0.93526   2.93046
  2.68709    1.6241
 0.774632   1.61633
 0.965459   2.65774
  1.53857 0.0767386
  1.65609   0.97148
  2.99811   2.80885
  2.40948  0.791228
 0.316086  0.176211
 0.319688  0.475594
  2.50542  0.755721
  1.56605    2.2301
  0.87338   1.82773
  2.28917   1.02551
  2.54047   0.51217
  1.60385  0.294691
  2.02508   2.92311
 0.271207   1.43909
  2.49063    2.2475
  2.60827  0.161284
  2.78443 0.0111144
  1.78823   2.36089
  1.87099   1.27864
  1.17646   2.39478
  1.04423   1.54631
  1.71659   2.09207
 0.180205   2.26389
 0.817164  0.270118
 0.414189  0.675198
  2.31786  0.531107
LINKS_SOURCE_DESTINATION_DISTANCE 128
     0      1      1
     0      2      1
     0      4      1
     0      5      1
     0     28      1
     1      0      1
     2      0      1
     2      3      1
     2      6      1
     2     57      1
     3      2      1
     3     22      1
     3     26      1
     4      0      1
     4      7      1
     4     14      1
     5      0      1
     5     10      1
     5     13      1
     5     47      1
     6      2      1
     6      9      1
     6     17      1
     7      4      1
     7      8      1
     7     19      1
     8      7      1
     8     11      1
     8     34      1
     9      6      1
     9     12      1
     9     20      1
    10      5      1
    10     25      1
    11      8      1
    11     15      1
    12      9      1
    13      5      1
    13     21      1
    13     41      1
    13     61      1
    14      4      1
    14     32      1
    15     11      1
    15     16      1
    15     18      1
    15     42      1
    16     15      1
    16     40      1
    16     59      1
    17      6      1
    17     24      1
    17     38      1
    17     44      1
    18     15      1
    18     30      1
    19      7      1
    19     55      1
    20      9      1
    21     13      1
    21     23      1
    21     27      1
    21     31      1
    21     52      1
    22      3      1
    22     64      1
    23     21      1
    24     17      1
    24     37      1
    24     49      1
    25     10      1
    25     53      1
    26      3      1
    27     21      1
    27     46      1
    28      0      1
    28     29      1
    29     28      1
    30     18      1
    30     33      1
    31     21      1
    32     14      1
    32     35      1
    33     30      1
    33     36      1
    33     39      1
    34      8      1
    34     45      1
    35     32      1
    36     33      1
    36     48      1
    36     60      1
    37     24      1
    38     17      1
    39     33      1
    39     54      1
    40     16      1
    41     13      1
    41     43      1
    42     15      1
    42     63      1
    43     41      1
    44     17      1
    45     34      1
    46     27      1
    46     50      1
    47      5      1
    47     51      1
    48     36      1
    48     58      1
    48     62      1
    49     24      1
    50     46      1
    51     47      1
    51     56      1
    52     21      1
    53     25      1
    54     39      1
    55     19      1
    56     51      1
    57      2      1
    58     48      1
    59     16      1
    60     36      1
    61     13      1
    62     48      1
    63     42      1
    64     22      1
