COORD_X_Y 250
 0.102607   1.43554
  1.07107   1.38395
  2.29557  0.536764
  1.23126   1.07081
0.0664149   1.18458
  0.11415   1.42752
  2.89039   2.53615
  2.36965   2.79559
  1.47619   1.02595
  1.33696   2.95485
   2.8297  0.383341
  1.82649  0.890984
   1.3713   2.20019
  2.71998   1.88903
  2.54296   1.35538
  1.06603   0.38486
  2.38209   2.08947
  2.82071   1.35158
  1.53593  0.711369
  1.18907  0.255318
  1.67792   1.04582
  1.08322   1.00827
  2.36003   2.53879
  2.51461  0.968269
 0.334459   1.61575
  1.10206   1.80558
  2.70225 0.000395435
 0.119306  0.451695
 0.711224  0.195129
 0.432356   1.42063
 0.567046  0.218435
  2.88307  0.978361
 0.244443    1.3727
  2.56145  0.984479
  1.69523   2.15502
 0.240588   2.61177
  2.10423   1.74626
   1.0103   2.32897
  2.12631  0.658999
  2.73411  0.226902
  2.23147   2.32505
 0.777881 0.0566186
   1.2944   2.28766
 0.818363  0.486801
  1.70632   1.45918
 0.399947   1.29395
  1.33555   2.53563
  1.59031   1.04821
  2.36213  0.614706
  1.68279   2.61313
 0.882968  0.512176
   2.8002  0.623925
  2.23204  0.223138
 0.871255  0.158236
 0.470046   2.27647
  2.45639   1.88215
 0.697938   2.95853
 0.168177   1.35791
  1.47244   1.75248
 0.869064   0.77917
  1.45951   2.73308
   2.5194   1.53757
  1.58518   1.04981
 0.138718  0.860099
   1.4288   1.21738
  2.39029   1.64813
  1.44538   1.13538
    1.777   2.41554
 0.916858   1.56727
  2.03994    1.4257
 0.918882    0.6667
  2.40746   2.89426
  1.34543   1.43325
  2.68692  0.598459
 0.481975   1.44674
  2.64839   2.49549
0.0108994    1.0015
  2.16761   2.67596
  2.90272   1.14409
  1.86946  0.146444
  1.14998  0.950621
  2.66106    2.9692
  2.28292   2.40202
  1.27822  0.496554
  1.96027   2.33995
  1.92527   1.21437
  1.35858   2.13816
   2.3968   1.44295
   2.8643   2.38368
 0.942645  0.668395
 0.768815   0.15687
 0.967917  0.336145
  1.15148 0.0560657
  2.69202  0.904733
 0.628888  0.278653
   1.3275   1.57247
  1.11516   1.71716
  2.30902  0.283371
  1.45596   1.12487
0.0936657   1.35207
  1.13711    1.3219
  1.67856   2.87974
  1.26953   1.33314
  1.87999   1.78883
 0.861749   2.05296
  1.89153  0.248607
  0.77657   2.77137
  2.83449  0.115384
  1.53157   2.80073
  2.66391   1.51759
 0.838851   1.53047
 0.756335   2.71399
  1.82527  0.788855
  1.10327    1.0643
 0.410936  0.750077
 0.959112   1.21702
  1.30274   2.70082
  2.69821   2.90009
  2.06913    0.2559
  2.74985  0.443554
  2.73683  0.291931
 0.269871   2.71994
  1.19191   1.92623
  1.33548    2.6417
 0.160996  0.604874
  1.56092  0.396271
  2.93552  0.455529
  2.62206   2.26049
 0.131492  0.198985
  2.90866   2.08217
  1.38894   2.25158
 0.151647  0.362644
   2.2358   1.17185
  2.47248  0.426788
 0.220293   1.09337
   0.7814  0.201234
  2.90629   1.31425
  2.31915   2.91551
  1.40482   1.43251
  1.06038   1.86912
 0.762676   1.09292
  2.60909   1.64316
  2.40202   2.67173
0.0904057 0.0963134
  1.27319  0.811648
 0.806993  0.300421
  2.89426   1.76829
 0.528092   1.25083
 0.678371   1.52593
  1.86345   1.11684
  1.90563   1.44889
  0.66154  0.992733
 0.955774  0.527056
  2.53154   2.97459
  2.56041   2.38045
  2.38028   2.37927
 0.975019  0.346111
0.0742902   1.10394
  2.25153   2.97595
  1.09804   2.84779
 0.773067  0.816579
  1.20233   2.73041
  1.53404   2.85124
  1.74213   1.97297
  2.13571   2.55562
  1.78203   1.18992
 0.212391   1.94663
  2.13456   2.36424
  1.16927  0.212239
  2.97198  0.134334
  2.05351   2.42034
 0.216089    1.5128
  1.71239  0.561804
  2.72798  0.527976
 0.917602    2.2508
 0.269025  0.959792
 0.795857   2.80989
 0.114684  0.273863
   1.9298  0.963841
  2.08751   1.49769
 0.545056   1.29431
  1.81122    2.2134
  2.29689   2.78099
  1.07924   1.00421
  0.91281   1.64294
  2.75833   1.19569
    1.611   0.83402
  1.63617    2.4984
 0.391209   1.45426
    2.615   2.93126
  2.13186   2.47781
 0.453023   2.08619
  1.29612   1.39333
  1.64593   1.74258
  2.74855   1.95544
  2.90831   2.56594
  1.24656  0.501953
  1.68786  0.773455
 0.145452 0.0308225
  2.73328  0.964307
 0.846147 0.0838575
  1.94665   2.74901
 0.403038   2.07992
  1.15829   1.61087
  2.66606  0.266416
 0.546033   1.17365
  2.29114   2.28996
 0.321488 0.0538263
   1.6119  0.659711
  2.96412   1.25375
  1.11317   1.67851
  2.97953   2.67631
  2.40221   1.99952
   2.9826   2.63973
 0.377637  0.298155
  1.18395  0.866759
  1.48966   2.35441
  2.93519   1.82095
  1.94183   1.31981
  0.78884   2.56695
  2.93886   1.13929
  1.73963   1.19519
 0.708702    2.8164
  2.84533   1.68851
  2.20962   2.78878
  1.65108  0.193164
  1.10918   0.51427
  1.50911 0.0890714
  1.64769   1.36942
  1.00738  0.504596
  2.05796  0.608733
  1.00415   1.23828
 0.340162   2.35858
  1.63679   1.58415
0.0647205     2.644
  2.17964 0.0217898
  1.96143   1.21466
  1.95582  0.684882
  1.04025   1.91708
  1.59086   0.25816
  2.18242   0.92226
  2.16848   2.56519
  0.60483   2.80703
 0.942253    1.6118
  2.22003   2.87249
 0.545718  0.189639
  1.85098   2.63036
 0.262074  0.372862
  2.50525   2.26371
  1.80153  0.906934
LINKS_SOURCE_DESTINATION_DISTANCE 498
     0      1      1
     0      2      1
     0      3      1
     0     42      1
     0    142      1
     1      0      1
     1     18      1
     1     31      1
     1     43      1
     1     55      1
     2      0      1
     2     11      1
     3      0      1
     3      4      1
     3      5      1
     3      6      1
     3      7      1
     3      8      1
     4      3      1
     4     10      1
     4     17      1
     5      3      1
     5     12      1
     5     15      1
     5     25      1
     5    227      1
     6      3      1
     6      9      1
     6     33      1
     6    116      1
     7      3      1
     7     16      1
     7     22      1
     7     50      1
     7    146      1
     8      3      1
     8     13      1
     8     14      1
     8     28      1
     9      6      1
     9     23      1
     9     40      1
     9     72      1
     9    144      1
    10      4      1
    10    196      1
    11      2      1
    11     38      1
    11     45      1
    11    220      1
    12      5      1
    12     52      1
    12     58      1
    12     83      1
    12     96      1
    12    240      1
    13      8      1
    13     26      1
    13     34      1
    14      8      1
    14     20      1
    14     21      1
    14     90      1
    15      5      1
    15     61      1
    15    195      1
    16      7      1
    16     32      1
    16     78      1
    16     86      1
    17      4      1
    17     19      1
    17    159      1
    18      1      1
    18     65      1
    18    121      1
    18    134      1
    18    138      1
    19     17      1
    19     57      1
    20     14      1
    20     51      1
    20     53      1
    20    131      1
    21     14      1
    21     24      1
    21     49      1
    22      7      1
    23      9      1
    23    133      1
    23    181      1
    24     21      1
    24     27      1
    24     44      1
    24     94      1
    25      5      1
    25     29      1
    25    204      1
    26     13      1
    26     63      1
    26     71      1
    26    103      1
    27     24      1
    27     30      1
    27    160      1
    28      8      1
    28     59      1
    29     25      1
    29     37      1
    29     47      1
    29     48      1
    29     66      1
    30     27      1
    30     36      1
    30    222      1
    31      1      1
    31     46      1
    31     85      1
    32     16      1
    32     35      1
    32     41      1
    32     98      1
    33      6      1
    34     13      1
    34     79      1
    34    122      1
    34    152      1
    35     32      1
    36     30      1
    36     39      1
    36     69      1
    36    123      1
    37     29      1
    37     87      1
    37    109      1
    37    150      1
    38     11      1
    38    108      1
    39     36      1
    39     99      1
    39    175      1
    40      9      1
    40    113      1
    41     32      1
    41     74      1
    41     77      1
    41    247      1
    41    248      1
    42      0      1
    42     81      1
    43      1      1
    44     24      1
    44     73      1
    44    173      1
    45     11      1
    45     76      1
    46     31      1
    46    107      1
    46    145      1
    46    151      1
    46    167      1
    46    176      1
    47     29      1
    47     82      1
    47    129      1
    48     29      1
    48    158      1
    49     21      1
    49     88      1
    49    193      1
    50      7      1
    50     67      1
    51     20      1
    51     56      1
    52     12      1
    52    105      1
    53     20      1
    53     54      1
    53     60      1
    53     62      1
    53    110      1
    53    149      1
    54     53      1
    54     89      1
    54    106      1
    54    230      1
    55      1      1
    55     70      1
    55     75      1
    55    135      1
    56     51      1
    57     19      1
    57     68      1
    58     12      1
    58    172      1
    58    225      1
    59     28      1
    59     92      1
    59     97      1
    60     53      1
    61     15      1
    61     64      1
    61    100      1
    62     53      1
    62    114      1
    62    136      1
    62    239      1
    63     26      1
    64     61      1
    64     91      1
    65     18      1
    65    117      1
    65    148      1
    66     29      1
    67     50      1
    67     93      1
    68     57      1
    68     84      1
    68    161      1
    69     36      1
    70     55      1
    70    115      1
    71     26      1
    72      9      1
    72     80      1
    72    168      1
    73     44      1
    73    102      1
    73    124      1
    74     41      1
    74    246      1
    75     55      1
    75    201      1
    76     45      1
    76    120      1
    76    126      1
    77     41      1
    78     16      1
    79     34      1
    80     72      1
    81     42      1
    81     95      1
    81    194      1
    82     47      1
    83     12      1
    83    155      1
    84     68      1
    85     31      1
    85    140      1
    85    180      1
    86     16      1
    86    119      1
    87     37      1
    87    156      1
    88     49      1
    89     54      1
    89    132      1
    89    217      1
    90     14      1
    90    219      1
    91     64      1
    91    128      1
    91    216      1
    92     59      1
    92    139      1
    93     67      1
    94     24      1
    94    111      1
    95     81      1
    96     12      1
    96    101      1
    96    221      1
    97     59      1
    97    118      1
    98     32      1
    99     39      1
   100     61      1
   100    104      1
   101     96      1
   102     73      1
   102    143      1
   103     26      1
   104    100      1
   105     52      1
   106     54      1
   106    125      1
   106    188      1
   107     46      1
   107    179      1
   107    199      1
   108     38      1
   108    112      1
   108    166      1
   108    233      1
   109     37      1
   110     53      1
   110    170      1
   111     94      1
   111    164      1
   112    108      1
   113     40      1
   114     62      1
   115     70      1
   115    228      1
   116      6      1
   117     65      1
   118     97      1
   118    130      1
   119     86      1
   119    185      1
   120     76      1
   120    127      1
   121     18      1
   122     34      1
   122    137      1
   123     36      1
   123    198      1
   124     73      1
   124    141      1
   124    211      1
   125    106      1
   125    206      1
   126     76      1
   126    226      1
   127    120      1
   128     91      1
   128    209      1
   128    210      1
   129     47      1
   129    223      1
   130    118      1
   131     20      1
   131    207      1
   131    208      1
   132     89      1
   132    212      1
   133     23      1
   134     18      1
   134    187      1
   134    205      1
   135     55      1
   135    178      1
   136     62      1
   136    169      1
   136    192      1
   136    200      1
   137    122      1
   137    153      1
   137    214      1
   137    234      1
   138     18      1
   138    238      1
   139     92      1
   140     85      1
   140    157      1
   140    213      1
   141    124      1
   141    147      1
   141    182      1
   141    229      1
   142      0      1
   143    102      1
   143    203      1
   144      9      1
   144    183      1
   145     46      1
   146      7      1
   146    237      1
   147    141      1
   147    215      1
   148     65      1
   149     53      1
   150     37      1
   151     46      1
   151    171      1
   152     34      1
   152    154      1
   152    243      1
   153    137      1
   154    152      1
   154    162      1
   155     83      1
   155    163      1
   155    202      1
   156     87      1
   156    186      1
   157    140      1
   157    177      1
   157    231      1
   158     48      1
   159     17      1
   159    174      1
   159    235      1
   160     27      1
   160    197      1
   161     68      1
   161    189      1
   162    154      1
   162    165      1
   163    155      1
   164    111      1
   165    162      1
   166    108      1
   167     46      1
   168     72      1
   168    184      1
   168    232      1
   169    136      1
   170    110      1
   170    191      1
   171    151      1
   171    242      1
   172     58      1
   172    224      1
   173     44      1
   173    241      1
   174    159      1
   174    190      1
   175     39      1
   176     46      1
   177    157      1
   178    135      1
   179    107      1
   180     85      1
   181     23      1
   182    141      1
   183    144      1
   184    168      1
   185    119      1
   186    156      1
   187    134      1
   188    106      1
   189    161      1
   190    174      1
   191    170      1
   192    136      1
   193     49      1
   194     81      1
   195     15      1
   196     10      1
   196    218      1
   197    160      1
   198    123      1
   199    107      1
   200    136      1
   201     75      1
   202    155      1
   203    143      1
   204     25      1
   205    134      1
   206    125      1
   207    131      1
   208    131      1
   209    128      1
   210    128      1
   210    236      1
   211    124      1
   212    132      1
   213    140      1
   214    137      1
   215    147      1
   216     91      1
   217     89      1
   218    196      1
   219     90      1
   220     11      1
   221     96      1
   222     30      1
   223    129      1
   223    249      1
   224    172      1
   225     58      1
   226    126      1
   226    244      1
   227      5      1
   228    115      1
   229    141      1
   230     54      1
   231    157      1
   232    168      1
   233    108      1
   234    137      1
   234    245      1
   235    159      1
   236    210      1
   237    146      1
   238    138      1
   239     62      1
   240     12      1
   241    173      1
   242    171      1
   243    152      1
   244    226      1
   245    234      1
   246     74      1
   247     41      1
   248     41      1
   249    223      1
