COORD_X_Y 130
 0.193593   1.48466
  2.58303   2.05436
  2.57406   2.01363
 0.248623   2.19198
  0.28919  0.398238
  2.78981    1.3149
 0.629792   2.75853
  1.29489  0.686744
 0.638531   1.63344
 0.534566   1.64931
   1.0545  0.861729
  1.26788   2.30373
 0.477091   2.24002
  2.03882   1.43246
  1.77955   2.86985
  1.82215   2.56293
 0.727999   1.68224
  2.88417  0.371189
  1.99449  0.241801
 0.286627   1.81946
   1.2475   2.03062
  2.61439   1.95493
 0.654055   1.46838
  1.38139   1.93688
  2.22768   2.37195
  2.95067   2.05053
  2.97606  0.207546
  1.83786 0.0264011
  1.08647   2.37168
  1.52009    2.0948
   2.1514   1.65035
   2.5945   2.64217
  0.20635   1.93404
  2.75726  0.102188
  2.27689     1.996
  1.33673   2.20011
0.0794183   2.12407
  1.89842   2.77365
  1.78205   1.58261
  1.01123   1.19874
  1.23891  0.374598
  1.11734   1.72948
  0.78652   1.50898
 0.747886  0.546461
  2.28089   2.42681
 0.889397   1.22913
  2.62446 0.0480042
  2.03653  0.853263
  1.37951    2.2716
  1.70465  0.891075
  1.72657  0.614421
  2.10914   1.30176
  2.83141  0.569346
  2.92904   2.39226
  1.61022   1.18918
    2.687   2.92218
  2.27031  0.563366
  2.19487   2.46612
  1.85449  0.395901
  2.24142  0.353674
 0.426239   2.79364
   2.7215  0.908772
  2.62616   1.97846
   2.1404   2.37968
  1.09443   2.38566
  1.39749  0.210739
 0.932315   1.21562
   1.3043   2.24657
 0.492315 0.0858187
  1.22611   2.54553
0.0925445  0.165439
  2.42463   2.64365
  0.48817   1.80836
  2.88108   2.13764
  1.62574   2.98713
  2.92256   2.66058
  2.27391   2.62868
 0.740992    2.3523
   2.6982   2.06648
  2.06286   1.64189
  2.73943   2.43669
 0.469343    2.4339
 0.927596   1.02512
  2.65474   2.26503
 0.432104   1.42867
0.0679231   2.00663
  2.29871   2.88896
  2.78324   2.91259
   2.9811  0.143181
  1.92362   1.54552
  2.99812   1.70137
  1.25634   1.58151
 0.860105   1.86154
 0.791152   1.69415
  1.94128   2.45143
  2.11396  0.247196
  1.71331   2.54549
  1.96746   1.48813
 0.661644   2.61844
 0.155889  0.606423
  1.21012   1.94402
  1.33613 0.0911352
 0.221282   2.00194
  2.90658   2.43029
 0.639513  0.256809
  2.06679  0.572555
  1.93444  0.646415
 0.390933   2.10632
 0.720799   0.60233
 0.688515   2.33435
  1.23603   1.24504
  1.58542    2.7625
  2.65111   0.83191
  0.76425   1.44633
 0.595457   2.78901
 0.345584   1.58745
  1.94567  0.123312
  1.88324  0.543986
  2.79394   1.26188
 0.464347    2.6043
0.0436883  0.833351
  2.84068   2.50662
 0.372428  0.422522
 0.190968   2.78439
  2.19974  0.770829
 0.365364   2.20225
  2.10384   2.53867
   1.4885   2.68364
  2.57918  0.340132
  0.79667   1.85599
LINKS_SOURCE_DESTINATION_DISTANCE 258
     0      1      1
     0      5      1
     0     11      1
     0     38      1
     0     99      1
     1      0      1
     1      2      1
     1      4      1
     1      8      1
     1     10      1
     1     12      1
     1     14      1
     1     15      1
     1     48      1
     1     66      1
     2      1      1
     2      3      1
     2     26      1
     2     36      1
     3      2      1
     3     45      1
     4      1      1
     4      6      1
     4     61      1
     4     71      1
     5      0      1
     6      4      1
     6      7      1
     6     23      1
     7      6      1
     7     41      1
     7     47      1
     7     75      1
     8      1      1
     8      9      1
     8     39      1
     8     92      1
     9      8      1
     9     17      1
     9     19      1
     9     24      1
     9     25      1
     9     83      1
     9    110      1
    10      1      1
    10     27      1
    10     28      1
    10     37      1
    10     44      1
    11      0      1
    11     30      1
    11     69      1
    12      1      1
    12     13      1
    12     16      1
    12     68      1
    12     78      1
    13     12      1
    13     22      1
    14      1      1
    14     94      1
    14    111      1
    15      1      1
    15    123      1
    16     12      1
    16     42      1
    16    128      1
    17      9      1
    17     18      1
    17     35      1
    18     17      1
    18     20      1
    18     21      1
    18     33      1
    18     55      1
    19      9      1
    20     18      1
    20     32      1
    21     18      1
    22     13      1
    22     46      1
    22     62      1
    23      6      1
    23     53      1
    23    104      1
    24      9      1
    24     31      1
    24     34      1
    24     87      1
    25      9      1
    25     93      1
    26      2      1
    26     29      1
    26     77      1
    27     10      1
    27     43      1
    27     90      1
    28     10      1
    28     40      1
    29     26      1
    29     49      1
    30     11      1
    31     24      1
    32     20      1
    32     58      1
    32     59      1
    33     18      1
    33     52      1
    33     85      1
    33    107      1
    34     24      1
    34     57      1
    34    109      1
    35     17      1
    36      2      1
    36     50      1
    37     10      1
    37     64      1
    37    122      1
    38      0      1
    39      8      1
    39    108      1
    40     28      1
    40     67      1
    40     96      1
    41      7      1
    41     51      1
    41    125      1
    42     16      1
    43     27      1
    43     60      1
    44     10      1
    44     86      1
    45      3      1
    45     54      1
    45     84      1
    46     22      1
    47      7      1
    47     65      1
    48      1      1
    49     29      1
    50     36      1
    51     41      1
    52     33      1
    52    102      1
    53     23      1
    54     45      1
    54     56      1
    54    100      1
    55     18      1
    55    117      1
    56     54      1
    56     63      1
    56    105      1
    57     34      1
    58     32      1
    58    129      1
    59     32      1
    60     43      1
    60     76      1
    60     81      1
    60     98      1
    61      4      1
    61     70      1
    61     91      1
    61    103      1
    62     22      1
    63     56      1
    63     73      1
    63     74      1
    63    112      1
    64     37      1
    64    114      1
    65     47      1
    65     72      1
    65     89      1
    66      1      1
    67     40      1
    67     79      1
    67     88      1
    68     12      1
    68    126      1
    69     11      1
    70     61      1
    71      4      1
    72     65      1
    73     63      1
    74     63      1
    75      7      1
    75     80      1
    75     82      1
    76     60      1
    76    119      1
    77     26      1
    77    113      1
    78     12      1
    78    124      1
    79     67      1
    80     75      1
    81     60      1
    82     75      1
    82     97      1
    83      9      1
    84     45      1
    84     95      1
    85     33      1
    86     44      1
    87     24      1
    87    127      1
    88     67      1
    89     65      1
    89    106      1
    90     27      1
    90    116      1
    91     61      1
    92      8      1
    93     25      1
    93    101      1
    93    115      1
    94     14      1
    95     84      1
    96     40      1
    97     82      1
    98     60      1
    99      0      1
   100     54      1
   101     93      1
   102     52      1
   103     61      1
   103    118      1
   104     23      1
   105     56      1
   106     89      1
   107     33      1
   107    121      1
   108     39      1
   109     34      1
   110      9      1
   111     14      1
   111    120      1
   112     63      1
   113     77      1
   114     64      1
   115     93      1
   116     90      1
   117     55      1
   118    103      1
   119     76      1
   120    111      1
   121    107      1
   122     37      1
   123     15      1
   124     78      1
   125     41      1
   126     68      1
   127     87      1
   128     16      1
   129     58      1
