COORD_X_Y 25
 0.388105  0.791272
  1.83041    2.9659
  2.94042  0.486296
  1.37185  0.297307
  1.71996   2.87454
  1.53981   1.62549
  2.65402  0.502381
  2.87325   2.48704
  2.28029   1.78795
 0.905962   1.25086
  2.82623  0.180393
  2.35124  0.562048
 0.910349   1.15992
   1.3769  0.833511
 0.126316   2.84045
  1.35636   2.26093
  2.60579   1.74736
  1.80273   2.35813
  2.73537   1.82704
0.0162248    2.1578
  1.82568   1.37673
  1.10313    2.2335
  0.54613   1.22901
  1.40143  0.539145
 0.538817  0.518975
LINKS_SOURCE_DESTINATION_DISTANCE 48
     0      1      1
     0      2      1
     0      5      1
     0     10      1
     0     24      1
     1      0      1
     1     14      1
     1     18      1
     2      0      1
     2      3      1
     2      7      1
     2     12      1
     2     16      1
     3      2      1
     3      4      1
     3      8      1
     3     11      1
     3     15      1
     4      3      1
     5      0      1
     5      6      1
     5     19      1
     6      5      1
     6      9      1
     6     13      1
     7      2      1
     8      3      1
     9      6      1
     9     17      1
    10      0      1
    10     21      1
    10     23      1
    11      3      1
    12      2      1
    13      6      1
    13     22      1
    14      1      1
    15      3      1
    16      2      1
    17      9      1
    18      1      1
    18     20      1
    19      5      1
    20     18      1
    21     10      1
    22     13      1
    23     10      1
    24      0      1
