COORD_X_Y 600
  1.04295   1.57658
  1.19631   2.13278
  1.70078   1.91493
   2.9359  0.782878
  2.32941   1.27205
  1.54761   2.64977
 0.892949  0.266023
  1.16451   2.95997
  2.67564  0.921576
 0.120095    1.7853
 0.991647  0.863166
 0.891135   1.56868
  1.23141   1.61218
 0.297831   1.80017
  1.63721   2.49244
  2.74309   2.00917
  0.98896  0.290676
   1.9851  0.929933
  1.77621    1.9043
 0.439142   2.88789
 0.313695   2.44958
  2.76203   1.80231
  1.31595   1.20095
  1.74716   2.47777
 0.140869   1.84518
  1.84442  0.102718
  1.56821  0.287981
 0.479993  0.677906
  1.67594   1.40521
 0.377241  0.837202
  1.50227   2.75223
 0.248275  0.985554
  1.99843  0.515114
  1.60584   1.46349
  1.62485    2.1814
 0.927338   2.89853
  1.98679   2.04124
 0.511265 0.0572271
   2.9166  0.262964
  1.03945  0.554019
  2.07925  0.880738
 0.686964   1.85914
0.0956929   2.41666
 0.899852   2.62631
 0.618934   1.25068
 0.546001   2.14373
  1.11736   1.62748
 0.655213  0.194697
 0.250626  0.419553
  1.41966  0.249404
  2.31924  0.538383
  0.98125   2.10574
 0.832246  0.730383
  0.66433   1.84085
  2.28081   2.93851
  2.64982   2.67049
  1.20864   2.83803
 0.368735   1.14365
   1.7535   2.90707
  1.84673   2.33493
  2.36923 0.0572225
 0.939429   2.81525
  1.36639   1.15626
  1.88697   0.91665
  1.91679   2.72391
  1.84212    1.9735
   1.5496   2.33036
  2.89338    1.0753
 0.730609   1.29616
 0.030596  0.890278
  1.86518  0.413196
 0.873291   2.84775
  2.08453    1.0756
  2.43922   1.52226
  2.92967  0.385147
 0.517918   1.08565
  1.59298  0.918566
  1.49322   1.02056
  2.85539  0.110542
   1.7636   2.51876
  0.52995   2.77478
  2.64346  0.957988
  0.14966   2.39617
  1.80359   2.91611
  1.86363   1.02013
  1.64352   1.71525
 0.474453   1.22758
  2.78409   1.08618
  2.34069  0.283208
 0.157996   0.55728
 0.584331   1.97523
  1.43527   2.78448
  1.72601   2.65576
  2.84531   2.86843
  0.19681   2.55782
  2.84234   2.29494
  2.50496   2.16718
  2.81934  0.970612
 0.677914   1.79159
 0.837185   1.41209
 0.380678   1.93272
  2.43886   2.54575
  1.89715   1.61657
 0.747565   1.92252
  1.48965  0.915483
  1.81416  0.712666
  2.83194   2.60527
0.0803183   1.23232
  1.08521   2.68698
 0.966191   1.15975
  1.33629  0.602838
  1.68783  0.336385
  2.61506   2.48648
  1.13796  0.921308
   1.7034   2.63903
 0.543934   2.24471
 0.036395  0.153218
  2.16442   2.86593
 0.089284   1.58457
  0.99413  0.954593
 0.172827   2.03842
  2.64021    1.2807
  2.48631   1.12732
  2.79108   2.65939
  1.30372   1.83006
  2.12557  0.968858
  1.16476   1.99196
  2.47439  0.768086
  1.38763  0.958009
  2.76624  0.371442
  2.15843   2.28279
  0.87079   2.77698
  2.75478  0.642654
  2.30303    1.0952
  2.16494  0.626686
  1.03372   2.28655
 0.201281   1.44918
  1.48327   1.22007
  1.31939    1.5912
  1.44503   2.36469
  2.97523   1.08015
 0.618852   2.74606
  2.26251   1.42313
 0.767515  0.717572
  1.95425  0.936317
 0.987377 0.0792158
 0.659241   2.49694
  2.03861  0.304076
  2.86896    1.2921
  2.55957   1.27161
 0.410896  0.118313
  1.40444   2.14721
  2.00264  0.796207
  1.23991   1.29678
 0.545844   1.00342
  2.65534  0.598287
 0.691723   2.01212
  2.92854 0.0733829
  2.97848   1.51784
  2.02758    2.7416
 0.748573   1.02023
  2.41323   1.88763
  1.11072  0.543527
  2.19855   1.29036
   2.0322   1.14157
 0.586213   1.30017
  2.40665   1.94761
 0.483061  0.464447
  1.22702  0.220115
  1.80169  0.599329
 0.998798   2.67848
 0.284671 0.0876172
 0.271321    1.2776
  1.44414  0.422225
 0.395784   2.28502
0.0590429   2.11048
  2.23414  0.926316
  2.43834   1.94825
 0.668503   2.63448
  2.59557   2.27004
 0.951288  0.724422
  0.12542   1.24622
  2.51648   2.40005
   1.2807  0.861586
  2.84112   2.55068
  2.31355    2.7166
  2.12565   1.93522
 0.073185   2.58811
  1.75291  0.419901
  1.45918   1.39954
  1.19735   2.55118
  1.31011   2.99288
  0.20067  0.430697
0.0424852  0.496269
 0.498381   1.88936
  1.63676   2.59604
     1.79   1.26801
 0.682056   1.22484
  2.46713   2.35745
  1.18879   2.92848
  2.89389   2.90368
  1.50648  0.104516
  2.83144   1.57642
 0.471347   2.85788
   2.1884  0.510531
  2.79344   2.74986
  1.51139   1.03782
  1.45765   2.08965
  1.32549   1.28791
  2.39327   1.83682
 0.386306   2.69292
 0.585711     1.119
 0.676685   2.64457
 0.364906  0.730695
  1.50175   1.57649
 0.734823  0.310933
 0.659454   2.89227
 0.991277   1.27744
  2.14235   2.23524
  0.52115   1.50217
  2.98377   2.66796
 0.541181  0.224979
  2.16717   2.00233
  1.46759    2.9623
  1.91211   2.17977
  1.58367   1.28097
  2.42757   1.45408
  2.87044   2.14655
  1.10299  0.202894
  0.21316    1.6871
  2.22934   1.28232
  2.00269   0.82398
   2.0992   1.81818
 0.460965   1.40889
  1.61535  0.837248
  1.81921   1.34001
 0.798306  0.566371
 0.970778    1.3918
 0.942901   1.89705
  1.91874   1.86039
  1.72478   2.70081
 0.777726   1.07428
 0.972674   1.87888
 0.895323   1.71409
  1.76179   1.70509
  1.53393   2.93269
  1.77101   1.42242
  2.55076   2.70769
 0.961389   2.46129
  1.51821  0.132195
  2.44709   2.28277
  2.22996 0.0360425
 0.277318  0.724326
 0.838028  0.288081
  2.48675   1.29879
  2.99332  0.313054
  2.41498  0.693822
 0.309907   0.42408
 0.837089   2.09941
  2.70371    2.0588
 0.876591   1.79228
  1.44014   1.32366
  1.79087    1.9644
 0.628918   1.73889
   1.0518   2.97709
 0.258731    2.1187
  2.10803   2.16287
  2.35357   2.79277
0.00479952   2.94478
  1.66541  0.371833
  1.89088   1.24046
  2.61369   2.56369
  2.41207   1.02719
  1.94196   2.76662
  2.36401   1.86173
  1.15116   0.94774
  2.23955    1.6009
 0.160953   1.36124
  2.30897   1.57162
  1.58105  0.588148
   1.6761   1.66391
  1.76124  0.668057
 0.360017   1.84283
 0.184286   2.66713
  2.68309    1.3288
  1.24076  0.895873
  1.29173  0.472381
  2.60281  0.865898
  2.67587   1.89698
  1.96034   2.56236
  1.09482   2.83153
  1.19577  0.702944
  1.76669    2.7229
  1.72177   1.55717
0.0862703   2.88629
  1.09008  0.967992
    2.282   2.20306
 0.430007    1.5627
 0.170616  0.803937
 0.892897  0.245242
  1.53862   2.66703
  0.58692  0.273901
  0.25374   0.36227
  1.91237  0.109763
 0.195234  0.436708
  1.07824   2.15007
  2.39365   2.61524
 0.460887  0.946126
  2.82863    1.2599
  1.83735   2.08874
 0.693991    1.4349
  1.78127  0.800729
  2.85749  0.601747
 0.236847   1.18459
  2.70582   2.91704
 0.660317   2.16622
  1.47631    1.9045
 0.959927   2.40475
 0.444247   1.26028
  2.38431   1.20203
 0.298445  0.177528
  0.55559  0.165785
  0.16195   2.42812
 0.945982   1.31121
0.0204614   1.73596
  1.20894   1.63431
  1.98035   1.87871
 0.955594   2.60646
 0.884512  0.789331
   1.1461   2.70152
0.0379363   2.13032
  1.72398   2.40621
 0.657244   1.72483
  2.28287   1.51938
 0.253717   2.62788
  0.47883   2.46335
  2.01832  0.803444
 0.207797   1.47248
   2.6346   2.22965
0.0443322  0.103011
  1.77804  0.567764
 0.186969   2.32412
 0.485236      1.65
  1.18634  0.327407
  1.36603   1.36908
 0.635812  0.819559
  2.44435   1.62898
  1.68508   1.19026
  2.55983   2.52402
  2.84517   2.18749
  1.80014   2.29447
 0.950832  0.191139
  1.75273   1.89069
  2.40178   2.65895
  1.75946   2.33482
  2.01993   1.90764
  2.28311  0.326559
   2.2798  0.458685
  1.35153   2.06643
  2.37504   1.61922
  2.81779   1.51631
  1.22016   1.06569
   0.4632  0.424145
  2.92559 0.0628859
  1.76345   1.33697
  0.90349  0.123201
 0.548815   1.55738
   2.4472 0.0516246
 0.686514   2.48455
 0.743205   2.88628
  1.95075   1.68953
  1.64221  0.085031
  2.14186   2.44892
  0.21766   2.30037
  1.76175   0.69033
  2.03436   1.47393
  2.30989   2.62754
 0.508716    2.2595
 0.824252    0.3358
 0.701456   1.87213
  2.84283   1.88867
  1.89317   1.82697
0.0468017   2.86386
  1.25925  0.802038
  2.29627   2.62225
  1.94341   2.26445
 0.830787  0.234126
  1.02108  0.375562
  1.42731   2.92441
 0.453281   2.97539
 0.268682   1.58125
  0.17705   1.09708
  1.81287   1.27831
 0.601081   1.52393
  2.14301   2.96411
  2.86432     2.028
  2.60391  0.612099
 0.703797   1.55727
  2.42675   1.50042
   2.5218   1.07712
  1.31683   2.09094
  1.89818  0.349782
 0.372932  0.205279
  2.65357  0.528872
   2.1857   2.31467
 0.728462   1.86197
  2.01046  0.759008
  2.95989   1.86692
  1.19155  0.194635
  2.57274   2.13092
  2.85831  0.182917
 0.569487   1.76935
  2.85276   2.64468
  1.95596   2.73643
  1.86905  0.498673
 0.331565   0.10566
 0.323462   1.61285
  1.84471  0.841867
0.0799784  0.214897
  1.73657  0.404651
0.0682691   1.17055
  0.55599  0.990642
 0.402422   1.25397
  1.85491    1.2571
  2.65993   2.07457
  2.61373  0.207661
  1.94123  0.343173
  1.40681   2.26713
  1.79716    1.4993
 0.344667   2.77819
  1.97926   1.48108
 0.391795 0.0125503
  1.60814  0.556364
0.00356645  0.915573
  2.18658  0.622591
  2.00657 0.0684709
   2.3274   1.15688
  1.05772   1.41916
  2.96722  0.871159
 0.638418   1.41074
 0.970834  0.468418
  2.73113  0.919193
  1.64274   1.51111
 0.431505   0.45304
  2.14736  0.430981
 0.544981   1.24206
  1.75038   1.87122
 0.996931   2.63535
  2.24907   2.94217
 0.487759   2.89792
  1.40314   2.77981
 0.988614   2.59356
  1.84276   1.34105
 0.874682   0.89995
 0.696334   1.01386
  2.05314  0.661031
 0.752975   2.28242
  2.46456   1.37123
  2.58938   2.70235
 0.383884  0.713961
  1.32045  0.614394
  2.63812   1.82019
 0.285517   2.02772
  2.48326  0.640872
  2.29195   1.47696
 0.103637  0.624205
 0.999233  0.271005
  2.62246   1.60977
  2.03998   0.13804
 0.738504 0.0125551
 0.792279  0.362679
  2.72903  0.511765
 0.926843  0.777482
 0.836925   2.72349
  1.72824   2.21928
 0.979467   2.29361
   2.0532   2.69754
  2.38988  0.815727
 0.750375    2.4577
 0.181956   0.50038
  1.95819   1.13928
  0.67955   1.63128
  1.85727  0.758496
 0.679596   2.85619
  2.48376  0.524504
  1.26383   2.05581
  1.51864    1.4936
 0.482975   2.80939
  1.27185   2.23629
  2.81145   1.35919
  2.71812   1.50546
  2.16979   2.13051
  1.91538   2.52721
  1.99525   2.19341
0.0965316  0.214475
    1.681   1.02068
  1.97254  0.904239
 0.124527   2.45271
  1.38111  0.240358
  2.31982   1.20447
  1.02588    2.4144
  1.31469   1.53501
 0.294824   1.99073
  2.77336   1.92866
  0.26837   1.52989
  2.09633   1.23554
  2.94077   1.02835
 0.846768   0.49579
  2.96449   2.89378
  2.51801    1.6904
  2.17828   1.78865
  2.69254   1.69754
  2.55022   1.35381
  1.21002   2.12399
 0.065252  0.411377
 0.385148   2.78467
  2.81736   1.62881
 0.107252  0.148199
  1.00036   2.23718
  1.65416   2.65381
 0.162137  0.850923
  1.59698  0.522943
  1.12724  0.574249
  1.84149   1.86203
0.0373785   1.99422
  1.81006   1.43017
  2.07927   1.50331
  2.60206   2.93781
  1.16475   1.13635
 0.763637   1.42396
  1.59361  0.403272
 0.357129   2.09395
 0.756138   2.53914
  2.23059   1.37661
 0.636647   1.04328
0.0370516 0.00289976
  2.76981   1.96353
  2.79854  0.424329
 0.385696   2.82726
   2.0929   2.13733
0.00937678   1.41523
 0.645775   1.54981
  2.67177   2.52113
  1.57418   1.91062
  2.66328  0.877439
  1.26164   1.85398
  1.12937  0.390165
  1.60244   2.07131
  2.20397  0.851782
  1.27839  0.132165
  1.99469   2.65898
  1.17732  0.912857
  1.44376  0.302418
0.0920643   2.35274
  2.83763    2.4437
 0.270405   1.05189
0.00155472   1.32412
  1.30527    2.2301
 0.109574   1.86883
 0.458679  0.127491
  1.57198   2.60784
   1.5863   2.88548
  1.70349  0.864007
 0.844197   2.44827
  1.81957  0.125694
  1.22867  0.424806
  1.24487   1.62513
  1.07532   1.60599
  1.18253   2.31135
 0.174405   2.19277
  1.52601   1.85179
 0.972678   2.21596
0.0724401    2.9171
  2.69745  0.639347
  2.63554  0.645871
  2.01711   2.35816
  1.46568   1.96848
  2.86634   1.51798
 0.218031  0.762566
  1.66982  0.982961
  2.32019   1.04337
  1.24196  0.959963
   1.9472   2.58836
  0.85769   2.16395
  1.61603   2.96345
 0.293679   1.87472
   1.8512  0.702419
  2.61582  0.263282
  2.58544   2.95365
  1.98936    2.7049
  2.51945   2.90087
  2.23978  0.700505
  0.19724   1.33817
  1.14539   2.00263
  1.85018   2.51761
  2.39043   1.40201
0.0875413   1.80327
  2.26927   1.01347
 0.801425   2.16585
 0.979148  0.897007
LINKS_SOURCE_DESTINATION_DISTANCE 1198
     0      1      1
     0      8      1
     0     29      1
     1      0      1
     1      2      1
     1      3      1
     1      5      1
     1      7      1
     1      9      1
     1     14      1
     1     22      1
     1     26      1
     1     40      1
     1    136      1
     1    434      1
     1    442      1
     2      1      1
     2     42      1
     3      1      1
     3      4      1
     3     10      1
     3     19      1
     3    115      1
     3    163      1
     4      3      1
     4      6      1
     4     48      1
     4    153      1
     5      1      1
     5     11      1
     5    179      1
     5    265      1
     6      4      1
     6     18      1
     6     23      1
     6    202      1
     6    343      1
     6    350      1
     6    403      1
     7      1      1
     7     27      1
     7     83      1
     7     84      1
     7    509      1
     8      0      1
     8    141      1
     8    167      1
     8    336      1
     8    537      1
     9      1      1
     9     16      1
     9    120      1
    10      3      1
    10     15      1
    10     28      1
    10     78      1
    10    267      1
    10    281      1
    10    304      1
    11      5      1
    11     12      1
    11     13      1
    11     88      1
    11    166      1
    11    206      1
    11    258      1
    11    272      1
    12     11      1
    12     54      1
    12     75      1
    12    106      1
    13     11      1
    13     24      1
    13     25      1
    13     50      1
    13    181      1
    13    186      1
    13    210      1
    13    358      1
    14      1      1
    14     17      1
    15     10      1
    15     21      1
    15    111      1
    15    130      1
    15    270      1
    16      9      1
    16     34      1
    16    121      1
    16    125      1
    16    148      1
    17     14      1
    17     20      1
    17     67      1
    17    178      1
    17    386      1
    18      6      1
    18     47      1
    18     57      1
    18    100      1
    18    158      1
    19      3      1
    19     30      1
    19     35      1
    19     59      1
    19     94      1
    20     17      1
    20     45      1
    20    109      1
    20    157      1
    20    524      1
    21     15      1
    21     41      1
    21     44      1
    21     73      1
    21     77      1
    21    373      1
    21    391      1
    21    554      1
    22      1      1
    22    150      1
    23      6      1
    23     36      1
    23    236      1
    23    324      1
    23    352      1
    24     13      1
    24     32      1
    24     66      1
    25     13      1
    25     91      1
    25    317      1
    25    451      1
    26      1      1
    26    229      1
    27      7      1
    27     33      1
    27     52      1
    27     70      1
    27    144      1
    27    361      1
    27    494      1
    27    497      1
    28     10      1
    28     31      1
    28    203      1
    28    577      1
    29      0      1
    30     19      1
    30     37      1
    30    101      1
    30    118      1
    30    156      1
    30    248      1
    31     28      1
    31     38      1
    31     49      1
    31     58      1
    31     90      1
    31    105      1
    31    311      1
    32     24      1
    32     39      1
    32     46      1
    32    377      1
    32    388      1
    33     27      1
    33     55      1
    33    218      1
    34     16      1
    34     43      1
    34    110      1
    34    278      1
    34    293      1
    34    301      1
    35     19      1
    35    491      1
    36     23      1
    36     51      1
    36     89      1
    37     30      1
    37     79      1
    37    123      1
    37    213      1
    38     31      1
    38    255      1
    39     32      1
    39     64      1
    39    271      1
    39    576      1
    40      1      1
    40     95      1
    40    177      1
    40    354      1
    41     21      1
    41    360      1
    41    492      1
    42      2      1
    43     34      1
    44     21      1
    44     99      1
    44    384      1
    45     20      1
    45     56      1
    45     68      1
    45    243      1
    46     32      1
    46     62      1
    46     81      1
    46    235      1
    47     18      1
    47     63      1
    47    219      1
    48      4      1
    48     61      1
    49     31      1
    49    108      1
    49    545      1
    50     13      1
    50    349      1
    50    398      1
    51     36      1
    51     69      1
    51    151      1
    51    331      1
    52     27      1
    52     53      1
    52    488      1
    53     52      1
    53     60      1
    53     80      1
    53     82      1
    53    154      1
    53    188      1
    53    381      1
    54     12      1
    54    102      1
    54    578      1
    55     33      1
    55     92      1
    55    140      1
    56     45      1
    56     87      1
    57     18      1
    57     71      1
    57    142      1
    57    439      1
    57    457      1
    58     31      1
    58    131      1
    58    284      1
    59     19      1
    60     53      1
    60    223      1
    60    233      1
    60    489      1
    61     48      1
    61     65      1
    61    134      1
    61    173      1
    62     46      1
    62    303      1
    63     47      1
    63     74      1
    63    103      1
    63    124      1
    63    138      1
    63    515      1
    64     39      1
    64    117      1
    64    334      1
    65     61      1
    65    187      1
    65    325      1
    66     24      1
    66    107      1
    66    129      1
    67     17      1
    67     72      1
    67     76      1
    67    171      1
    67    332      1
    67    415      1
    68     45      1
    68    112      1
    68    463      1
    68    535      1
    69     51      1
    69    242      1
    69    287      1
    70     27      1
    70    174      1
    70    220      1
    70    513      1
    71     57      1
    71     93      1
    71    114      1
    71    320      1
    72     67      1
    72    104      1
    72    127      1
    73     21      1
    73    540      1
    74     63      1
    74    200      1
    74    323      1
    75     12      1
    75    319      1
    75    438      1
    75    593      1
    76     67      1
    76    581      1
    77     21      1
    77    147      1
    78     10      1
    78    132      1
    79     37      1
    79     85      1
    79    160      1
    79    569      1
    80     53      1
    80    370      1
    81     46      1
    81    161      1
    82     53      1
    82    426      1
    83      7      1
    83    204      1
    83    344      1
    84      7      1
    84     96      1
    84     97      1
    84    318      1
    85     79      1
    85     86      1
    85    452      1
    86     85      1
    86    191      1
    86    328      1
    86    518      1
    87     56      1
    87    205      1
    88     11      1
    88    241      1
    88    300      1
    89     36      1
    89     98      1
    89    116      1
    89    128      1
    89    222      1
    89    247      1
    89    490      1
    90     31      1
    90    169      1
    90    476      1
    91     25      1
    91    182      1
    91    486      1
    92     55      1
    92    196      1
    92    417      1
    93     71      1
    93    221      1
    94     19      1
    94    197      1
    94    234      1
    94    407      1
    95     40      1
    95    198      1
    95    420      1
    95    557      1
    96     84      1
    97     84      1
    97    240      1
    98     89      1
    98    126      1
    98    295      1
    99     44      1
    99    146      1
    99    571      1
   100     18      1
   101     30      1
   101    193      1
   101    579      1
   102     54      1
   103     63      1
   103    168      1
   103    299      1
   104     72      1
   104    228      1
   104    355      1
   105     31      1
   105    143      1
   105    397      1
   106     12      1
   106    149      1
   107     66      1
   107    122      1
   107    162      1
   107    165      1
   107    215      1
   107    404      1
   108     49      1
   108    495      1
   109     20      1
   109    276      1
   110     34      1
   110    137      1
   110    330      1
   111     15      1
   111    113      1
   111    264      1
   112     68      1
   113    111      1
   113    227      1
   113    279      1
   114     71      1
   114    238      1
   114    338      1
   114    416      1
   115      3      1
   115    257      1
   116     89      1
   116    292      1
   117     64      1
   117    269      1
   118     30      1
   118    119      1
   118    152      1
   118    364      1
   119    118      1
   119    253      1
   119    510      1
   120      9      1
   120    201      1
   121     16      1
   122    107      1
   122    135      1
   122    192      1
   122    406      1
   123     37      1
   123    396      1
   124     63      1
   124    145      1
   124    155      1
   124    183      1
   125     16      1
   125    231      1
   126     98      1
   126    133      1
   126    208      1
   126    286      1
   127     72      1
   128     89      1
   129     66      1
   130     15      1
   130    170      1
   130    528      1
   130    538      1
   131     58      1
   131    582      1
   132     78      1
   133    126      1
   133    139      1
   133    175      1
   133    256      1
   133    282      1
   133    298      1
   133    394      1
   134     61      1
   134    226      1
   135    122      1
   135    212      1
   135    422      1
   136      1      1
   136    288      1
   136    594      1
   137    110      1
   137    314      1
   137    380      1
   138     63      1
   138    195      1
   138    207      1
   138    558      1
   139    133      1
   139    453      1
   139    478      1
   140     55      1
   140    549      1
   141      8      1
   141    159      1
   141    329      1
   141    480      1
   142     57      1
   142    321      1
   142    419      1
   143    105      1
   143    435      1
   143    517      1
   144     27      1
   145    124      1
   146     99      1
   146    194      1
   146    375      1
   147     77      1
   147    232      1
   147    274      1
   147    285      1
   148     16      1
   149    106      1
   149    342      1
   150     22      1
   150    297      1
   150    567      1
   151     51      1
   151    421      1
   152    118      1
   153      4      1
   153    164      1
   153    389      1
   154     53      1
   154    459      1
   154    543      1
   155    124      1
   155    189      1
   155    341      1
   155    498      1
   156     30      1
   156    316      1
   156    345      1
   157     20      1
   158     18      1
   158    512      1
   159    141      1
   159    251      1
   160     79      1
   160    172      1
   160    180      1
   161     81      1
   161    176      1
   161    184      1
   162    107      1
   162    237      1
   163      3      1
   163    294      1
   163    446      1
   163    555      1
   164    153      1
   164    599      1
   165    107      1
   165    185      1
   165    473      1
   166     11      1
   167      8      1
   168    103      1
   168    266      1
   168    337      1
   169     90      1
   169    351      1
   170    130      1
   170    246      1
   170    424      1
   170    575      1
   171     67      1
   172    160      1
   172    598      1
   173     61      1
   174     70      1
   174    211      1
   174    551      1
   175    133      1
   176    161      1
   177     40      1
   177    289      1
   177    525      1
   177    533      1
   177    534      1
   178     17      1
   178    245      1
   178    262      1
   179      5      1
   179    216      1
   179    427      1
   180    160      1
   180    199      1
   181     13      1
   181    346      1
   182     91      1
   182    239      1
   183    124      1
   183    372      1
   184    161      1
   184    259      1
   185    165      1
   185    209      1
   185    487      1
   186     13      1
   186    190      1
   186    280      1
   187     65      1
   188     53      1
   188    224      1
   189    155      1
   189    369      1
   190    186      1
   190    230      1
   191     86      1
   191    249      1
   191    305      1
   192    122      1
   193    101      1
   194    146      1
   194    526      1
   195    138      1
   195    296      1
   195    400      1
   196     92      1
   196    359      1
   196    477      1
   197     94      1
   198     95      1
   198    408      1
   198    444      1
   199    180      1
   199    399      1
   200     74      1
   200    410      1
   201    120      1
   201    308      1
   202      6      1
   202    263      1
   202    315      1
   203     28      1
   203    465      1
   204     83      1
   204    214      1
   204    217      1
   205     87      1
   205    333      1
   205    379      1
   205    395      1
   206     11      1
   206    268      1
   207    138      1
   207    521      1
   208    126      1
   208    252      1
   208    356      1
   209    185      1
   209    309      1
   209    431      1
   210     13      1
   211    174      1
   211    556      1
   212    135      1
   213     37      1
   213    250      1
   213    306      1
   214    204      1
   214    401      1
   215    107      1
   215    290      1
   215    411      1
   216    179      1
   216    409      1
   216    484      1
   217    204      1
   218     33      1
   219     47      1
   219    511      1
   219    587      1
   220     70      1
   220    225      1
   221     93      1
   222     89      1
   223     60      1
   224    188      1
   224    273      1
   225    220      1
   225    244      1
   226    134      1
   226    573      1
   227    113      1
   227    302      1
   228    104      1
   229     26      1
   229    275      1
   230    190      1
   230    283      1
   230    310      1
   230    382      1
   230    585      1
   231    125      1
   231    368      1
   231    393      1
   231    471      1
   232    147      1
   233     60      1
   234     94      1
   234    254      1
   234    589      1
   235     46      1
   235    412      1
   236     23      1
   236    445      1
   236    503      1
   237    162      1
   237    327      1
   238    114      1
   238    348      1
   238    428      1
   239    182      1
   240     97      1
   241     88      1
   242     69      1
   242    481      1
   243     45      1
   243    357      1
   244    225      1
   245    178      1
   246    170      1
   246    260      1
   246    553      1
   247     89      1
   248     30      1
   249    191      1
   250    213      1
   251    159      1
   252    208      1
   252    339      1
   253    119      1
   254    234      1
   255     38      1
   256    133      1
   257    115      1
   258     11      1
   258    307      1
   258    423      1
   259    184      1
   259    366      1
   260    246      1
   260    261      1
   260    550      1
   261    260      1
   261    347      1
   262    178      1
   262    441      1
   263    202      1
   264    111      1
   264    590      1
   265      5      1
   266    168      1
   267     10      1
   267    313      1
   267    520      1
   268    206      1
   268    499      1
   269    117      1
   269    469      1
   269    532      1
   270     15      1
   270    429      1
   271     39      1
   271    467      1
   271    574      1
   272     11      1
   273    224      1
   273    291      1
   274    147      1
   274    277      1
   274    464      1
   275    229      1
   275    418      1
   276    109      1
   277    274      1
   278     34      1
   278    374      1
   278    461      1
   278    566      1
   279    113      1
   279    470      1
   280    186      1
   281     10      1
   282    133      1
   283    230      1
   283    378      1
   283    436      1
   283    588      1
   283    591      1
   284     58      1
   285    147      1
   285    367      1
   286    126      1
   286    531      1
   287     69      1
   287    376      1
   287    437      1
   288    136      1
   289    177      1
   289    387      1
   289    514      1
   290    215      1
   291    273      1
   291    456      1
   292    116      1
   292    562      1
   293     34      1
   294    163      1
   294    322      1
   295     98      1
   296    195      1
   296    432      1
   297    150      1
   298    133      1
   298    326      1
   299    103      1
   299    454      1
   300     88      1
   301     34      1
   302    227      1
   302    335      1
   302    522      1
   303     62      1
   304     10      1
   305    191      1
   305    474      1
   306    213      1
   307    258      1
   307    541      1
   308    201      1
   309    209      1
   310    230      1
   310    312      1
   310    402      1
   311     31      1
   312    310      1
   312    504      1
   313    267      1
   313    353      1
   314    137      1
   314    405      1
   315    202      1
   315    365      1
   315    519      1
   316    156      1
   316    505      1
   316    506      1
   317     25      1
   317    440      1
   318     84      1
   318    340      1
   319     75      1
   320     71      1
   321    142      1
   322    294      1
   323     74      1
   324     23      1
   324    563      1
   324    595      1
   325     65      1
   326    298      1
   327    237      1
   327    447      1
   328     86      1
   328    363      1
   329    141      1
   329    413      1
   330    110      1
   330    430      1
   330    472      1
   331     51      1
   331    475      1
   331    592      1
   332     67      1
   332    449      1
   332    565      1
   333    205      1
   334     64      1
   335    302      1
   335    443      1
   335    460      1
   336      8      1
   337    168      1
   338    114      1
   338    572      1
   339    252      1
   340    318      1
   341    155      1
   341    371      1
   341    390      1
   341    568      1
   342    149      1
   343      6      1
   343    544      1
   344     83      1
   345    156      1
   346    181      1
   347    261      1
   348    238      1
   349     50      1
   350      6      1
   351    169      1
   351    385      1
   352     23      1
   352    425      1
   353    313      1
   353    559      1
   354     40      1
   354    468      1
   355    104      1
   355    580      1
   356    208      1
   357    243      1
   357    362      1
   358     13      1
   358    516      1
   359    196      1
   359    450      1
   360     41      1
   360    564      1
   361     27      1
   362    357      1
   363    328      1
   364    118      1
   365    315      1
   365    448      1
   365    483      1
   366    259      1
   367    285      1
   368    231      1
   369    189      1
   369    500      1
   370     80      1
   371    341      1
   371    530      1
   371    570      1
   372    183      1
   372    508      1
   373     21      1
   374    278      1
   375    146      1
   375    523      1
   376    287      1
   376    501      1
   377     32      1
   377    392      1
   378    283      1
   379    205      1
   380    137      1
   381     53      1
   382    230      1
   382    383      1
   383    382      1
   383    527      1
   384     44      1
   384    466      1
   384    547      1
   385    351      1
   386     17      1
   387    289      1
   388     32      1
   389    153      1
   389    458      1
   390    341      1
   391     21      1
   391    482      1
   392    377      1
   392    546      1
   393    231      1
   394    133      1
   394    414      1
   395    205      1
   396    123      1
   396    433      1
   397    105      1
   398     50      1
   399    199      1
   400    195      1
   401    214      1
   402    310      1
   403      6      1
   404    107      1
   405    314      1
   406    122      1
   406    455      1
   407     94      1
   408    198      1
   409    216      1
   409    462      1
   410    200      1
   411    215      1
   412    235      1
   413    329      1
   413    485      1
   413    586      1
   414    394      1
   415     67      1
   415    548      1
   416    114      1
   417     92      1
   418    275      1
   419    142      1
   420     95      1
   421    151      1
   422    135      1
   423    258      1
   424    170      1
   424    496      1
   425    352      1
   426     82      1
   427    179      1
   428    238      1
   429    270      1
   430    330      1
   431    209      1
   431    493      1
   432    296      1
   433    396      1
   434      1      1
   434    502      1
   435    143      1
   436    283      1
   437    287      1
   438     75      1
   438    536      1
   439     57      1
   439    529      1
   440    317      1
   441    262      1
   442      1      1
   443    335      1
   444    198      1
   445    236      1
   446    163      1
   447    327      1
   448    365      1
   449    332      1
   450    359      1
   451     25      1
   452     85      1
   453    139      1
   454    299      1
   455    406      1
   456    291      1
   457     57      1
   458    389      1
   459    154      1
   460    335      1
   461    278      1
   462    409      1
   463     68      1
   463    542      1
   464    274      1
   465    203      1
   466    384      1
   466    479      1
   467    271      1
   468    354      1
   468    560      1
   469    269      1
   470    279      1
   471    231      1
   472    330      1
   473    165      1
   474    305      1
   475    331      1
   476     90      1
   477    196      1
   478    139      1
   479    466      1
   480    141      1
   481    242      1
   482    391      1
   483    365      1
   484    216      1
   485    413      1
   486     91      1
   487    185      1
   488     52      1
   489     60      1
   489    539      1
   490     89      1
   491     35      1
   492     41      1
   493    431      1
   494     27      1
   495    108      1
   496    424      1
   497     27      1
   498    155      1
   499    268      1
   500    369      1
   501    376      1
   502    434      1
   503    236      1
   504    312      1
   504    507      1
   505    316      1
   506    316      1
   506    583      1
   507    504      1
   508    372      1
   509      7      1
   510    119      1
   511    219      1
   512    158      1
   513     70      1
   514    289      1
   515     63      1
   516    358      1
   517    143      1
   518     86      1
   518    561      1
   519    315      1
   520    267      1
   521    207      1
   522    302      1
   523    375      1
   524     20      1
   525    177      1
   526    194      1
   527    383      1
   528    130      1
   529    439      1
   530    371      1
   531    286      1
   532    269      1
   533    177      1
   534    177      1
   535     68      1
   535    552      1
   536    438      1
   537      8      1
   538    130      1
   539    489      1
   540     73      1
   541    307      1
   542    463      1
   543    154      1
   544    343      1
   545     49      1
   546    392      1
   547    384      1
   547    584      1
   548    415      1
   549    140      1
   550    260      1
   551    174      1
   552    535      1
   553    246      1
   554     21      1
   555    163      1
   556    211      1
   557     95      1
   558    138      1
   559    353      1
   560    468      1
   561    518      1
   562    292      1
   563    324      1
   564    360      1
   565    332      1
   566    278      1
   567    150      1
   568    341      1
   569     79      1
   570    371      1
   571     99      1
   572    338      1
   573    226      1
   574    271      1
   575    170      1
   576     39      1
   577     28      1
   578     54      1
   579    101      1
   580    355      1
   581     76      1
   582    131      1
   582    597      1
   583    506      1
   584    547      1
   585    230      1
   586    413      1
   587    219      1
   588    283      1
   589    234      1
   590    264      1
   591    283      1
   592    331      1
   592    596      1
   593     75      1
   594    136      1
   595    324      1
   596    592      1
   597    582      1
   598    172      1
   599    164      1
