COORD_X_Y 25
 0.254157  0.560392
  1.63317   1.72187
  2.58708  0.571812
 0.186546  0.547205
  1.47437   2.69197
 0.728452   1.19625
  1.11619  0.362064
 0.850756   1.77848
  1.71675  0.874261
  1.58162   1.18873
  1.45855  0.136772
 0.739688   2.20293
  1.84042  0.506592
  2.80637   1.30269
  2.29117   1.12093
  2.88761   1.24684
  2.23828   2.95428
  2.71724  0.988597
  1.90355  0.820885
 0.809346   1.85729
  2.91872   1.21863
  2.06672  0.647649
 0.186077   0.49983
  1.66798   2.67806
  1.86778  0.726156
LINKS_SOURCE_DESTINATION_DISTANCE 48
     0      1      1
     0      2      1
     0      3      1
     1      0      1
     1      8      1
     2      0      1
     2      6      1
     2      9      1
     2     11      1
     2     14      1
     3      0      1
     3      4      1
     3      5      1
     4      3      1
     4     12      1
     4     20      1
     5      3      1
     5      7      1
     6      2      1
     7      5      1
     7     13      1
     8      1      1
     8     10      1
     9      2      1
     9     16      1
    10      8      1
    10     19      1
    10     23      1
    11      2      1
    12      4      1
    12     15      1
    13      7      1
    13     22      1
    14      2      1
    14     17      1
    14     21      1
    15     12      1
    16      9      1
    16     18      1
    17     14      1
    18     16      1
    18     24      1
    19     10      1
    20      4      1
    21     14      1
    22     13      1
    23     10      1
    24     18      1
