COORD_X_Y 200
 0.565959    1.7081
  2.40932   1.51276
  2.77295      1.19
 0.729014   1.72454
  2.59383  0.720506
   1.3703   2.72778
 0.894344   1.75495
  1.40655  0.606001
  2.73547   1.32965
  1.47113   2.94184
  1.06959  0.177304
  1.49384   2.04938
 0.851534   1.18119
  1.57336  0.875508
0.0425862   2.09542
  1.83354   1.42164
0.0155164   2.71378
 0.593714  0.730731
 0.787459   2.46191
 0.809882   0.36896
 0.281182   1.88326
 0.459129   2.32224
  1.38922   1.95085
 0.119085   1.79176
 0.123788   1.62125
  1.16116  0.380809
  1.26002  0.229916
  1.35402   1.73131
 0.149031   2.48974
  2.37333  0.109875
  2.22965   2.98531
  2.43322  0.483333
  2.28261   2.27451
  2.45656  0.392391
  1.49804  0.786477
  2.22118   0.48725
  2.13236   1.97838
  2.78897   2.26825
 0.148976  0.367348
  1.03063    1.1392
  1.95526   2.75701
  1.06902    2.1284
  1.77171  0.419112
 0.432672   1.36311
  1.88335   1.07073
 0.429733   2.69094
  2.59254    1.1609
  2.90896  0.936406
 0.713808   2.27605
  1.84281   2.34989
  1.31934   1.60741
  1.67536   1.31704
 0.312002  0.231034
  1.72675   2.32045
  1.98025   0.94246
 0.781449   2.75345
  2.57228   1.27809
 0.433953 0.0296175
  1.39698    2.5053
  2.60755  0.631057
  2.21011   2.66129
  2.78406  0.256157
  1.46308   2.65354
0.0774833   1.73979
 0.436479 0.0648602
  1.64585  0.623723
  2.73151  0.115174
 0.951362   1.25861
  2.60832 0.0983395
 0.901632    1.1567
 0.553113   1.60924
  1.21722   1.28036
 0.366905   2.52413
 0.439698   1.05559
  1.27688   2.51027
  2.91699  0.389713
  1.68878  0.917704
 0.842549   1.95512
 0.884645   2.02626
 0.913395  0.755565
  2.65184   2.29306
  1.42755   1.26274
  1.51941  0.932667
  2.54189   2.96172
  2.81043   1.82107
  1.95383 0.0486429
  1.34055   2.94034
  1.38152  0.534249
   2.9756  0.124896
 0.175951   2.10759
  2.16065   1.13176
  1.36263  0.933199
 0.972906  0.826047
  2.53046   2.76521
  2.94959   2.12496
 0.401458  0.364468
  2.48652   2.78022
 0.877004   2.35783
  2.92806   2.74019
  1.58307   2.46375
  2.42766   2.48271
 0.164493  0.829128
  2.95348   2.44519
   2.6133   2.73199
 0.299026   2.76228
  2.40002   2.21368
  2.60969   0.61876
  2.62726   2.74874
  2.37232 0.0130347
  1.47938  0.650893
 0.796251  0.787787
  2.90575   2.50936
  2.03199    2.3808
 0.391749   0.76008
  1.54836   2.19421
  1.46135   1.23054
 0.174402   0.37048
0.0857377   2.08663
 0.117461   1.29154
 0.394201   1.22798
  2.07254    1.8582
 0.203275  0.465736
  2.99712  0.927256
  2.60289   2.29215
  2.40137  0.431075
    2.684    1.3691
 0.392127   1.82467
  1.46154   1.21252
  2.66145   1.99837
  2.68901   2.61636
  1.12405   1.14461
  1.70141   1.50424
  2.09939   1.58989
  1.45302   1.58486
  1.61962   2.63148
  1.46219   1.61524
  1.91473  0.988356
  1.07772   1.28988
  2.14832  0.928721
  1.87125   1.95251
  1.36828   2.75404
  2.50139   2.66645
  2.74842   1.20218
  2.14193   2.33425
 0.431036  0.660406
  1.92731   2.71053
  1.38478   2.92537
0.0722179  0.226674
  2.42029  0.261798
   1.3196    1.0427
  2.22618  0.278638
  2.06229   1.42478
 0.935484   2.00209
  1.03547  0.938435
  2.35188   2.67628
  1.74169   1.86459
 0.883661   2.08365
0.0546405  0.271292
 0.371224   1.64893
  1.16281   1.92685
 0.158896    1.9611
  2.64156   0.61461
  2.76334   1.41754
 0.193835     0.667
  2.40852   2.28076
  1.87701   2.74398
  1.10198  0.681747
  1.46663   1.36309
  2.53753   0.81989
  1.22372   2.17254
  2.72538   1.49208
  2.87221   1.99672
 0.909735   1.74389
  1.82953 0.0349687
  2.88079  0.196308
  2.32531   1.97295
  1.88359   2.04194
 0.227338   1.09436
  1.80455  0.871942
  1.74552  0.957486
  2.14613  0.441998
  1.18925  0.907175
  1.19368   0.41747
 0.662885   0.38184
  1.18326  0.653785
  1.63826   2.36332
  2.33459  0.119567
  2.10392  0.735374
  1.77843  0.225714
 0.654339   1.03773
  2.23637   2.36702
  1.84562   2.44573
 0.172638   2.43947
 0.847668  0.253705
  2.03805   1.26238
  1.45032   0.39202
  2.17512  0.196436
 0.750624   1.67748
 0.689362   2.88626
  2.79336   2.56385
LINKS_SOURCE_DESTINATION_DISTANCE 398
     0      1      1
     0     18      1
     0     32      1
     1      0      1
     1      2      1
     1      5      1
     1     62      1
     1     86      1
     2      1      1
     2      3      1
     2      6      1
     2     11      1
     2     12      1
     2     16      1
     2     43      1
     3      2      1
     3      4      1
     3      7      1
     3     13      1
     3     23      1
     3     47      1
     3     70      1
     3     83      1
     3    154      1
     4      3      1
     4      9      1
     4     84      1
     4    105      1
     5      1      1
     5     19      1
     5     40      1
     5     97      1
     6      2      1
     6      8      1
     6     10      1
     6     14      1
     6     21      1
     6     33      1
     6    153      1
     7      3      1
     7     25      1
     7     26      1
     7    130      1
     7    137      1
     8      6      1
     8     31      1
     8     51      1
     8     69      1
     9      4      1
     9     42      1
     9     59      1
    10      6      1
    10     20      1
    10     22      1
    10     66      1
    11      2      1
    11     80      1
    11    141      1
    12      2      1
    12     27      1
    12     38      1
    12    100      1
    12    110      1
    12    146      1
    12    169      1
    13      3      1
    13     15      1
    13     89      1
    14      6      1
    14     29      1
    14     34      1
    14     57      1
    15     13      1
    16      2      1
    16     17      1
    16     24      1
    16     39      1
    16    104      1
    17     16      1
    17     63      1
    18      0      1
    18     41      1
    18     72      1
    18    180      1
    19      5      1
    19     36      1
    19     45      1
    19    123      1
    19    155      1
    20     10      1
    20     74      1
    20     77      1
    20    176      1
    20    191      1
    21      6      1
    22     10      1
    22    132      1
    22    158      1
    23      3      1
    23     50      1
    23     65      1
    23    189      1
    24     16      1
    24     30      1
    24     67      1
    24    198      1
    25      7      1
    25     28      1
    25     44      1
    25     71      1
    25    184      1
    26      7      1
    26     64      1
    27     12      1
    27     54      1
    27     90      1
    28     25      1
    28     35      1
    28     55      1
    28    199      1
    29     14      1
    30     24      1
    31      8      1
    31     48      1
    32      0      1
    33      6      1
    33     37      1
    33     56      1
    33    172      1
    34     14      1
    34     58      1
    34     61      1
    35     28      1
    35    173      1
    36     19      1
    37     33      1
    37     49      1
    37    134      1
    38     12      1
    38     99      1
    39     16      1
    40      5      1
    40     46      1
    40    113      1
    40    135      1
    40    161      1
    40    179      1
    41     18      1
    41    165      1
    42      9      1
    42    133      1
    43      2      1
    43    111      1
    43    157      1
    44     25      1
    44    127      1
    45     19      1
    45     92      1
    46     40      1
    46     88      1
    46    151      1
    47      3      1
    47     60      1
    47     85      1
    47     91      1
    47    124      1
    48     31      1
    48     52      1
    48     68      1
    48     75      1
    48    119      1
    49     37      1
    49    101      1
    50     23      1
    50     53      1
    50    150      1
    51      8      1
    51    129      1
    52     48      1
    52     79      1
    53     50      1
    53    140      1
    54     27      1
    54     81      1
    54     82      1
    55     28      1
    56     33      1
    56    128      1
    56    168      1
    57     14      1
    58     34      1
    59      9      1
    59    102      1
    60     47      1
    60    117      1
    61     34      1
    62      1      1
    62    149      1
    63     17      1
    64     26      1
    64     73      1
    64     78      1
    65     23      1
    65     93      1
    66     10      1
    66    196      1
    67     24      1
    67    114      1
    67    147      1
    68     48      1
    68    108      1
    68    160      1
    69      8      1
    70      3      1
    70    138      1
    70    143      1
    71     25      1
    72     18      1
    72    106      1
    72    109      1
    73     64      1
    74     20      1
    74     76      1
    75     48      1
    75    120      1
    76     74      1
    76     96      1
    76    116      1
    77     20      1
    77    136      1
    77    164      1
    78     64      1
    78    145      1
    79     52      1
    79     87      1
    80     11      1
    80    148      1
    80    163      1
    81     54      1
    81     95      1
    81    144      1
    82     54      1
    83      3      1
    83    156      1
    84      4      1
    84     94      1
    84    195      1
    85     47      1
    86      1      1
    86    182      1
    87     79      1
    87    125      1
    88     46      1
    89     13      1
    89    194      1
    90     27      1
    91     47      1
    91    139      1
    92     45      1
    93     65      1
    94     84      1
    94    115      1
    95     81      1
    95     98      1
    96     76      1
    96    122      1
    97      5      1
    97    103      1
    98     95      1
    99     38      1
   100     12      1
   101     49      1
   102     59      1
   102    107      1
   102    178      1
   103     97      1
   104     16      1
   105      4      1
   106     72      1
   106    112      1
   106    162      1
   107    102      1
   107    187      1
   108     68      1
   108    142      1
   109     72      1
   109    126      1
   110     12      1
   111     43      1
   112    106      1
   112    131      1
   113     40      1
   114     67      1
   115     94      1
   115    118      1
   115    121      1
   115    188      1
   116     76      1
   117     60      1
   118    115      1
   119     48      1
   120     75      1
   120    171      1
   121    115      1
   122     96      1
   122    167      1
   123     19      1
   124     47      1
   125     87      1
   125    183      1
   126    109      1
   127     44      1
   128     56      1
   129     51      1
   130      7      1
   131    112      1
   132     22      1
   132    166      1
   133     42      1
   133    170      1
   134     37      1
   134    192      1
   135     40      1
   136     77      1
   136    152      1
   137      7      1
   138     70      1
   139     91      1
   140     53      1
   141     11      1
   142    108      1
   143     70      1
   144     81      1
   144    177      1
   145     78      1
   146     12      1
   147     67      1
   148     80      1
   149     62      1
   149    159      1
   150     50      1
   150    186      1
   151     46      1
   152    136      1
   153      6      1
   153    185      1
   154      3      1
   155     19      1
   155    181      1
   156     83      1
   157     43      1
   158     22      1
   159    149      1
   159    174      1
   160     68      1
   160    193      1
   161     40      1
   161    190      1
   162    106      1
   163     80      1
   164     77      1
   165     41      1
   165    175      1
   166    132      1
   167    122      1
   168     56      1
   169     12      1
   170    133      1
   171    120      1
   172     33      1
   173     35      1
   174    159      1
   175    165      1
   176     20      1
   177    144      1
   178    102      1
   179     40      1
   180     18      1
   181    155      1
   182     86      1
   183    125      1
   184     25      1
   184    197      1
   185    153      1
   186    150      1
   187    107      1
   188    115      1
   189     23      1
   190    161      1
   191     20      1
   192    134      1
   193    160      1
   194     89      1
   195     84      1
   196     66      1
   197    184      1
   198     24      1
   199     28      1
