COORD_X_Y 25
 0.785491  0.724725
   2.7756    2.7351
 0.963937   1.18505
  2.50033   1.44046
  1.24009  0.513879
  2.90729   2.34131
  1.11967   1.60289
   2.8056   2.67269
  1.96676  0.340658
 0.460221   1.24527
 0.762863   1.63783
 0.535294  0.220343
  1.47587   2.80043
   1.8174   2.60959
  2.41135   1.74474
  2.05228  0.808039
  1.81484   2.76139
  2.22445   1.69922
  2.43699   1.25051
  1.41533   1.74767
  1.20508   1.27436
  2.68983   2.95956
0.0964351   2.31812
  1.12173   1.16775
 0.274861  0.211639
LINKS_SOURCE_DESTINATION_DISTANCE 48
     0      1      1
     0      2      1
     0      4      1
     0      6      1
     0     10      1
     1      0      1
     2      0      1
     2      3      1
     2      5      1
     2     18      1
     3      2      1
     4      0      1
     4     14      1
     4     16      1
     5      2      1
     5     13      1
     5     20      1
     6      0      1
     6      7      1
     6     15      1
     7      6      1
     7      8      1
     8      7      1
     8      9      1
     9      8      1
     9     21      1
    10      0      1
    10     11      1
    10     23      1
    11     10      1
    11     12      1
    12     11      1
    12     17      1
    13      5      1
    14      4      1
    15      6      1
    15     24      1
    16      4      1
    16     19      1
    17     12      1
    18      2      1
    19     16      1
    19     22      1
    20      5      1
    21      9      1
    22     19      1
    23     10      1
    24     15      1
