COORD_X_Y 65
  0.75605  0.379557
 0.668136   1.54677
  2.21669   2.96442
  1.13862   1.09756
 0.452971   2.25164
  1.96583  0.616503
 0.991482  0.369581
    2.638   2.68927
  2.67821   2.67656
  1.70696   2.41172
  1.41951   2.70427
  2.77254  0.312109
  1.64356   1.84466
  1.07716   1.53066
 0.993922   1.46195
  1.77461   1.02598
  2.22006  0.799167
 0.925868   1.85067
  2.58702    2.9035
 0.356774   1.58506
  2.77936   1.60971
  2.89088   1.92517
  2.04062   1.51672
  2.53835   1.26805
 0.245236  0.685426
   1.2781   1.51648
0.0910348   1.22467
 0.635597   0.44814
 0.239453  0.271485
 0.198232 0.0151299
  2.58377   1.05408
  1.07455   2.88053
 0.389357   1.49089
  2.10205   1.53258
  2.42735   1.64089
  2.56699   1.47791
 0.146886   2.93677
 0.946047   2.58397
  2.48375   1.65194
  1.96019   2.87809
  1.09842   1.01701
  2.37635  0.393544
  2.30684   2.86666
 0.123465   1.68026
  1.09396   1.61547
  1.56893   2.56983
   1.8375   2.61098
  1.75423   1.14724
  1.85806   2.05311
 0.713837 0.0381166
  2.48109    2.8945
  2.24934    2.8749
  2.19179   2.38332
 0.689809    1.8134
  2.17491   2.32499
  1.91346   1.78179
 0.636483 0.00592845
  2.28154     1.371
 0.948819   2.36718
 0.840258  0.541468
  2.73245  0.792774
  1.87793   2.94956
  1.03056   1.98199
  1.74679   2.71554
  2.59866   1.73359
LINKS_SOURCE_DESTINATION_DISTANCE 128
     0      1      1
     0      3      1
     0      4      1
     0      5      1
     0      6      1
     0     15      1
     0     41      1
     0     48      1
     1      0      1
     1      2      1
     1     42      1
     2      1      1
     2     11      1
     3      0      1
     3      7      1
     4      0      1
     5      0      1
     5      8      1
     5     12      1
     5     13      1
     5     30      1
     6      0      1
     6      9      1
     6     22      1
     7      3      1
     7     10      1
     7     14      1
     7     17      1
     7     29      1
     7     40      1
     7     52      1
     8      5      1
     8     18      1
     9      6      1
     9     16      1
     9     24      1
    10      7      1
    10     31      1
    11      2      1
    11     20      1
    12      5      1
    12     25      1
    12     32      1
    13      5      1
    13     46      1
    13     56      1
    14      7      1
    14     34      1
    15      0      1
    15     21      1
    15     61      1
    16      9      1
    16     19      1
    16     23      1
    17      7      1
    18      8      1
    18     37      1
    18     60      1
    19     16      1
    19     26      1
    19     47      1
    20     11      1
    20     28      1
    21     15      1
    22      6      1
    22     55      1
    23     16      1
    23     33      1
    23     62      1
    24      9      1
    24     36      1
    24     43      1
    25     12      1
    25     50      1
    26     19      1
    26     27      1
    26     38      1
    26     39      1
    27     26      1
    27     57      1
    28     20      1
    29      7      1
    30      5      1
    30     35      1
    31     10      1
    32     12      1
    33     23      1
    34     14      1
    34     44      1
    34     53      1
    35     30      1
    36     24      1
    36     51      1
    37     18      1
    38     26      1
    38     49      1
    38     63      1
    39     26      1
    40      7      1
    41      0      1
    41     45      1
    42      1      1
    43     24      1
    44     34      1
    45     41      1
    46     13      1
    46     54      1
    47     19      1
    48      0      1
    49     38      1
    50     25      1
    50     59      1
    51     36      1
    52      7      1
    53     34      1
    54     46      1
    54     58      1
    55     22      1
    56     13      1
    57     27      1
    58     54      1
    58     64      1
    59     50      1
    60     18      1
    61     15      1
    62     23      1
    63     38      1
    64     58      1
