COORD_X_Y 150
  1.99682   2.55569
 0.615177  0.186635
  1.66856   1.66959
  2.81751 0.0873815
  2.88533   1.79619
  1.48818   2.88644
  1.73471   2.17796
  1.59752  0.511157
 0.742668   2.70635
   1.4304   1.52226
  1.94783   2.02423
  1.94976  0.115582
  1.49165   1.52644
  1.98855   1.85806
  2.89905   2.09944
  1.27118 0.0909067
  2.67745   0.37169
  2.69025   2.20681
   2.0858   2.40341
 0.342664   2.87065
 0.430765  0.814149
 0.809975  0.142565
  1.70824    2.2056
  0.85261   2.99326
0.0937647   2.63791
   0.2589   1.42209
0.0757734   2.38026
 0.344485   1.25275
    1.648   1.19456
  2.73912   2.16701
  2.57914   1.42677
  0.66911    2.9618
 0.784974   1.54689
 0.444439   2.38857
  2.79447   0.93865
  1.01974    1.9142
 0.258306   1.12573
  2.44589   1.44477
 0.665338   1.45677
 0.291562   2.09732
  2.01829   2.12041
  2.61318   2.98294
  1.27781  0.546604
    2.113  0.965306
 0.569572  0.368722
 0.383766   2.04049
 0.685033  0.383553
  2.91584   1.05313
  1.12509   2.39686
  1.68252  0.145919
  2.30139   2.25789
  1.15333   2.78569
 0.314234  0.738365
 0.967908  0.747104
  1.27612   2.62954
 0.611532  0.126089
  2.85621  0.474886
 0.902751  0.499063
 0.313329   2.61853
  2.98016  0.189561
  1.55864   1.99239
  1.70678  0.179486
  1.87015   1.17486
  1.49169    2.2183
   2.8239  0.886622
  2.31399  0.930794
 0.142643  0.093982
 0.953552  0.417193
  0.21147   2.03873
  1.14908  0.901153
  2.02724  0.500917
 0.376959  0.866823
 0.412407    1.9275
  1.13913   1.35372
 0.407626   2.40457
 0.731249   1.87337
  1.23135  0.860971
 0.130323   2.39967
  1.83813   2.67649
 0.619802   1.41595
 0.296763   1.75861
  2.20175   1.71767
 0.560039   2.97056
  1.94401   2.23401
  0.75603   1.55579
 0.857101   2.04392
  1.85604  0.910331
  1.26373  0.508053
  1.66974  0.996385
    2.379  0.480871
 0.836292  0.230323
  1.29536   1.95566
 0.559308   1.93774
  1.46692   1.11165
 0.702069    2.7988
 0.348258   0.52629
  2.57352   2.88949
 0.236727  0.891553
  2.82179   1.85332
  1.58621  0.168528
  2.32044  0.561925
  2.08792   1.11032
  1.69555   1.75579
  2.21598    1.0618
  1.80476  0.742018
 0.321641    1.1145
  1.75545  0.260568
  1.77681   1.48717
 0.535362   2.88461
  2.72266   0.41328
  1.90405   2.46202
 0.451155  0.909527
 0.475103    2.2974
  1.28512   1.94017
 0.379727   2.38222
 0.629833  0.253783
  1.91848   1.78848
  1.13331 0.0593557
  2.37083  0.157384
  2.04519 0.0779008
  2.71846   2.31704
   2.7872   1.04414
  2.45795   2.32346
  2.29574   2.25297
  2.71564   1.85537
 0.243216  0.886305
   2.4361   1.43604
 0.110601   1.00158
 0.889237  0.832633
 0.575824   1.84337
 0.303129   1.12155
 0.744077  0.813095
  2.41598  0.308659
  2.58318   2.27324
 0.238654  0.500566
  2.22322   1.17831
 0.820761   1.78889
  1.88772   2.43035
  2.79909   2.78972
  2.92642 0.00287668
 0.271277 0.00159248
 0.506501  0.873742
 0.984113 0.0944103
 0.876453  0.319783
  1.28367    2.0938
  1.74093   2.36224
0.0760557   2.08319
  2.75478   0.34488
   1.3976   1.88051
 0.621306  0.649254
LINKS_SOURCE_DESTINATION_DISTANCE 298
     0      1      1
     0      4      1
     0      7      1
     1      0      1
     1      2      1
     1      3      1
     1      6      1
     1     10      1
     2      1      1
     2      5      1
     2     19      1
     2     90      1
     2    148      1
     3      1      1
     3      8      1
     3     30      1
     3     33      1
     4      0      1
     4     17      1
     4     77      1
     5      2      1
     5      9      1
     5     11      1
     5     13      1
     6      1      1
     6     40      1
     6     52      1
     6     61      1
     7      0      1
     7     18      1
     7    149      1
     8      3      1
     8     12      1
     8     23      1
     8     32      1
     8     37      1
     8     57      1
     8     74      1
     8     97      1
     9      5      1
     9     21      1
     9     22      1
     9     35      1
     9     89      1
     9     98      1
    10      1      1
    10     43      1
    11      5      1
    11     51      1
    12      8      1
    12     14      1
    12     16      1
    12     25      1
    13      5      1
    13     29      1
    13     38      1
    13     42      1
    13     46      1
    13     85      1
    13    120      1
    14     12      1
    14     15      1
    14     27      1
    14     58      1
    15     14      1
    15     39      1
    15     45      1
    15     47      1
    15    123      1
    16     12      1
    16     24      1
    16     28      1
    17      4      1
    17     20      1
    18      7      1
    18     31      1
    18     69      1
    18    105      1
    19      2      1
    19    119      1
    20     17      1
    20     34      1
    20     70      1
    20     87      1
    21      9      1
    21     26      1
    21     49      1
    22      9      1
    22     73      1
    22     99      1
    23      8      1
    23     80      1
    23    102      1
    24     16      1
    24     92      1
    25     12      1
    25    109      1
    26     21      1
    26    107      1
    26    111      1
    26    141      1
    27     14      1
    27    115      1
    28     16      1
    29     13      1
    30      3      1
    30     36      1
    31     18      1
    32      8      1
    32     41      1
    32     66      1
    32     68      1
    32     75      1
    32     84      1
    33      3      1
    33     54      1
    33    103      1
    33    116      1
    33    122      1
    34     20      1
    34     64      1
    35      9      1
    36     30      1
    36     44      1
    37      8      1
    37     48      1
    38     13      1
    38     53      1
    38     82      1
    39     15      1
    39    108      1
    40      6      1
    40     50      1
    41     32      1
    41     78      1
    42     13      1
    42     88      1
    43     10      1
    44     36      1
    44     63      1
    44    137      1
    45     15      1
    45     56      1
    46     13      1
    46     76      1
    47     15      1
    47    144      1
    48     37      1
    48     55      1
    48     86      1
    49     21      1
    49     65      1
    49    113      1
    50     40      1
    51     11      1
    51    100      1
    51    125      1
    52      6      1
    52     81      1
    52     83      1
    53     38      1
    54     33      1
    54     95      1
    55     48      1
    55     72      1
    55    136      1
    56     45      1
    57      8      1
    57     59      1
    58     14      1
    58     62      1
    58     91      1
    58    101      1
    59     57      1
    59     60      1
    59    110      1
    59    134      1
    60     59      1
    61      6      1
    61    118      1
    62     58      1
    62    104      1
    62    129      1
    63     44      1
    63     71      1
    64     34      1
    65     49      1
    65     67      1
    66     32      1
    67     65      1
    68     32      1
    68    124      1
    69     18      1
    70     20      1
    70    121      1
    71     63      1
    72     55      1
    72    138      1
    73     22      1
    74      8      1
    74     93      1
    75     32      1
    75     79      1
    76     46      1
    76    146      1
    77      4      1
    78     41      1
    78    114      1
    79     75      1
    80     23      1
    80     96      1
    81     52      1
    82     38      1
    82    139      1
    83     52      1
    83     94      1
    84     32      1
    85     13      1
    85    142      1
    86     48      1
    87     20      1
    88     42      1
    88    133      1
    89      9      1
    90      2      1
    91     58      1
    91    112      1
    92     24      1
    93     74      1
    93    106      1
    94     83      1
    95     54      1
    95    127      1
    96     80      1
    97      8      1
    98      9      1
    99     22      1
   100     51      1
   101     58      1
   102     23      1
   102    131      1
   103     33      1
   104     62      1
   105     18      1
   105    130      1
   106     93      1
   107     26      1
   107    117      1
   108     39      1
   108    128      1
   109     25      1
   110     59      1
   111     26      1
   112     91      1
   113     49      1
   114     78      1
   114    126      1
   115     27      1
   116     33      1
   116    132      1
   117    107      1
   118     61      1
   119     19      1
   120     13      1
   121     70      1
   122     33      1
   123     15      1
   124     68      1
   125     51      1
   126    114      1
   127     95      1
   128    108      1
   129     62      1
   130    105      1
   130    135      1
   131    102      1
   131    147      1
   132    116      1
   133     88      1
   134     59      1
   135    130      1
   136     55      1
   137     44      1
   138     72      1
   138    140      1
   138    143      1
   139     82      1
   140    138      1
   141     26      1
   141    145      1
   142     85      1
   143    138      1
   144     47      1
   145    141      1
   146     76      1
   147    131      1
   148      2      1
   149      7      1
