COORD_X_Y 150
 0.560826   1.20541
 0.592961   2.92586
  1.73525   2.72879
   2.6786    2.4225
 0.354912   1.67769
  1.75323  0.781084
  2.75945   2.07549
  1.67257   2.08475
 0.877802   1.92064
  2.88692  0.990803
  2.27125   2.22545
   0.9437  0.762088
  1.99153    0.6482
  1.83714   2.98535
  1.13393   1.99058
  1.22661   2.03991
  1.36549   1.57518
  1.80705   1.87458
 0.285575 0.0281572
  1.74799   2.52789
  2.23002   1.48426
  0.60537   2.66376
  1.53045   0.54581
  2.72966   2.86147
 0.546266   1.34756
 0.002628  0.431626
  1.32218   2.51748
  2.25003  0.809683
  1.22145  0.547211
  1.76356  0.566122
 0.865305   2.05107
  1.69765   2.69012
 0.349197   2.59723
  1.25983   1.64003
  1.48864   2.65219
 0.202867  0.218722
 0.755817  0.251135
   1.9769   1.81339
  2.92919   2.43718
  1.77701   1.87075
 0.164983   2.47803
  1.49685   1.00683
  2.27556  0.724164
 0.120888   2.90275
  2.70882  0.396081
  2.97114  0.527926
0.0739296  0.527164
0.0923995   2.97715
 0.865904  0.682199
 0.573237  0.348243
 0.348051  0.327233
0.0152923   2.34564
  1.38386   2.40983
  2.95119  0.255328
  1.90286  0.876062
  2.18041  0.252639
  2.30838   1.40906
  1.62387  0.730422
 0.829715   2.44086
  2.28764  0.569118
  2.52823    2.0265
   1.9167  0.504546
  0.06432   2.81482
 0.233815   1.29104
0.0022957   0.42382
  1.45741   1.59809
   1.2119   2.13214
 0.825451   2.17103
   1.6802  0.833103
  1.47936   2.41647
  2.71826   1.78841
  1.29874  0.494271
  1.77956    2.9272
0.0723337    2.5241
  2.56424   2.78376
  1.35749   2.74337
 0.152324    2.6346
 0.914121  0.175359
 0.282355   1.58445
  1.04321   2.88214
 0.996812 0.0597395
 0.334632   2.35338
  1.24008   2.28856
  1.09193   1.63526
   2.6084  0.875941
  1.32093    1.1549
0.0150647  0.184385
 0.818068   1.88105
  1.87586   2.88402
  2.52463   1.10936
  1.37454   2.36227
  2.42985   1.71074
   2.2674   2.56077
  2.63798   1.19162
 0.455015  0.711319
  1.44252   2.08796
  2.53315   1.52888
  1.20939  0.822484
  1.03616  0.050408
  1.18229   2.50426
  1.34782   2.03801
   1.7807   2.63884
 0.605631  0.508797
 0.942523  0.366536
 0.568748   2.53346
  2.53365  0.362068
   1.5407   2.03582
  2.17362   2.17267
  2.60511   2.50724
  2.44031  0.621527
  2.49623   2.09409
  2.72708   0.91443
  1.35604 0.0739682
  2.80383   2.45951
  2.84851   2.06751
  2.03542  0.543572
  1.45086   1.02635
  1.19688  0.937115
   2.7782   1.13186
 0.491841   2.80111
 0.494183  0.737582
  2.31112   1.64254
  1.69243  0.181762
  1.95024   2.36838
  1.77614   0.29227
   1.0426   2.66614
   1.2606   2.32608
   1.8443   1.60032
0.00227431   2.63649
    1.535   1.47302
  1.98909   1.95527
  1.38012   2.34042
 0.718375   1.12928
  2.86208   1.58177
  2.59342   1.87511
  1.03505    1.7762
  1.81333   2.35071
  2.69173   2.57575
 0.478518   2.62015
  0.85467 0.0148949
 0.593267   1.33402
 0.939602   1.57802
  1.82365   2.97075
  2.92856   1.89602
 0.159643 0.0902281
  2.07046    1.5322
 0.197002  0.407618
  1.11292  0.624716
  2.56669   1.16153
  2.87453   2.03932
LINKS_SOURCE_DESTINATION_DISTANCE 298
     0      1      1
     0      4      1
     0     16      1
     1      0      1
     1      2      1
     1     19      1
     1     35      1
     1     39      1
     1     44      1
     1     52      1
     1     53      1
     1     69      1
     2      1      1
     2      3      1
     2      5      1
     2     14      1
     2     20      1
     2    119      1
     3      2      1
     3     10      1
     3     42      1
     4      0      1
     4      6      1
     4      9      1
     4     12      1
     4     30      1
     4     76      1
     4    109      1
     5      2      1
     5     21      1
     6      4      1
     6      7      1
     6      8      1
     6     13      1
     6     22      1
     6     33      1
     6     58      1
     6    103      1
     6    105      1
     7      6      1
     7    104      1
     8      6      1
     8     11      1
     8     41      1
     8     46      1
     8     54      1
     8    147      1
     9      4      1
     9    101      1
     9    135      1
     9    148      1
    10      3      1
    10     23      1
    10     32      1
    10     60      1
    10     99      1
    11      8      1
    11     50      1
    11     67      1
    11     91      1
    11    141      1
    12      4      1
    13      6      1
    13     15      1
    13     74      1
    14      2      1
    14     31      1
    14     72      1
    14    143      1
    15     13      1
    15     17      1
    15     18      1
    15     27      1
    15     88      1
    16      0      1
    16     29      1
    16    149      1
    17     15      1
    17     61      1
    18     15      1
    18     62      1
    19      1      1
    19     24      1
    19     25      1
    19     34      1
    19     47      1
    19     66      1
    19     70      1
    20      2      1
    20     75      1
    20    120      1
    21      5      1
    21     43      1
    21     56      1
    21     81      1
    22      6      1
    22     96      1
    22     98      1
    23     10      1
    23     28      1
    23     36      1
    23    124      1
    24     19      1
    24     26      1
    24    114      1
    25     19      1
    25     65      1
    25    133      1
    26     24      1
    26     38      1
    26     51      1
    27     15      1
    27     40      1
    27     94      1
    28     23      1
    28    110      1
    29     16      1
    29    142      1
    30      4      1
    30     71      1
    31     14      1
    31    108      1
    32     10      1
    32    106      1
    33      6      1
    34     19      1
    34     37      1
    34     79      1
    35      1      1
    36     23      1
    36     55      1
    37     34      1
    37     59      1
    37    112      1
    38     26      1
    38     48      1
    39      1      1
    39     49      1
    40     27      1
    40     45      1
    41      8      1
    41     92      1
    42      3      1
    43     21      1
    44      1      1
    44     82      1
    44     87      1
    45     40      1
    46      8      1
    47     19      1
    48     38      1
    49     39      1
    49     57      1
    50     11      1
    50     63      1
    51     26      1
    52      1      1
    52     73      1
    52     78      1
    53      1      1
    54      8      1
    54    130      1
    55     36      1
    55     64      1
    56     21      1
    56    117      1
    57     49      1
    58      6      1
    58     68      1
    58     83      1
    58     93      1
    59     37      1
    60     10      1
    60     84      1
    61     17      1
    62     18      1
    62    107      1
    63     50      1
    63     85      1
    64     55      1
    65     25      1
    65    100      1
    66     19      1
    66    123      1
    67     11      1
    68     58      1
    68    134      1
    69      1      1
    69     95      1
    70     19      1
    71     30      1
    72     14      1
    72     86      1
    73     52      1
    73     77      1
    73    115      1
    74     13      1
    75     20      1
    75     90      1
    75     97      1
    76      4      1
    77     73      1
    77     80      1
    77     89      1
    78     52      1
    78    118      1
    78    129      1
    79     34      1
    79    146      1
    80     77      1
    81     21      1
    81    122      1
    81    137      1
    82     44      1
    83     58      1
    84     60      1
    85     63      1
    86     72      1
    87     44      1
    88     15      1
    89     77      1
    90     75      1
    91     11      1
    91    111      1
    92     41      1
    92    131      1
    93     58      1
    94     27      1
    95     69      1
    96     22      1
    96    102      1
    97     75      1
    98     22      1
    99     10      1
   100     65      1
   101      9      1
   101    116      1
   102     96      1
   103      6      1
   103    132      1
   104      7      1
   105      6      1
   106     32      1
   107     62      1
   107    138      1
   108     31      1
   108    126      1
   109      4      1
   110     28      1
   110    113      1
   110    127      1
   111     91      1
   111    128      1
   112     37      1
   112    121      1
   112    125      1
   113    110      1
   114     24      1
   115     73      1
   116    101      1
   116    145      1
   117     56      1
   118     78      1
   119      2      1
   120     20      1
   120    136      1
   121    112      1
   121    140      1
   122     81      1
   123     66      1
   124     23      1
   125    112      1
   126    108      1
   127    110      1
   128    111      1
   129     78      1
   129    139      1
   130     54      1
   131     92      1
   132    103      1
   132    144      1
   133     25      1
   134     68      1
   135      9      1
   136    120      1
   137     81      1
   138    107      1
   139    129      1
   140    121      1
   141     11      1
   142     29      1
   143     14      1
   144    132      1
   145    116      1
   146     79      1
   147      8      1
   148      9      1
   149     16      1
