COORD_X_Y 900
  1.62923   2.00125
0.0948413   1.63741
 0.536844   1.72618
 0.591662   2.52349
 0.592476  0.629283
  1.46234    1.4089
  2.07089 0.0717388
  2.45907   2.12143
 0.689769  0.512254
 0.212859   0.37508
  1.92261  0.207587
 0.157087  0.773146
 0.487093   1.47818
   1.7533   1.35016
  2.92583   1.58013
 0.752078  0.473204
  2.82424   2.22646
  2.13512  0.786798
   2.7028     1.572
 0.725458  0.609448
  1.74758  0.161981
  2.97471   1.32508
  2.93404  0.285443
  2.60676   2.12797
  1.74411  0.468094
  2.95596   1.93696
  1.24928  0.518645
 0.854117  0.187285
 0.215722   1.10258
  1.86141   1.09098
  2.33286   2.48157
  1.13507   1.37062
  1.96396  0.758406
  1.09361   1.57869
 0.204338   1.31762
 0.225425   1.66015
 0.854169  0.631583
  1.19038  0.511028
  1.09898  0.462857
  1.60214   1.11323
  2.67219   2.48602
 0.567002  0.108683
 0.162041   1.82979
 0.931203   1.82861
  1.25267  0.500949
  2.18276   1.96628
0.00457484   2.51579
 0.262612   2.17281
  2.50065    1.7006
 0.723543   0.83899
 0.235588   2.27305
  1.15873  0.952162
 0.561859   2.85444
  2.46509   1.02636
  2.24985   2.07637
 0.171163   1.44727
 0.908016  0.739462
  1.95716  0.517144
  1.24724   1.35954
  1.89186   2.81736
  2.76481   2.19833
 0.492508  0.699562
  2.76683   0.25482
  1.02512  0.609809
 0.849961  0.564695
 0.927722   2.99987
  2.87203   2.58092
  2.67111  0.217605
  2.07007   2.66582
  1.64062  0.304935
  2.14132   2.34546
  1.26184 0.0995735
  1.30454   1.91892
 0.746107   1.40721
 0.278202  0.382029
  2.38641  0.385233
0.0155708   2.01906
  1.41644  0.063655
  2.88375    2.7242
  2.36438  0.257392
  2.48804   0.90117
0.0951104  0.852286
  2.29652   2.32262
 0.833948  0.139409
  1.75891  0.505715
  2.48246   1.73311
 0.978481   1.51179
  0.28108   1.01177
   1.9455 0.00326513
  1.22133   2.41392
  2.08986   2.20077
 0.444405   2.77333
 0.498649  0.378669
 0.848416   1.34731
 0.569089  0.169756
 0.628283   2.61929
  1.09447   2.61439
   1.4781   2.83364
  2.76486   1.49178
  2.37459  0.412586
  2.54416   2.85435
  2.90304  0.219473
  2.06076   1.32229
 0.570755   1.26282
  1.56413   2.98101
 0.905532  0.610204
  2.84906   2.87966
 0.367099 0.0969005
  2.08351  0.303834
  2.15291   2.45867
 0.912534    1.9027
 0.722539   2.14851
  2.04274   1.32891
 0.944175   0.61867
   1.0411   2.01689
  1.79058   2.31945
  1.06504  0.860631
  2.14659  0.431616
  1.10026   2.54242
  1.49985  0.109465
  1.82045   2.49086
  2.37748   2.55786
  1.60787  0.826776
 0.688549   1.27254
  1.76952   2.97154
  2.45247   1.97524
  1.73748   2.37552
 0.208581   2.77991
  2.92336   1.79366
 0.380309   2.71942
 0.926277   2.38662
 0.692426   2.36842
  2.79233   2.37805
  2.74312  0.797525
  2.87094   2.71793
 0.658025   2.10855
 0.768618   2.88222
 0.253734  0.137101
  2.14784   2.79484
 0.182889    1.3022
  2.50322   1.22003
0.0335423  0.726939
  2.19059   2.98401
  1.94271      2.43
  2.99477  0.860253
 0.913857   1.42852
  2.52108  0.901954
  1.38661   1.67919
  1.88441   2.13616
  2.91677   1.82244
 0.307968   2.95598
    2.899     1.962
  1.69819   1.14228
  1.81961   1.67374
  1.79415 0.0446554
  2.77985 0.0705858
  2.62306  0.582219
  2.06985   1.64719
 0.211101  0.628493
 0.989134   1.00388
 0.412749   2.29937
 0.716964   2.57305
 0.548809   2.69188
  1.34155   1.99293
 0.969213   1.50444
   1.9798   1.41688
  1.75478   2.30101
  1.63587   1.43124
  2.45105  0.280974
  1.70373  0.679137
  2.47172    2.5812
  2.13348  0.777877
  1.14927   1.14176
 0.433934   2.31998
  1.60401  0.932631
  2.92588   2.28849
  2.09449  0.544956
 0.423482 0.0507528
  1.59511   1.70847
  2.20608   2.83128
  2.76866  0.484428
 0.531675  0.391311
   0.4254  0.375556
  2.68781   1.72822
  2.23351  0.580517
  1.49727  0.552193
  2.26322   1.82096
 0.747015   2.82465
 0.625286   1.71827
 0.113489   1.29264
  2.43353   0.89017
  1.33224   1.90364
  2.89156   1.22274
 0.115431    1.4812
0.0355992   1.84795
  2.95441   1.29829
  1.98169   1.73666
  2.12615   2.63406
   1.6975   1.68102
  0.14262    2.5955
  1.06883   2.42301
  1.59317   2.56291
  1.20637  0.411386
  2.08347   1.74048
  1.72624   2.16033
  2.50644   2.41207
  1.31862   2.23369
  2.67776   1.49542
  1.64743   1.93084
  2.82264  0.869369
  2.90461    2.1898
  1.99043 0.0532362
  1.40742   1.56907
0.00795862    1.1178
  2.07423  0.787828
 0.180675   1.49857
  1.20168    1.0687
  1.92315   2.05334
  2.21882   1.81584
 0.173413   2.92593
0.0826442   2.49469
  1.47613   1.41719
  1.96397   1.30235
  2.48827   1.97275
  2.23032  0.714277
 0.979515  0.981234
  2.01075   2.40759
  1.66615   1.76499
  1.82851    1.8394
  1.87217   1.85501
   2.4616   1.98079
 0.958279   2.63982
 0.994989   1.34207
  0.12171   2.17284
  1.12038   1.31663
 0.913944   2.53533
   1.3413    2.0471
  0.63132 0.0496087
  2.05947   1.04279
  2.98394  0.206351
   2.0367   1.95343
  2.87173  0.290872
   1.7067   2.77864
  1.68912    2.3631
  1.68871  0.243892
 0.312311  0.412952
   2.3239   2.38953
  1.13834   2.28677
 0.144306   2.33345
  1.36648   2.00815
 0.231825   2.69383
  1.10077   1.95137
  1.46713   2.10951
  2.48876  0.151221
   2.9782    1.1205
  1.13664  0.291592
  1.64748   2.29698
 0.249371 0.0871312
  2.09191  0.402143
 0.837883   1.98216
  2.54878 0.0844487
  2.61414    1.8502
  1.77642   2.70889
  1.37798   2.19401
  1.62552   2.03941
 0.796109   0.35609
   2.9075    2.0807
  1.11175   2.05039
 0.154537  0.698066
  1.37051   1.36101
  0.51898 0.0599941
  2.07037   1.92242
  1.74498  0.570792
 0.088368  0.429116
  2.68512  0.741245
  1.57269   2.45739
  1.92647    1.4959
  2.70373  0.443914
   1.9268   2.11967
  1.75791   2.69308
  1.00391   1.04399
  1.19075   2.08815
  2.98292   2.67273
  2.62102   1.28283
  2.28557   2.84448
 0.635635   1.21201
   1.7923   2.55962
 0.373759    1.0531
  2.51656   1.46995
  1.57019   2.58318
  1.38749  0.108716
  2.38603   1.55601
  2.17028    2.6609
  2.68888   1.36835
  2.20458   1.03139
  1.18066  0.956011
  2.18158   1.40453
  1.98406   2.30487
 0.243611   1.38007
  1.80514   2.30124
  1.33657   1.78132
  2.83504   1.50664
  1.07764  0.617962
 0.622521   2.95551
  1.99994   1.55586
  2.34774   1.35555
  1.27432   1.22099
 0.671699 0.0548715
  1.48436   2.03372
  1.98586  0.359028
  2.07839   2.32179
  2.55096   1.50501
  2.63734    1.5349
   1.9216   1.57643
 0.626076  0.275384
  1.31965  0.306045
  2.16645   1.12341
 0.880126   1.21582
  2.45943   2.65942
 0.814912  0.561296
   1.2253   2.43733
 0.986653   2.34283
 0.811185    2.9105
 0.948466   2.93484
  1.55632   2.26723
  1.54069   1.39496
  1.02066   1.01052
  1.21881   1.28782
  2.66801   0.59101
  1.73891   1.26739
 0.552046   1.68093
  1.39445   1.61543
  0.67402  0.387206
  2.36571   1.21483
  1.83655   0.22193
  0.79716  0.499466
 0.234898   2.11983
  2.02431   1.52391
 0.565121  0.076871
 0.820612   2.91033
  1.57496  0.709343
0.0797009   0.32703
 0.149524    2.9716
0.0587071   1.41185
  2.56154   2.26742
 0.918909   1.16221
  1.99617  0.443597
 0.931385  0.311418
  1.65146   1.44701
  1.94494   2.64741
 0.323001   1.04114
0.0900816   1.67531
  2.98468   1.23748
  2.73406   2.38762
  1.63878   2.54702
 0.185146   1.07651
   2.8792   1.56777
 0.297567   1.91859
 0.834198   2.00228
  1.41274   2.57591
 0.620323   2.30101
 0.213083   1.08462
  2.51985   1.42203
  2.49008  0.541609
  2.02207   1.19341
  1.32457   2.94021
0.0717468   1.08305
  1.62007    1.8819
  1.47234   1.59478
  0.87155   1.53729
  2.31104    2.0964
  1.45786    2.1704
 0.747395   2.79957
  1.47582  0.230729
 0.682256 0.0320501
  1.97273  0.542726
 0.096869   1.13049
  2.81691  0.359823
 0.627091   1.92907
0.0942384   1.56489
  2.46328    1.9136
  2.10423  0.486668
 0.458101   2.08881
 0.432671   2.87589
  2.76905   2.49796
  1.67415  0.713906
  2.31401    2.3862
  1.74245   1.24988
  2.31553   2.14483
   1.3078   1.20625
  2.15022   1.19673
   2.9266   1.11243
    2.079  0.281605
  1.46817 0.0543927
  2.63849   2.19042
  2.39167  0.586664
  2.60378  0.126966
  2.36299  0.677492
  1.62827   2.09609
 0.946848   2.25052
  2.81891     1.779
  1.52764   1.06925
 0.273981   1.54706
  2.69998  0.372853
 0.865217   0.21535
  1.83303   2.74141
  2.76707   1.01618
0.0460259   2.73976
  1.79882   2.15201
  1.35216  0.492583
  1.48094   2.29179
  1.17337  0.484681
  1.16446   2.26679
  2.59287   1.45879
  1.84571   2.07385
 0.741666   2.75667
  1.33238   1.86695
  2.12994   2.31068
  1.39917   1.79179
  2.26711  0.611121
 0.976499   1.42906
 0.886117   2.92931
 0.362826   2.62357
  1.81678   1.64498
 0.288911    1.8337
  2.87145   1.02972
  2.74685   2.84316
  2.09797  0.445528
 0.332195   1.64384
  1.76245  0.950141
  1.57632  0.229763
  1.95394   1.54227
  2.38667    0.6617
 0.520356  0.528745
  1.51292  0.281163
  1.82619   2.68537
 0.601279  0.376698
  2.90237     1.489
  2.90055   1.87179
 0.593502   1.09734
  2.79004   2.23829
  0.45046  0.577597
  1.13894  0.574276
  0.58545   1.12352
  1.58885   2.55045
  2.82706   2.96991
  2.75821   1.58209
  1.25576   1.33188
  2.43847   1.35619
  2.33721  0.852315
  2.79255  0.441287
  2.68623  0.564727
  1.06502    2.7663
  1.15463   2.61968
  1.57791   2.26455
   2.8812   1.87947
   2.1666   0.20861
  1.16945   1.97997
 0.487516  0.339993
  1.98606   2.44883
0.0199013  0.943161
  2.95135   1.08737
 0.764612   1.36293
 0.948352   0.96549
  1.47806  0.618768
  2.23503   2.60951
  2.01999   1.89629
 0.854222   1.05713
 0.560266 0.0486552
 0.563131   2.04088
  1.48795   1.97356
  1.64621   2.55126
 0.113147   0.77179
 0.768757 0.0707148
   0.3308   2.79479
  2.31213 0.0591454
 0.852205  0.384014
  1.24383   1.74308
   1.8287   1.16808
  2.65568   1.59919
  1.88936  0.117002
  1.75228   2.44686
  1.15472    1.2681
  2.09356   1.33925
  1.43504    1.3611
 0.148158   2.41065
  1.82082   2.45177
 0.298054   1.24533
  2.42193   1.84552
  2.55005   2.25728
  2.53402   2.17163
  1.85262  0.573345
 0.234149   0.96654
  2.03863   2.35916
  2.95591   2.33594
  2.86188   2.44137
  1.94359   2.45802
  2.57927   1.19841
  1.24068   2.74087
  2.88092   1.38097
  1.24866   2.49738
   2.7247   2.14673
 0.667467  0.934571
  1.06393   2.81316
  1.66284   0.50117
 0.986473   1.35541
 0.069619  0.320453
   0.4105 0.0656065
  1.04893  0.946456
  1.41952   2.45424
  1.57586   1.61634
 0.764755   2.64732
  2.70067  0.669709
  1.84807   2.91429
   2.1214   1.86823
  0.93617   2.19106
 0.496815   1.75874
   2.2307   2.00332
  1.60178  0.446351
  2.04915   1.79413
  2.24216   2.43696
  1.48896   2.00792
 0.586003   1.14225
  1.80998   1.50728
  2.47083  0.223128
 0.478986    0.5081
  2.84611   1.44731
  1.04812   1.64508
 0.705284  0.380507
   2.4333    2.8046
  1.26457   2.54148
  2.28017   1.38134
  2.31477   1.45254
 0.830916   1.87452
 0.915094   2.57229
  1.56327   1.25349
  1.29941    2.4628
  1.02242   2.75202
 0.214254  0.361537
 0.342254   2.24543
  2.34734  0.450775
 0.658613   1.85528
 0.647129   1.53692
  0.64493  0.478959
 0.424416   2.67706
  0.20916  0.733832
  1.72257   2.91784
  1.83824   2.72185
 0.861234   2.36383
  2.49792   2.09355
  1.64668   1.35545
  2.42089   2.23595
 0.776173  0.292146
  2.34208  0.408746
  2.12135   2.12949
 0.489846   0.14517
  2.02396   2.87093
  1.72812   1.66694
 0.594956    1.6664
  2.85681   1.86115
  1.81535   2.61831
  1.17928  0.222094
  2.35364   1.26022
 0.202914   2.19457
 0.914389   1.74876
  1.02997 0.0172974
  2.43809   1.64078
  2.58604   0.92787
  2.65523  0.558836
 0.573239   1.13513
  2.13251   1.77036
 0.800734    2.5623
0.0304218  0.357628
  1.72675  0.685323
  2.05862   1.45973
  2.82803 0.0460651
 0.933781  0.317767
  1.38583    1.4339
  1.84825   1.85376
  2.16919  0.364107
 0.727115   2.26001
  1.09666    1.6187
  2.27143   1.79995
 0.466031   2.58272
  1.45091   2.90683
 0.353388   1.35508
  2.54499  0.850622
   2.6249    2.9138
  1.93646   2.80588
  1.11914    2.1884
  1.50302  0.490033
 0.834362   1.36886
 0.973239   2.12202
  2.61642   2.52826
  1.68594    1.8756
 0.593615  0.662861
   2.9632  0.563201
  1.89333  0.472916
 0.739954  0.365395
   1.0357   1.85959
  2.00995  0.335567
  1.45871   2.78778
 0.242717   1.45549
  2.45278   1.36641
 0.587097   1.49833
  1.68122  0.876772
 0.934194   1.99548
  2.97642  0.978836
 0.836684   2.61274
  2.17823   1.44004
0.0639113   1.25728
  0.01389   2.93268
 0.553306   1.08141
  2.40225   0.65569
  2.20035   2.30634
  2.50625   2.16315
  2.59958   2.63833
  2.17642   2.19876
   2.9739   2.75703
  2.07974   2.58878
  1.12071   2.86757
 0.628379    2.8594
  2.17443 0.00550968
  1.45092   2.02362
  2.94455   1.82831
  1.74031   1.36131
  2.48312  0.702005
 0.808039   1.19591
  2.96098    1.4517
  2.58673   2.41809
  2.47685  0.441849
  1.59226   1.97827
  2.12741  0.657792
  1.83366   1.58193
  2.13744   2.87964
 0.574723   2.87423
  1.13903   1.12506
 0.637038   1.48693
  2.96675 0.0416637
 0.394241   2.09583
  2.82652   0.38937
 0.772722   1.97696
  0.25524  0.855643
 0.932153  0.365665
   1.0558   1.79694
  1.03387  0.806728
  1.21264   2.55964
  1.86833   1.12853
 0.409078  0.355029
   1.4892   1.09196
 0.188591   1.57441
  2.67747   1.19192
 0.430795   2.42611
 0.272728  0.465294
  1.08123   1.09225
  0.68039   2.64441
 0.738682   2.27127
  1.33143   0.97233
  1.31083  0.640761
 0.486806   0.72158
  1.82155   2.38227
 0.380529   2.57964
 0.872495   2.41132
 0.892671   1.64235
0.0551619   2.85924
  2.27685    1.9066
  1.37831   2.57599
 0.380048  0.782713
  2.44526   1.29587
  2.01255   2.28755
   2.5474   2.43793
  1.75459   2.07143
   2.9939   1.19634
  2.76224   1.85843
  2.65031   1.00565
 0.731984  0.231951
  1.95335 0.00303035
  0.40333   2.85094
 0.989444  0.390804
  2.36915  0.553789
   2.3929  0.633799
  1.85307  0.295673
 0.926642   1.53374
0.0896909   2.83587
 0.293507 0.00893948
 0.129477   2.64757
  2.14875   2.86296
   1.5006  0.880959
  1.16687   1.04863
0.00698448  0.523328
 0.645629   2.59225
  2.82275  0.778361
  1.26702    2.8131
 0.647183  0.515418
  2.49904  0.313844
 0.795118   1.89314
 0.709561   1.98194
  1.28608   1.65017
 0.562333  0.667025
 0.670547   1.50135
 0.232686   1.33406
 0.775108  0.675806
  2.22786   1.27379
 0.184454   1.98497
 0.108699   2.61056
  1.47217   2.32648
 0.503159   2.41959
  1.43889   1.11127
 0.235382  0.551444
  1.29482   1.28464
   1.2169   2.54565
  2.72535  0.295368
  2.49752  0.228826
  2.16666 0.00420103
  0.54881  0.843529
  1.34473   1.65927
  1.40014  0.590606
  1.43797   2.21764
  1.43367 0.0562196
   1.2939   2.99307
  1.25752  0.761116
 0.777204 0.0940039
  1.18911   1.31371
 0.892336  0.113959
   2.1837  0.987438
 0.579808  0.276538
  2.96836  0.172496
  1.68435 0.0536832
 0.387466   2.36604
 0.580117   1.49068
 0.397581  0.303073
  1.77738   1.58239
   1.1216   1.58276
  2.77491  0.714881
  2.19206   1.00553
  2.05294   1.81826
  1.87401   2.60508
 0.644357   1.22336
  2.90016  0.331856
  1.94346  0.638631
 0.484083   2.76646
  1.08069 0.00225682
  2.36872   2.14914
    1.067  0.862076
  2.15172   2.39514
  2.56292   1.83801
 0.144921   1.14062
  2.08412  0.153441
0.000643143  0.827192
  0.40125  0.354074
 0.837234  0.191637
  2.47063   1.84524
  1.52087  0.418421
 0.858866   1.54687
   1.4263   1.09217
 0.466745   1.07863
  2.16552   0.54872
  2.73527   1.33674
  2.40601   1.47673
 0.582087   1.49899
  1.56235   2.18675
 0.173843     1.425
  2.42111  0.110571
  2.76278   1.35524
0.0950161   1.49506
  1.80676  0.402787
 0.360171 0.0894101
  2.20149   2.04521
   1.5058   1.18505
 0.965578   1.27979
 0.127222   1.27454
  1.57956  0.818299
  1.53375   1.50486
  2.14516   2.55327
  0.78717   2.44759
 0.231081    2.7525
  0.72476  0.416534
   2.5476   2.07703
  1.08669  0.564826
 0.981352   2.34084
 0.696485   2.85561
 0.753348  0.346971
0.0515634   2.52918
  1.28736 0.0195305
  1.21923   1.70245
  2.13239   1.44166
  1.13105   1.88534
  1.38961  0.627499
0.0718755   1.92774
  1.89198   2.36574
  2.06926   1.22619
   2.1766   1.36873
 0.681786   1.16266
  2.85067   1.03327
 0.610796   2.09411
  1.14479    2.0865
 0.204717   1.04188
 0.288937   1.04025
  1.30254  0.714817
  1.51216   2.87497
 0.154738   2.00813
  0.64194  0.987121
     1.96   0.25314
  1.80285  0.321445
  1.35387  0.104264
 0.770952     1.001
  1.41095   2.55263
 0.799371   1.11706
  2.46523  0.959515
  1.16658  0.359904
  2.02787   1.23136
 0.952681   1.83828
 0.916133   2.94935
  1.08706   2.76058
  2.66618   1.42112
 0.740817   1.41966
  2.66337   1.31321
  2.32581  0.956521
  2.28616   1.18439
  1.74069   0.54539
  2.96522  0.343905
   1.4451   2.55029
 0.417701   0.57682
  2.50959   1.36456
 0.375647    1.0029
  1.35089   2.05513
   1.1473    1.8759
   1.2622   2.54481
  2.91603    2.2797
 0.993198    1.4724
  1.80139  0.569418
0.0457001  0.483934
  1.61176    1.1228
  2.44625   1.59971
  1.41746   1.48154
   1.8969   1.90708
  1.91506   2.17406
0.0167663  0.319156
  1.69569   2.12914
  2.82256   2.16274
   1.0999   1.39697
 0.463474   1.13971
  2.47229  0.560596
   2.6476   2.18212
  0.65446  0.470912
  2.00265  0.489384
 0.678641   1.43973
  2.23159   2.93551
 0.888009   1.87765
  2.32916   1.23242
  1.63861  0.170633
  1.26069   2.84886
 0.708937  0.586378
  2.10984   1.40993
 0.694283  0.289681
  2.45213   1.25737
  1.55767   1.69162
 0.152384   2.68827
  2.71705    1.0772
 0.211657   2.89289
  2.24584   2.63218
  1.55503   2.14417
  2.89177   2.17519
 0.659044   2.68403
 0.567585  0.103538
  1.29969  0.510964
  1.65071   2.99448
  1.51424  0.782962
  2.36664  0.115766
  2.45725   2.17099
  1.69379   1.69291
  2.77875   2.56955
  2.75259    2.0663
 0.464897   1.06902
  2.16543   1.97798
  2.95087   2.43974
 0.176081   2.23919
  2.81545   2.98235
 0.756361  0.862077
  2.05221   2.88144
  2.10472   2.85709
    1.525   0.68522
  2.98961   1.37009
 0.424133   1.25799
 0.365349   2.23355
 0.907354  0.690039
  2.89117  0.198822
  2.98374  0.748182
  1.02799   1.65807
 0.531378   2.24342
  2.00649   0.46146
 0.423352   2.03083
  1.21662    1.9695
 0.480278  0.787693
  1.21165   0.31482
  1.06677   1.28385
  2.66827  0.647757
  2.28521   2.72063
  2.50469  0.722318
  2.90154   2.71674
LINKS_SOURCE_DESTINATION_DISTANCE 1798
     0      1      1
     0      2      1
     0      3      1
     0    156      1
     0    777      1
     1      0      1
     1      4      1
     1     13      1
     1     37      1
     1    151      1
     1    193      1
     1    398      1
     2      0      1
     2      9      1
     2     56      1
     2     72      1
     2    568      1
     2    595      1
     2    695      1
     3      0      1
     3      6      1
     3      7      1
     3     10      1
     3     20      1
     3     26      1
     3    711      1
     4      1      1
     4      5      1
     4     71      1
     4     77      1
     4    179      1
     4    332      1
     5      4      1
     5      8      1
     5     11      1
     5     15      1
     5     19      1
     5     54      1
     5     83      1
     5     88      1
     5    158      1
     5    180      1
     5    268      1
     5    392      1
     5    848      1
     6      3      1
     6     14      1
     6     16      1
     6     34      1
     6    408      1
     7      3      1
     7     12      1
     7     35      1
     7     41      1
     8      5      1
     8    211      1
     9      2      1
     9     28      1
     9     33      1
     9     76      1
    10      3      1
    10     17      1
    10     70      1
    10    216      1
    11      5      1
    11     23      1
    11    769      1
    11    864      1
    12      7      1
    12     44      1
    12     49      1
    12    357      1
    12    878      1
    13      1      1
    13     25      1
    13     40      1
    13     43      1
    13    106      1
    13    121      1
    13    191      1
    14      6      1
    14     18      1
    14     24      1
    14     75      1
    14     84      1
    14    108      1
    14    187      1
    14    206      1
    14    824      1
    15      5      1
    15     74      1
    15     82      1
    15    238      1
    15    322      1
    16      6      1
    16     38      1
    16     50      1
    16     98      1
    16    137      1
    16    543      1
    16    893      1
    17     10      1
    17    397      1
    18     14      1
    18     22      1
    18     27      1
    18     57      1
    18     64      1
    18    461      1
    19      5      1
    19    117      1
    19    170      1
    19    207      1
    20      3      1
    20     21      1
    20     29      1
    20     32      1
    20     89      1
    20    303      1
    20    567      1
    21     20      1
    21     30      1
    21    197      1
    21    223      1
    22     18      1
    22     91      1
    22     96      1
    23     11      1
    23     46      1
    23     68      1
    23    386      1
    24     14      1
    24     36      1
    24    101      1
    24    384      1
    25     13      1
    25    142      1
    25    181      1
    25    267      1
    25    610      1
    25    739      1
    26      3      1
    26     31      1
    26    111      1
    26    116      1
    26    393      1
    27     18      1
    27     48      1
    27     61      1
    27     69      1
    27    173      1
    27    297      1
    28      9      1
    28     55      1
    28     95      1
    29     20      1
    29     39      1
    29     92      1
    29    305      1
    29    345      1
    29    367      1
    29    613      1
    30     21      1
    30     59      1
    30     81      1
    30    272      1
    30    318      1
    31     26      1
    31     94      1
    31    107      1
    32     20      1
    32     79      1
    32    125      1
    32    308      1
    33      9      1
    33    112      1
    33    288      1
    33    472      1
    33    474      1
    33    682      1
    33    779      1
    34      6      1
    34     47      1
    34     52      1
    35      7      1
    35    703      1
    36     24      1
    36     45      1
    36     53      1
    37      1      1
    38     16      1
    38    129      1
    39     29      1
    39    232      1
    39    710      1
    40     13      1
    40     42      1
    40    103      1
    40    124      1
    41      7      1
    41    282      1
    41    537      1
    42     40      1
    42    100      1
    42    562      1
    42    657      1
    43     13      1
    43     51      1
    43     58      1
    43    205      1
    43    341      1
    44     12      1
    45     36      1
    45    804      1
    46     23      1
    46    118      1
    47     34      1
    47    144      1
    47    159      1
    47    301      1
    47    342      1
    47    413      1
    47    685      1
    47    776      1
    47    825      1
    48     27      1
    48    217      1
    49     12      1
    49     60      1
    49     73      1
    50     16      1
    50    133      1
    50    153      1
    50    204      1
    50    242      1
    50    248      1
    50    619      1
    51     43      1
    51     67      1
    51    185      1
    51    236      1
    51    290      1
    51    495      1
    51    780      1
    52     34      1
    53     36      1
    53     65      1
    53    225      1
    53    320      1
    54      5      1
    54    131      1
    54    563      1
    54    603      1
    55     28      1
    55     80      1
    55    160      1
    55    378      1
    56      2      1
    56     66      1
    56    215      1
    56    280      1
    56    542      1
    57     18      1
    57     62      1
    57     97      1
    57    284      1
    58     43      1
    58    487      1
    58    583      1
    59     30      1
    60     49      1
    60    166      1
    61     27      1
    61     63      1
    61    169      1
    62     57      1
    62    329      1
    63     61      1
    63    127      1
    63    186      1
    63    455      1
    64     18      1
    64     78      1
    64    113      1
    64    241      1
    64    765      1
    65     53      1
    65    134      1
    65    200      1
    65    307      1
    66     56      1
    66    294      1
    66    482      1
    66    714      1
    67     51      1
    67    369      1
    68     23      1
    68    102      1
    68    183      1
    68    349      1
    69     27      1
    69     85      1
    69    177      1
    69    436      1
    69    492      1
    69    888      1
    70     10      1
    70    331      1
    70    497      1
    70    533      1
    71      4      1
    71    249      1
    71    306      1
    71    421      1
    71    681      1
    72      2      1
    72     87      1
    72    123      1
    72    184      1
    72    519      1
    72    889      1
    73     49      1
    73    114      1
    74     15      1
    74     86      1
    74    175      1
    74    255      1
    74    673      1
    75     14      1
    75    155      1
    75    343      1
    76      9      1
    76    230      1
    76    860      1
    77      4      1
    77     90      1
    77    692      1
    78     64      1
    78    243      1
    78    454      1
    79     32      1
    79    105      1
    79    524      1
    80     55      1
    80    130      1
    80    141      1
    80    145      1
    80    162      1
    81     30      1
    81    222      1
    81    293      1
    81    383      1
    81    795      1
    82     15      1
    82    188      1
    83      5      1
    83    396      1
    83    399      1
    83    725      1
    84     14      1
    84    110      1
    84    256      1
    84    451      1
    85     69      1
    86     74      1
    86    316      1
    87     72      1
    87     93      1
    87    104      1
    87    147      1
    87    199      1
    87    471      1
    88      5      1
    89     20      1
    89    221      1
    89    464      1
    90     77      1
    91     22      1
    91     99      1
    92     29      1
    92    115      1
    92    152      1
    92    324      1
    92    443      1
    93     87      1
    93    182      1
    93    235      1
    93    385      1
    93    445      1
    93    877      1
    94     31      1
    94    120      1
    95     28      1
    95    501      1
    95    550      1
    95    758      1
    96     22      1
    96    122      1
    96    132      1
    96    157      1
    96    189      1
    96    391      1
    97     57      1
    97    109      1
    97    637      1
    97    798      1
    98     16      1
    98    244      1
    99     91      1
   100     42      1
   100    148      1
   101     24      1
   101    564      1
   101    847      1
   102     68      1
   102    666      1
   103     40      1
   104     87      1
   104    491      1
   104    526      1
   105     79      1
   105    245      1
   105    375      1
   106     13      1
   106    136      1
   106    165      1
   106    208      1
   106    473      1
   106    578      1
   106    735      1
   107     31      1
   107    439      1
   107    456      1
   108     14      1
   108    218      1
   109     97      1
   109    355      1
   110     84      1
   110    321      1
   110    411      1
   111     26      1
   111    274      1
   111    276      1
   111    428      1
   112     33      1
   112    150      1
   112    437      1
   113     64      1
   113    265      1
   113    475      1
   114     73      1
   114    140      1
   114    259      1
   114    580      1
   114    582      1
   115     92      1
   115    126      1
   115    545      1
   116     26      1
   116    202      1
   116    787      1
   116    887      1
   117     19      1
   117    559      1
   118     46      1
   118    119      1
   118    438      1
   118    622      1
   119    118      1
   119    231      1
   119    842      1
   120     94      1
   120    135      1
   120    227      1
   121     13      1
   121    213      1
   121    279      1
   121    287      1
   121    311      1
   122     96      1
   122    296      1
   122    587      1
   123     72      1
   123    128      1
   123    194      1
   124     40      1
   124    649      1
   125     32      1
   125    138      1
   125    633      1
   126    115      1
   126    228      1
   126    767      1
   126    827      1
   127     63      1
   127    315      1
   127    409      1
   127    412      1
   127    594      1
   128    123      1
   128    139      1
   128    212      1
   128    356      1
   128    697      1
   129     38      1
   130     80      1
   130    683      1
   131     54      1
   131    143      1
   132     96      1
   132    149      1
   132    219      1
   132    732      1
   132    763      1
   132    872      1
   133     50      1
   133    161      1
   133    312      1
   133    348      1
   134     65      1
   134    146      1
   134    163      1
   134    164      1
   134    247      1
   134    435      1
   135    120      1
   135    171      1
   135    174      1
   136    106      1
   136    361      1
   136    606      1
   137     16      1
   137    422      1
   138    125      1
   138    631      1
   139    128      1
   139    359      1
   140    114      1
   140    237      1
   140    788      1
   141     80      1
   141    167      1
   141    395      1
   142     25      1
   143    131      1
   144     47      1
   144    195      1
   144    266      1
   144    278      1
   144    299      1
   145     80      1
   145    203      1
   145    605      1
   145    618      1
   146    134      1
   146    718      1
   147     87      1
   147    178      1
   147    233      1
   147    313      1
   147    547      1
   148    100      1
   148    196      1
   148    715      1
   149    132      1
   149    402      1
   149    626      1
   150    112      1
   150    510      1
   150    813      1
   150    858      1
   151      1      1
   152     92      1
   152    154      1
   152    229      1
   153     50      1
   153    214      1
   154    152      1
   154    168      1
   154    198      1
   155     75      1
   155    220      1
   156      0      1
   156    414      1
   156    612      1
   157     96      1
   157    201      1
   157    604      1
   158      5      1
   158    263      1
   159     47      1
   159    176      1
   159    337      1
   159    353      1
   159    388      1
   159    602      1
   160     55      1
   160    328      1
   160    418      1
   160    499      1
   160    712      1
   161    133      1
   161    425      1
   162     80      1
   162    430      1
   162    572      1
   163    134      1
   163    281      1
   163    309      1
   164    134      1
   164    326      1
   165    106      1
   165    172      1
   165    672      1
   166     60      1
   167    141      1
   168    154      1
   169     61      1
   169    253      1
   169    512      1
   170     19      1
   170    748      1
   170    859      1
   171    135      1
   171    816      1
   172    165      1
   172    261      1
   172    401      1
   173     27      1
   173    190      1
   173    226      1
   174    135      1
   174    317      1
   175     74      1
   175    663      1
   176    159      1
   176    209      1
   176    291      1
   177     69      1
   177    234      1
   177    417      1
   178    147      1
   178    192      1
   179      4      1
   180      5      1
   180    210      1
   181     25      1
   181    262      1
   182     93      1
   183     68      1
   184     72      1
   184    346      1
   185     51      1
   186     63      1
   186    365      1
   186    370      1
   187     14      1
   187    360      1
   187    871      1
   188     82      1
   188    366      1
   188    728      1
   189     96      1
   189    314      1
   190    173      1
   190    427      1
   190    742      1
   191     13      1
   192    178      1
   192    270      1
   192    581      1
   193      1      1
   194    123      1
   195    144      1
   195    275      1
   195    300      1
   196    148      1
   196    381      1
   197     21      1
   197    518      1
   197    644      1
   198    154      1
   198    239      1
   198    254      1
   198    536      1
   199     87      1
   199    607      1
   200     65      1
   200    286      1
   200    509      1
   200    792      1
   201    157      1
   201    260      1
   202    116      1
   202    224      1
   202    853      1
   203    145      1
   204     50      1
   205     43      1
   206     14      1
   206    884      1
   207     19      1
   207    319      1
   208    106      1
   208    358      1
   209    176      1
   210    180      1
   211      8      1
   211    292      1
   211    514      1
   211    523      1
   212    128      1
   212    302      1
   212    614      1
   213    121      1
   213    628      1
   213    895      1
   214    153      1
   214    347      1
   214    517      1
   215     56      1
   215    363      1
   215    442      1
   216     10      1
   216    251      1
   216    257      1
   216    423      1
   216    653      1
   217     48      1
   218    108      1
   219    132      1
   220    155      1
   220    484      1
   220    717      1
   221     89      1
   221    403      1
   221    513      1
   222     81      1
   222    240      1
   222    368      1
   223     21      1
   223    246      1
   223    561      1
   224    202      1
   224    374      1
   224    783      1
   225     53      1
   225    298      1
   225    490      1
   226    173      1
   226    496      1
   226    885      1
   227    120      1
   227    269      1
   227    426      1
   227    553      1
   227    729      1
   228    126      1
   228    371      1
   229    152      1
   229    283      1
   229    304      1
   229    352      1
   230     76      1
   230    340      1
   230    376      1
   230    387      1
   230    802      1
   231    119      1
   231    521      1
   232     39      1
   232    250      1
   233    147      1
   234    177      1
   234    434      1
   234    477      1
   234    851      1
   235     93      1
   235    252      1
   236     51      1
   236    333      1
   236    486      1
   236    646      1
   237    140      1
   238     15      1
   238    323      1
   238    599      1
   239    198      1
   239    493      1
   239    701      1
   240    222      1
   240    271      1
   240    754      1
   240    807      1
   241     64      1
   241    285      1
   242     50      1
   242    258      1
   242    364      1
   243     78      1
   244     98      1
   244    264      1
   244    638      1
   245    105      1
   245    483      1
   245    546      1
   245    789      1
   245    803      1
   246    223      1
   246    508      1
   247    134      1
   247    504      1
   247    575      1
   247    863      1
   248     50      1
   249     71      1
   249    273      1
   250    232      1
   251    216      1
   251    277      1
   251    447      1
   252    235      1
   253    169      1
   253    784      1
   254    198      1
   255     74      1
   256     84      1
   257    216      1
   257    759      1
   258    242      1
   258    325      1
   258    335      1
   258    400      1
   258    596      1
   259    114      1
   259    630      1
   259    823      1
   260    201      1
   260    635      1
   261    172      1
   261    459      1
   261    520      1
   261    689      1
   262    181      1
   262    406      1
   263    158      1
   263    565      1
   264    244      1
   264    507      1
   264    676      1
   264    876      1
   265    113      1
   266    144      1
   266    327      1
   266    809      1
   267     25      1
   267    566      1
   268      5      1
   268    289      1
   269    227      1
   269    641      1
   270    192      1
   270    659      1
   271    240      1
   271    344      1
   271    781      1
   272     30      1
   272    336      1
   272    468      1
   272    573      1
   273    249      1
   273    661      1
   274    111      1
   274    410      1
   274    433      1
   274    488      1
   275    195      1
   275    786      1
   276    111      1
   277    251      1
   278    144      1
   279    121      1
   279    372      1
   279    511      1
   279    747      1
   280     56      1
   280    295      1
   280    837      1
   281    163      1
   282     41      1
   282    440      1
   282    645      1
   283    229      1
   283    736      1
   284     57      1
   284    377      1
   284    480      1
   284    505      1
   285    241      1
   286    200      1
   286    866      1
   287    121      1
   287    481      1
   288     33      1
   289    268      1
   289    338      1
   289    479      1
   290     51      1
   290    334      1
   290    529      1
   290    584      1
   291    176      1
   292    211      1
   292    774      1
   293     81      1
   293    310      1
   293    648      1
   294     66      1
   295    280      1
   295    432      1
   295    675      1
   296    122      1
   296    339      1
   296    730      1
   297     27      1
   298    225      1
   299    144      1
   300    195      1
   300    485      1
   301     47      1
   301    616      1
   302    212      1
   302    535      1
   302    647      1
   303     20      1
   304    229      1
   305     29      1
   305    373      1
   306     71      1
   306    419      1
   306    667      1
   307     65      1
   308     32      1
   309    163      1
   309    544      1
   310    293      1
   310    658      1
   310    700      1
   311    121      1
   312    133      1
   312    330      1
   312    506      1
   313    147      1
   313    639      1
   313    665      1
   314    189      1
   314    500      1
   315    127      1
   315    515      1
   316     86      1
   316    441      1
   316    591      1
   316    886      1
   317    174      1
   318     30      1
   318    727      1
   319    207      1
   319    469      1
   320     53      1
   320    405      1
   320    466      1
   321    110      1
   321    444      1
   322     15      1
   323    238      1
   323    351      1
   323    806      1
   324     92      1
   325    258      1
   325    424      1
   326    164      1
   327    266      1
   328    160      1
   328    362      1
   329     62      1
   329    655      1
   329    791      1
   330    312      1
   330    350      1
   330    654      1
   331     70      1
   331    420      1
   331    601      1
   332      4      1
   333    236      1
   333    737      1
   334    290      1
   334    548      1
   335    258      1
   335    452      1
   335    643      1
   335    702      1
   336    272      1
   336    874      1
   337    159      1
   337    668      1
   337    750      1
   337    762      1
   338    289      1
   338    674      1
   339    296      1
   340    230      1
   340    476      1
   340    608      1
   341     43      1
   342     47      1
   342    354      1
   342    502      1
   342    522      1
   343     75      1
   343    894      1
   344    271      1
   344    446      1
   345     29      1
   345    835      1
   346    184      1
   346    625      1
   347    214      1
   347    731      1
   348    133      1
   348    380      1
   348    390      1
   348    819      1
   349     68      1
   350    330      1
   351    323      1
   351    407      1
   352    229      1
   353    159      1
   353    379      1
   353    465      1
   354    342      1
   354    389      1
   355    109      1
   355    749      1
   356    128      1
   356    404      1
   357     12      1
   357    554      1
   357    829      1
   358    208      1
   359    139      1
   359    670      1
   359    838      1
   360    187      1
   361    136      1
   362    328      1
   363    215      1
   363    574      1
   364    242      1
   364    671      1
   365    186      1
   365    577      1
   365    597      1
   366    188      1
   367     29      1
   368    222      1
   368    416      1
   369     67      1
   369    764      1
   370    186      1
   370    453      1
   370    525      1
   371    228      1
   371    382      1
   372    279      1
   373    305      1
   373    431      1
   373    530      1
   373    785      1
   374    224      1
   375    105      1
   376    230      1
   377    284      1
   377    458      1
   377    744      1
   377    831      1
   378     55      1
   378    693      1
   379    353      1
   379    503      1
   380    348      1
   381    196      1
   381    539      1
   382    371      1
   382    528      1
   382    557      1
   382    615      1
   382    664      1
   383     81      1
   384     24      1
   384    541      1
   385     93      1
   385    394      1
   385    588      1
   386     23      1
   386    746      1
   386    817      1
   387    230      1
   387    470      1
   388    159      1
   388    704      1
   388    753      1
   388    820      1
   389    354      1
   389    688      1
   390    348      1
   391     96      1
   391    460      1
   392      5      1
   392    609      1
   393     26      1
   393    516      1
   393    741      1
   394    385      1
   394    415      1
   395    141      1
   395    429      1
   395    846      1
   396     83      1
   396    538      1
   397     17      1
   397    489      1
   398      1      1
   398    448      1
   399     83      1
   399    457      1
   400    258      1
   400    636      1
   401    172      1
   402    149      1
   403    221      1
   404    356      1
   404    734      1
   405    320      1
   406    262      1
   406    713      1
   407    351      1
   408      6      1
   409    127      1
   409    629      1
   410    274      1
   411    110      1
   411    586      1
   412    127      1
   412    650      1
   413     47      1
   413    551      1
   414    156      1
   414    463      1
   414    467      1
   414    589      1
   415    394      1
   416    368      1
   417    177      1
   418    160      1
   419    306      1
   420    331      1
   421     71      1
   422    137      1
   423    216      1
   424    325      1
   424    716      1
   425    161      1
   426    227      1
   426    494      1
   426    773      1
   426    870      1
   427    190      1
   428    111      1
   428    624      1
   429    395      1
   430    162      1
   430    555      1
   430    623      1
   430    687      1
   431    373      1
   431    600      1
   432    295      1
   433    274      1
   434    234      1
   434    706      1
   434    719      1
   435    134      1
   435    617      1
   436     69      1
   436    450      1
   437    112      1
   437    560      1
   437    699      1
   438    118      1
   439    107      1
   440    282      1
   441    316      1
   441    462      1
   441    760      1
   442    215      1
   443     92      1
   443    571      1
   443    708      1
   444    321      1
   445     93      1
   446    344      1
   447    251      1
   447    449      1
   447    709      1
   448    398      1
   449    447      1
   449    540      1
   450    436      1
   450    531      1
   451     84      1
   451    822      1
   451    832      1
   452    335      1
   453    370      1
   454     78      1
   455     63      1
   455    534      1
   456    107      1
   456    652      1
   457    399      1
   457    478      1
   457    811      1
   458    377      1
   459    261      1
   459    677      1
   460    391      1
   460    627      1
   461     18      1
   462    441      1
   463    414      1
   464     89      1
   465    353      1
   465    527      1
   466    320      1
   467    414      1
   468    272      1
   468    680      1
   469    319      1
   470    387      1
   470    579      1
   471     87      1
   471    549      1
   472     33      1
   472    815      1
   473    106      1
   473    532      1
   474     33      1
   475    113      1
   476    340      1
   476    498      1
   477    234      1
   478    457      1
   479    289      1
   479    768      1
   480    284      1
   481    287      1
   481    830      1
   482     66      1
   483    245      1
   484    220      1
   485    300      1
   486    236      1
   487     58      1
   487    590      1
   488    274      1
   489    397      1
   490    225      1
   491    104      1
   491    805      1
   492     69      1
   492    558      1
   493    239      1
   493    879      1
   494    426      1
   494    881      1
   495     51      1
   496    226      1
   497     70      1
   497    569      1
   498    476      1
   499    160      1
   499    598      1
   500    314      1
   501     95      1
   501    808      1
   501    821      1
   502    342      1
   503    379      1
   504    247      1
   505    284      1
   506    312      1
   506    745      1
   507    264      1
   507    620      1
   508    246      1
   509    200      1
   509    770      1
   510    150      1
   510    656      1
   511    279      1
   511    867      1
   512    169      1
   513    221      1
   514    211      1
   515    315      1
   516    393      1
   517    214      1
   518    197      1
   518    669      1
   519     72      1
   520    261      1
   521    231      1
   521    640      1
   521    705      1
   521    883      1
   522    342      1
   522    593      1
   523    211      1
   524     79      1
   525    370      1
   526    104      1
   526    684      1
   527    465      1
   527    862      1
   528    382      1
   528    796      1
   529    290      1
   529    642      1
   530    373      1
   531    450      1
   532    473      1
   533     70      1
   533    723      1
   533    757      1
   534    455      1
   534    726      1
   534    890      1
   535    302      1
   536    198      1
   536    576      1
   537     41      1
   538    396      1
   539    381      1
   540    449      1
   540    721      1
   541    384      1
   541    743      1
   542     56      1
   542    810      1
   543     16      1
   543    756      1
   544    309      1
   545    115      1
   546    245      1
   547    147      1
   548    334      1
   549    471      1
   549    552      1
   550     95      1
   551    413      1
   551    724      1
   551    761      1
   552    549      1
   553    227      1
   554    357      1
   554    556      1
   555    430      1
   555    790      1
   556    554      1
   557    382      1
   557    690      1
   558    492      1
   559    117      1
   559    570      1
   560    437      1
   561    223      1
   561    592      1
   561    662      1
   562     42      1
   563     54      1
   564    101      1
   564    818      1
   564    898      1
   565    263      1
   565    585      1
   565    854      1
   566    267      1
   567     20      1
   567    691      1
   568      2      1
   569    497      1
   569    722      1
   570    559      1
   571    443      1
   572    162      1
   573    272      1
   573    621      1
   574    363      1
   575    247      1
   575    678      1
   575    752      1
   576    536      1
   577    365      1
   577    861      1
   578    106      1
   579    470      1
   580    114      1
   580    611      1
   580    686      1
   580    766      1
   581    192      1
   582    114      1
   583     58      1
   584    290      1
   584    899      1
   585    565      1
   586    411      1
   587    122      1
   588    385      1
   588    801      1
   589    414      1
   589    634      1
   590    487      1
   591    316      1
   592    561      1
   593    522      1
   594    127      1
   595      2      1
   596    258      1
   597    365      1
   598    499      1
   599    238      1
   600    431      1
   601    331      1
   602    159      1
   603     54      1
   604    157      1
   605    145      1
   606    136      1
   606    836      1
   607    199      1
   608    340      1
   609    392      1
   610     25      1
   610    696      1
   611    580      1
   612    156      1
   613     29      1
   614    212      1
   615    382      1
   616    301      1
   617    435      1
   618    145      1
   619     50      1
   620    507      1
   620    698      1
   621    573      1
   622    118      1
   623    430      1
   623    755      1
   624    428      1
   624    840      1
   625    346      1
   625    782      1
   626    149      1
   626    632      1
   627    460      1
   628    213      1
   629    409      1
   630    259      1
   630    660      1
   631    138      1
   631    694      1
   632    626      1
   633    125      1
   633    651      1
   634    589      1
   634    778      1
   635    260      1
   635    738      1
   636    400      1
   637     97      1
   638    244      1
   638    751      1
   639    313      1
   640    521      1
   640    679      1
   641    269      1
   642    529      1
   643    335      1
   643    793      1
   644    197      1
   645    282      1
   646    236      1
   647    302      1
   648    293      1
   649    124      1
   650    412      1
   650    771      1
   651    633      1
   652    456      1
   653    216      1
   654    330      1
   655    329      1
   655    891      1
   656    510      1
   657     42      1
   658    310      1
   659    270      1
   660    630      1
   661    273      1
   662    561      1
   663    175      1
   664    382      1
   665    313      1
   666    102      1
   667    306      1
   668    337      1
   669    518      1
   670    359      1
   671    364      1
   672    165      1
   673     74      1
   673    800      1
   673    865      1
   674    338      1
   675    295      1
   676    264      1
   677    459      1
   678    575      1
   679    640      1
   680    468      1
   681     71      1
   682     33      1
   683    130      1
   684    526      1
   685     47      1
   686    580      1
   687    430      1
   688    389      1
   689    261      1
   690    557      1
   691    567      1
   691    720      1
   692     77      1
   693    378      1
   694    631      1
   695      2      1
   695    707      1
   696    610      1
   697    128      1
   698    620      1
   699    437      1
   699    833      1
   700    310      1
   701    239      1
   702    335      1
   703     35      1
   704    388      1
   705    521      1
   706    434      1
   707    695      1
   708    443      1
   709    447      1
   709    775      1
   710     39      1
   711      3      1
   712    160      1
   712    844      1
   713    406      1
   714     66      1
   715    148      1
   715    740      1
   715    869      1
   716    424      1
   717    220      1
   718    146      1
   718    733      1
   719    434      1
   719    873      1
   720    691      1
   721    540      1
   722    569      1
   723    533      1
   724    551      1
   725     83      1
   726    534      1
   727    318      1
   728    188      1
   729    227      1
   730    296      1
   730    828      1
   731    347      1
   731    897      1
   732    132      1
   732    834      1
   733    718      1
   733    799      1
   734    404      1
   734    797      1
   735    106      1
   736    283      1
   737    333      1
   738    635      1
   739     25      1
   740    715      1
   741    393      1
   742    190      1
   743    541      1
   744    377      1
   745    506      1
   746    386      1
   747    279      1
   747    772      1
   748    170      1
   749    355      1
   750    337      1
   751    638      1
   752    575      1
   753    388      1
   754    240      1
   754    814      1
   755    623      1
   755    896      1
   756    543      1
   756    812      1
   756    882      1
   757    533      1
   758     95      1
   759    257      1
   759    794      1
   760    441      1
   761    551      1
   762    337      1
   763    132      1
   764    369      1
   765     64      1
   766    580      1
   766    849      1
   767    126      1
   768    479      1
   769     11      1
   770    509      1
   771    650      1
   772    747      1
   772    868      1
   773    426      1
   774    292      1
   775    709      1
   776     47      1
   777      0      1
   778    634      1
   778    892      1
   779     33      1
   779    826      1
   780     51      1
   781    271      1
   781    880      1
   782    625      1
   783    224      1
   784    253      1
   785    373      1
   786    275      1
   787    116      1
   788    140      1
   789    245      1
   790    555      1
   791    329      1
   792    200      1
   793    643      1
   794    759      1
   794    841      1
   795     81      1
   796    528      1
   797    734      1
   798     97      1
   799    733      1
   800    673      1
   801    588      1
   802    230      1
   803    245      1
   804     45      1
   805    491      1
   806    323      1
   806    850      1
   807    240      1
   808    501      1
   808    845      1
   809    266      1
   810    542      1
   810    843      1
   810    856      1
   811    457      1
   812    756      1
   813    150      1
   813    852      1
   814    754      1
   815    472      1
   816    171      1
   817    386      1
   818    564      1
   819    348      1
   820    388      1
   821    501      1
   822    451      1
   823    259      1
   824     14      1
   825     47      1
   826    779      1
   827    126      1
   827    855      1
   828    730      1
   829    357      1
   830    481      1
   831    377      1
   832    451      1
   833    699      1
   834    732      1
   835    345      1
   836    606      1
   837    280      1
   838    359      1
   838    839      1
   839    838      1
   840    624      1
   841    794      1
   842    119      1
   843    810      1
   844    712      1
   845    808      1
   846    395      1
   847    101      1
   848      5      1
   849    766      1
   850    806      1
   851    234      1
   852    813      1
   853    202      1
   854    565      1
   854    857      1
   855    827      1
   856    810      1
   857    854      1
   858    150      1
   858    875      1
   859    170      1
   860     76      1
   861    577      1
   862    527      1
   863    247      1
   864     11      1
   865    673      1
   866    286      1
   867    511      1
   868    772      1
   869    715      1
   870    426      1
   871    187      1
   872    132      1
   873    719      1
   874    336      1
   875    858      1
   876    264      1
   877     93      1
   878     12      1
   879    493      1
   880    781      1
   881    494      1
   882    756      1
   883    521      1
   884    206      1
   885    226      1
   886    316      1
   887    116      1
   888     69      1
   889     72      1
   890    534      1
   891    655      1
   892    778      1
   893     16      1
   894    343      1
   895    213      1
   896    755      1
   897    731      1
   898    564      1
   899    584      1
