COORD_X_Y 600
   1.4195   2.79018
0.0248281  0.911766
0.0363104   2.80541
  2.44634  0.439686
    2.328   2.12274
   1.5781   1.21861
 0.341264   2.77525
  1.93306  0.879494
 0.815752   2.43702
  2.89186   1.63335
 0.692706   1.25655
   1.4308   2.27833
  2.61877   1.96055
  1.03148  0.505402
  1.97733   2.22647
  1.94955   2.26295
 0.775639  0.605886
  1.04876   1.59566
  1.67799  0.880506
  2.54844  0.867582
   1.5599   2.36408
   1.0073   1.96413
  2.15013   1.89501
 0.296561   2.86499
  1.85793   1.73969
 0.710111   2.64815
  1.18756   2.49688
  2.68749  0.903207
   2.1926   2.83877
 0.136767   1.18452
  1.99349  0.386583
  1.23748  0.362251
  0.72245 0.00209062
   0.4373   2.82066
 0.178892   2.36086
 0.682004   2.11376
 0.531354 0.0744965
  1.75542   2.95502
  2.33854   1.03896
 0.593174   1.67143
  1.50316   1.74819
  2.32376   1.56532
  2.88639   1.36903
  2.19025  0.442991
 0.435317   2.38972
   1.7765  0.939647
  2.68634   2.69107
  1.37982   1.59514
0.0360163   2.82344
  1.91217  0.862427
  2.31493   1.36694
 0.714246   2.22678
  1.32742    2.3403
  1.96124   1.21897
 0.258554   2.92709
  2.27253   2.52135
 0.865548  0.668319
  2.73355  0.576269
   1.7622   1.55366
  1.75315   2.62601
 0.396933   1.18449
 0.246254   1.00574
  1.31349   1.14318
  2.45505   2.89456
0.0093253   2.09832
  2.09362   0.79135
   0.6178   1.33227
 0.125444  0.451512
  2.92458   2.88055
  1.03946  0.675647
  1.81912   1.93896
 0.483365   2.59477
  1.39639  0.235561
  1.36768   2.34583
 0.371918  0.356427
  2.63637   1.01974
  2.44394    1.7318
  1.78657   1.83634
 0.226271   2.87986
 0.608815   2.20233
  2.16773  0.495213
 0.464796   1.52089
  2.51914   1.33408
  1.68526  0.716469
   1.2541    2.6126
 0.855707   1.64636
 0.224239   1.79161
0.000855452   1.83826
 0.431826   1.70399
 0.174513   2.73334
   1.1022   2.84916
  2.42123   2.91665
   2.0139   1.71599
  2.97819  0.951583
  1.88857 0.0354774
  2.73714   1.05801
   1.2072   1.06558
 0.986888   2.07537
  2.86633  0.876543
  2.49017   1.96288
  1.32244   1.37367
  1.04123  0.503051
0.0684511  0.819234
  1.41226  0.974549
  2.63925   2.00118
 0.839054  0.715229
 0.001087  0.992944
 0.384966   1.99532
 0.634703 0.00803532
  1.69425   2.60574
0.0496155   2.56829
 0.302218   2.08135
  2.58297   1.56761
  1.15908  0.127409
 0.874613   1.65142
0.0761797  0.966987
  2.01574  0.386816
  2.48611  0.472685
  2.41753  0.997603
 0.583806   1.66121
  1.16148    1.5888
  1.51167   2.48073
  1.83656   2.64586
   0.7789  0.623622
  2.58787   2.50463
  1.00299    2.6097
  2.01828   2.14026
  1.68625   1.76886
0.0303033   2.16829
 0.073868  0.928251
 0.781177  0.823167
  1.18696   2.35472
  2.45723    2.8488
  2.83665   1.88074
0.0658109   2.45702
  2.82247    1.5998
  0.58355   1.39475
  1.41711  0.567845
 0.897112   2.75837
 0.837801   2.85889
  1.97242   2.75525
 0.166203   2.66401
 0.656983   2.98408
  1.34692   1.33224
 0.351966  0.587892
0.0499859   1.96737
  2.54675   2.03117
 0.838816   2.67958
 0.597758   1.62032
  2.07081   2.99597
 0.405364   2.20725
  1.56393   2.68276
 0.266471   2.68498
  2.42639   1.26355
 0.378077   2.35769
  1.18478 0.0281321
   2.4721    1.5465
  1.93278  0.270702
  1.52253 0.0904286
  2.01744 0.00235441
0.0438472   2.60037
  1.33967   2.44338
 0.158643  0.934643
  1.83835   2.12596
  1.61122   1.85336
  2.21494  0.882139
  2.60201   2.82392
 0.745759  0.903363
 0.513606   2.25985
  2.36765   1.57103
  2.50431  0.869719
  2.46845   1.65311
 0.668144  0.623671
  2.63053   2.62054
 0.478377     2.852
  1.27074 0.0137426
  1.25909   1.63763
  2.97682   2.15304
  2.71433   1.82379
0.0184408   2.26245
  1.98336   1.56966
  2.39193  0.846439
  2.63467   1.09444
   2.4538   1.68977
  1.38178   2.33963
  1.53605  0.839724
  1.51543   1.43316
 0.140407   1.22046
  1.58173   1.73767
  1.98033   1.84397
  0.28254   0.52042
0.0465991   1.44923
  1.53758   0.78697
  2.28153   1.32401
  1.29021   1.33083
  1.45278  0.554384
  2.34141   2.00817
  1.87615  0.936745
  1.79056  0.895031
  1.66735   1.26553
 0.133116   1.27856
  2.67919   1.21161
  1.35974   1.40001
  2.09373   1.84703
 0.246444   1.75689
  1.70734   1.28129
   2.1508   1.33506
  2.52058   1.02308
 0.653085 0.0683426
   1.9042   2.30168
  2.82239   2.07646
 0.656084   1.35127
  2.77868  0.025126
  1.80179   0.98393
  1.48274   0.77074
  1.91957   1.65702
  2.09545   1.90493
  1.00531  0.263591
   1.9083  0.743835
 0.263529   2.46691
 0.203271   1.52824
  1.79846  0.957658
  2.83116   1.28452
  2.52222  0.323385
   2.6669   0.61732
  2.43493   1.49991
  2.22096  0.907616
  2.33886    2.5267
 0.866568   1.54719
  2.56712  0.946223
 0.233251   1.14901
 0.172278   2.37313
 0.700713   1.51138
  2.87136   2.47887
  2.25504   1.57681
  0.76102   1.13603
  1.15845  0.292613
 0.188076   2.12385
 0.469577   1.17679
  1.74525   1.48103
  2.54038  0.581611
   2.0037   2.50407
 0.446977  0.852647
  2.18438   1.83559
 0.671899 0.0684108
 0.367034    1.2813
  2.46512   2.47847
0.00802411   1.65635
 0.951905   0.96015
  2.29844   1.21436
  2.54509   2.95342
  1.05568 0.0723122
   1.9172  0.587553
  2.33299  0.120846
 0.326952   1.00849
  1.55881  0.883381
  1.90279   2.46632
  2.30775  0.946659
  1.74768  0.582314
 0.689081  0.530938
  1.79535   1.89052
 0.987347   1.92644
  2.61068  0.649275
  2.59977  0.680194
 0.376187  0.703799
  2.82719   1.53677
  1.55053   2.37823
 0.773714  0.845898
0.0276633    2.6974
  1.74778  0.329309
 0.558777  0.527938
  2.51124   2.66111
  2.35465   2.57136
  1.01536  0.756714
 0.227224   1.80551
0.0441195      1.57
  1.38783 0.0867928
  1.89124   2.49406
  2.39468   2.60857
  2.23013  0.793351
  2.63458  0.766621
 0.472849   2.21584
  1.65828   1.70101
  2.67276   1.77418
 0.538414    2.1962
  2.27708   1.87968
  2.71226   2.57769
 0.757918  0.527179
 0.735752  0.042437
  2.81714   1.90867
 0.279628   2.17782
 0.880699   1.01298
 0.812983   2.84877
 0.899443   1.76183
   1.2167    2.5541
  2.71055   1.36711
  2.37508  0.654906
  1.66782   2.66764
  1.17327   2.89984
  1.79746  0.473077
  2.12201   2.70051
   1.0503   1.63316
  2.80185   1.24161
  1.26855  0.958707
  1.01826   0.83585
  2.17719   2.63353
  1.34895  0.404423
 0.446201  0.756855
 0.199349   1.58966
   1.9197   2.51664
 0.410076   2.23394
  2.36697   1.32225
  2.80627   1.07131
  2.66159   2.33392
  1.23822  0.156943
  2.61584   2.25263
  1.37116 0.0648385
 0.065104    2.0124
 0.339731    1.1538
 0.438996   1.09193
  2.63415   0.22872
 0.868087   1.30627
  1.30098   1.79074
  1.37701   1.73201
 0.885658 0.0390294
  1.37833  0.425942
 0.297774  0.424758
  2.05579   1.98203
  1.67992  0.985684
  1.77339   1.65432
  1.75517   1.99119
  1.48843  0.880359
 0.520042   1.32485
  2.97082  0.616431
  2.33053   1.00536
 0.557873 0.0762711
 0.198144  0.785808
 0.353912    2.0459
  2.88519   2.24127
  2.76028    1.7477
  2.04102   2.17869
  2.82334   2.28042
 0.836312  0.540199
  1.27318   1.63198
  2.67843   2.44285
  2.85792   2.14142
  2.52584   1.11673
  2.50432   1.56643
  0.93698  0.557167
  2.54025  0.914194
  1.12338  0.770747
  2.07086   2.86787
  2.82052   1.78163
 0.799479   2.42155
  2.30574   2.61143
 0.402707   2.35539
  2.92299   2.10001
  1.75015  0.839801
 0.468596   2.27008
  1.01328   1.28875
  2.44868  0.512235
 0.993424   1.57347
 0.472062   2.10922
  2.36276   2.21446
 0.377165  0.748991
  1.32867 0.000836792
  0.19934  0.336722
 0.408865   1.04641
  1.69585  0.105703
  2.49243   2.98844
 0.864076   2.83926
 0.562262   2.51259
  1.36818   1.06674
  2.85038  0.494113
  2.33849  0.262331
  1.45631    2.6049
  2.86739   2.84143
  2.38978   1.32431
  2.92752  0.480694
   1.2173   2.42921
  1.25487   1.28233
 0.563525   2.15496
  2.60728  0.649373
  1.72604  0.215741
  2.96488   1.95325
  2.88703   2.60851
 0.441138   1.30433
  1.08249  0.243916
 0.229488   1.44261
 0.302689  0.695029
0.0148617   1.97355
 0.598676  0.334321
 0.246465   2.91821
  2.56513   2.94805
  2.61593    2.6647
 0.985923 0.0357788
  2.43486 0.0084241
  1.07596   1.64752
  2.04786   1.83171
  2.81037  0.210085
   2.4536   0.19033
  1.65502     1.025
 0.390764   2.96936
 0.598312    1.5921
  2.48352  0.770725
  1.30398    1.6503
  1.03932   1.99836
 0.648046   1.90651
  1.33674  0.120379
 0.235226    2.2627
  2.83507 0.00267833
  2.23719   1.46656
   1.1953   1.28019
 0.655527  0.851108
   0.4125   1.54453
  1.05792    1.1622
 0.547887   1.38642
 0.427949    2.4091
  2.88118    2.6964
  2.00656   2.83908
  1.40024  0.701135
0.0497638   2.75061
  1.40171   1.52281
  2.74618  0.854295
 0.967579 0.0771788
  2.88984  0.658547
  1.89806  0.889377
  1.51791   1.10648
 0.847734   1.97392
  0.35986   1.35976
  1.01966  0.221207
 0.567574   1.05991
  1.31622   2.93068
  0.62337   2.97706
 0.944178   2.42606
   1.5949   2.38023
  1.34016   2.34013
0.0786778   2.46159
  1.58246   2.86418
   1.7583   0.68519
  1.06118   1.28057
   1.2051   1.20598
  2.12408   2.61136
  2.16459   2.16161
  1.34575  0.204766
 0.201639  0.522768
 0.349161   1.93414
  1.31105  0.181986
   2.2352   2.05678
   0.7202   2.58957
   2.8948  0.563261
  2.19253  0.564136
  1.22662   1.96271
  1.43526   1.21236
 0.872427   2.89189
  2.76583  0.555698
  1.53643   2.44132
  1.87523  0.100915
  2.23183   2.82943
 0.389053   1.96264
 0.162466   1.04394
 0.410825  0.382153
 0.402798   2.46672
 0.347915   1.16965
  2.63489   1.14099
  2.64186  0.280166
 0.906077   2.29806
 0.503158    2.9108
 0.186051   1.26335
  1.21104   1.88013
  2.91955  0.782462
 0.369275   1.15181
  1.56308    1.5143
   2.5347 0.0786393
  2.90406    1.7359
 0.637397   1.07284
  0.60145  0.420324
 0.981701   2.42633
  1.64731   2.16871
   2.1609 0.0207515
 0.613323   2.92893
  2.32951    2.5888
  2.38426   2.64079
  2.97141   2.84511
  2.04983   1.38535
  2.56588   2.93278
  1.02047   2.22977
  1.42201   2.90535
  2.78557   1.18336
  1.84184   2.34866
 0.096855   2.24776
 0.703085   2.64113
  2.35829   1.78444
  1.83816   1.13737
  2.81871 0.0399941
 0.617657  0.276053
  2.77962   1.51831
  1.23156  0.847557
  2.85643   2.39668
  2.18818   1.31242
0.0642918   1.47065
  1.81408   1.76108
  1.97515   2.87351
  2.74641   1.99603
  2.60897  0.147487
 0.381325   2.16895
  1.09036  0.797263
  1.60345  0.825012
 0.206553   0.57019
 0.903677  0.653427
  1.13234   1.47163
   1.6765  0.404781
  1.98202     2.126
  2.54731   1.60109
  1.86059  0.916209
  1.50805   1.13178
0.0368839   2.73524
  1.03324  0.819388
   2.9156   1.04432
  0.75869   1.87757
0.00137016  0.104051
 0.298525   1.18635
   1.1035  0.623156
  2.84378  0.326147
   2.4569   1.82123
  1.45004   1.65571
  1.93164   1.95774
  1.14914   2.43104
  2.83887   2.69919
  1.24023  0.296515
   2.9881   1.95528
   1.6746   1.71254
 0.342812   1.62165
  2.17439    1.1585
  1.97739  0.796349
  1.95154   2.27703
  2.76247   1.92781
 0.861754  0.346438
 0.143996   2.68173
  2.58315   2.95011
  1.92805   2.71882
  2.84911   1.20846
  1.99355   2.95302
  2.23219    2.7355
  2.20627  0.997364
  0.88764  0.917872
 0.645522  0.850238
  1.99388   2.15463
   2.3721   1.02436
 0.750767   1.04771
  2.23762  0.689408
  2.23078   2.46447
  1.08823   1.50507
 0.805634    1.0075
  1.02254   1.67983
  2.65809   1.93835
  2.70792    2.2514
  2.19552     1.203
 0.299831   1.90294
  2.31732   2.96766
 0.829247   1.38141
 0.895661   1.08604
  1.24666  0.934623
 0.600329   1.93493
  2.83567   2.76693
 0.485429   1.46433
 0.862337  0.315871
  1.73468    1.5852
  1.75625   2.19881
 0.355534   2.57011
  1.05072   1.50693
   1.3777   0.95929
  2.62819  0.244566
 0.696145   2.89888
  2.07616  0.738139
 0.498277   2.37478
  0.28996   1.90644
  0.85844   1.24768
 0.981289    1.5602
  1.19648   2.57237
  1.24571   1.93829
  2.52583  0.500334
  2.05192  0.412836
  2.56182   1.80472
   2.3612   2.49727
 0.187713    0.1288
  2.49957  0.527995
  2.20849  0.520723
   1.9173   1.39605
  1.29618   2.04512
  1.13486    1.8983
 0.245566   2.54845
 0.414179   2.82641
 0.790677   2.77089
  2.64422    1.9863
 0.399254   0.30691
  2.96604   2.75968
 0.599354  0.610318
  1.26275   1.43089
  1.21163   1.11508
LINKS_SOURCE_DESTINATION_DISTANCE 1198
     0      1      1
     0      6      1
     0     41      1
     0     51      1
     0    357      1
     1      0      1
     1      2      1
     1      3      1
     1      7      1
     1      9      1
     1     49      1
     1    126      1
     1    210      1
     2      1      1
     2      4      1
     2     11      1
     2     17      1
     2     20      1
     2     52      1
     2    151      1
     2    235      1
     3      1      1
     3     14      1
     3     47      1
     3     56      1
     3     87      1
     3     96      1
     3    100      1
     4      2      1
     4      5      1
     4     30      1
     4     36      1
     4    103      1
     5      4      1
     5     10      1
     5     27      1
     5     32      1
     5     83      1
     5    118      1
     5    191      1
     5    486      1
     6      0      1
     6      8      1
     6     16      1
     6     26      1
     6     73      1
     6    132      1
     6    267      1
     6    301      1
     6    517      1
     7      1      1
     7     13      1
     7     37      1
     7    173      1
     8      6      1
     8     12      1
     8    252      1
     9      1      1
     9     31      1
    10      5      1
    10     18      1
    10     84      1
    10    368      1
    10    417      1
    10    439      1
    11      2      1
    11     19      1
    11     42      1
    11    135      1
    11    333      1
    12      8      1
    12     15      1
    12    104      1
    12    372      1
    13      7      1
    13     62      1
    14      3      1
    14     40      1
    14     48      1
    14     80      1
    14     90      1
    14    106      1
    14    216      1
    14    426      1
    15     12      1
    15    594      1
    16      6      1
    16    213      1
    16    347      1
    17      2      1
    17     54      1
    17     74      1
    17    247      1
    18     10      1
    18     21      1
    18     22      1
    18     23      1
    18     39      1
    19     11      1
    19    224      1
    19    387      1
    19    460      1
    20      2      1
    20     28      1
    20     60      1
    20    184      1
    20    205      1
    21     18      1
    21     24      1
    21     29      1
    21     34      1
    21     75      1
    21    113      1
    22     18      1
    22     78      1
    23     18      1
    23     25      1
    23     44      1
    23    359      1
    24     21      1
    24    111      1
    25     23      1
    25     99      1
    25    340      1
    26      6      1
    26     43      1
    26    128      1
    27      5      1
    27    130      1
    27    303      1
    27    324      1
    27    343      1
    28     20      1
    28     70      1
    29     21      1
    29     46      1
    30      4      1
    30     38      1
    30     45      1
    31      9      1
    31     35      1
    31     57      1
    31     68      1
    32      5      1
    32     33      1
    32     50      1
    32     59      1
    33     32      1
    34     21      1
    34    249      1
    34    282      1
    35     31      1
    35     58      1
    35     63      1
    35     71      1
    35     72      1
    35     94      1
    35    385      1
    36      4      1
    37      7      1
    38     30      1
    38     66      1
    39     18      1
    39    110      1
    39    162      1
    39    221      1
    39    526      1
    40     14      1
    40    552      1
    41      0      1
    41    166      1
    42     11      1
    43     26      1
    43     85      1
    43    119      1
    43    228      1
    44     23      1
    44     79      1
    44    116      1
    44    157      1
    44    179      1
    44    254      1
    44    275      1
    44    558      1
    45     30      1
    45    115      1
    45    353      1
    45    393      1
    45    499      1
    46     29      1
    46    125      1
    47      3      1
    47     65      1
    47    416      1
    48     14      1
    48     53      1
    48     55      1
    48     61      1
    48     81      1
    49      1      1
    49    273      1
    50     32      1
    50     77      1
    50    306      1
    50    358      1
    51      0      1
    51    187      1
    51    272      1
    52      2      1
    52    535      1
    53     48      1
    53     93      1
    53     95      1
    53    156      1
    54     17      1
    54     67      1
    54     82      1
    54    421      1
    55     48      1
    55     69      1
    55    127      1
    56      3      1
    56     92      1
    56    109      1
    56    124      1
    56    203      1
    56    285      1
    56    409      1
    56    425      1
    57     31      1
    57     97      1
    57    114      1
    57    133      1
    58     35      1
    58    174      1
    58    194      1
    58    314      1
    59     32      1
    59    101      1
    59    131      1
    59    218      1
    59    546      1
    60     20      1
    60     64      1
    60    189      1
    60    510      1
    61     48      1
    61    107      1
    61    138      1
    62     13      1
    62    458      1
    62    540      1
    63     35      1
    63    178      1
    63    195      1
    64     60      1
    64    117      1
    64    211      1
    64    556      1
    65     47      1
    66     38      1
    66    183      1
    66    232      1
    66    255      1
    66    505      1
    66    569      1
    66    576      1
    67     54      1
    67    400      1
    68     31      1
    68     76      1
    68    308      1
    69     55      1
    69    217      1
    69    473      1
    70     28      1
    70    585      1
    71     35      1
    71    155      1
    72     35      1
    73      6      1
    74     17      1
    75     21      1
    75    167      1
    75    197      1
    75    545      1
    76     68      1
    76    440      1
    77     50      1
    77     86      1
    77    491      1
    78     22      1
    78     89      1
    78     91      1
    78    121      1
    79     44      1
    79    227      1
    79    234      1
    80     14      1
    80    112      1
    80    283      1
    80    362      1
    80    404      1
    80    542      1
    81     48      1
    81    256      1
    82     54      1
    82    215      1
    82    236      1
    83      5      1
    83    171      1
    83    346      1
    84     10      1
    85     43      1
    85    175      1
    85    296      1
    86     77      1
    86     88      1
    86    555      1
    87      3      1
    87     98      1
    87    219      1
    87    452      1
    88     86      1
    88    231      1
    88    322      1
    88    518      1
    89     78      1
    89    575      1
    90     14      1
    90    102      1
    90    196      1
    90    206      1
    90    571      1
    91     78      1
    91    123      1
    92     56      1
    92    158      1
    92    422      1
    92    591      1
    93     53      1
    93    152      1
    93    243      1
    94     35      1
    94    142      1
    94    185      1
    95     53      1
    95    223      1
    96      3      1
    96    204      1
    96    412      1
    97     57      1
    97    141      1
    97    146      1
    98     87      1
    98    450      1
    99     25      1
    99    148      1
    99    198      1
   100      3      1
   100    129      1
   100    143      1
   100    208      1
   100    222      1
   101     59      1
   101    266      1
   102     90      1
   102    244      1
   102    446      1
   103      4      1
   103    472      1
   104     12      1
   104    105      1
   104    108      1
   104    278      1
   105    104      1
   106     14      1
   106    298      1
   107     61      1
   107    136      1
   107    150      1
   107    153      1
   107    188      1
   107    290      1
   108    104      1
   109     56      1
   109    428      1
   109    557      1
   110     39      1
   110    170      1
   110    299      1
   110    331      1
   110    573      1
   111     24      1
   111    286      1
   111    541      1
   112     80      1
   112    369      1
   112    374      1
   113     21      1
   114     57      1
   114    122      1
   114    139      1
   114    160      1
   114    169      1
   115     45      1
   115    164      1
   115    240      1
   116     44      1
   116    145      1
   116    280      1
   116    415      1
   117     64      1
   117    165      1
   117    177      1
   117    239      1
   118      5      1
   118    317      1
   118    570      1
   119     43      1
   119    120      1
   120    119      1
   120    212      1
   120    364      1
   121     78      1
   121    154      1
   121    163      1
   122    114      1
   123     91      1
   123    180      1
   123    373      1
   123    554      1
   124     56      1
   124    137      1
   124    242      1
   124    271      1
   124    284      1
   124    383      1
   124    462      1
   125     46      1
   125    262      1
   126      1      1
   126    147      1
   126    270      1
   126    338      1
   126    525      1
   127     55      1
   127    279      1
   128     26      1
   128    149      1
   128    200      1
   128    225      1
   129    100      1
   129    140      1
   130     27      1
   130    326      1
   130    465      1
   131     59      1
   131    261      1
   131    277      1
   132      6      1
   132    229      1
   133     57      1
   133    134      1
   133    193      1
   133    281      1
   133    547      1
   134    133      1
   134    144      1
   134    159      1
   134    190      1
   134    431      1
   135     11      1
   135    269      1
   136    107      1
   136    168      1
   136    253      1
   136    291      1
   136    398      1
   137    124      1
   138     61      1
   139    114      1
   139    248      1
   139    380      1
   140    129      1
   140    161      1
   141     97      1
   141    388      1
   142     94      1
   142    182      1
   142    323      1
   143    100      1
   143    379      1
   144    134      1
   144    259      1
   145    116      1
   145    172      1
   145    442      1
   145    464      1
   146     97      1
   146    448      1
   147    126      1
   148     99      1
   149    128      1
   150    107      1
   151      2      1
   151    245      1
   151    294      1
   151    551      1
   152     93      1
   152    202      1
   153    107      1
   153    250      1
   153    449      1
   154    121      1
   154    395      1
   154    407      1
   154    438      1
   155     71      1
   155    199      1
   156     53      1
   156    295      1
   157     44      1
   157    176      1
   157    459      1
   158     92      1
   158    305      1
   159    134      1
   159    192      1
   160    114      1
   160    265      1
   160    293      1
   161    140      1
   162     39      1
   162    251      1
   163    121      1
   164    115      1
   164    539      1
   165    117      1
   165    445      1
   166     41      1
   166    226      1
   166    237      1
   166    467      1
   166    566      1
   167     75      1
   168    136      1
   168    207      1
   168    313      1
   168    503      1
   169    114      1
   170    110      1
   170    181      1
   170    309      1
   171     83      1
   172    145      1
   173      7      1
   174     58      1
   174    311      1
   174    349      1
   175     85      1
   175    233      1
   175    355      1
   176    157      1
   177    117      1
   177    466      1
   178     63      1
   178    230      1
   178    297      1
   179     44      1
   179    354      1
   179    366      1
   179    451      1
   179    497      1
   180    123      1
   181    170      1
   181    186      1
   181    345      1
   182    142      1
   182    401      1
   183     66      1
   183    382      1
   184     20      1
   185     94      1
   186    181      1
   186    389      1
   186    581      1
   187     51      1
   188    107      1
   188    201      1
   188    482      1
   188    508      1
   189     60      1
   189    264      1
   189    300      1
   190    134      1
   191      5      1
   191    287      1
   192    159      1
   192    325      1
   192    578      1
   193    133      1
   194     58      1
   194    214      1
   195     63      1
   196     90      1
   197     75      1
   197    319      1
   197    463      1
   197    593      1
   198     99      1
   198    263      1
   198    563      1
   199    155      1
   200    128      1
   200    377      1
   200    534      1
   201    188      1
   201    360      1
   201    456      1
   202    152      1
   202    289      1
   203     56      1
   203    209      1
   203    220      1
   204     96      1
   204    567      1
   205     20      1
   205    361      1
   206     90      1
   206    562      1
   207    168      1
   207    257      1
   207    487      1
   208    100      1
   208    350      1
   209    203      1
   210      1      1
   210    268      1
   210    337      1
   211     64      1
   211    344      1
   211    365      1
   211    479      1
   212    120      1
   212    304      1
   212    390      1
   212    531      1
   213     16      1
   214    194      1
   214    276      1
   214    329      1
   215     82      1
   216     14      1
   217     69      1
   218     59      1
   219     87      1
   220    203      1
   220    320      1
   221     39      1
   222    100      1
   223     95      1
   223    260      1
   224     19      1
   224    363      1
   224    512      1
   225    128      1
   225    288      1
   226    166      1
   226    342      1
   227     79      1
   228     43      1
   229    132      1
   230    178      1
   230    238      1
   230    356      1
   230    483      1
   231     88      1
   231    241      1
   232     66      1
   232    246      1
   233    175      1
   234     79      1
   235      2      1
   235    488      1
   236     82      1
   237    166      1
   237    258      1
   238    230      1
   239    117      1
   240    115      1
   241    231      1
   241    574      1
   242    124      1
   242    370      1
   242    402      1
   243     93      1
   243    520      1
   244    102      1
   245    151      1
   245    312      1
   245    371      1
   245    493      1
   246    232      1
   246    321      1
   246    367      1
   247     17      1
   248    139      1
   249     34      1
   250    153      1
   250    335      1
   250    391      1
   251    162      1
   252      8      1
   252    302      1
   252    392      1
   253    136      1
   253    274      1
   253    424      1
   254     44      1
   255     66      1
   255    427      1
   256     81      1
   256    471      1
   257    207      1
   258    237      1
   258    334      1
   259    144      1
   259    565      1
   260    223      1
   260    430      1
   261    131      1
   261    441      1
   261    504      1
   262    125      1
   263    198      1
   263    475      1
   264    189      1
   264    376      1
   264    447      1
   265    160      1
   266    101      1
   267      6      1
   268    210      1
   268    396      1
   268    515      1
   269    135      1
   270    126      1
   271    124      1
   271    310      1
   271    537      1
   272     51      1
   272    527      1
   273     49      1
   274    253      1
   274    507      1
   275     44      1
   275    455      1
   276    214      1
   276    328      1
   276    352      1
   276    413      1
   276    549      1
   277    131      1
   277    292      1
   278    104      1
   279    127      1
   280    116      1
   281    133      1
   282     34      1
   283     80      1
   284    124      1
   284    318      1
   284    536      1
   284    599      1
   285     56      1
   285    589      1
   286    111      1
   287    191      1
   288    225      1
   289    202      1
   290    107      1
   290    378      1
   291    136      1
   291    436      1
   292    277      1
   292    315      1
   293    160      1
   294    151      1
   294    332      1
   295    156      1
   295    480      1
   295    524      1
   295    592      1
   296     85      1
   296    572      1
   297    178      1
   298    106      1
   299    110      1
   299    307      1
   300    189      1
   300    489      1
   301      6      1
   302    252      1
   302    336      1
   303     27      1
   304    212      1
   304    327      1
   304    560      1
   305    158      1
   305    418      1
   306     50      1
   307    299      1
   307    339      1
   308     68      1
   309    170      1
   310    271      1
   310    414      1
   311    174      1
   312    245      1
   312    316      1
   312    494      1
   313    168      1
   313    375      1
   313    384      1
   313    502      1
   313    590      1
   314     58      1
   314    484      1
   315    292      1
   315    420      1
   316    312      1
   316    568      1
   317    118      1
   317    330      1
   318    284      1
   318    580      1
   319    197      1
   320    220      1
   321    246      1
   321    341      1
   322     88      1
   323    142      1
   323    516      1
   324     27      1
   325    192      1
   325    348      1
   326    130      1
   326    381      1
   326    397      1
   327    304      1
   328    276      1
   329    214      1
   329    461      1
   330    317      1
   331    110      1
   331    495      1
   331    523      1
   332    294      1
   333     11      1
   334    258      1
   334    351      1
   334    419      1
   334    595      1
   335    250      1
   336    302      1
   336    509      1
   336    532      1
   337    210      1
   338    126      1
   338    586      1
   339    307      1
   339    403      1
   339    423      1
   340     25      1
   340    538      1
   341    321      1
   341    444      1
   342    226      1
   342    399      1
   343     27      1
   344    211      1
   344    411      1
   344    429      1
   344    498      1
   345    181      1
   346     83      1
   347     16      1
   348    325      1
   349    174      1
   350    208      1
   351    334      1
   352    276      1
   353     45      1
   354    179      1
   355    175      1
   355    477      1
   356    230      1
   357      0      1
   358     50      1
   359     23      1
   359    559      1
   360    201      1
   361    205      1
   362     80      1
   363    224      1
   364    120      1
   365    211      1
   366    179      1
   367    246      1
   368     10      1
   369    112      1
   369    394      1
   369    405      1
   369    533      1
   370    242      1
   371    245      1
   372     12      1
   372    579      1
   373    123      1
   374    112      1
   375    313      1
   375    476      1
   376    264      1
   377    200      1
   378    290      1
   379    143      1
   379    435      1
   380    139      1
   380    478      1
   381    326      1
   381    529      1
   382    183      1
   382    410      1
   383    124      1
   383    406      1
   383    434      1
   384    313      1
   384    386      1
   384    492      1
   385     35      1
   386    384      1
   387     19      1
   387    408      1
   388    141      1
   389    186      1
   390    212      1
   390    453      1
   391    250      1
   391    511      1
   392    252      1
   392    587      1
   393     45      1
   393    432      1
   394    369      1
   395    154      1
   396    268      1
   397    326      1
   398    136      1
   399    342      1
   400     67      1
   401    182      1
   402    242      1
   402    519      1
   403    339      1
   403    443      1
   404     80      1
   405    369      1
   406    383      1
   407    154      1
   408    387      1
   408    454      1
   409     56      1
   410    382      1
   411    344      1
   411    437      1
   411    500      1
   411    598      1
   412     96      1
   412    474      1
   412    501      1
   413    276      1
   414    310      1
   414    433      1
   415    116      1
   416     47      1
   417     10      1
   418    305      1
   418    543      1
   419    334      1
   420    315      1
   421     54      1
   421    470      1
   422     92      1
   422    514      1
   423    339      1
   424    253      1
   425     56      1
   426     14      1
   427    255      1
   428    109      1
   428    457      1
   429    344      1
   430    260      1
   431    134      1
   432    393      1
   433    414      1
   434    383      1
   435    379      1
   436    291      1
   437    411      1
   438    154      1
   439     10      1
   440     76      1
   440    528      1
   441    261      1
   441    506      1
   442    145      1
   443    403      1
   444    341      1
   444    544      1
   445    165      1
   446    102      1
   447    264      1
   447    548      1
   448    146      1
   448    468      1
   449    153      1
   450     98      1
   451    179      1
   452     87      1
   453    390      1
   453    522      1
   454    408      1
   455    275      1
   456    201      1
   456    469      1
   457    428      1
   458     62      1
   459    157      1
   460     19      1
   461    329      1
   461    583      1
   462    124      1
   463    197      1
   464    145      1
   465    130      1
   465    490      1
   466    177      1
   467    166      1
   468    448      1
   469    456      1
   470    421      1
   471    256      1
   472    103      1
   472    564      1
   473     69      1
   474    412      1
   474    481      1
   475    263      1
   476    375      1
   477    355      1
   478    380      1
   479    211      1
   480    295      1
   480    485      1
   481    474      1
   481    582      1
   482    188      1
   483    230      1
   484    314      1
   485    480      1
   485    496      1
   486      5      1
   487    207      1
   487    530      1
   488    235      1
   489    300      1
   490    465      1
   491     77      1
   491    597      1
   492    384      1
   493    245      1
   494    312      1
   495    331      1
   496    485      1
   497    179      1
   498    344      1
   499     45      1
   500    411      1
   501    412      1
   502    313      1
   503    168      1
   504    261      1
   505     66      1
   506    441      1
   507    274      1
   508    188      1
   509    336      1
   510     60      1
   511    391      1
   512    224      1
   512    513      1
   513    512      1
   514    422      1
   514    521      1
   515    268      1
   516    323      1
   517      6      1
   518     88      1
   519    402      1
   520    243      1
   521    514      1
   522    453      1
   523    331      1
   524    295      1
   524    584      1
   525    126      1
   526     39      1
   527    272      1
   528    440      1
   529    381      1
   530    487      1
   531    212      1
   532    336      1
   533    369      1
   534    200      1
   535     52      1
   536    284      1
   537    271      1
   538    340      1
   539    164      1
   540     62      1
   541    111      1
   542     80      1
   543    418      1
   543    553      1
   544    444      1
   545     75      1
   546     59      1
   547    133      1
   548    447      1
   549    276      1
   549    550      1
   550    549      1
   551    151      1
   552     40      1
   553    543      1
   554    123      1
   555     86      1
   556     64      1
   557    109      1
   558     44      1
   559    359      1
   560    304      1
   560    561      1
   561    560      1
   562    206      1
   563    198      1
   564    472      1
   565    259      1
   566    166      1
   567    204      1
   568    316      1
   569     66      1
   570    118      1
   571     90      1
   571    577      1
   572    296      1
   572    588      1
   573    110      1
   574    241      1
   575     89      1
   576     66      1
   577    571      1
   578    192      1
   579    372      1
   580    318      1
   581    186      1
   582    481      1
   583    461      1
   584    524      1
   585     70      1
   586    338      1
   587    392      1
   587    596      1
   588    572      1
   589    285      1
   590    313      1
   591     92      1
   592    295      1
   593    197      1
   594     15      1
   595    334      1
   596    587      1
   597    491      1
   598    411      1
   599    284      1
