COORD_X_Y 15
  2.79111   2.31962
  1.00861  0.370426
  1.37163   2.77742
 0.431339   1.64133
  1.63323   0.88304
  2.83134   1.34413
 0.999197    2.6286
 0.228276  0.209069
0.0418558  0.770363
  1.61638  0.205193
  2.83716  0.432598
  1.89705   1.27769
 0.972149   2.80673
  1.73953   2.69278
  1.41621  0.501641
LINKS_SOURCE_DESTINATION_DISTANCE 28
     0      1      1
     0      2      1
     0      3      1
     0      5      1
     0      6      1
     1      0      1
     1      9      1
     1     12      1
     1     14      1
     2      0      1
     2      4      1
     2      7      1
     2      8      1
     3      0      1
     4      2      1
     5      0      1
     6      0      1
     7      2      1
     7     13      1
     8      2      1
     9      1      1
     9     10      1
    10      9      1
    10     11      1
    11     10      1
    12      1      1
    13      7      1
    14      1      1
