COORD_X_Y 700
0.0799679    2.7206
 0.575312  0.304209
  1.95736   1.23603
  1.68957   1.21261
  1.23286  0.739774
  2.69143   1.13984
  1.58295   2.66049
  2.52091  0.282029
  2.28184   1.55209
  2.53347   1.98797
  2.41752  0.561076
  1.07776  0.547686
  1.54502  0.638296
 0.499514  0.602571
0.0519618  0.329486
  1.04856   2.17374
 0.614143   2.18756
  1.58213   1.63845
  0.39953   2.10673
  1.97321  0.787899
  1.94188  0.754678
 0.204336   1.52386
  2.62031   1.82917
  2.46486   1.99928
 0.728744  0.226621
 0.362371   2.31052
  2.06459   1.23919
0.0716698   1.55603
 0.453281  0.454946
  1.66796   2.91392
  2.83216   1.95714
    2.746   1.37602
  2.14326   1.78561
  1.46771   2.26754
  2.51338   1.57011
 0.533807    1.5986
  1.43685   2.64471
  2.03235   2.39309
 0.301704   1.16152
  1.30665  0.522438
  1.14019   2.95555
  1.40418   0.14021
  2.72981    1.5026
 0.836464    2.2507
  2.15473   2.37813
 0.454027   2.05159
  1.12145   1.80343
  1.75066  0.878012
 0.633917   1.49875
  2.05665  0.955643
  2.34928   1.05006
  2.55943   2.45907
  1.19617  0.901246
  1.60842  0.405929
  2.16594   2.15796
  1.53523   2.80745
  2.86954   2.20724
  2.94516   2.71263
 0.621117  0.480194
0.0634645   0.89471
  1.77646  0.909834
  2.74879  0.114743
  1.52512  0.831337
  2.30868  0.229491
  2.94499  0.104399
 0.599605    2.1846
  1.57973   2.40127
  2.60406   1.90283
  1.09193   2.76539
 0.128428   2.75546
  2.15284  0.713896
  2.22558   1.63974
 0.380114   2.06073
 0.561168   1.20044
  1.91012  0.784096
 0.897687   1.89469
 0.499593  0.830343
 0.540221   2.28157
  1.17259   2.15458
 0.938852   2.56875
  2.53845  0.298684
   1.8748  0.240519
  2.10083  0.299101
 0.711542  0.988141
  2.85388  0.839156
 0.404284 0.0871625
  0.11619   1.97505
0.0360603   2.37401
 0.173272   2.67413
  1.17182  0.832993
  1.93927   2.27117
 0.325889   2.86194
   1.0778   1.57387
 0.821825 0.0589587
 0.902778   2.99306
  1.57781   1.51335
  1.03976   2.79915
 0.102135   2.48422
  2.76424  0.692209
  2.01471    0.2699
 0.255252   1.57458
  1.50481 0.0150917
  2.66755   2.34642
  1.37521  0.996451
  2.04726  0.626545
 0.427752  0.190794
  1.86617   2.28212
  1.43716  0.973376
   2.3958  0.769486
 0.181501   2.30819
 0.792726   1.09442
  2.51439   2.58291
  2.88648  0.711039
  2.32023  0.506221
  2.78484   1.06727
  1.34037  0.914402
   0.5886   2.63677
 0.468465  0.619156
 0.599568   1.42913
  1.80445    1.6756
   1.2215   2.00515
  1.28847   1.72812
  0.29972    2.2953
  2.83602   0.37625
  2.89359  0.194724
  1.95797   2.62325
  2.52746    2.6715
  2.06442 0.0228314
  1.73374  0.827641
 0.539362  0.095527
  1.35114   1.47917
 0.600537   2.61179
  2.86844   1.85619
 0.620391   1.38395
 0.531813  0.479753
  2.40254   1.88215
  1.53057    1.1585
 0.265549   1.90901
 0.644859  0.803851
   2.2436   2.73952
  2.22215   1.93844
0.0751463  0.990385
  1.37784  0.203192
  2.97272   1.91667
  1.79513   2.57323
   2.3292  0.677371
  1.87042   1.21945
  1.89686  0.226059
  2.55469   2.96154
   2.4869  0.236792
  1.42207   2.64511
  1.52533   2.89808
  1.63695   1.38114
 0.953546  0.940198
  2.53974   2.93799
 0.118623    2.5556
  2.32855   2.30314
  2.46907   0.68018
 0.979919   2.28593
  1.88707   2.82571
  1.65532  0.490165
  2.26537   2.43283
  1.59001    2.2417
  1.53487   1.38194
  2.31444  0.678867
 0.225018   1.67465
  1.68434  0.710183
 0.144592 0.0954363
  2.74274  0.408776
0.0159631   1.81321
  2.21243   1.31461
   2.8522  0.610718
 0.381631   2.95016
 0.648633   2.81159
  2.58539  0.904389
0.0576602    1.5299
  1.58543  0.808508
  1.78028   2.20736
  2.67662   2.74001
  2.21851   1.69547
  0.64031   2.20679
  1.27044   1.62192
  2.54015   1.58581
  2.52613   1.39821
0.0543794   1.71295
  2.82844  0.827367
 0.442276   1.03388
   2.9181  0.260935
  2.37498   2.84735
  2.48611   2.50125
  1.99557   2.62407
  1.20277   2.63326
 0.229003    1.0918
  2.26652    2.5625
  1.48654   1.36958
  2.32573   1.96305
  2.09825  0.346128
  2.27967   1.61062
 0.934431  0.796952
  1.25697  0.394343
  1.77643  0.543416
 0.405318   2.75174
   2.7023  0.296506
 0.751841   1.72874
  1.06996   2.43445
  2.92224   2.62488
  1.27975   0.99387
 0.852044 0.0227046
  2.87436  0.671414
  1.67204   1.17154
  1.54447  0.402359
   1.7276    2.1464
  1.20597   0.14719
 0.625914   2.98488
 0.193894    1.4424
  2.36696  0.674408
  2.03122     2.521
  1.76897  0.077589
 0.160587   0.60976
 0.611048   0.68575
 0.337012  0.945227
  2.60501    2.8686
  2.90886  0.844838
  2.77609   2.51715
  2.86507  0.510576
  1.73069   2.94749
  2.06811   1.77947
  1.31341   2.49618
  2.29816   2.61335
  2.37152  0.702066
 0.792934   1.55621
  2.06615   1.37635
  1.11151   2.56525
  1.47509  0.733487
0.0699861   1.22236
 0.978178 0.0338146
  2.15995    2.1795
   2.1291   1.81184
  1.42847  0.491066
   2.4414   1.42584
  2.75434   2.39512
  2.50383  0.772624
 0.641565  0.957213
  1.71353   1.89608
  1.63819   1.40494
  1.95716   1.68933
  1.58483  0.880251
  1.04781   2.57915
  1.29718   1.03156
 0.102874   1.37483
  2.79918  0.364182
 0.323074  0.386179
 0.335848   2.72855
0.00789653   2.67863
  2.59827  0.618954
  2.86497   1.44822
 0.172367  0.963167
  2.28397   0.01968
  2.67005  0.595852
  2.64413   1.95438
  1.77315  0.272977
  2.10082   1.37377
  2.51049   1.34517
  2.19082   1.53762
  2.27318   2.63843
  1.83878    2.6403
  1.04197  0.501949
 0.218184   2.66607
  1.13927   2.77238
  1.89066   1.93918
 0.138865   2.77661
0.0777488   1.69287
 0.815015  0.908082
  2.98941  0.162628
 0.784536  0.717475
  1.12091   1.99405
  1.32259   2.50026
  1.91257  0.614397
   1.7238   1.38112
 0.705242  0.152476
 0.405296   2.17406
  1.60894  0.426085
  1.00126    1.3962
   2.5271   2.38235
  2.15668   2.06294
  2.32206  0.120685
  1.06835    1.8474
   2.5758   2.29385
0.0604374    2.3758
  2.80459 0.0628555
  2.94545  0.928027
   1.8493  0.322249
  2.19299   2.07523
  2.06253    2.5609
  2.69772   1.90448
 0.408185  0.254621
  1.66624     2.138
  1.43231  0.276691
 0.659909   2.85032
  2.51509  0.515188
 0.557759   2.22313
 0.786327   1.75118
  2.19234   2.75757
  2.85399 0.0691439
  1.64261  0.991069
 0.408001   1.45269
 0.472479   2.57712
  1.47557   2.69566
 0.682722   2.65363
 0.702815    1.9531
  1.06047   2.49567
  2.72285   1.43469
 0.771962    1.4404
 0.693523   2.24787
   2.1961  0.153574
   2.9173  0.705003
  2.76801 0.0690722
  2.76343   0.36598
  2.73283   1.73836
  2.42647   1.82115
  2.59881    2.3784
  1.15464   1.45834
  1.45126  0.022409
 0.461143  0.968584
  2.08604  0.699985
  2.05982   1.67337
  1.92762   1.24834
  1.58478   1.55252
  1.33105   1.47593
  2.55718  0.836428
  2.54619  0.377005
  2.58625   1.23648
  2.38325  0.521762
  2.00243  0.235725
 0.606866   2.28414
  2.55356   2.37525
  1.76758    0.3703
  1.78545  0.333204
0.0655654   2.33897
   1.0558  0.324103
  1.51192  0.882114
    1.041   2.44441
  1.60191   1.83951
  2.56521 0.0400792
  2.06594   2.65755
 0.617108  0.183028
  1.70096  0.334487
  2.09745    2.1958
  2.50445   2.12372
  2.19576  0.193319
  1.29668   2.95313
 0.247592   2.19467
  1.40359   2.16492
 0.842972   2.70337
  1.86994   2.30069
  1.69645   2.57675
  2.57441   2.74636
   1.2686  0.567832
  2.97251   1.42716
  1.51417   1.53363
  1.47405  0.938458
   1.0465   1.86096
  1.67969  0.883827
  1.65815   2.57704
  1.16105   1.00273
  2.26307   1.99493
0.0915272  0.455673
0.0439283   2.52346
 0.687851   2.83501
 0.103746   1.65079
 0.857622  0.159565
  1.99519  0.748333
  1.05999    1.5859
  1.32163  0.558632
0.0029263   1.01886
0.00360721   1.56484
0.00423606   1.42581
0.0958174   1.89141
  0.61121   2.46921
  2.78758  0.762653
  2.96861   2.17063
  2.92939    2.7034
  1.74357  0.979169
  1.26457   1.43863
 0.943855   1.37679
  1.94104   1.99311
  2.31919   1.15865
  1.67987   2.95434
  2.26986   2.93872
  2.85423   1.13156
 0.364372  0.344973
  2.65474  0.897756
 0.648046   2.63827
  2.54276   2.14133
0.0936987   1.96871
  0.22128  0.422039
  1.04802   1.69039
  1.00287   2.50005
 0.932678  0.996188
 0.628627   1.18601
 0.168493   2.86575
  0.45565   1.57319
  1.30706   2.32291
  2.46495 0.0194747
  2.10571  0.415218
 0.531807  0.475819
  1.76029    2.0519
  2.36595  0.665585
  2.06218   2.24569
  2.53842   2.06718
  1.36079   2.37381
  2.13505   1.33871
 0.103147  0.349332
   1.6692   1.09944
  2.29716   2.81839
 0.389246  0.197554
0.0153182  0.969258
  1.26214  0.399214
 0.426533   1.44867
 0.166315  0.802333
  2.54131   2.90442
 0.976816   2.63999
  2.15519   1.93708
 0.942358  0.995864
  1.57789   1.51141
  1.00156  0.462946
  2.68366  0.989675
  2.69899   1.11943
  2.94367   2.45081
   1.0277   2.19446
  2.54917   1.72733
 0.266184   2.44921
 0.688319  0.684089
  2.87125  0.117976
0.0586501   1.40487
  2.89966   1.99795
 0.548154   1.76382
  1.53955  0.758751
  2.08983  0.580249
  2.20928   2.20008
 0.990076   1.58748
  1.03121  0.416228
  1.81311    2.8475
  1.34541  0.556097
   2.2942   1.46942
   1.2782   0.92247
  1.71425  0.724051
  1.53217   2.82113
  2.80831  0.383574
 0.114064   1.92938
 0.620905   1.63993
  1.62233   2.85988
 0.515951   2.75029
 0.557466   0.16219
 0.175475   1.19525
  1.81038  0.229899
  2.42499    2.4582
 0.413275   1.46622
  1.16446 0.000493279
  2.30219  0.703324
  2.18967  0.612297
 0.126366   1.01885
 0.660728   2.00949
  1.23049   2.08979
  2.85286   1.19453
  1.93557   1.30032
  2.76691   2.88682
 0.161181   1.88725
0.0437521   2.09798
 0.274031   0.47196
 0.330933   2.40586
  1.72084   2.21689
  2.04364   1.83984
  1.07218 0.0792396
 0.440973    0.9082
   0.5562     2.953
  1.29499   0.77007
  2.16781  0.503781
  1.72348   1.06016
 0.405295 0.0180257
  2.68848  0.428147
 0.998029   1.59975
  1.47344   1.04116
   1.3034    1.6296
0.0451357  0.167413
 0.641695  0.711684
 0.580838  0.809498
0.0488945  0.435068
  1.68539   1.49803
 0.370602   1.12242
 0.605734   1.87369
 0.157737   1.50753
  2.90295   1.41582
  2.34613  0.909823
 0.899342    1.9131
  1.54684   2.68561
  2.21139   2.91566
  2.28142   1.42604
  1.20166   2.79629
  2.80301  0.562269
  1.97875  0.250611
  1.10559   2.25186
  1.87975   1.95317
 0.513131   2.65883
  2.82241  0.306506
  1.61257   1.99099
 0.032268   2.17363
  2.09109   1.54124
 0.713982  0.394726
 0.952289    2.8245
 0.811543   1.25864
  2.41644   2.04919
 0.491967   2.34268
  1.08824  0.918767
 0.120937   1.95579
  1.82829   1.28187
 0.288887  0.361841
  2.32317 0.0732206
    1.964   2.45939
  2.24934   2.61928
  0.86428   2.84584
 0.295622   2.07303
    1.857  0.628584
  2.52585   2.22757
  2.58704   2.05591
 0.775746   2.04493
  2.46099   1.12018
0.0129083  0.451638
 0.701416  0.829707
  1.06209    1.4136
  2.93155   2.60439
  2.95263   1.27212
 0.421369   1.44989
  2.45716  0.936859
 0.999149  0.628488
  1.79649   2.88925
  1.37761  0.494946
  2.62169  0.358796
  2.95073   1.01062
  1.79515   2.44303
  2.61078  0.413633
  2.38774    2.9861
 0.407527   1.39895
 0.694714   1.70193
  2.00715   0.51202
 0.105418   2.18206
 0.834005  0.959502
  2.47543  0.845671
  1.29545   1.15416
   2.6098 0.0700858
  1.75485   2.22134
  2.75723   2.52188
  2.12015    2.3932
  2.90472   1.28171
  2.76795   1.36788
 0.643741  0.329605
 0.472854   2.62239
  2.62403 0.0999737
  1.16151  0.828435
  1.24459   1.68311
  2.38422    2.5903
  1.65158   2.02766
  1.11321  0.662923
  2.60909   1.69615
  2.47629   1.16459
  1.01101   1.47919
  2.58589   1.09125
 0.657945  0.195209
 0.850673   1.33111
 0.657513  0.921786
  2.75431   2.52768
  1.57724   1.44535
  1.54237  0.153849
 0.874511  0.725898
 0.940668   2.29087
  2.59151   1.64078
  1.27159   2.94444
  1.33065   2.69983
 0.450932   2.44837
  2.45135    1.0817
  2.50366    2.5471
  1.86859  0.838567
  2.09015   1.40787
 0.615518   1.12384
  2.02053   2.81621
   2.9345  0.436155
 0.743548    1.4136
  2.77824   2.18861
  0.73085   1.66007
   1.0087  0.408698
 0.628077   2.78051
  2.86522  0.130701
  2.97262  0.236943
  2.46294  0.292555
 0.557622   1.40139
 0.201457   1.61776
 0.325706   1.53175
 0.776476  0.433259
  1.75701   1.64815
  1.11811   1.50799
 0.725756   2.99786
 0.418028  0.395189
  2.99657   1.31151
  2.38657   1.13033
 0.207116   2.04669
  2.60252   2.38814
 0.693711   2.98177
 0.815141   1.90255
  2.23469   1.72959
  1.19082   1.62837
  1.92136   1.38541
  2.86916 0.0202061
  2.17782   2.05987
  0.54684  0.139874
 0.484305 0.0523731
   0.6114   2.84034
 0.855338    1.4988
  2.69472  0.233546
  1.06705   1.92401
   2.1347   1.01249
0.0111074   1.09285
  1.52037    2.7985
  1.35437  0.304122
   2.8058   0.81186
 0.714403    2.7073
 0.437837    2.0252
   1.5598  0.441104
 0.893425   1.00701
  1.52595   2.46248
  2.33259     2.051
  1.11185  0.652738
  1.49959   1.57879
 0.775263  0.623115
 0.226928  0.717991
  1.59753  0.481226
  1.61269  0.395487
 0.588105   2.18497
 0.118945   2.60767
 0.591093   1.14844
    2.725   2.30467
0.0133161   2.71337
  2.57611   2.02697
  2.59045   2.66459
 0.996436  0.341786
  1.91804   1.50524
  1.76272   2.26778
  1.37331    2.4445
  2.14346   1.59858
  1.67696  0.397021
   1.7433    1.4267
  0.93219    1.5369
 0.151369   1.51317
  1.40544    2.1064
 0.131315   2.52198
  1.79042   2.60294
 0.715646 0.0906559
  2.51347   2.64567
  1.91167   1.59053
  1.16366   1.77248
0.00611005   2.38444
  1.30406   2.57971
  1.86504  0.939999
0.0681679   2.58933
  2.74446   2.17642
  1.16767  0.514693
  2.89446    1.9232
  2.23264   0.37315
  1.98133    2.6503
  1.24844  0.720761
 0.331707  0.768935
   2.2037   1.18369
  1.03826   1.20608
   2.1822   1.28526
 0.825991  0.134774
  2.90414  0.297387
  2.26552  0.170855
  2.17771   1.62744
  2.55237   2.90929
  2.75464   1.70423
 0.453084   2.99883
  2.63108  0.711935
  0.49255  0.515706
 0.354632  0.282155
  2.76078   1.13411
  1.34463    2.4479
  2.15792   1.65307
  2.45017   0.70547
  1.26761   0.53853
  1.98839   2.35576
  1.09717   1.87763
  2.68456 0.0719555
 0.612795  0.383835
 0.967614   1.85442
  1.18893 0.0381041
  1.86479   1.54234
  2.44787   2.03109
  1.33134  0.917212
  2.25832  0.880317
 0.954628  0.388229
  1.15834   1.52484
LINKS_SOURCE_DESTINATION_DISTANCE 1398
     0      1      1
     0      6      1
     0     24      1
     0     55      1
     1      0      1
     1      2      1
     1      7      1
     1     21      1
     1     27      1
     1    113      1
     1    172      1
     1    292      1
     1    597      1
     2      1      1
     2      3      1
     2      4      1
     2     57      1
     2    154      1
     2    181      1
     2    237      1
     2    374      1
     3      2      1
     3     14      1
     3     26      1
     3     34      1
     3     44      1
     3    432      1
     3    534      1
     4      2      1
     4      5      1
     4     99      1
     4    118      1
     4    119      1
     4    232      1
     4    241      1
     4    696      1
     5      4      1
     5    173      1
     5    360      1
     6      0      1
     6      8      1
     6     31      1
     6    110      1
     7      1      1
     7     13      1
     7     16      1
     7     32      1
     7     35      1
     7     40      1
     7    370      1
     7    477      1
     7    681      1
     8      6      1
     8      9      1
     8     25      1
     8    482      1
     9      8      1
     9     10      1
     9     36      1
     9     83      1
     9    146      1
    10      9      1
    10     11      1
    10     68      1
    10    212      1
    11     10      1
    11     12      1
    11     19      1
    11     38      1
    11    106      1
    11    260      1
    11    404      1
    11    480      1
    11    506      1
    12     11      1
    12     23      1
    12     61      1
    12    300      1
    12    427      1
    12    662      1
    13      7      1
    13     17      1
    13     18      1
    13    139      1
    13    155      1
    13    161      1
    13    380      1
    14      3      1
    14     15      1
    14     22      1
    14     87      1
    14    169      1
    15     14      1
    15     20      1
    15     66      1
    15    187      1
    16      7      1
    16     60      1
    17     13      1
    17     28      1
    17    204      1
    17    214      1
    17    356      1
    17    643      1
    18     13      1
    18     45      1
    19     11      1
    19     29      1
    19    112      1
    19    385      1
    19    595      1
    19    610      1
    20     15      1
    20     46      1
    20    184      1
    21      1      1
    21     42      1
    22     14      1
    22     58      1
    23     12      1
    23     30      1
    23     79      1
    24      0      1
    24    100      1
    24    489      1
    24    507      1
    25      8      1
    25    162      1
    25    418      1
    26      3      1
    26    190      1
    26    223      1
    27      1      1
    27     88      1
    27     97      1
    27    548      1
    27    691      1
    28     17      1
    28     51      1
    28     67      1
    28     80      1
    28    344      1
    28    417      1
    28    441      1
    29     19      1
    29     47      1
    29     50      1
    29     64      1
    30     23      1
    30     33      1
    30    280      1
    30    284      1
    30    294      1
    30    304      1
    31      6      1
    31     72      1
    31     85      1
    32      7      1
    32     96      1
    33     30      1
    33     39      1
    33     69      1
    33    145      1
    33    166      1
    34      3      1
    34     70      1
    34    243      1
    34    414      1
    35      7      1
    35     43      1
    35     82      1
    35    123      1
    35    180      1
    35    231      1
    35    278      1
    35    577      1
    36      9      1
    36     37      1
    36     41      1
    36     54      1
    36     77      1
    36    355      1
    37     36      1
    37     81      1
    37    219      1
    37    324      1
    37    496      1
    38     11      1
    38    644      1
    39     33      1
    40      7      1
    40     48      1
    40    279      1
    40    384      1
    41     36      1
    41     52      1
    41    420      1
    42     21      1
    42     53      1
    42     74      1
    42    125      1
    42    137      1
    43     35      1
    43    130      1
    43    134      1
    43    157      1
    43    275      1
    44      3      1
    44     75      1
    44    133      1
    45     18      1
    45    144      1
    45    325      1
    46     20      1
    46    168      1
    46    171      1
    46    256      1
    46    424      1
    46    586      1
    47     29      1
    47     49      1
    47    397      1
    47    434      1
    48     40      1
    48     56      1
    48    143      1
    48    388      1
    48    665      1
    49     47      1
    49    206      1
    49    493      1
    49    693      1
    50     29      1
    50     71      1
    50     94      1
    51     28      1
    51    179      1
    51    236      1
    51    293      1
    51    328      1
    52     41      1
    52     84      1
    52    391      1
    53     42      1
    53     59      1
    53    148      1
    53    616      1
    54     36      1
    54    335      1
    54    453      1
    55      0      1
    55    129      1
    55    217      1
    55    321      1
    55    505      1
    55    666      1
    56     48      1
    56     63      1
    56     93      1
    56    218      1
    56    238      1
    56    503      1
    57      2      1
    57    114      1
    57    303      1
    57    346      1
    58     22      1
    58    255      1
    59     53      1
    59    124      1
    59    131      1
    59    257      1
    59    470      1
    60     16      1
    60     62      1
    61     12      1
    61     65      1
    61     78      1
    62     60      1
    62    109      1
    62    194      1
    62    227      1
    63     56      1
    63    248      1
    64     29      1
    64     92      1
    64    249      1
    65     61      1
    65    207      1
    66     15      1
    66    102      1
    67     28      1
    67    251      1
    67    352      1
    68     10      1
    68    116      1
    68    121      1
    68    175      1
    69     33      1
    69     91      1
    70     34      1
    70     76      1
    70    246      1
    71     50      1
    71     73      1
    71    135      1
    71    222      1
    72     31      1
    72     86      1
    72    107      1
    73     71      1
    73    245      1
    73    309      1
    74     42      1
    74     90      1
    74    197      1
    74    211      1
    75     44      1
    76     70      1
    76    313      1
    77     36      1
    77    253      1
    77    680      1
    78     61      1
    78     95      1
    78     98      1
    78    122      1
    78    305      1
    78    422      1
    78    517      1
    79     23      1
    79     89      1
    79    108      1
    80     28      1
    80    128      1
    80    182      1
    80    444      1
    81     37      1
    81    111      1
    82     35      1
    82    178      1
    82    198      1
    82    272      1
    83      9      1
    83    240      1
    84     52      1
    84    170      1
    84    378      1
    84    392      1
    84    572      1
    85     31      1
    85    152      1
    85    322      1
    86     72      1
    86    103      1
    86    120      1
    86    165      1
    86    526      1
    87     14      1
    87    216      1
    87    589      1
    88     27      1
    88    136      1
    88    270      1
    88    326      1
    88    373      1
    89     79      1
    89    141      1
    89    203      1
    89    282      1
    89    515      1
    89    606      1
    89    634      1
    90     74      1
    90    153      1
    91     69      1
    91    486      1
    92     64      1
    92    538      1
    92    607      1
    92    613      1
    93     56      1
    93    448      1
    94     50      1
    94    105      1
    94    495      1
    94    604      1
    95     78      1
    95    438      1
    96     32      1
    96    269      1
    96    301      1
    97     27      1
    97    101      1
    98     78      1
    98    672      1
    99      4      1
   100     24      1
   100    201      1
   100    671      1
   101     97      1
   102     66      1
   102    104      1
   102    186      1
   102    276      1
   102    459      1
   103     86      1
   103    117      1
   104    102      1
   104    196      1
   104    402      1
   105     94      1
   105    329      1
   105    337      1
   106     11      1
   106    311      1
   106    583      1
   107     72      1
   107    127      1
   107    228      1
   107    288      1
   107    362      1
   108     79      1
   108    115      1
   108    159      1
   108    191      1
   108    330      1
   109     62      1
   109    266      1
   109    569      1
   110      6      1
   110    149      1
   110    188      1
   110    439      1
   111     81      1
   111    297      1
   112     19      1
   112    177      1
   112    265      1
   112    348      1
   112    540      1
   113      1      1
   114     57      1
   114    126      1
   114    142      1
   114    160      1
   114    447      1
   114    598      1
   115    108      1
   115    215      1
   115    289      1
   115    403      1
   115    651      1
   116     68      1
   116    156      1
   116    268      1
   117    103      1
   117    339      1
   117    351      1
   117    437      1
   118      4      1
   118    132      1
   118    202      1
   118    208      1
   118    457      1
   119      4      1
   119    158      1
   120     86      1
   120    140      1
   120    147      1
   120    400      1
   120    675      1
   121     68      1
   121    406      1
   121    593      1
   122     78      1
   122    151      1
   122    283      1
   122    327      1
   122    416      1
   122    450      1
   123     35      1
   123    375      1
   124     59      1
   124    163      1
   125     42      1
   126    114      1
   126    138      1
   126    250      1
   127    107      1
   127    150      1
   127    423      1
   128     80      1
   128    185      1
   128    307      1
   129     55      1
   129    323      1
   130     43      1
   131     59      1
   131    167      1
   131    678      1
   132    118      1
   132    626      1
   133     44      1
   133    200      1
   133    395      1
   133    460      1
   133    544      1
   134     43      1
   134    285      1
   135     71      1
   135    174      1
   136     88      1
   136    382      1
   136    405      1
   136    476      1
   137     42      1
   137    176      1
   138    126      1
   138    277      1
   139     13      1
   139    183      1
   139    192      1
   139    524      1
   140    120      1
   141     89      1
   142    114      1
   142    229      1
   142    694      1
   143     48      1
   144     45      1
   144    247      1
   144    340      1
   145     33      1
   145    224      1
   145    295      1
   146      9      1
   147    120      1
   148     53      1
   148    649      1
   149    110      1
   149    676      1
   150    127      1
   151    122      1
   151    520      1
   152     85      1
   152    435      1
   153     90      1
   153    210      1
   153    235      1
   154      2      1
   154    199      1
   154    342      1
   155     13      1
   155    445      1
   155    464      1
   156    116      1
   156    281      1
   156    567      1
   157     43      1
   157    225      1
   158    119      1
   158    259      1
   158    306      1
   159    108      1
   160    114      1
   161     13      1
   161    274      1
   161    485      1
   161    528      1
   161    585      1
   162     25      1
   162    213      1
   162    254      1
   163    124      1
   163    164      1
   163    239      1
   163    532      1
   164    163      1
   165     86      1
   165    338      1
   165    398      1
   165    584      1
   166     33      1
   167    131      1
   167    553      1
   167    655      1
   168     46      1
   168    234      1
   168    296      1
   168    315      1
   169     14      1
   169    565      1
   169    592      1
   169    608      1
   170     84      1
   171     46      1
   171    314      1
   171    377      1
   172      1      1
   173      5      1
   173    209      1
   173    393      1
   174    135      1
   174    230      1
   174    350      1
   175     68      1
   175    189      1
   175    660      1
   176    137      1
   176    193      1
   176    332      1
   176    368      1
   177    112      1
   178     82      1
   178    361      1
   179     51      1
   180     35      1
   180    261      1
   180    462      1
   181      2      1
   182     80      1
   183    139      1
   183    308      1
   184     20      1
   184    273      1
   185    128      1
   185    421      1
   186    102      1
   187     15      1
   188    110      1
   188    220      1
   188    334      1
   189    175      1
   190     26      1
   190    299      1
   190    401      1
   191    108      1
   191    411      1
   191    502      1
   192    139      1
   192    195      1
   192    428      1
   193    176      1
   194     62      1
   194    501      1
   195    192      1
   196    104      1
   197     74      1
   197    679      1
   198     82      1
   198    354      1
   198    617      1
   199    154      1
   199    568      1
   200    133      1
   200    533      1
   201    100      1
   201    221      1
   202    118      1
   203     89      1
   203    364      1
   203    487      1
   204     17      1
   204    205      1
   205    204      1
   206     49      1
   206    252      1
   206    367      1
   206    518      1
   207     65      1
   208    118      1
   208    359      1
   209    173      1
   209    263      1
   210    153      1
   210    341      1
   211     74      1
   211    353      1
   211    490      1
   212     10      1
   213    162      1
   213    504      1
   214     17      1
   214    258      1
   214    376      1
   214    474      1
   215    115      1
   215    233      1
   216     87      1
   216    320      1
   216    449      1
   217     55      1
   217    242      1
   217    530      1
   218     56      1
   218    408      1
   219     37      1
   219    522      1
   220    188      1
   221    201      1
   221    226      1
   222     71      1
   223     26      1
   223    318      1
   223    536      1
   224    145      1
   225    157      1
   226    221      1
   227     62      1
   227    264      1
   227    582      1
   228    107      1
   228    363      1
   229    142      1
   230    174      1
   230    674      1
   231     35      1
   231    399      1
   232      4      1
   232    244      1
   232    331      1
   233    215      1
   234    168      1
   234    267      1
   234    413      1
   234    698      1
   235    153      1
   235    262      1
   236     51      1
   236    302      1
   236    542      1
   236    689      1
   237      2      1
   237    271      1
   237    317      1
   237    621      1
   238     56      1
   238    316      1
   239    163      1
   239    451      1
   240     83      1
   241      4      1
   241    573      1
   242    217      1
   242    468      1
   242    600      1
   243     34      1
   243    357      1
   243    478      1
   243    516      1
   243    623      1
   244    232      1
   245     73      1
   245    287      1
   245    498      1
   246     70      1
   246    574      1
   247    144      1
   247    571      1
   248     63      1
   248    431      1
   249     64      1
   249    579      1
   250    126      1
   251     67      1
   251    298      1
   252    206      1
   253     77      1
   254    162      1
   254    552      1
   255     58      1
   256     46      1
   257     59      1
   258    214      1
   258    286      1
   258    396      1
   259    158      1
   260     11      1
   260    446      1
   261    180      1
   261    343      1
   262    235      1
   262    387      1
   262    440      1
   262    690      1
   263    209      1
   264    227      1
   265    112      1
   266    109      1
   267    234      1
   268    116      1
   269     96      1
   270     88      1
   270    312      1
   270    619      1
   271    237      1
   272     82      1
   272    291      1
   272    461      1
   272    484      1
   273    184      1
   274    161      1
   274    563      1
   275     43      1
   276    102      1
   276    310      1
   277    138      1
   278     35      1
   278    381      1
   278    547      1
   279     40      1
   279    365      1
   280     30      1
   280    433      1
   280    537      1
   280    615      1
   280    695      1
   281    156      1
   282     89      1
   282    521      1
   283    122      1
   283    383      1
   283    654      1
   284     30      1
   285    134      1
   285    557      1
   286    258      1
   286    290      1
   287    245      1
   288    107      1
   288    523      1
   289    115      1
   290    286      1
   290    345      1
   290    602      1
   291    272      1
   291    481      1
   292      1      1
   293     51      1
   294     30      1
   294    624      1
   295    145      1
   295    319      1
   296    168      1
   296    638      1
   296    670      1
   297    111      1
   298    251      1
   299    190      1
   299    386      1
   300     12      1
   300    389      1
   300    512      1
   301     96      1
   302    236      1
   303     57      1
   303    556      1
   303    575      1
   304     30      1
   304    419      1
   304    473      1
   305     78      1
   305    550      1
   306    158      1
   307    128      1
   307    555      1
   308    183      1
   308    667      1
   309     73      1
   310    276      1
   311    106      1
   312    270      1
   312    336      1
   312    358      1
   313     76      1
   314    171      1
   315    168      1
   316    238      1
   316    653      1
   317    237      1
   317    333      1
   317    475      1
   317    570      1
   317    591      1
   317    697      1
   318    223      1
   319    295      1
   319    541      1
   319    599      1
   320    216      1
   320    603      1
   321     55      1
   322     85      1
   322    429      1
   323    129      1
   324     37      1
   324    347      1
   325     45      1
   325    371      1
   325    415      1
   325    684      1
   326     88      1
   326    658      1
   327    122      1
   327    366      1
   327    622      1
   328     51      1
   329    105      1
   329    426      1
   330    108      1
   330    663      1
   330    683      1
   331    232      1
   331    379      1
   332    176      1
   332    562      1
   333    317      1
   333    436      1
   334    188      1
   335     54      1
   335    372      1
   335    510      1
   336    312      1
   336    349      1
   337    105      1
   338    165      1
   339    117      1
   339    625      1
   340    144      1
   341    210      1
   341    369      1
   342    154      1
   342    394      1
   342    479      1
   343    261      1
   344     28      1
   344    412      1
   345    290      1
   345    559      1
   346     57      1
   346    564      1
   347    324      1
   348    112      1
   349    336      1
   349    455      1
   350    174      1
   350    454      1
   351    117      1
   352     67      1
   353    211      1
   354    198      1
   355     36      1
   355    692      1
   356     17      1
   357    243      1
   357    685      1
   358    312      1
   359    208      1
   359    390      1
   360      5      1
   361    178      1
   361    576      1
   362    107      1
   363    228      1
   364    203      1
   364    442      1
   364    635      1
   365    279      1
   366    327      1
   367    206      1
   368    176      1
   368    443      1
   369    341      1
   369    508      1
   370      7      1
   371    325      1
   371    410      1
   371    466      1
   371    499      1
   372    335      1
   372    483      1
   373     88      1
   374      2      1
   374    463      1
   375    123      1
   376    214      1
   377    171      1
   377    452      1
   377    581      1
   377    664      1
   378     84      1
   378    458      1
   378    500      1
   379    331      1
   380     13      1
   381    278      1
   382    136      1
   382    687      1
   383    283      1
   383    456      1
   384     40      1
   385     19      1
   386    299      1
   386    539      1
   387    262      1
   388     48      1
   389    300      1
   389    425      1
   390    359      1
   390    594      1
   391     52      1
   392     84      1
   392    409      1
   393    173      1
   394    342      1
   394    492      1
   395    133      1
   395    554      1
   396    258      1
   397     47      1
   397    529      1
   398    165      1
   399    231      1
   399    647      1
   400    120      1
   400    642      1
   401    190      1
   401    497      1
   402    104      1
   402    407      1
   403    115      1
   404     11      1
   404    646      1
   405    136      1
   406    121      1
   407    402      1
   408    218      1
   409    392      1
   409    631      1
   410    371      1
   411    191      1
   412    344      1
   412    430      1
   412    633      1
   413    234      1
   414     34      1
   415    325      1
   416    122      1
   416    611      1
   417     28      1
   418     25      1
   419    304      1
   419    587      1
   419    605      1
   420     41      1
   421    185      1
   422     78      1
   422    491      1
   423    127      1
   424     46      1
   424    549      1
   425    389      1
   425    494      1
   425    561      1
   425    628      1
   426    329      1
   426    648      1
   427     12      1
   428    192      1
   429    322      1
   430    412      1
   431    248      1
   432      3      1
   432    535      1
   433    280      1
   434     47      1
   435    152      1
   436    333      1
   436    546      1
   437    117      1
   437    699      1
   438     95      1
   439    110      1
   440    262      1
   441     28      1
   441    531      1
   442    364      1
   443    368      1
   444     80      1
   445    155      1
   446    260      1
   446    514      1
   447    114      1
   448     93      1
   449    216      1
   449    488      1
   450    122      1
   450    465      1
   451    239      1
   452    377      1
   453     54      1
   453    543      1
   453    558      1
   454    350      1
   454    620      1
   455    349      1
   456    383      1
   457    118      1
   457    580      1
   458    378      1
   459    102      1
   460    133      1
   460    467      1
   460    469      1
   460    641      1
   461    272      1
   462    180      1
   463    374      1
   464    155      1
   464    511      1
   465    450      1
   466    371      1
   466    471      1
   467    460      1
   467    614      1
   468    242      1
   469    460      1
   469    472      1
   470     59      1
   471    466      1
   471    513      1
   471    519      1
   472    469      1
   473    304      1
   474    214      1
   475    317      1
   476    136      1
   477      7      1
   478    243      1
   479    342      1
   480     11      1
   480    677      1
   481    291      1
   481    509      1
   482      8      1
   482    545      1
   483    372      1
   484    272      1
   485    161      1
   486     91      1
   487    203      1
   487    596      1
   488    449      1
   489     24      1
   490    211      1
   491    422      1
   492    394      1
   492    673      1
   493     49      1
   494    425      1
   495     94      1
   496     37      1
   497    401      1
   497    645      1
   498    245      1
   499    371      1
   500    378      1
   500    612      1
   501    194      1
   502    191      1
   503     56      1
   503    551      1
   504    213      1
   505     55      1
   506     11      1
   507     24      1
   508    369      1
   509    481      1
   509    525      1
   510    335      1
   511    464      1
   512    300      1
   512    560      1
   512    627      1
   513    471      1
   514    446      1
   515     89      1
   516    243      1
   517     78      1
   518    206      1
   519    471      1
   519    527      1
   520    151      1
   521    282      1
   522    219      1
   523    288      1
   524    139      1
   524    566      1
   525    509      1
   525    637      1
   526     86      1
   527    519      1
   527    661      1
   528    161      1
   529    397      1
   529    601      1
   530    217      1
   530    657      1
   531    441      1
   532    163      1
   533    200      1
   534      3      1
   535    432      1
   536    223      1
   537    280      1
   538     92      1
   539    386      1
   540    112      1
   540    590      1
   541    319      1
   542    236      1
   543    453      1
   544    133      1
   545    482      1
   546    436      1
   547    278      1
   547    629      1
   548     27      1
   548    640      1
   549    424      1
   550    305      1
   551    503      1
   551    686      1
   552    254      1
   553    167      1
   554    395      1
   555    307      1
   556    303      1
   557    285      1
   557    636      1
   558    453      1
   559    345      1
   559    618      1
   560    512      1
   561    425      1
   562    332      1
   563    274      1
   564    346      1
   565    169      1
   566    524      1
   567    156      1
   567    656      1
   568    199      1
   568    588      1
   569    109      1
   570    317      1
   570    630      1
   571    247      1
   572     84      1
   573    241      1
   573    578      1
   574    246      1
   575    303      1
   576    361      1
   577     35      1
   578    573      1
   579    249      1
   580    457      1
   581    377      1
   582    227      1
   583    106      1
   584    165      1
   585    161      1
   586     46      1
   587    419      1
   587    609      1
   588    568      1
   589     87      1
   589    652      1
   590    540      1
   591    317      1
   592    169      1
   592    639      1
   593    121      1
   594    390      1
   594    669      1
   595     19      1
   596    487      1
   597      1      1
   597    682      1
   598    114      1
   599    319      1
   600    242      1
   601    529      1
   602    290      1
   603    320      1
   604     94      1
   605    419      1
   606     89      1
   607     92      1
   608    169      1
   609    587      1
   610     19      1
   611    416      1
   612    500      1
   613     92      1
   614    467      1
   615    280      1
   615    632      1
   616     53      1
   617    198      1
   618    559      1
   619    270      1
   620    454      1
   621    237      1
   622    327      1
   623    243      1
   624    294      1
   625    339      1
   626    132      1
   626    650      1
   626    659      1
   627    512      1
   628    425      1
   629    547      1
   630    570      1
   631    409      1
   632    615      1
   633    412      1
   634     89      1
   635    364      1
   636    557      1
   637    525      1
   638    296      1
   639    592      1
   640    548      1
   641    460      1
   642    400      1
   643     17      1
   643    668      1
   644     38      1
   645    497      1
   646    404      1
   647    399      1
   648    426      1
   649    148      1
   650    626      1
   651    115      1
   652    589      1
   653    316      1
   654    283      1
   655    167      1
   656    567      1
   657    530      1
   658    326      1
   659    626      1
   660    175      1
   661    527      1
   662     12      1
   663    330      1
   664    377      1
   665     48      1
   666     55      1
   667    308      1
   667    688      1
   668    643      1
   669    594      1
   670    296      1
   671    100      1
   672     98      1
   673    492      1
   674    230      1
   675    120      1
   676    149      1
   677    480      1
   678    131      1
   679    197      1
   680     77      1
   681      7      1
   682    597      1
   683    330      1
   684    325      1
   685    357      1
   686    551      1
   687    382      1
   688    667      1
   689    236      1
   690    262      1
   691     27      1
   692    355      1
   693     49      1
   694    142      1
   695    280      1
   696      4      1
   697    317      1
   698    234      1
   699    437      1
