COORD_X_Y 50
  1.00772   0.20767
  2.78988  0.522448
  2.25742   2.53754
  2.14107   1.57801
   2.3144   2.53536
  1.89969   1.77137
 0.815402   2.56526
 0.614496   2.01388
  2.03914   1.40343
  1.39218   1.64845
  2.91014   2.28588
  2.17358  0.789231
  1.44266   2.70244
  1.05025   2.91406
  2.02332  0.407959
  2.53807   2.26003
  1.64339  0.406224
  1.58934  0.685173
  2.24066   1.55069
  1.83495  0.902217
  2.66451   2.61997
0.0784585   1.58042
  2.01334    1.7396
  1.41022   1.12862
 0.663091   2.08918
  2.58952   2.75191
 0.745415   2.24442
  1.64252   2.85798
 0.751295    1.0218
  2.01197  0.931535
   1.5906   2.57672
  2.67077 0.0544375
  1.24019   2.58629
 0.917979  0.659901
   1.6408   2.24376
  1.05097  0.590354
  1.57968   1.63202
 0.214373  0.616955
 0.234686  0.805799
  2.89903   1.23931
  1.00386   1.96894
 0.163796   2.58523
  2.53317   2.08792
  1.93072   1.38639
  1.29042   1.10205
  1.58196  0.309771
  2.91268    1.7221
 0.975807   2.95093
 0.787003    1.9015
  1.54871   2.75539
LINKS_SOURCE_DESTINATION_DISTANCE 98
     0      1      1
     0      6      1
     0     11      1
     0     33      1
     1      0      1
     1      2      1
     1      8      1
     1     15      1
     1     44      1
     2      1      1
     2      3      1
     2      4      1
     2      5      1
     2     25      1
     2     45      1
     3      2      1
     3      7      1
     3     16      1
     4      2      1
     4      9      1
     5      2      1
     5     24      1
     5     29      1
     6      0      1
     6     17      1
     7      3      1
     7     10      1
     7     18      1
     7     42      1
     8      1      1
     8     12      1
     8     13      1
     8     28      1
     8     32      1
     9      4      1
     9     35      1
     9     40      1
    10      7      1
    11      0      1
    11     14      1
    12      8      1
    12     48      1
    13      8      1
    13     30      1
    13     37      1
    13     39      1
    14     11      1
    15      1      1
    16      3      1
    17      6      1
    17     20      1
    17     21      1
    17     23      1
    18      7      1
    18     19      1
    18     26      1
    18     31      1
    18     49      1
    19     18      1
    19     22      1
    19     38      1
    20     17      1
    21     17      1
    21     41      1
    22     19      1
    23     17      1
    24      5      1
    25      2      1
    25     27      1
    25     46      1
    26     18      1
    27     25      1
    27     34      1
    28      8      1
    29      5      1
    30     13      1
    31     18      1
    32      8      1
    33      0      1
    33     43      1
    34     27      1
    34     36      1
    35      9      1
    36     34      1
    37     13      1
    38     19      1
    39     13      1
    39     47      1
    40      9      1
    41     21      1
    42      7      1
    43     33      1
    44      1      1
    45      2      1
    46     25      1
    47     39      1
    48     12      1
    49     18      1
