COORD_X_Y 15
  2.30768   2.28578
  1.09526   2.79845
  2.55943   2.42546
 0.559511 0.0253766
 0.162015    1.9785
  2.97938  0.954439
 0.193368   1.98174
  2.16961 0.0188808
 0.210613   1.98927
   2.3619   2.07207
 0.590253  0.255286
  1.98532   2.86004
  0.78882   2.33448
  2.55541   2.82039
 0.221793  0.658396
LINKS_SOURCE_DESTINATION_DISTANCE 28
     0      1      1
     0      2      1
     0      5      1
     1      0      1
     1      3      1
     2      0      1
     2      7      1
     3      1      1
     3      4      1
     4      3      1
     4      6      1
     5      0      1
     5      8      1
     5     11      1
     6      4      1
     6     13      1
     7      2      1
     7      9      1
     8      5      1
     9      7      1
     9     10      1
    10      9      1
    11      5      1
    11     12      1
    12     11      1
    13      6      1
    13     14      1
    14     13      1
