COORD_X_Y 50
  1.71409   2.03649
   1.2484   2.66288
  0.10163  0.904971
  1.82956   1.73332
  1.58649 0.0357674
  2.90616   1.89888
  1.63399   2.92582
 0.638857   1.38301
  2.16676   1.81498
 0.972194   2.02227
 0.454797  0.851204
  2.30556    2.6543
 0.554371  0.845325
  2.89606   1.75849
  2.06506   1.25395
  1.90775  0.056869
  2.05646   1.48966
  1.34971   1.10248
 0.439173   2.08886
   1.5382  0.636783
  1.43323   2.55311
  1.22631  0.859329
 0.995912    1.9953
  1.75023  0.978167
  2.92402   1.83535
  2.97975 0.0782409
 0.891509   2.16366
  1.91027   1.52229
  2.28255   2.67278
    1.387   1.80024
 0.645385   1.28658
   1.8477   2.20231
  2.73257   1.04545
  1.97548   2.13124
 0.290799  0.296707
0.0953408  0.544564
   2.8944  0.886749
 0.749457  0.664316
  2.48253  0.790458
  1.21564   1.10195
  1.03043  0.660526
 0.271102    1.8729
0.0866714   1.76297
  1.98861    0.5599
  1.52488  0.164405
 0.133637   1.66918
 0.779615   2.94639
 0.452404  0.943459
 0.195753   2.48874
 0.395754   2.02876
LINKS_SOURCE_DESTINATION_DISTANCE 218
     0      1      1
     0      3      1
     0      4      1
     0      5      1
     0      6      1
     0      7      1
     0      8      1
     0     11      1
     0     14      1
     0     23      1
     0     29      1
     0     31      1
     0     32      1
     1      0      1
     1      2      1
     1      4      1
     1      6      1
     1     10      1
     1     15      1
     1     19      1
     1     34      1
     1     42      1
     2      1      1
     2      5      1
     2     10      1
     2     16      1
     2     18      1
     2     20      1
     2     26      1
     2     27      1
     2     47      1
     3      0      1
     3      5      1
     3     11      1
     3     12      1
     3     22      1
     3     30      1
     4      0      1
     4      1      1
     4      9      1
     4     15      1
     4     21      1
     5      3      1
     5      2      1
     5      0      1
     5      6      1
     5     14      1
     6      1      1
     6      5      1
     6      0      1
     6      7      1
     6      8      1
     6      9      1
     6     20      1
     6     25      1
     6     33      1
     6     41      1
     7      6      1
     7      0      1
     7     12      1
     7     23      1
     8      0      1
     8      6      1
     8     10      1
     8     18      1
     8     34      1
     9      4      1
     9      6      1
     9     20      1
     9     29      1
     9     33      1
    10      1      1
    10      8      1
    10      2      1
    10     13      1
    11      0      1
    11      3      1
    11     37      1
    11     41      1
    11     42      1
    11     46      1
    12      3      1
    12      7      1
    12     13      1
    12     16      1
    12     29      1
    13     10      1
    13     12      1
    13     17      1
    13     18      1
    13     21      1
    14      0      1
    14      5      1
    14     24      1
    14     25      1
    14     38      1
    14     48      1
    15      1      1
    15      4      1
    15     16      1
    15     17      1
    15     19      1
    15     26      1
    16     15      1
    16     12      1
    16      2      1
    16     28      1
    17     15      1
    17     13      1
    17     36      1
    18      2      1
    18     13      1
    18      8      1
    18     22      1
    19      1      1
    19     15      1
    19     37      1
    19     40      1
    20      9      1
    20      2      1
    20      6      1
    20     26      1
    20     35      1
    20     39      1
    20     47      1
    21     13      1
    21      4      1
    21     45      1
    22     18      1
    22      3      1
    22     24      1
    22     27      1
    22     35      1
    23      0      1
    23      7      1
    23     28      1
    23     33      1
    24     14      1
    24     22      1
    24     38      1
    24     45      1
    25     14      1
    25      6      1
    25     34      1
    25     41      1
    25     46      1
    26     20      1
    26     15      1
    26      2      1
    26     49      1
    27      2      1
    27     22      1
    27     31      1
    27     44      1
    28     23      1
    28     16      1
    28     30      1
    28     39      1
    29      0      1
    29      9      1
    29     12      1
    29     32      1
    29     40      1
    30      3      1
    30     28      1
    30     35      1
    31      0      1
    31     27      1
    31     43      1
    32      0      1
    32     29      1
    32     37      1
    32     43      1
    33      6      1
    33      9      1
    33     23      1
    34     25      1
    34      8      1
    34      1      1
    34     36      1
    34     38      1
    35     20      1
    35     30      1
    35     22      1
    36     34      1
    36     17      1
    36     44      1
    37     19      1
    37     32      1
    37     11      1
    37     48      1
    37     49      1
    38     34      1
    38     24      1
    38     14      1
    39     20      1
    39     28      1
    40     19      1
    40     29      1
    41      6      1
    41     11      1
    41     25      1
    42     11      1
    42      1      1
    43     31      1
    43     32      1
    44     36      1
    44     27      1
    45     21      1
    45     24      1
    46     11      1
    46     25      1
    47      2      1
    47     20      1
    48     14      1
    48     37      1
    49     37      1
    49     26      1
