COORD_X_Y 150
  2.01656  0.275137
  2.22986   1.39486
  2.86952  0.907877
 0.677458   2.61765
 0.149115  0.505057
  2.57061   2.41371
  1.49609    2.3035
  2.75725   1.60172
 0.173468   1.83906
 0.465119  0.383533
  1.53298  0.925107
 0.474702   2.03589
  1.31211  0.489694
  1.90548  0.239665
  1.42201   2.66474
  2.16956   1.95307
  2.14331  0.746355
0.0260558  0.943071
 0.421299  0.769481
 0.410931  0.519818
  2.34632   2.60576
  1.91292   1.65338
 0.388594   2.51418
  2.58458   2.90119
 0.259391  0.336311
 0.777429   2.84449
  2.14756   2.09473
  1.41934   1.28153
  1.62406   1.01747
 0.732716    2.8719
  1.98897   1.67947
  2.85334  0.301434
 0.228193   1.39818
 0.917126   2.20435
  1.85664   1.62317
  2.91363   1.04164
  1.79199 0.0746638
 0.729969   1.64602
  1.33266  0.292493
  2.90614   1.29874
  2.23167   1.13995
  2.93959   2.21348
  2.64338    2.0722
  2.74136   1.09469
  2.17296 0.0580626
  1.11592  0.621868
  2.02957  0.634583
  2.50829 0.0700364
  1.63024   2.88876
 0.554291  0.366048
   1.9389   2.75468
 0.552088   2.21361
  1.01873   2.62797
 0.975755   1.58323
   1.1642  0.941029
  2.15114  0.412444
  2.22105    2.3512
  0.40344  0.973017
   2.1555 0.0225934
  2.57707   1.43263
  1.50788   2.73045
  1.31043   2.48895
 0.531495   1.14711
  2.44105   1.46401
 0.860759   2.43745
  1.53246  0.606536
  2.13816   1.39554
  2.86533   1.31102
  2.88877  0.856839
  1.35515  0.673827
 0.775776  0.569276
   2.3805  0.878929
 0.848492   1.50546
  2.72684   2.06891
  2.74112   1.58024
  2.29262   1.97966
  0.93273  0.380581
   2.1823   2.17452
 0.875349    1.1749
  2.77708  0.497105
   1.3702   1.00653
 0.114554   1.96205
  2.53988   1.46213
  1.43355 0.0138836
 0.278296  0.654157
  2.44887  0.418664
  0.57248   1.58007
 0.647388   2.97514
  2.07974   1.11464
   1.0571   2.04997
  1.61898   1.42948
  2.95389    1.4188
 0.837826  0.692779
  2.90164  0.610921
    2.705   2.82368
  2.26817  0.369983
  1.78048   2.54219
  1.56131  0.434551
 0.104256   2.23281
 0.307388   1.29033
  1.72456  0.431913
  2.09456  0.100313
  1.23382  0.151953
  1.72281   1.84989
  2.00656   2.34086
 0.984242   0.74815
  1.63944   2.14665
  2.63256   1.09204
 0.420095   2.98332
  2.56679   1.31421
0.0076232    2.3026
   1.9881   1.23372
  2.54457  0.562523
  1.34999   1.61732
  2.29163   1.93625
  2.20094  0.281311
 0.552248  0.135689
  0.34826  0.919646
 0.916067   2.08631
  1.37474   2.89883
 0.894612   1.44813
  1.77202  0.234028
  1.82941  0.987842
 0.198576   2.65138
 0.533782  0.869859
 0.236974   2.23793
  2.01175   2.05721
 0.644274    2.3058
 0.417388   1.78349
  2.81937  0.253063
  1.18779  0.679126
  2.51006   2.13719
  2.11758   2.92588
  2.79656  0.507599
  1.48805    2.1948
 0.520848   1.67121
  0.25453   2.12765
  2.47221  0.722682
  1.62162   2.04637
  2.73232   2.17551
  2.19062  0.204458
   1.2652   2.79549
  2.27687   1.88557
  1.49089   2.73595
  1.01147   1.81932
  2.24431   1.14368
  1.94381    2.9976
  2.37362   2.52603
   2.2745   2.55142
 0.442547   2.29295
LINKS_SOURCE_DESTINATION_DISTANCE 298
     0      1      1
     0      4      1
     0      5      1
     0      6      1
     0     18      1
     0     25      1
     0     29      1
     0     33      1
     1      0      1
     1      2      1
     1      3      1
     1     20      1
     1     79      1
     1    107      1
     1    118      1
     2      1      1
     2     21      1
     2     66      1
     2     81      1
     2    128      1
     3      1      1
     3      7      1
     3     11      1
     3     83      1
     3     95      1
     3    138      1
     4      0      1
     5      0      1
     5      8      1
     5      9      1
     5     41      1
     5    109      1
     6      0      1
     6     12      1
     6     22      1
     6     26      1
     6     45      1
     6     89      1
     6    149      1
     7      3      1
     7     82      1
     7     94      1
     8      5      1
     8     10      1
     8     14      1
     8     74      1
     9      5      1
     9     19      1
    10      8      1
    10     13      1
    10     17      1
    10     87      1
    11      3      1
    11     28      1
    12      6      1
    12     16      1
    12     40      1
    12     44      1
    12     47      1
    13     10      1
    13     27      1
    13     52      1
    14      8      1
    14     15      1
    14    146      1
    15     14      1
    15     35      1
    16     12      1
    16     93      1
    17     10      1
    17     68      1
    18      0      1
    18     31      1
    19      9      1
    19     24      1
    19     36      1
    20      1      1
    20     23      1
    20     64      1
    21      2      1
    21     48      1
    21     60      1
    21     75      1
    22      6      1
    22     30      1
    22     51      1
    22     85      1
    23     20      1
    23     34      1
    24     19      1
    25      0      1
    25     38      1
    25     39      1
    26      6      1
    26    114      1
    27     13      1
    28     11      1
    28     32      1
    28     73      1
    29      0      1
    29     46      1
    30     22      1
    31     18      1
    32     28      1
    32     37      1
    32     88      1
    33      0      1
    33    111      1
    34     23      1
    34     43      1
    35     15      1
    35     49      1
    35     61      1
    36     19      1
    36     50      1
    36     54      1
    37     32      1
    37     55      1
    37    142      1
    38     25      1
    39     25      1
    39     58      1
    40     12      1
    40     57      1
    40     71      1
    41      5      1
    41     42      1
    41     65      1
    41     77      1
    42     41      1
    42    122      1
    43     34      1
    43     53      1
    43     70      1
    43    120      1
    43    123      1
    44     12      1
    45      6      1
    45     56      1
    45     91      1
    46     29      1
    46     90      1
    46    127      1
    47     12      1
    47     80      1
    47    137      1
    48     21      1
    49     35      1
    50     36      1
    50    115      1
    51     22      1
    51     72      1
    52     13      1
    52     62      1
    52     63      1
    53     43      1
    53    129      1
    54     36      1
    54     86      1
    54     97      1
    54    117      1
    55     37      1
    55     59      1
    55    119      1
    56     45      1
    57     40      1
    58     39      1
    58    126      1
    59     55      1
    60     21      1
    60     69      1
    61     35      1
    62     52      1
    62     76      1
    62     78      1
    62     96      1
    62    141      1
    63     52      1
    63     67      1
    63    143      1
    64     20      1
    65     41      1
    65    116      1
    65    133      1
    66      2      1
    66    102      1
    67     63      1
    67    140      1
    68     17      1
    68    104      1
    69     60      1
    70     43      1
    71     40      1
    71    134      1
    71    135      1
    72     51      1
    73     28      1
    74      8      1
    74     84      1
    74    110      1
    75     21      1
    76     62      1
    77     41      1
    77    105      1
    78     62      1
    78     99      1
    78    130      1
    79      1      1
    80     47      1
    81      2      1
    82      7      1
    83      3      1
    83     92      1
    84     74      1
    85     22      1
    86     54      1
    87     10      1
    87     98      1
    88     32      1
    89      6      1
    89    124      1
    90     46      1
    91     45      1
    92     83      1
    92    100      1
    92    106      1
    93     16      1
    94      7      1
    94    108      1
    95      3      1
    95    101      1
    96     62      1
    96    121      1
    96    125      1
    97     54      1
    98     87      1
    99     78      1
   100     92      1
   100    103      1
   100    136      1
   101     95      1
   102     66      1
   103    100      1
   104     68      1
   105     77      1
   105    113      1
   106     92      1
   107      1      1
   107    112      1
   108     94      1
   109      5      1
   110     74      1
   110    147      1
   111     33      1
   112    107      1
   112    145      1
   113    105      1
   114     26      1
   115     50      1
   116     65      1
   116    139      1
   117     54      1
   118      1      1
   119     55      1
   120     43      1
   121     96      1
   122     42      1
   123     43      1
   124     89      1
   124    131      1
   125     96      1
   126     58      1
   127     46      1
   128      2      1
   129     53      1
   129    132      1
   130     78      1
   131    124      1
   131    144      1
   132    129      1
   133     65      1
   134     71      1
   135     71      1
   136    100      1
   137     47      1
   138      3      1
   139    116      1
   140     67      1
   141     62      1
   142     37      1
   143     63      1
   144    131      1
   145    112      1
   146     14      1
   146    148      1
   147    110      1
   148    146      1
   149      6      1
