COORD_X_Y 15
 0.432006  0.326245
  2.81224   2.35653
   2.2988    0.2038
 0.769846  0.946135
 0.419335   1.44367
  2.29694  0.372166
 0.448606   1.64255
  0.27114   1.71455
0.00896085  0.225501
  2.89022  0.712073
 0.996821  0.228646
 0.980986   2.63223
  2.71128   2.98839
 0.822455   2.11066
  1.45514   1.92819
LINKS_SOURCE_DESTINATION_DISTANCE 28
     0      1      1
     0      2      1
     0      3      1
     0      4      1
     1      0      1
     1      5      1
     1      8      1
     2      0      1
     2      9      1
     3      0      1
     4      0      1
     4     10      1
     5      1      1
     5      6      1
     5     13      1
     6      5      1
     6      7      1
     6     14      1
     7      6      1
     8      1      1
     8     12      1
     9      2      1
    10      4      1
    10     11      1
    11     10      1
    12      8      1
    13      5      1
    14      6      1
