COORD_X_Y 25
  1.45527  0.610557
  0.70112   1.27318
  1.35915   1.39343
 0.151586   1.57029
  1.00699    1.5373
  2.73661    1.8984
  1.01423   2.60051
 0.774372   1.50496
    1.946   1.57727
 0.372801    2.9115
  1.69921  0.328885
0.0618165    2.2431
  2.46967   2.01276
 0.702832  0.773597
 0.229562   2.07083
  1.34401   2.23358
   1.6913   2.93713
  1.66131   2.79606
  1.15356   2.21131
0.0241144   1.28418
  2.23481  0.700062
  2.20809  0.654706
  2.84776   1.44159
  2.30133   1.48178
  2.48602   1.05673
LINKS_SOURCE_DESTINATION_DISTANCE 48
     0      1      1
     0      3      1
     1      0      1
     1      2      1
     1     11      1
     1     18      1
     2      1      1
     2      4      1
     2      5      1
     2     20      1
     2     22      1
     3      0      1
     3      8      1
     3      9      1
     3     19      1
     4      2      1
     4      6      1
     4      7      1
     4     10      1
     4     14      1
     4     15      1
     5      2      1
     6      4      1
     6     16      1
     7      4      1
     7     13      1
     7     17      1
     8      3      1
     8     24      1
     9      3      1
     9     12      1
     9     21      1
    10      4      1
    11      1      1
    12      9      1
    13      7      1
    14      4      1
    15      4      1
    16      6      1
    16     23      1
    17      7      1
    18      1      1
    19      3      1
    20      2      1
    21      9      1
    22      2      1
    23     16      1
    24      8      1
