COORD_X_Y 65
 0.260808   1.51492
 0.980846 0.0369915
  1.01991   2.91351
  1.79425   2.38732
  1.37679   1.27745
  1.02184   2.64674
  2.84957   1.17191
  0.29803  0.880143
  2.22572   2.82529
  2.55384  0.328783
 0.475642   1.16372
 0.631531    2.7226
 0.290635  0.893873
 0.221992   1.35037
 0.923434  0.381822
0.0346335  0.780301
  2.65703   2.46693
  2.46787   2.78461
    2.038   2.21341
  2.49938  0.677852
 0.936059   2.10249
  1.11233   1.22961
  2.97514   1.25723
   2.8734   2.27013
  1.64312  0.741295
  2.53277   2.05452
  1.47424  0.240311
  1.20394   2.76363
 0.489888  0.298049
  2.31897   1.63799
 0.139097  0.303882
  2.93276   2.54293
  2.31107  0.686881
  2.81013  0.414615
  2.00932  0.257985
  1.57309   1.35326
  1.88773    1.6652
  1.17898   0.50081
  2.19842   2.33057
 0.378704   1.70706
  2.15772   2.53361
  2.13533   2.25222
  2.60315   2.35792
  2.53181   2.23922
   2.3625   2.62624
 0.207612  0.859549
  1.93174  0.537202
  2.06362   2.00022
  1.63819   2.18918
 0.482064   2.91819
   1.9516  0.261462
   1.9873   2.90295
 0.405102   2.89127
  2.65624   2.01874
 0.940939  0.898426
   2.8002   2.22589
  2.43248  0.211926
  1.85647  0.999764
  1.40622   1.29148
  2.76191   2.74331
  0.72362   2.77973
   2.3854   1.96784
  1.35441  0.330897
  1.76491   1.59302
  2.97186   1.11194
LINKS_SOURCE_DESTINATION_DISTANCE 128
     0      1      1
     0      2      1
     0      3      1
     0      4      1
     0     31      1
     0     50      1
     1      0      1
     1      8      1
     1     16      1
     1     20      1
     1     46      1
     2      0      1
     2      5      1
     2      6      1
     2     53      1
     3      0      1
     3     13      1
     3     14      1
     3     30      1
     3     51      1
     3     56      1
     4      0      1
     5      2      1
     5      9      1
     5     12      1
     5     15      1
     6      2      1
     6      7      1
     7      6      1
     7     22      1
     7     32      1
     8      1      1
     8     10      1
     8     19      1
     9      5      1
     9     11      1
     9     37      1
    10      8      1
    10     27      1
    11      9      1
    12      5      1
    12     17      1
    12     34      1
    12     35      1
    12     61      1
    13      3      1
    13     21      1
    13     23      1
    13     55      1
    14      3      1
    14     36      1
    15      5      1
    15     25      1
    16      1      1
    16     18      1
    17     12      1
    17     28      1
    17     29      1
    17     44      1
    18     16      1
    18     52      1
    19      8      1
    20      1      1
    20     45      1
    20     49      1
    21     13      1
    21     26      1
    22      7      1
    23     13      1
    23     24      1
    24     23      1
    24     54      1
    25     15      1
    26     21      1
    26     40      1
    27     10      1
    28     17      1
    28     41      1
    28     48      1
    29     17      1
    29     33      1
    30      3      1
    30     39      1
    30     58      1
    30     62      1
    31      0      1
    32      7      1
    33     29      1
    33     38      1
    33     42      1
    33     64      1
    34     12      1
    35     12      1
    36     14      1
    37      9      1
    37     43      1
    38     33      1
    38     47      1
    39     30      1
    39     57      1
    40     26      1
    40     60      1
    41     28      1
    42     33      1
    43     37      1
    44     17      1
    45     20      1
    46      1      1
    47     38      1
    48     28      1
    49     20      1
    50      0      1
    50     59      1
    51      3      1
    52     18      1
    52     63      1
    53      2      1
    54     24      1
    55     13      1
    56      3      1
    57     39      1
    58     30      1
    59     50      1
    60     40      1
    61     12      1
    62     30      1
    63     52      1
    64     33      1
