COORD_X_Y 20
  1.20095  0.699787
 0.889343  0.341482
   2.7667   2.69871
 0.904187   2.75248
  2.80937   2.59111
 0.101454   2.24415
  2.58912   1.88955
0.0560222   0.46905
  2.58701   2.58459
 0.815549  0.526523
 0.729398  0.264172
  1.53818   1.93152
  2.20571   2.40099
   2.6799   2.44334
  2.70319  0.214524
 0.258112 0.0161775
  2.85241  0.321478
  0.52683   1.25021
0.0732357   2.88981
  2.53103   1.95896
LINKS_SOURCE_DESTINATION_DISTANCE 38
     0      1      1
     0      2      1
     0     11      1
     1      0      1
     1      3      1
     1      9      1
     2      0      1
     2      4      1
     2     19      1
     3      1      1
     3      5      1
     3      7      1
     4      2      1
     4     10      1
     5      3      1
     5      6      1
     6      5      1
     6      8      1
     6     12      1
     6     14      1
     7      3      1
     8      6      1
     9      1      1
    10      4      1
    10     18      1
    11      0      1
    11     13      1
    11     16      1
    11     17      1
    12      6      1
    12     15      1
    13     11      1
    14      6      1
    15     12      1
    16     11      1
    17     11      1
    18     10      1
    19      2      1
