COORD_X_Y 15
 0.321599   1.24238
 0.874991  0.322948
  2.10732   1.13719
  2.80131  0.419931
 0.315062   2.74383
  1.92619  0.234307
   1.2968  0.165676
  2.49291  0.482396
  1.17008   2.61537
  1.39916   1.73459
 0.454138   1.84889
  0.54265 0.0903473
  1.52318   2.07862
0.0582604   1.74083
  2.86131   2.09571
LINKS_SOURCE_DESTINATION_DISTANCE 28
     0      1      1
     0      2      1
     0      9      1
     1      0      1
     1      3      1
     1      5      1
     1      7      1
     2      0      1
     3      1      1
     3      4      1
     3      6      1
     3     13      1
     4      3      1
     4     10      1
     5      1      1
     5     12      1
     6      3      1
     6     11      1
     7      1      1
     7      8      1
     8      7      1
     9      0      1
    10      4      1
    10     14      1
    11      6      1
    12      5      1
    13      3      1
    14     10      1
