COORD_X_Y 15
  1.10544   1.28709
  0.15822   2.87247
  1.01685  0.890079
  2.80392  0.773399
  2.23815  0.027596
  1.80955  0.851735
 0.160764  0.269939
  1.90775 0.0931933
  2.06062   2.79323
 0.962082   2.38955
  1.74803   1.71583
  2.28828   2.92409
   2.7339   2.81005
  1.75074   0.24225
 0.340136   1.23743
LINKS_SOURCE_DESTINATION_DISTANCE 28
     0      1      1
     0     14      1
     1      0      1
     1      2      1
     2      1      1
     2      3      1
     2      4      1
     2      6      1
     2     11      1
     3      2      1
     3     10      1
     4      2      1
     4      5      1
     4     13      1
     5      4      1
     5     12      1
     6      2      1
     6      7      1
     6      8      1
     7      6      1
     8      6      1
     8      9      1
     9      8      1
    10      3      1
    11      2      1
    12      5      1
    13      4      1
    14      0      1
