COORD_X_Y 120
  1.85506   2.82803
  1.87936   1.26906
 0.402945  0.968156
0.00542563   1.87006
 0.792527    0.7095
  2.54098   1.00933
 0.277777   1.27851
  1.27967   2.12334
  2.99915   1.57566
   2.9094   1.21089
  2.58588  0.881917
  1.43888  0.684251
  1.39763   2.36642
 0.631959  0.292943
 0.592969 0.0702557
   1.4855 0.00736586
  2.14496   1.36317
 0.427753  0.366705
   2.7531   0.60494
   2.0006   1.42338
 0.682941   2.33685
  1.16556   2.22464
  2.20124   2.63117
  1.48848    2.1714
  2.22156  0.687799
 0.108624  0.662945
  2.30313   2.05371
  1.55708   0.70197
 0.266898   1.55492
  2.66861   1.19098
  2.07444  0.556598
  1.46068   0.19637
 0.262565   2.33155
 0.938674   1.23292
  2.26238   2.54553
  2.76372   1.05947
 0.286322   1.46307
  1.39394  0.824787
   2.4762 0.0313138
  1.10938   2.61912
  1.11185   1.74314
 0.945166  0.292328
 0.262683     2.027
  2.08536   2.05702
  0.70086   1.32662
  2.17414   1.56319
 0.532789   2.58723
  2.82218   1.01412
  2.15702   1.98456
 0.733317  0.309734
 0.114752    1.0224
  2.42321    2.5718
  2.59951   2.21887
0.0498219     1.424
  1.37655   1.22478
  1.21758   2.13277
  1.99617   1.47679
 0.394226   2.72549
  1.12325  0.709092
   2.8273  0.670529
 0.179309   1.20046
  1.67145   1.81174
  2.63569   1.24674
 0.275434   2.22786
  2.49685 0.00108719
  1.49117   1.40005
  2.47446   1.16088
  2.39004  0.728575
  2.72081  0.798477
   2.5535  0.440263
 0.646747   2.04244
0.0665172   1.19378
 0.974952   1.45444
 0.921443 0.0805399
 0.963638   2.69766
  2.07283   1.92302
 0.355276    1.1859
 0.331716   2.09795
  1.31317  0.900643
   2.4107  0.943049
   2.2893   2.85178
  2.25198   1.60664
 0.173737   1.56929
  2.73054   2.04021
  2.21381  0.994591
  1.85227   2.52399
 0.232943   2.54512
  2.51906    2.0293
  1.88566    2.0191
  2.81339  0.353264
  2.93004    2.2337
 0.414873    2.7464
  1.50002  0.174211
  1.83354  0.517736
  2.12283   2.71013
  2.55103  0.450248
  1.62051   2.57433
  1.09508   2.42103
  2.85015    1.6857
  2.92865  0.893712
   1.1731   1.78097
 0.766124   2.07311
  1.36157   1.53085
  1.52267   2.34928
  2.45044   2.57708
  1.85121  0.570636
  2.65286   2.96639
  2.68844   2.01018
 0.928028   1.86817
  2.08986  0.583108
  1.72452   2.36402
  2.09505   1.39038
  2.63692   2.09101
  0.96558  0.189496
 0.917982   1.19994
0.0159941   1.46796
0.0012744   2.63817
 0.277415  0.542562
  2.33524   2.24914
 0.619889  0.975781
LINKS_SOURCE_DESTINATION_DISTANCE 238
     0      1      1
     0      2      1
     0      4      1
     0      8      1
     0     72      1
     1      0      1
     1     13      1
     1     18      1
     2      0      1
     2      3      1
     2      5      1
     2     21      1
     2     38      1
     2     87      1
     3      2      1
     4      0      1
     4      7      1
     4     12      1
     5      2      1
     5      6      1
     5     20      1
     6      5      1
     6      9      1
     6     11      1
     6     15      1
     6     30      1
     6     65      1
     7      4      1
     7     14      1
     7     16      1
     7     23      1
     7     45      1
     8      0      1
     8     17      1
     8     86      1
     8    105      1
     9      6      1
     9     10      1
     9     50      1
    10      9      1
    11      6      1
    11     34      1
    12      4      1
    12     29      1
    13      1      1
    13     19      1
    13     49      1
    14      7      1
    14     24      1
    14     26      1
    15      6      1
    15     85      1
    15     91      1
    16      7      1
    17      8      1
    17     28      1
    18      1      1
    18     22      1
    18     63      1
    19     13      1
    19     27      1
    19     44      1
    19     51      1
    20      5      1
    20     25      1
    20    104      1
    21      2      1
    21     39      1
    22     18      1
    22     52      1
    22     57      1
    23      7      1
    23     93      1
    23    110      1
    24     14      1
    24     33      1
    24     43      1
    24     96      1
    24    114      1
    25     20      1
    25     41      1
    26     14      1
    26     37      1
    26     64      1
    26     69      1
    26     74      1
    26     80      1
    27     19      1
    27     31      1
    28     17      1
    28     36      1
    28     53      1
    28     68      1
    28     78      1
    29     12      1
    30      6      1
    30     32      1
    30     66      1
    31     27      1
    32     30      1
    33     24      1
    33     60      1
    34     11      1
    34     35      1
    34     42      1
    34     61      1
    35     34      1
    36     28      1
    36     73      1
    36     75      1
    37     26      1
    37     46      1
    37    107      1
    38      2      1
    38     47      1
    38     56      1
    39     21      1
    39     40      1
    39     77      1
    40     39      1
    40     48      1
    41     25      1
    41     71      1
    42     34      1
    43     24      1
    43    116      1
    44     19      1
    45      7      1
    46     37      1
    46    112      1
    47     38      1
    48     40      1
    49     13      1
    49     88      1
    49    101      1
    50      9      1
    50     54      1
    50     58      1
    50     94      1
    50    103      1
    51     19      1
    52     22      1
    53     28      1
    53     55      1
    53    108      1
    54     50      1
    54     62      1
    54    109      1
    55     53      1
    55     67      1
    56     38      1
    56     59      1
    56     89      1
    56     97      1
    57     22      1
    57     81      1
    58     50      1
    59     56      1
    59     70      1
    60     33      1
    61     34      1
    62     54      1
    62     76      1
    62     83      1
    63     18      1
    64     26      1
    65      6      1
    66     30      1
    66     84      1
    66     95      1
    67     55      1
    68     28      1
    69     26      1
    69     79      1
    69     92      1
    70     59      1
    71     41      1
    72      0      1
    73     36      1
    74     26      1
    74     82      1
    75     36      1
    76     62      1
    77     39      1
    78     28      1
    78    117      1
    79     69      1
    79    102      1
    80     26      1
    80     90      1
    80    119      1
    81     57      1
    82     74      1
    83     62      1
    83    111      1
    84     66      1
    85     15      1
    85    113      1
    86      8      1
    87      2      1
    87     99      1
    87    100      1
    88     49      1
    89     56      1
    90     80      1
    91     15      1
    91     98      1
    92     69      1
    93     23      1
    94     50      1
    95     66      1
    96     24      1
    97     56      1
    98     91      1
    99     87      1
    99    115      1
   100     87      1
   101     49      1
   102     79      1
   103     50      1
   104     20      1
   104    106      1
   105      8      1
   106    104      1
   107     37      1
   108     53      1
   109     54      1
   110     23      1
   110    118      1
   111     83      1
   112     46      1
   113     85      1
   114     24      1
   115     99      1
   116     43      1
   117     78      1
   118    110      1
   119     80      1
