COORD_X_Y 70
  2.12719   2.33848
   1.3379   2.31339
  1.27904   2.22742
  2.65478   1.93933
  1.32365   0.15626
 0.632694   2.76098
  1.79542   1.12267
 0.907854   2.43772
  2.47543   1.03732
   1.4127   2.34833
 0.823735   1.68082
  1.53102   2.85864
  2.96057   1.57304
  2.14418   2.45535
  2.91579  0.533026
  2.45313    2.8587
  1.74695    1.7419
  1.24673  0.851375
  1.66598  0.548983
  2.15235   1.05167
 0.422513   1.70619
  2.95874  0.506295
  1.73955   1.69818
  2.01007   1.12125
  2.45289   1.91666
  1.95337   1.77009
  1.30023  0.816354
  2.72669    2.5655
 0.492743   1.71589
 0.433213   2.32601
  2.26151  0.365447
  1.58106   1.02859
  1.34984   1.73357
  2.71328   1.92256
  1.82273   1.46609
  2.60694  0.698617
 0.303262   1.55116
 0.636696   2.90924
  2.90136  0.169778
  2.76138   1.51637
  2.14362   2.41442
  2.75361  0.870404
0.0758939  0.125757
  1.36807   1.78252
  2.23888   2.40781
 0.210847   1.77378
  2.59173   1.59463
  1.14193   1.46433
  1.36095   0.14244
  2.21573  0.690901
  1.34933   2.97446
  1.64103   2.38874
 0.090649    1.7555
 0.113589  0.413701
  2.47284 0.0584341
  2.11933   1.90032
 0.401511  0.594839
0.0555992   2.90886
   1.1024   2.12233
  2.64029   1.62335
 0.307612   1.03244
  1.90812   1.12652
  2.45447   1.99573
 0.707718   2.05408
  1.93881  0.726469
  1.93465   2.39934
 0.518655   2.78048
  2.03274  0.889892
  1.78267  0.761553
  1.36847   1.07175
LINKS_SOURCE_DESTINATION_DISTANCE 138
     0      1      1
     0      3      1
     0     29      1
     0     47      1
     1      0      1
     1      2      1
     1      4      1
     1     23      1
     1     43      1
     1     61      1
     2      1      1
     2      7      1
     2     10      1
     2     16      1
     2     66      1
     3      0      1
     3      6      1
     4      1      1
     4      5      1
     4     45      1
     5      4      1
     5      9      1
     5     12      1
     5     24      1
     5     26      1
     5     34      1
     5     58      1
     6      3      1
     6      8      1
     6     20      1
     6     50      1
     6     63      1
     7      2      1
     8      6      1
     8     13      1
     9      5      1
     9     11      1
    10      2      1
    10     17      1
    10     25      1
    10     32      1
    10     54      1
    11      9      1
    11     64      1
    12      5      1
    12     14      1
    13      8      1
    14     12      1
    14     15      1
    14     27      1
    14     30      1
    15     14      1
    15     19      1
    15     31      1
    15     42      1
    15     51      1
    15     65      1
    16      2      1
    16     18      1
    16     41      1
    16     46      1
    17     10      1
    17     28      1
    17     38      1
    18     16      1
    18     22      1
    19     15      1
    19     21      1
    19     62      1
    20      6      1
    21     19      1
    22     18      1
    22     35      1
    22     67      1
    23      1      1
    23     33      1
    23     49      1
    24      5      1
    24     36      1
    24     40      1
    24     48      1
    25     10      1
    25     44      1
    26      5      1
    27     14      1
    28     17      1
    29      0      1
    29     56      1
    30     14      1
    30     53      1
    31     15      1
    32     10      1
    33     23      1
    34      5      1
    35     22      1
    35     39      1
    36     24      1
    36     37      1
    36     55      1
    37     36      1
    38     17      1
    39     35      1
    40     24      1
    41     16      1
    42     15      1
    42     59      1
    43      1      1
    43     52      1
    44     25      1
    45      4      1
    46     16      1
    47      0      1
    48     24      1
    48     60      1
    49     23      1
    49     69      1
    50      6      1
    51     15      1
    52     43      1
    53     30      1
    54     10      1
    54     68      1
    55     36      1
    55     57      1
    56     29      1
    57     55      1
    58      5      1
    59     42      1
    60     48      1
    61      1      1
    62     19      1
    63      6      1
    64     11      1
    65     15      1
    66      2      1
    67     22      1
    68     54      1
    69     49      1
