COORD_X_Y 15
  1.34263  0.525891
  2.44863   2.42908
  2.61869   2.45864
  1.78645  0.191033
 0.820032  0.659578
  2.51587   1.47659
 0.409015  0.123792
 0.581796  0.296013
  2.67621   2.42446
  1.72463   2.68136
  2.04172  0.682436
  2.65464   2.95987
 0.768068   1.14611
  2.32595   1.07295
  1.13701   1.57784
LINKS_SOURCE_DESTINATION_DISTANCE 28
     0      1      1
     0      4      1
     0      5      1
     1      0      1
     1      2      1
     2      1      1
     2      3      1
     2      8      1
     2     12      1
     3      2      1
     3      9      1
     4      0      1
     4     10      1
     4     11      1
     5      0      1
     5      6      1
     6      5      1
     6      7      1
     6     14      1
     7      6      1
     8      2      1
     8     13      1
     9      3      1
    10      4      1
    11      4      1
    12      2      1
    13      8      1
    14      6      1
