COORD_X_Y 500
 0.885604   1.14111
   1.6471   1.07816
   2.0335   1.29262
  1.84474  0.151859
  1.84519    2.2925
  2.25359   2.60694
  1.79614  0.564335
  1.13367   1.09049
  2.06273   0.36246
 0.126652   1.48367
  1.12663  0.112729
  2.98296   2.26449
 0.039568   2.77379
 0.276378   2.94982
 0.521287   2.35896
  2.85459  0.674223
  2.68105  0.627141
   2.4773   2.96786
 0.887102    2.5753
  2.34518   2.69821
  2.39678    1.6779
 0.852733   2.74568
  1.14189 0.0289731
 0.554099   2.91379
  2.73988   2.04285
  1.65174  0.821107
   1.0913   1.40891
 0.236192   2.82122
  2.57911  0.306138
 0.126849  0.805867
  2.15646   1.26521
  1.53804   1.94571
  2.71993  0.495097
 0.999275   2.91051
  2.71261   0.52705
  2.42653  0.581773
  2.84739  0.437491
  1.93973   2.24298
   2.0782   2.80675
 0.687184   2.89415
  1.74102   1.77878
  1.70545   1.83087
  2.00871  0.366854
  0.70619   2.44088
  2.83654   1.52782
  1.12173  0.872456
 0.278979   2.81616
 0.431667   2.37328
0.0995608   1.91299
  1.84135   2.22307
 0.101782    1.2853
  2.53855  0.361552
  1.60456  0.151351
  1.66016   1.92622
 0.703014  0.905308
 0.452704   1.30737
 0.430638  0.357275
  1.96422   2.12204
  1.17026   1.87397
  2.13352  0.083893
   2.1249   1.46438
 0.259051    2.7242
 0.132991 0.0967456
 0.908095   2.13796
 0.624474  0.610718
  2.07558   2.65469
 0.140103  0.954646
  1.76419 0.0117111
  1.27378   1.67415
  1.86669  0.494899
  1.02786  0.585374
  1.99576   0.27469
  2.21857   2.20893
  1.61817   1.53998
 0.392283 0.0319009
  2.53317   2.04556
   1.5197   2.33978
  2.11805   2.38607
 0.426328   1.08187
 0.694775   2.04232
  1.24197  0.207487
 0.114867   2.61842
   2.2421   1.66362
  1.69393   2.58221
 0.428886  0.600018
 0.756679  0.692858
 0.957528    1.6051
   1.1313   2.56565
 0.898667  0.233413
   2.5206   1.52068
 0.502147   2.53796
  2.89349   2.40971
  2.04217   1.86931
  0.99581   1.98185
   1.3369   2.60564
 0.234366   1.84147
  2.94442  0.146567
  2.92671  0.227719
  2.85156   2.62494
  2.88585   2.06742
  2.04437   1.72686
  1.49891   1.99351
  1.29566   1.30401
  1.77044   2.66306
  2.22036  0.179886
 0.476878   2.57594
  1.17328   1.07348
  2.23552   2.98715
0.0776338   2.32006
  1.42273   2.41235
  2.91273   1.24842
  2.86184   2.39803
   2.7211   2.22928
 0.985526   2.52642
  1.00609   2.21794
   1.7408   2.52149
  2.91911   1.39497
 0.155123   1.06023
  1.52368   2.75102
  1.22012   0.46772
 0.726975   2.13921
  1.50222  0.871312
  2.26552   1.74992
  2.29435  0.824757
 0.112962  0.555297
0.0270498   2.33594
  1.92417  0.936245
  0.23601   1.08551
  1.10096  0.675486
 0.890344   1.11149
  1.63605   2.16219
 0.132822   1.14387
  2.20668   0.51387
 0.314688  0.784458
  1.93676  0.383141
  2.12467   1.13576
 0.693371   1.82881
  2.35804  0.739584
 0.801716    1.9245
  2.88873   1.18032
  2.76754   2.32914
    2.544   1.32108
 0.834296  0.653533
 0.172871  0.184595
  1.60053   2.44996
  1.95371   1.95267
  1.09132  0.689969
 0.945544   2.07545
  2.56449  0.795303
  2.51818  0.589248
   0.8206   2.31144
  1.03207   2.85971
  2.50944   2.59118
 0.499212   2.21859
  1.42102   1.57057
 0.778852   1.07965
0.0506135   2.45183
 0.991331  0.921272
  2.28386    1.8054
 0.728749   2.94853
 0.974787  0.701353
  2.08357   1.06453
 0.828502   1.87116
  0.28113   2.95069
  2.82575  0.900538
  2.44359  0.629016
0.0545229 0.0433779
0.0995344   1.02147
  1.53163   0.54832
  1.64276  0.119783
  1.24795   2.07862
  1.94174  0.860824
  1.43183  0.584582
 0.583172  0.602873
  2.64802   2.42097
  2.63816  0.821872
 0.165253  0.784983
 0.983039   0.27928
  2.89571   1.76007
  1.38721  0.604948
  1.38226   1.69446
  2.40313  0.603125
 0.943586   2.79869
  2.46653   1.75154
  2.99076   2.43979
  2.44129   1.20479
  2.07697   2.17445
  2.58576   2.28322
  2.96892  0.933444
 0.275019   1.42319
  1.56066  0.800353
  2.84246   1.65896
0.0884144   2.80701
 0.817833    1.8667
  2.97666   2.35899
  1.82054  0.530427
 0.619894   1.16151
  2.00044   1.11352
  2.80659   2.58829
  1.46576   1.48226
 0.346007   1.08388
  2.30107   1.05865
  1.99172   2.84014
  1.05985  0.601721
  2.83444   2.57465
 0.347936  0.395979
 0.602044   0.80358
  1.23151   1.62199
 0.575116   2.74136
 0.656449  0.153914
  2.21764  0.460433
  2.36462   1.95723
  1.82538   1.03394
 0.220052  0.327851
  2.41419  0.889905
 0.417275   2.22322
  2.21776   1.86858
  2.76459   2.52238
0.0165465   1.25972
  2.04497   1.58023
 0.748826 0.0436739
  2.04409   2.79097
  2.50296   1.10398
 0.192771   1.91262
 0.291778   1.28474
  1.80369    2.0386
 0.789937  0.201409
  0.51526   1.70526
 0.395813  0.232964
  1.12046   1.89819
  1.70482   1.54365
 0.329361   2.30812
  1.23747    2.6775
 0.399982    1.8614
0.0144159 0.0248232
  1.84445   2.79376
  1.47901   2.68017
0.0506647  0.222884
  2.58052   0.65307
   2.2228   2.53102
 0.554049   2.50144
 0.924629   1.14395
 0.425656   1.46872
  2.89885   2.51038
  1.28921  0.977336
  1.76891 0.0953558
 0.966752   2.25932
 0.709616  0.649827
 0.998871    1.2177
  2.51411  0.862544
 0.530416  0.209875
  2.59375  0.807135
   2.9108   2.22283
  2.98469   2.02915
0.0666123  0.140998
0.0788144   2.03989
  0.94209   1.00119
  1.61923  0.395963
  1.19499   2.57892
  1.32609  0.671699
  1.17052  0.916608
  1.21272   1.10666
  0.23423 0.0555555
  1.03848   2.39073
 0.353035   1.43677
  1.25564   1.12191
 0.438571   0.23938
  1.08688 0.00155319
  1.80561   2.41262
  2.86392  0.297651
 0.766941   1.41119
  2.44865  0.785995
  2.19384   2.77396
   1.0555   2.90012
 0.596704   1.25873
  2.05058  0.940997
  1.17844  0.874509
   1.8729  0.140513
  1.52537  0.445268
 0.353628   2.77571
  1.45403  0.996945
 0.445541    1.0036
  1.03656   2.72583
  2.52261   2.94332
0.0204512   1.74342
  2.98999    1.5332
 0.435637  0.489383
  1.20973   0.33673
  2.81476   1.17328
  2.23074  0.302551
  2.43921   1.35444
  2.69522  0.662872
  1.11559   1.60902
  1.29022  0.620948
  0.12069  0.515125
  1.37543   2.99418
  2.18553  0.450495
  2.34434  0.683564
 0.781431   1.74537
  2.33576  0.192314
 0.814527  0.556942
  2.94356   1.83061
 0.288221  0.394669
  2.19759   2.85384
 0.556309  0.799384
0.0573769    2.6842
  2.52095   2.31545
   1.8378   2.30806
   2.3091   1.75708
   2.0429   1.31691
 0.933423  0.994764
  2.10043   2.51413
  2.15293   1.55739
 0.796462 0.0491149
 0.671149   1.17412
  2.87234   2.16128
  1.34719    2.4341
 0.506046    2.7212
 0.462593   2.57048
 0.564568   2.21975
  2.39812  0.927805
  2.01872     2.512
  1.34149   2.19882
   0.1683   1.39527
  2.27846   1.90558
  1.58039   2.22397
 0.342752     1.606
 0.879062   1.62482
  2.60289   1.47177
  1.52954   2.31149
 0.669882   2.08486
  1.87041   1.35367
   2.3095   1.93337
  1.88604   2.93287
 0.951796  0.136108
  2.36462  0.108044
 0.313548   2.58912
  1.56358   1.71412
  2.41091   1.07165
 0.279109  0.430186
  2.68457    2.4785
   2.5209  0.799395
  2.95023   2.30355
 0.696428   2.28235
 0.991413  0.853067
  2.77208  0.788458
  1.36617   1.46431
  1.28542   2.23389
 0.258055    2.5406
  1.12375   0.25165
   1.2755  0.388817
 0.966802    2.9819
  2.54264   2.51321
  1.40216   2.49771
  1.16177   2.41361
  1.85652   1.41718
  2.35988   2.89353
  2.29778    0.5576
 0.700385  0.545198
 0.617586    1.6254
  2.36207  0.474946
  2.44027  0.532554
  1.93468   1.04923
  1.59366  0.905776
 0.424202  0.437167
  1.94449   1.29525
  1.94118   1.31206
  2.36755     2.719
0.0760664  0.493841
   1.1666   1.11838
 0.972557   2.89248
  2.63404  0.519756
  1.59756   1.78022
  1.95169  0.186919
  2.91592   2.45164
 0.436434   2.01308
 0.364581   2.02884
  0.53332   2.63246
 0.314845   1.07209
 0.323193 0.00712188
 0.548771    1.4628
  2.86281   1.39333
   2.1487    2.0622
  1.01561   2.09763
 0.582208  0.911375
   2.2737  0.621405
  2.06877  0.537425
  2.28535  0.312717
  1.33189  0.334578
  1.42524   1.97343
  1.57289  0.159062
 0.110907  0.968695
  1.38316   1.80864
   1.4239    1.2454
  2.12355   2.88464
 0.327374  0.243011
  2.97287   1.85396
   2.3055   1.97204
  1.86301   2.46689
   2.3878   2.66703
  2.31565   2.42782
  2.90572  0.232227
 0.456052   2.43816
  0.31422  0.442688
  1.25876  0.685202
  1.12403   2.44265
  1.78835   1.96095
  1.34511   2.94711
  1.10366   2.40032
0.0481525  0.038649
  0.74941   1.28763
 0.157981   2.35072
0.0269655     1.981
  2.69317   1.13803
  1.33318   2.65766
  2.72697  0.339056
   1.9797   2.84001
 0.371918  0.532055
 0.355471   2.18496
 0.550007   1.93019
   2.5716  0.727968
 0.334842   1.74629
 0.964988   2.34631
  1.00872  0.522592
  1.42474 0.0162706
  2.24127  0.917987
  1.36801   2.11019
  1.63862  0.494993
  1.95158     1.475
  1.08896   1.95444
 0.625241   1.74591
  2.98612  0.622385
  2.63111  0.207523
  1.18698  0.469108
  2.22845  0.473014
  1.61968    2.0773
 0.190967   2.85768
  1.77359  0.333876
  2.11288    2.0328
  1.34829   1.50986
  1.29384  0.851763
  2.84289   2.03581
  1.90017  0.938424
 0.476833 0.0911123
 0.568031   2.94773
  1.76092   2.74046
  1.36139   1.97279
  2.42844   1.68907
  1.20003   2.20309
   1.8617   2.11427
  2.74773   1.28172
0.0684236   2.89236
  2.32163  0.978078
   1.1217   1.95633
  2.49179  0.192763
 0.411772  0.642499
  2.42266   0.65473
   1.0845 0.0462339
   1.8217 0.0567916
  1.70079   2.52658
 0.789249   2.10496
  2.22319  0.394033
  1.99042    1.6352
  2.46863     2.014
  2.12329  0.175652
  1.43773 0.0400153
  1.54984  0.149545
  1.04596   1.27305
  1.18077   2.74616
 0.439312   0.11894
  1.72699   1.83192
  1.03184 0.0869058
  2.51465  0.362925
  2.48444    1.2118
  2.49975  0.284918
0.0374621   1.38092
  1.93599  0.622198
 0.267275   2.80503
  2.49528   1.18988
 0.482874   1.68226
 0.539344  0.949893
  2.44813   2.05807
 0.523032  0.493582
  2.90096   0.77873
0.00158699   2.21225
  2.14207   2.26313
  1.65423   2.16447
 0.729793   1.13462
  1.89192   1.29293
 0.246207   2.28791
  2.69399  0.329733
 0.656001    1.4319
 0.509393   0.92645
  1.66142   2.28881
  1.64258   1.45275
  2.30001   2.64151
  1.67189   1.53197
  2.28544  0.687336
 0.601379   1.57438
  1.12553   1.91497
LINKS_SOURCE_DESTINATION_DISTANCE 998
     0      1      1
     0      2      1
     0     17      1
     0     31      1
     0     71      1
     0    190      1
     0    197      1
     1      0      1
     1      4      1
     1      5      1
     1     10      1
     1     98      1
     1    114      1
     1    127      1
     2      0      1
     2      3      1
     2      9      1
     2     19      1
     2    112      1
     2    132      1
     2    195      1
     2    281      1
     2    412      1
     3      2      1
     3      8      1
     3    101      1
     3    188      1
     4      1      1
     4     81      1
     4     97      1
     4    152      1
     4    257      1
     5      1      1
     5      6      1
     5      7      1
     6      5      1
     6     35      1
     6    347      1
     6    414      1
     7      5      1
     7     15      1
     7     58      1
     7    108      1
     7    154      1
     7    184      1
     7    308      1
     8      3      1
     8     11      1
     8     14      1
     8     18      1
     8     38      1
     8    142      1
     8    304      1
     9      2      1
     9     22      1
     9     24      1
     9     61      1
     9    334      1
    10      1      1
    10     28      1
    10     30      1
    10     33      1
    10     66      1
    10     76      1
    10    145      1
    10    194      1
    10    394      1
    11      8      1
    11     12      1
    11     13      1
    12     11      1
    12     16      1
    12     41      1
    12    149      1
    13     11      1
    13     20      1
    13     43      1
    13     77      1
    13    119      1
    13    340      1
    14      8      1
    14     26      1
    14    117      1
    14    123      1
    14    310      1
    14    429      1
    14    461      1
    15      7      1
    15     86      1
    15    333      1
    16     12      1
    16     27      1
    16    349      1
    17      0      1
    17     60      1
    17    249      1
    18      8      1
    18     79      1
    18     82      1
    18    121      1
    18    225      1
    18    264      1
    19      2      1
    19     40      1
    19     44      1
    19     57      1
    19    181      1
    19    212      1
    19    253      1
    20     13      1
    20     21      1
    20     32      1
    20    177      1
    20    375      1
    21     20      1
    21     23      1
    21     39      1
    21     42      1
    21     49      1
    21    336      1
    22      9      1
    22     34      1
    22     59      1
    22     67      1
    22     90      1
    22    128      1
    22    438      1
    23     21      1
    23     25      1
    23     36      1
    23     62      1
    23     72      1
    23    290      1
    24      9      1
    24     91      1
    24    171      1
    25     23      1
    25     29      1
    25     37      1
    25     69      1
    26     14      1
    26    141      1
    26    436      1
    27     16      1
    27     47      1
    27    126      1
    28     10      1
    28    288      1
    28    493      1
    29     25      1
    29     55      1
    29    275      1
    30     10      1
    30     70      1
    30    205      1
    30    313      1
    30    473      1
    31      0      1
    31    339      1
    32     20      1
    32     54      1
    32    131      1
    33     10      1
    33     68      1
    34     22      1
    35      6      1
    35     64      1
    36     23      1
    36     52      1
    36    105      1
    37     25      1
    37     51      1
    37     63      1
    37    102      1
    37    165      1
    37    204      1
    38      8      1
    38    159      1
    39     21      1
    39     50      1
    39    231      1
    40     19      1
    41     12      1
    41     78      1
    41    245      1
    42     21      1
    42     45      1
    42    283      1
    43     13      1
    43     46      1
    43     84      1
    43    122      1
    43    222      1
    44     19      1
    44     48      1
    44     74      1
    45     42      1
    46     43      1
    46     53      1
    47     27      1
    47    168      1
    48     44      1
    48    207      1
    48    270      1
    49     21      1
    49     56      1
    49    465      1
    50     39      1
    50    203      1
    51     37      1
    51    444      1
    52     36      1
    52     94      1
    52    148      1
    53     46      1
    53     65      1
    53    135      1
    53    139      1
    53    172      1
    53    250      1
    54     32      1
    54    236      1
    54    287      1
    55     29      1
    56     49      1
    56     75      1
    56    129      1
    56    315      1
    57     19      1
    58      7      1
    58    193      1
    58    369      1
    59     22      1
    59    133      1
    59    224      1
    60     17      1
    61      9      1
    61    118      1
    61    166      1
    61    354      1
    61    440      1
    62     23      1
    62    110      1
    62    196      1
    62    218      1
    62    267      1
    62    279      1
    63     37      1
    63     73      1
    63    338      1
    63    365      1
    64     35      1
    64    352      1
    64    486      1
    65     53      1
    65     96      1
    65    125      1
    65    350      1
    66     10      1
    66    140      1
    66    223      1
    66    243      1
    67     22      1
    67    111      1
    67    124      1
    68     33      1
    68    104      1
    68    106      1
    68    107      1
    68    227      1
    68    496      1
    69     25      1
    69     80      1
    70     30      1
    70    116      1
    70    274      1
    71      0      1
    71     85      1
    72     23      1
    72     95      1
    72    113      1
    72    320      1
    72    331      1
    73     63      1
    73    494      1
    74     44      1
    74    307      1
    74    345      1
    75     56      1
    76     10      1
    77     13      1
    77    472      1
    78     41      1
    78     88      1
    79     18      1
    80     69      1
    80    103      1
    80    147      1
    80    244      1
    81      4      1
    81     83      1
    81     99      1
    82     18      1
    82    248      1
    82    435      1
    83     81      1
    83     89      1
    84     43      1
    84    388      1
    85     71      1
    85    326      1
    85    378      1
    86     15      1
    86     87      1
    87     86      1
    87    489      1
    88     78      1
    88    109      1
    88    138      1
    88    262      1
    89     83      1
    89    130      1
    89    469      1
    90     22      1
    90     92      1
    90    286      1
    91     24      1
    91     93      1
    91    209      1
    91    277      1
    92     90      1
    93     91      1
    94     52      1
    95     72      1
    95    136      1
    96     65      1
    96    360      1
    97      4      1
    97    146      1
    97    155      1
    97    173      1
    98      1      1
    98    115      1
    98    256      1
    99     81      1
    99    100      1
    99    151      1
    99    156      1
   100     99      1
   100    150      1
   100    389      1
   101      3      1
   101    418      1
   102     37      1
   102    324      1
   103     80      1
   103    344      1
   104     68      1
   104    425      1
   105     36      1
   105    137      1
   105    153      1
   105    296      1
   106     68      1
   107     68      1
   107    120      1
   107    241      1
   107    426      1
   108      7      1
   108    158      1
   108    317      1
   109     88      1
   109    164      1
   109    186      1
   110     62      1
   110    160      1
   110    217      1
   110    319      1
   111     67      1
   111    170      1
   111    393      1
   112      2      1
   113     72      1
   114      1      1
   114    402      1
   115     98      1
   115    161      1
   116     70      1
   116    260      1
   116    294      1
   117     14      1
   117    144      1
   118     61      1
   118    215      1
   118    361      1
   118    456      1
   119     13      1
   119    185      1
   120    107      1
   120    332      1
   121     18      1
   121    183      1
   121    299      1
   121    474      1
   122     43      1
   122    189      1
   123     14      1
   123    376      1
   124     67      1
   125     65      1
   125    298      1
   125    322      1
   126     27      1
   127      1      1
   127    143      1
   127    202      1
   128     22      1
   129     56      1
   129    220      1
   130     89      1
   130    182      1
   130    187      1
   130    282      1
   130    405      1
   130    488      1
   131     32      1
   131    206      1
   132      2      1
   132    134      1
   132    273      1
   132    363      1
   133     59      1
   134    132      1
   134    292      1
   134    450      1
   134    477      1
   135     53      1
   135    314      1
   136     95      1
   136    342      1
   137    105      1
   137    163      1
   138     88      1
   138    240      1
   139     53      1
   140     66      1
   140    329      1
   140    464      1
   141     26      1
   141    174      1
   141    232      1
   141    364      1
   142      8      1
   142    157      1
   142    167      1
   142    200      1
   143    127      1
   143    431      1
   144    117      1
   145     10      1
   145    211      1
   146     97      1
   146    198      1
   146    427      1
   147     80      1
   147    476      1
   148     52      1
   149     12      1
   150    100      1
   150    176      1
   151     99      1
   151    295      1
   152      4      1
   153    105      1
   154      7      1
   154    191      1
   155     97      1
   155    162      1
   155    175      1
   156     99      1
   156    178      1
   156    239      1
   157    142      1
   157    179      1
   157    180      1
   158    108      1
   158    348      1
   158    399      1
   159     38      1
   159    303      1
   160    110      1
   160    367      1
   161    115      1
   161    199      1
   161    242      1
   162    155      1
   162    169      1
   162    201      1
   162    229      1
   163    137      1
   164    109      1
   165     37      1
   166     61      1
   167    142      1
   167    247      1
   167    351      1
   168     47      1
   168    300      1
   169    162      1
   170    111      1
   170    238      1
   171     24      1
   172     53      1
   173     97      1
   173    221      1
   173    291      1
   174    141      1
   175    155      1
   175    411      1
   175    449      1
   176    150      1
   176    386      1
   177     20      1
   177    192      1
   178    156      1
   179    157      1
   179    208      1
   179    276      1
   179    280      1
   179    442      1
   180    157      1
   181     19      1
   181    309      1
   181    373      1
   182    130      1
   183    121      1
   183    216      1
   184      7      1
   184    219      1
   185    119      1
   186    109      1
   187    130      1
   188      3      1
   189    122      1
   189    305      1
   189    422      1
   190      0      1
   190    237      1
   190    447      1
   190    475      1
   191    154      1
   191    235      1
   191    278      1
   192    177      1
   192    210      1
   192    362      1
   193     58      1
   193    254      1
   194     10      1
   194    289      1
   194    421      1
   195      2      1
   196     62      1
   197      0      1
   198    146      1
   198    353      1
   198    419      1
   198    453      1
   199    161      1
   200    142      1
   201    162      1
   202    127      1
   202    233      1
   202    255      1
   203     50      1
   203    213      1
   204     37      1
   204    306      1
   205     30      1
   206    131      1
   206    384      1
   207     48      1
   207    261      1
   208    179      1
   208    266      1
   209     91      1
   209    214      1
   209    226      1
   210    192      1
   210    302      1
   211    145      1
   211    263      1
   212     19      1
   212    482      1
   213    203      1
   213    321      1
   214    209      1
   215    118      1
   215    230      1
   215    234      1
   216    183      1
   217    110      1
   217    410      1
   218     62      1
   218    251      1
   219    184      1
   220    129      1
   220    408      1
   221    173      1
   221    246      1
   222     43      1
   222    272      1
   223     66      1
   224     59      1
   224    228      1
   224    372      1
   225     18      1
   225    258      1
   225    403      1
   226    209      1
   226    430      1
   227     68      1
   228    224      1
   228    358      1
   228    377      1
   229    162      1
   229    413      1
   230    215      1
   230    374      1
   231     39      1
   232    141      1
   232    370      1
   233    202      1
   233    293      1
   234    215      1
   234    387      1
   235    191      1
   236     54      1
   236    259      1
   236    383      1
   237    190      1
   237    265      1
   238    170      1
   238    343      1
   238    357      1
   239    156      1
   240    138      1
   241    107      1
   242    161      1
   243     66      1
   243    379      1
   244     80      1
   244    252      1
   245     41      1
   246    221      1
   247    167      1
   247    415      1
   248     82      1
   249     17      1
   249    269      1
   250     53      1
   251    218      1
   252    244      1
   252    462      1
   253     19      1
   253    446      1
   253    468      1
   254    193      1
   254    368      1
   254    433      1
   254    448      1
   255    202      1
   255    406      1
   256     98      1
   256    325      1
   256    439      1
   257      4      1
   257    301      1
   258    225      1
   259    236      1
   259    417      1
   260    116      1
   261    207      1
   261    381      1
   262     88      1
   262    271      1
   263    211      1
   263    371      1
   263    390      1
   264     18      1
   264    268      1
   265    237      1
   266    208      1
   267     62      1
   267    330      1
   267    467      1
   268    264      1
   269    249      1
   269    483      1
   270     48      1
   270    432      1
   271    262      1
   271    457      1
   272    222      1
   273    132      1
   274     70      1
   274    284      1
   274    451      1
   275     29      1
   275    297      1
   275    318      1
   276    179      1
   277     91      1
   277    391      1
   278    191      1
   279     62      1
   280    179      1
   280    335      1
   281      2      1
   281    285      1
   282    130      1
   283     42      1
   283    311      1
   283    312      1
   284    274      1
   285    281      1
   285    366      1
   286     90      1
   287     54      1
   288     28      1
   289    194      1
   289    499      1
   290     23      1
   291    173      1
   292    134      1
   293    233      1
   294    116      1
   294    323      1
   295    151      1
   296    105      1
   297    275      1
   297    392      1
   298    125      1
   298    409      1
   298    458      1
   299    121      1
   299    382      1
   300    168      1
   300    328      1
   300    397      1
   300    400      1
   300    459      1
   301    257      1
   301    316      1
   302    210      1
   302    341      1
   303    159      1
   303    356      1
   304      8      1
   304    423      1
   304    428      1
   305    189      1
   305    495      1
   306    204      1
   307     74      1
   307    454      1
   308      7      1
   309    181      1
   309    401      1
   310     14      1
   310    337      1
   311    283      1
   311    327      1
   312    283      1
   313     30      1
   314    135      1
   315     56      1
   315    452      1
   315    481      1
   316    301      1
   317    108      1
   318    275      1
   319    110      1
   320     72      1
   321    213      1
   322    125      1
   323    294      1
   324    102      1
   324    480      1
   325    256      1
   325    359      1
   326     85      1
   327    311      1
   328    300      1
   328    380      1
   328    385      1
   328    434      1
   329    140      1
   330    267      1
   330    346      1
   331     72      1
   332    120      1
   333     15      1
   334      9      1
   335    280      1
   336     21      1
   337    310      1
   337    404      1
   338     63      1
   339     31      1
   340     13      1
   341    302      1
   342    136      1
   343    238      1
   344    103      1
   345     74      1
   346    330      1
   346    355      1
   347      6      1
   348    158      1
   348    396      1
   348    445      1
   348    492      1
   349     16      1
   350     65      1
   351    167      1
   352     64      1
   353    198      1
   354     61      1
   355    346      1
   356    303      1
   357    238      1
   357    398      1
   358    228      1
   359    325      1
   360     96      1
   361    118      1
   362    192      1
   363    132      1
   364    141      1
   364    460      1
   365     63      1
   366    285      1
   367    160      1
   368    254      1
   369     58      1
   370    232      1
   371    263      1
   372    224      1
   373    181      1
   373    395      1
   373    487      1
   374    230      1
   374    490      1
   375     20      1
   376    123      1
   376    463      1
   377    228      1
   378     85      1
   379    243      1
   380    328      1
   381    261      1
   381    416      1
   382    299      1
   382    470      1
   383    236      1
   383    491      1
   384    206      1
   385    328      1
   386    176      1
   387    234      1
   387    455      1
   388     84      1
   389    100      1
   390    263      1
   391    277      1
   392    297      1
   393    111      1
   393    441      1
   394     10      1
   395    373      1
   396    348      1
   396    484      1
   397    300      1
   398    357      1
   399    158      1
   400    300      1
   400    420      1
   401    309      1
   401    437      1
   402    114      1
   403    225      1
   404    337      1
   405    130      1
   405    407      1
   406    255      1
   407    405      1
   408    220      1
   409    298      1
   410    217      1
   411    175      1
   412      2      1
   413    229      1
   414      6      1
   415    247      1
   416    381      1
   417    259      1
   418    101      1
   419    198      1
   419    424      1
   420    400      1
   421    194      1
   422    189      1
   422    479      1
   423    304      1
   424    419      1
   425    104      1
   426    107      1
   427    146      1
   428    304      1
   429     14      1
   430    226      1
   430    443      1
   431    143      1
   432    270      1
   432    466      1
   433    254      1
   434    328      1
   435     82      1
   436     26      1
   437    401      1
   438     22      1
   439    256      1
   440     61      1
   441    393      1
   442    179      1
   443    430      1
   444     51      1
   445    348      1
   446    253      1
   447    190      1
   448    254      1
   449    175      1
   450    134      1
   451    274      1
   452    315      1
   453    198      1
   454    307      1
   455    387      1
   456    118      1
   457    271      1
   458    298      1
   459    300      1
   459    497      1
   460    364      1
   461     14      1
   462    252      1
   463    376      1
   464    140      1
   465     49      1
   466    432      1
   467    267      1
   468    253      1
   468    471      1
   469     89      1
   470    382      1
   471    468      1
   471    485      1
   472     77      1
   473     30      1
   474    121      1
   475    190      1
   476    147      1
   476    478      1
   477    134      1
   478    476      1
   479    422      1
   480    324      1
   481    315      1
   482    212      1
   483    269      1
   484    396      1
   485    471      1
   486     64      1
   487    373      1
   488    130      1
   489     87      1
   490    374      1
   490    498      1
   491    383      1
   492    348      1
   493     28      1
   494     73      1
   495    305      1
   496     68      1
   497    459      1
   498    490      1
   499    289      1
