COORD_X_Y 50
  1.66818   2.18532
  2.23295   2.42654
  2.46189   1.10774
  2.27619   1.29978
  2.99451    2.9436
  1.29148  0.923895
 0.173036  0.465389
  2.25841 0.0358477
  1.09897   1.06881
  2.37556   1.92675
 0.377597  0.309961
  1.00935  0.605637
  2.83132   0.52645
  1.24428   2.53955
 0.835346   2.88152
 0.169592 0.0203474
  1.13854  0.600475
 0.584516  0.351557
 0.561712  0.615899
  1.27125   2.57493
  1.77077   2.22538
 0.551721   1.43236
  2.76986   2.48083
  1.23125   2.20801
  1.59033    1.8839
  1.33571  0.136962
 0.896971   2.46849
 0.974398    2.2708
  1.14479  0.760223
 0.261102 0.0835797
 0.506471   2.97042
0.0655793   2.10752
 0.986918   2.83076
  2.22687   1.22005
 0.720587   2.29206
  2.73196   2.44016
  1.05904  0.573261
 0.392965   1.35111
 0.221246   1.63716
  1.49996  0.942739
  1.73609    1.8095
  1.74123    2.0868
   2.7181  0.156801
  1.94172    1.3268
 0.797337   2.32091
  2.55691   1.08974
  2.99355   1.06498
  2.47158   2.98038
  1.78122  0.170628
 0.819437   2.98426
LINKS_SOURCE_DESTINATION_DISTANCE 228
     0      1      1
     0      2      1
     0      7      1
     0     15      1
     0     24      1
     0     34      1
     0     41      1
     0     43      1
     1      0      1
     1      5      1
     1      6      1
     1     21      1
     1     31      1
     2      0      1
     2      3      1
     2      4      1
     2      5      1
     2      7      1
     2      8      1
     2     10      1
     2     12      1
     2     13      1
     2     20      1
     2     25      1
     2     37      1
     2     40      1
     3      2      1
     3      4      1
     3      5      1
     3      6      1
     3     10      1
     3     11      1
     3     16      1
     3     19      1
     4      2      1
     4      3      1
     4      8      1
     4      9      1
     4     13      1
     4     42      1
     5      1      1
     5      3      1
     5      2      1
     5     14      1
     5     16      1
     5     22      1
     5     24      1
     5     28      1
     5     42      1
     6      1      1
     6      3      1
     6     12      1
     6     29      1
     6     32      1
     6     46      1
     7      0      1
     7      2      1
     7      8      1
     7     11      1
     7     12      1
     7     29      1
     7     30      1
     8      7      1
     8      4      1
     8      2      1
     8      9      1
     8     25      1
     8     28      1
     8     30      1
     8     33      1
     8     38      1
     8     40      1
     9      8      1
     9      4      1
     9     40      1
    10      2      1
    10      3      1
    10     17      1
    10     20      1
    10     34      1
    10     41      1
    11      7      1
    11      3      1
    12      2      1
    12      7      1
    12      6      1
    12     14      1
    12     19      1
    12     36      1
    12     37      1
    12     46      1
    12     47      1
    13      2      1
    13      4      1
    13     18      1
    14     12      1
    14      5      1
    14     15      1
    14     17      1
    14     26      1
    15      0      1
    15     14      1
    15     22      1
    16      5      1
    16      3      1
    16     23      1
    16     26      1
    16     29      1
    17     14      1
    17     10      1
    17     18      1
    17     21      1
    17     22      1
    17     39      1
    18     17      1
    18     13      1
    18     20      1
    18     33      1
    18     34      1
    18     37      1
    19     12      1
    19      3      1
    19     26      1
    19     38      1
    19     44      1
    19     45      1
    20      2      1
    20     18      1
    20     10      1
    20     23      1
    20     35      1
    20     44      1
    21     17      1
    21      1      1
    21     49      1
    22     15      1
    22      5      1
    22     17      1
    22     27      1
    22     45      1
    22     47      1
    23     16      1
    23     20      1
    23     24      1
    23     32      1
    24     23      1
    24      0      1
    24      5      1
    24     31      1
    25      8      1
    25      2      1
    25     27      1
    25     46      1
    26     19      1
    26     14      1
    26     16      1
    26     31      1
    26     43      1
    26     47      1
    27     22      1
    27     25      1
    27     38      1
    28      8      1
    28      5      1
    28     32      1
    28     33      1
    28     48      1
    29     16      1
    29      6      1
    29      7      1
    30      8      1
    30      7      1
    30     41      1
    31      1      1
    31     26      1
    31     24      1
    32     23      1
    32     28      1
    32      6      1
    33     28      1
    33      8      1
    33     18      1
    34      0      1
    34     18      1
    34     10      1
    34     35      1
    35     20      1
    35     34      1
    35     36      1
    35     48      1
    36     12      1
    36     35      1
    37     18      1
    37      2      1
    37     12      1
    37     39      1
    38     27      1
    38     19      1
    38      8      1
    39     17      1
    39     37      1
    39     49      1
    40      9      1
    40      2      1
    40      8      1
    41     30      1
    41     10      1
    41      0      1
    41     49      1
    42      4      1
    42      5      1
    43     26      1
    43      0      1
    44     20      1
    44     19      1
    45     19      1
    45     22      1
    46      6      1
    46     12      1
    46     25      1
    47     22      1
    47     12      1
    47     26      1
    48     35      1
    48     28      1
    49     41      1
    49     39      1
    49     21      1
