COORD_X_Y 65
 0.923872  0.369804
  2.99332   1.19932
  1.17884   2.65852
   2.5147   1.33291
  1.25701     2.503
    2.225    2.7027
  2.22299   2.25739
 0.740753  0.479251
  1.58435   2.66507
  2.97245   1.84725
 0.108502   2.46714
0.0513266   1.60211
 0.384464   1.43214
  2.95702   1.45714
  1.10042   2.90821
  2.10372  0.505796
  2.23651  0.265754
  1.03525   1.36026
  1.61878   2.76695
 0.627448  0.978448
  2.47418   1.62138
  1.54543  0.611206
  1.79305   2.48702
 0.906875   2.58486
  1.16368  0.352358
 0.963619   2.34268
 0.540017  0.252509
 0.478702   1.17938
  1.64154   1.38409
 0.879273  0.832821
  2.51471  0.569107
  2.31266   1.56497
  2.00458  0.675265
  1.62995    1.5506
  2.12758   2.33743
  1.03406  0.559167
  2.31756   1.86258
  1.93855  0.869157
 0.015243   0.87484
  1.59223  0.804236
  1.35715     1.565
 0.497445  0.157057
   1.9187    1.2313
0.0112892   1.62837
  2.73373   2.52568
  2.18636   1.12553
   2.8331    0.5295
 0.440184   1.02213
  1.81324   1.78442
  1.70273   2.93571
  1.43596    1.5742
  2.95748    2.7761
  2.69353  0.363482
 0.696607 0.0814862
 0.489383   2.95503
  2.94472  0.726896
  2.56429   1.06864
 0.452798   2.88845
 0.171358  0.336016
  1.66523   1.82005
  0.41389  0.238642
  2.67254    0.6402
  2.93111   2.09149
  1.57239   2.63379
 0.329708  0.403695
LINKS_SOURCE_DESTINATION_DISTANCE 128
     0      1      1
     0      2      1
     0      3      1
     0     12      1
     0     33      1
     0     36      1
     1      0      1
     2      0      1
     2      4      1
     2      5      1
     2      7      1
     2     24      1
     2     28      1
     3      0      1
     3      8      1
     3     19      1
     3     20      1
     4      2      1
     4     22      1
     4     25      1
     4     48      1
     5      2      1
     5      6      1
     5     13      1
     5     31      1
     5     64      1
     6      5      1
     6      9      1
     6     10      1
     6     26      1
     6     55      1
     7      2      1
     7     11      1
     7     37      1
     8      3      1
     8     16      1
     8     17      1
     8     18      1
     8     35      1
     8     51      1
     9      6      1
    10      6      1
    11      7      1
    11     14      1
    11     23      1
    12      0      1
    12     32      1
    12     40      1
    13      5      1
    13     15      1
    13     21      1
    13     27      1
    14     11      1
    14     38      1
    14     54      1
    14     59      1
    15     13      1
    16      8      1
    16     29      1
    16     46      1
    17      8      1
    18      8      1
    18     53      1
    19      3      1
    19     30      1
    20      3      1
    21     13      1
    22      4      1
    23     11      1
    23     44      1
    24      2      1
    24     45      1
    25      4      1
    25     34      1
    26      6      1
    27     13      1
    28      2      1
    28     39      1
    28     41      1
    28     57      1
    29     16      1
    30     19      1
    30     50      1
    31      5      1
    32     12      1
    33      0      1
    33     43      1
    34     25      1
    35      8      1
    36      0      1
    37      7      1
    38     14      1
    39     28      1
    40     12      1
    41     28      1
    41     42      1
    41     49      1
    41     56      1
    42     41      1
    43     33      1
    43     62      1
    44     23      1
    45     24      1
    45     47      1
    46     16      1
    46     63      1
    47     45      1
    47     60      1
    48      4      1
    49     41      1
    50     30      1
    51      8      1
    51     52      1
    52     51      1
    53     18      1
    53     61      1
    54     14      1
    55      6      1
    55     58      1
    56     41      1
    57     28      1
    58     55      1
    59     14      1
    60     47      1
    61     53      1
    62     43      1
    63     46      1
    64      5      1
