COORD_X_Y 700
 0.141958  0.876192
   2.0161   1.64301
 0.484222  0.675405
 0.482512   1.43567
  2.86323   2.00626
 0.374842   1.12513
  1.21427  0.642145
  2.73423   2.25255
  2.63429  0.219858
  1.29131   2.14602
  2.31598  0.804294
  2.23567  0.478578
 0.625064   1.52982
  2.69515   1.85924
  1.74872   2.57559
  1.24003  0.359126
 0.956879   0.52471
  1.44185 0.0237234
  1.49216   1.55632
  1.06799   2.82675
  2.51974  0.692958
  1.01151   2.12431
  2.05359   2.24317
 0.528031   1.16793
  2.18128    1.7331
  2.36338   2.38096
 0.584841   2.58338
  1.97218   1.34588
 0.766691  0.706804
  1.59104   1.53843
  1.53101   2.93824
  2.38389  0.543947
  2.79882    0.1883
  2.03387   1.01775
  2.50654  0.271537
  2.01126   2.97063
  1.65625   1.55615
 0.508551  0.891919
  1.87617    1.0986
  2.93634  0.825231
  2.91959   2.89736
  1.58279   1.57217
 0.516235  0.568051
  1.46112  0.305445
  1.21612  0.364668
  2.95617  0.764234
0.0867473 0.0924087
  1.50537   1.75824
  0.93117  0.378417
  2.57071   2.60329
  1.79429   2.61444
  2.71003   2.37278
  1.78148   1.65083
  2.99404  0.569998
  2.27789   2.10387
  1.58005  0.208224
  2.51771 0.0251775
 0.537225   1.17536
  1.79982   1.58692
  1.70968     1.436
  2.69716   2.22881
  1.50189  0.771981
  2.46121   1.56305
  1.73796   2.55247
  2.35791  0.344095
  1.20612   2.22665
  1.30925  0.515785
  1.77328   1.51009
  2.03861   1.16163
 0.537707  0.320292
  2.80946   1.04018
 0.654615  0.803098
  1.17031   1.90767
  1.66665  0.382369
  1.94789  0.994837
  2.84994    2.1916
  1.24383   1.42906
 0.286838   2.78046
  1.63269   2.64372
  1.41329  0.299838
  1.59401  0.960024
  2.34183  0.236562
  2.24055 0.0108864
  1.73633   1.97904
  2.55572  0.761692
  1.15745   1.93885
 0.362782 0.0774577
  1.02939   2.35966
 0.584801   1.88406
  1.66208   1.21634
  1.35202   2.99312
  2.42972   2.06851
 0.380263   2.82799
 0.372345  0.327866
 0.349417    1.5112
 0.782619   1.00221
 0.190551   2.29405
0.00689187   2.75527
  1.73762   1.44726
 0.720545   1.15278
  2.34597   1.63853
  2.74761  0.453438
  1.37171   2.47584
   2.8355  0.521755
 0.364315   2.87868
  1.32619   0.73012
  1.38233   2.23115
  1.69315   1.20368
   1.3647  0.757428
   2.8086   2.20934
   2.1755  0.334649
  1.16322 0.0370459
  2.67221   1.89874
  2.54967   2.06221
  1.80624 0.0348802
 0.677297   2.53851
  1.08077  0.154305
 0.506807   2.06969
  1.04882   1.69331
  2.26074   2.73957
  2.64608   2.93134
  1.26717   1.12776
  1.28692  0.572812
 0.401201 0.00621377
  2.40726   2.37135
  1.52416   1.59638
 0.845369  0.785014
  1.02004 0.0390535
   2.1629   2.86187
  1.96395  0.503486
 0.152263   2.21509
  1.18762   2.03544
  2.38182  0.508958
  2.84782   1.47896
  2.39502  0.799296
  2.78856 0.0811743
 0.808745   2.38153
 0.932669 0.0235663
  1.96131    2.6384
 0.459959  0.743821
  1.08062  0.747764
  2.35812  0.621622
   2.4907  0.168195
  2.25927  0.230719
  1.19241  0.840707
  0.49726   1.21001
 0.102929   2.60751
  2.52224   1.40467
 0.604106    1.5313
 0.379159  0.715358
 0.573838   1.14912
 0.132922  0.901117
 0.992087  0.450415
 0.606098   1.94792
 0.508838  0.271916
  2.90675   1.63394
  2.82902   2.47308
 0.318161   1.07804
0.0719904    1.7251
 0.606999  0.530246
  1.36805 0.0884331
  1.64109   2.68317
  1.59178   1.18101
  1.63167   2.00939
 0.980194   0.66887
  0.67091   1.19035
  2.97407   1.94781
  1.54168   2.18015
  1.45872   1.88387
  1.30494   0.24974
  2.52213  0.395248
 0.245702   2.61449
 0.887112   2.52425
  1.03027   2.30092
  2.63006    1.5854
 0.726792   2.08147
  2.03414   2.28532
 0.532376   2.23579
  1.96581    2.2083
0.0356812  0.437412
  1.10616   2.48081
 0.676267   1.14077
  1.03047   1.47807
 0.491727  0.942775
  2.52487   2.86494
  1.76316   1.11175
  2.73178   2.94049
 0.142855   1.69025
  2.33957   2.38545
   1.9528  0.322164
  2.25239  0.740533
  1.35977   1.26998
  2.91141   2.94189
 0.235659  0.403547
   2.3737   2.73489
  1.72194   1.76557
  1.59621   1.07735
 0.677236  0.532281
 0.199743  0.673738
 0.956121  0.444158
  1.07864    0.5421
   1.4397   1.28174
  2.28969  0.329958
 0.441775 0.0731412
  1.24655   1.58699
     2.55   1.85341
  1.39209   1.30925
  2.47087   2.21574
 0.139462   2.86381
  2.70349   2.39256
 0.162183 0.00480282
  1.81805   2.64194
  2.22843  0.988388
 0.348214  0.528165
  1.36895   2.08851
 0.590829   2.38933
  1.06209   1.30945
   1.3987   2.75875
  1.42452  0.164841
 0.841499   2.30716
  1.03572   2.84835
  2.13735  0.124239
  1.21394  0.346123
 0.517007   2.53506
   1.9886   0.34468
  1.54651  0.948187
  1.86699  0.213593
  1.91981   2.77841
  0.81631  0.339471
  1.00329  0.459966
  1.67646   1.02199
  2.54155   2.77257
  0.40155   2.91745
 0.220683  0.919085
  2.97867  0.796155
  1.65344   2.85402
  2.20134   1.42341
   1.6572  0.421851
  2.68946   1.52713
  2.00089   1.76116
  1.41696    2.3505
  2.54425   1.72531
 0.402258    1.4214
  2.09603  0.525439
 0.468901     2.502
  2.83222  0.459758
 0.367689   2.75269
  1.28659  0.771017
 0.192459  0.341189
 0.391094   2.25963
  2.58796   1.84905
  1.95644  0.981362
 0.323333   2.55144
   2.4072   2.67724
  2.99808   1.14347
  1.94378   2.98823
0.0360019   2.87295
  2.39591   1.22045
 0.813596   1.66787
  2.44398   0.19537
  2.13259  0.922867
 0.757999   2.31469
  1.03004   1.04076
  1.37265   2.11006
 0.358406   1.83574
  2.11558    2.7382
  2.12569   1.69921
  2.05529  0.336978
 0.641385   2.72768
 0.859952   1.15547
  1.50052   1.86381
  1.22522  0.281817
  1.95688  0.337944
  2.17375   1.00163
 0.482205   1.86911
 0.595421  0.725383
  1.46593   2.63619
 0.495421   2.21587
  2.98788   2.86911
 0.053553   1.79672
 0.268488 0.0828873
 0.210809   1.74168
  1.78536   1.23051
  2.81687   1.61759
  2.40896   2.60868
  2.04543  0.900319
  1.90424  0.246417
  2.92035   2.96822
  1.17781   2.63109
  1.13563   1.08163
  2.98356   2.30177
  2.26805   1.08324
  2.17314  0.581382
  2.51648   1.25189
  2.25113   1.37851
  2.54145   1.36033
  2.39784   2.10788
  0.36418   2.45446
  2.50166   2.14817
  1.67559   1.44671
 0.923331 0.0673025
  2.50979   1.86052
  2.81749    1.9324
  1.58576   1.07819
  2.28414  0.517071
 0.375579   2.99606
  2.72776  0.646943
  1.37564   1.25209
  2.12175   1.73878
  1.63858   1.39246
  1.83834   2.81502
  2.61759  0.407701
0.0792787  0.550054
   1.8963   2.33209
 0.690345   2.02743
  2.07269   1.36496
 0.598912   1.82598
  1.70305   2.69357
   2.5433   2.96548
   1.4018   2.06263
  2.29796   1.93593
  1.15879  0.818328
 0.247065   1.91513
  1.12527   2.51419
  1.38383   1.96168
 0.558606   0.62826
  0.16384    2.2628
 0.966929   1.04671
   2.9381  0.459146
 0.250672  0.946035
 0.123229   2.81749
 0.141248   2.97269
  2.67186   1.61195
  2.58962   0.33237
  1.83396    2.3191
 0.920591   2.06577
  1.34846   2.95559
 0.802391 0.0968668
 0.762787   2.17412
  2.24605   2.42911
0.0811788   2.14837
 0.281276   1.42426
  1.07591  0.916118
  2.10918  0.855197
  1.50681   2.05676
  2.71241  0.234817
  1.06799   1.37924
  2.55575   0.23195
  2.84941  0.307728
  1.86107   1.24592
 0.475356   2.93348
  2.14393   2.04217
  2.59947   2.95993
 0.252558   1.78708
 0.603688   2.63459
 0.974669  0.796363
  1.24686   1.95477
 0.836084 0.0449106
 0.362728  0.895973
 0.767069  0.157391
0.0370683   1.67842
 0.312073   1.61018
  2.63182    1.0752
  1.11131   1.43057
 0.975653    2.4661
  2.58603  0.123178
   1.4894   2.45541
 0.957291   2.62301
 0.730127   2.28399
  1.76692   1.95796
 0.138926   2.00523
  2.90472    2.6084
 0.821143   1.69211
 0.585515   1.35593
  2.83444   1.33139
 0.424144   1.78609
 0.255822   2.19647
  2.96423   1.42149
  1.18759   2.35339
 0.862527   2.97268
0.0362934 0.0908419
  1.48007   1.69673
  1.25811   1.10623
  1.98251   1.83652
  1.96239   1.26108
  1.18742 0.0297796
 0.109293   2.46732
  2.34496   2.65549
 0.104777   2.00306
   2.1931   1.89935
   1.7279  0.133467
   1.8979   1.94875
  2.00298   1.78691
 0.892407   0.56542
  1.19986   2.97352
  2.47273   1.92608
  2.37534  0.162354
  2.62893   1.01966
  1.06729   2.06725
  1.12311   0.82549
 0.225841   2.31651
   2.4291  0.119948
  2.91466  0.173788
 0.722478    0.9649
  1.02901  0.666264
 0.188961   1.01477
  1.83904   1.22145
  1.09802   2.08826
  1.65934   2.44211
  1.28669   1.71741
 0.655526  0.588747
 0.991061   2.47582
   2.6809     2.678
  1.82801   2.12612
  2.77478   1.62921
  1.39451   1.19666
  1.12223  0.142296
  2.20083   1.61027
   0.7509   0.23436
  0.75267  0.762028
 0.852273  0.303435
  1.13279   2.34733
  1.77712   2.78038
  0.69401   2.22548
 0.615812  0.225159
  1.22748     2.673
  2.03446   2.72034
 0.617543    1.2207
 0.922395    1.1501
  2.95368  0.962763
  2.47398   1.90243
  1.72018   1.98423
  1.49568   2.15263
  2.04482   2.70154
 0.732991    1.8664
 0.904248   2.82035
  2.61123  0.881832
  1.46788   2.29572
  1.58774   1.10984
  2.32606   1.64391
  2.30345  0.544904
  2.62217   2.42754
  1.66833    1.7057
  2.38104   2.39922
 0.496493   2.55718
  1.12565   2.90623
  1.05105  0.021297
 0.110134  0.198849
 0.461743  0.761853
 0.990198  0.439077
  2.48334    0.2311
  1.67082   1.85665
  1.91137  0.131684
  2.26674    1.7504
0.0539788    1.6949
 0.436898    2.5777
 0.637498   2.98256
 0.528946   1.28622
  2.56641   1.87667
 0.147638   2.40454
  2.14715 0.0960226
  1.57413   2.73168
 0.618116   1.79222
  1.32032   2.95365
  1.70947  0.585511
  2.35784    2.2507
  1.38905   2.16147
  1.86068   1.59569
 0.102228  0.421718
 0.538138   2.30447
  2.57997   1.21127
  2.46661  0.858099
  2.10113  0.414493
  2.31534  0.383221
  2.79256   2.24108
   1.1107  0.661071
 0.528491   2.88929
  1.23618   1.22288
  1.29044   1.71643
 0.599074   1.93313
0.0181436   1.15918
0.0128161 0.0378751
  2.08709   2.45862
  1.11573  0.410724
 0.202475   2.71085
 0.493766   2.25481
  1.36788  0.541262
  1.54578   1.66716
  2.82202    1.8974
  1.36874   1.64021
 0.214233   2.65363
 0.218507   0.97418
  2.36437   2.85964
  1.61876   2.64235
  2.08569    1.9536
    1.658   0.19539
 0.447107   2.31485
  2.02807  0.271691
  2.05388  0.572268
  2.98969   1.69337
  1.23148   2.21219
  1.66746  0.836881
  1.03815   2.38462
  2.41125   1.17617
   1.6728   1.67421
  1.44607   2.94318
  1.87122   2.77233
   1.0619  0.214966
0.0186988   2.14361
 0.281699    1.4393
 0.770978 0.0159981
  2.40393   1.04058
  1.68318  0.777606
  2.66068  0.629193
  0.23624  0.392816
  2.86721   1.59152
  1.03494  0.572066
 0.715625   2.63649
  0.83529  0.668827
  2.84465   1.31595
  2.42419  0.657079
  1.81435   2.61678
  1.68779  0.348724
 0.617375   2.44091
  2.67537  0.968957
  2.02435  0.877597
 0.257931 0.0988594
 0.255828   2.63041
 0.508366   2.76489
 0.573764    1.3733
  1.39126  0.816559
  2.66226  0.660951
 0.270455   1.72862
  2.23535  0.154444
  1.15264   1.59587
 0.668113   1.08849
 0.513773   0.49919
  2.23505   2.34909
  2.59451   2.63494
 0.423124  0.594396
   1.9258   1.98838
  1.92924   2.65444
 0.396132   1.49036
  1.47658  0.240724
  1.43223 0.0778932
   1.6124   1.29358
 0.592636   2.46367
 0.224418  0.709339
  1.38109  0.311372
  0.84055  0.392213
  2.21611   1.30093
  2.46142  0.683053
  2.28156   2.56092
  2.18793   1.10087
  1.78303  0.796327
  1.62261   2.15767
 0.203388   1.31403
  2.43485  0.280619
  1.58881   2.34366
 0.123196   2.94388
  2.78766  0.298725
  1.35931  0.756153
  1.96414   2.14978
  2.05815  0.590451
  1.77649   1.30547
  1.61072   1.86229
  2.16764   1.24977
  1.23266  0.695592
  2.69845  0.995898
  1.39391   2.20009
  1.30453  0.944801
  1.65732   0.62421
  2.43973   2.64514
  1.51577   1.24999
  1.71338   0.97424
 0.693405  0.966352
  1.66415  0.449608
 0.714301   1.41611
  2.99957  0.381509
 0.896166    1.0907
   1.9354   2.38635
 0.243285   1.13458
   2.1361   1.90271
 0.778653   1.22136
  2.83131   1.50086
  1.32066   1.56445
  1.27789   2.97713
  1.95167   1.50995
 0.803683   1.33824
 0.532646   1.00364
  2.58164   2.49825
 0.775408    0.8031
  1.39057   2.15233
  2.22094   2.03147
 0.662733   0.67289
0.0764312   1.50148
  1.07915  0.927082
  2.31255   1.28054
  1.83707  0.254489
 0.498394  0.219194
  1.36155    2.6002
  1.08831   2.08133
 0.640262   1.36544
 0.937063  0.596807
  1.70664   2.62801
 0.454607   2.91338
  2.68733  0.904146
  2.22546   1.07469
  2.49487   2.16951
 0.306554  0.334211
0.00506014   2.66351
  1.56658   1.95834
   1.7842   1.29241
  1.49489  0.530484
  1.37367   1.36795
  1.55797   2.18615
  2.11753  0.636009
   2.6065    1.3709
  2.66987  0.553683
  2.29473  0.509671
  2.09836   1.31774
  2.00788   2.77547
  2.28286   1.98068
  2.58607   2.89366
  1.52248   1.12769
  1.49989   2.74054
 0.533003  0.406214
  1.80624   1.90666
 0.717969   2.49785
  2.07263    1.1074
  1.41675   2.19631
   2.2549   1.70642
  1.61964   2.90636
   1.3327   1.28929
  1.94113   1.69344
  1.61139   2.65198
   1.8245   1.05521
 0.423162   1.25261
  1.25068   2.84273
 0.538893   2.28296
  2.38327   1.27806
 0.836227   2.58168
  1.26286  0.524737
 0.875206   2.20361
  1.32655   2.59683
  2.42142   2.58963
  1.29837   2.17767
  1.98152    2.9958
 0.649945   2.08075
  2.84121   2.26353
  1.93754   1.97832
  1.96499   2.51245
  2.44075 0.0412579
  1.95873   1.53426
  0.06325 0.0943643
 0.172558  0.409554
  1.36402   2.30868
  2.15274    2.3093
  2.36048   2.90303
  1.46954  0.617005
 0.524763   2.77246
  0.28915  0.740597
  1.01865   1.39717
 0.925121 0.0137138
  2.29703  0.494364
   1.8946   2.54005
  1.09127   1.58053
 0.858551  0.471106
   2.8558   1.86681
  1.55028   1.49735
  2.44237  0.760143
  2.70124   2.65663
  1.09625   2.44804
 0.954651   1.24591
 0.431165  0.606741
 0.023988   1.67303
  1.32141   1.02474
 0.147249   2.44062
  2.41662   2.95711
  1.97462   2.11614
 0.764729   2.06171
  1.55227  0.765305
 0.134067  0.273155
  2.44989   2.03785
  1.48603   2.64299
  1.58469    2.2229
 0.284372   2.11917
  1.79374   1.32986
  1.79949  0.277852
  2.69918    2.3352
 0.415202  0.991303
  1.55454   2.63639
 0.091739  0.673851
  1.36299   1.67773
  1.07675  0.906355
  1.03221   1.42897
 0.627774  0.183466
 0.749977  0.160204
  2.12703   1.03027
  1.18066   2.72214
LINKS_SOURCE_DESTINATION_DISTANCE 1398
     0      1      1
     0      2      1
     0    101      1
     0    102      1
     0    122      1
     0    417      1
     1      0      1
     1      9      1
     1    125      1
     1    203      1
     2      0      1
     2      3      1
     2      7      1
     2      8      1
     2     10      1
     2     18      1
     2     24      1
     2     26      1
     2     36      1
     2     56      1
     2     70      1
     2    123      1
     2    177      1
     3      2      1
     3      4      1
     3     11      1
     3     19      1
     3     52      1
     3    171      1
     3    194      1
     3    265      1
     3    486      1
     4      3      1
     4      5      1
     4     14      1
     4    143      1
     4    566      1
     5      4      1
     5      6      1
     5     16      1
     5     23      1
     5     31      1
     5    132      1
     6      5      1
     6     15      1
     6     17      1
     6     21      1
     6     29      1
     6     32      1
     6     73      1
     6     78      1
     6    289      1
     7      2      1
     7     12      1
     7     20      1
     7     34      1
     7     46      1
     7     98      1
     7    251      1
     7    517      1
     7    519      1
     8      2      1
     8     13      1
     8     28      1
     8     43      1
     8     74      1
     8     82      1
     8     92      1
     8    162      1
     9      1      1
     9     37      1
     9    320      1
     9    547      1
    10      2      1
    10     69      1
    10     76      1
    10    431      1
    11      3      1
    11     65      1
    11    260      1
    11    415      1
    12      7      1
    12     45      1
    12     84      1
    12    185      1
    12    244      1
    13      8      1
    13     40      1
    13     41      1
    13    469      1
    14      4      1
    14    137      1
    15      6      1
    15     22      1
    15    151      1
    15    215      1
    16      5      1
    16    103      1
    16    323      1
    16    414      1
    17      6      1
    17     39      1
    17     94      1
    17    117      1
    17    161      1
    18      2      1
    18    118      1
    18    141      1
    18    582      1
    19      3      1
    19     42      1
    19    238      1
    19    274      1
    20      7      1
    20     25      1
    20    257      1
    20    408      1
    21      6      1
    21    165      1
    21    198      1
    21    264      1
    22     15      1
    22     81      1
    22    107      1
    22    329      1
    23      5      1
    23    616      1
    24      2      1
    24     30      1
    24    279      1
    25     20      1
    25     27      1
    25     95      1
    25    136      1
    25    608      1
    26      2      1
    26     51      1
    26     83      1
    26    108      1
    26    144      1
    26    278      1
    27     25      1
    27     35      1
    27    239      1
    28      8      1
    28     33      1
    28     49      1
    29      6      1
    29    488      1
    30     24      1
    30     38      1
    30     54      1
    30    299      1
    31      5      1
    31     68      1
    32      6      1
    32     50      1
    32    601      1
    33     28      1
    33     47      1
    33    114      1
    33    159      1
    33    293      1
    33    334      1
    33    572      1
    34      7      1
    34     44      1
    34     91      1
    34    180      1
    34    441      1
    35     27      1
    35     64      1
    35    254      1
    35    516      1
    36      2      1
    36    163      1
    36    277      1
    37      9      1
    37     88      1
    37    201      1
    38     30      1
    38    104      1
    38    109      1
    38    218      1
    38    468      1
    38    520      1
    38    689      1
    39     17      1
    39    685      1
    40     13      1
    41     13      1
    41     59      1
    42     19      1
    42     55      1
    42    236      1
    43      8      1
    44     34      1
    44     71      1
    44     86      1
    44    121      1
    44    146      1
    44    368      1
    44    495      1
    45     12      1
    45     80      1
    45    120      1
    45    298      1
    45    339      1
    45    366      1
    45    484      1
    46      7      1
    46     57      1
    47     33      1
    47     48      1
    47    319      1
    47    449      1
    48     47      1
    48    650      1
    49     28      1
    49     62      1
    49    149      1
    49    175      1
    49    358      1
    49    483      1
    49    699      1
    50     32      1
    50     53      1
    50     60      1
    50    190      1
    50    308      1
    50    674      1
    51     26      1
    51     77      1
    51    129      1
    51    221      1
    51    243      1
    51    603      1
    52      3      1
    52     66      1
    52    140      1
    52    266      1
    52    453      1
    52    500      1
    52    636      1
    53     50      1
    53     58      1
    53    158      1
    53    363      1
    54     30      1
    54     79      1
    54    590      1
    55     42      1
    55    374      1
    56      2      1
    56     72      1
    56    209      1
    56    336      1
    56    614      1
    56    653      1
    57     46      1
    57    184      1
    57    392      1
    57    541      1
    58     53      1
    58    309      1
    59     41      1
    59     99      1
    59    632      1
    60     50      1
    60     61      1
    60     67      1
    60     75      1
    60     87      1
    60    508      1
    61     60      1
    61    128      1
    61    138      1
    61    200      1
    61    226      1
    61    296      1
    61    648      1
    61    649      1
    62     49      1
    62     63      1
    63     62      1
    63    105      1
    63    156      1
    63    197      1
    63    228      1
    63    425      1
    64     35      1
    64    139      1
    65     11      1
    65    193      1
    65    230      1
    66     52      1
    66     89      1
    66    152      1
    66    253      1
    66    439      1
    67     60      1
    67    398      1
    68     31      1
    68    395      1
    69     10      1
    69    217      1
    70      2      1
    70    157      1
    70    438      1
    71     44      1
    71     96      1
    71    286      1
    72     56      1
    72    166      1
    72    496      1
    72    589      1
    73      6      1
    73     90      1
    73    150      1
    74      8      1
    74    176      1
    75     60      1
    75    153      1
    75    225      1
    76     10      1
    76    116      1
    76    127      1
    76    345      1
    76    577      1
    76    668      1
    77     51      1
    78      6      1
    78    182      1
    78    206      1
    78    672      1
    79     54      1
    79    354      1
    79    606      1
    80     45      1
    80    133      1
    80    155      1
    80    272      1
    81     22      1
    81    130      1
    81    134      1
    82      8      1
    82    113      1
    82    205      1
    82    346      1
    82    389      1
    82    443      1
    83     26      1
    83     85      1
    83    294      1
    84     12      1
    84    188      1
    84    359      1
    85     83      1
    85    106      1
    85    240      1
    85    565      1
    86     44      1
    86     97      1
    86    100      1
    86    147      1
    87     60      1
    87     93      1
    87    213      1
    87    445      1
    88     37      1
    88    124      1
    88    356      1
    88    404      1
    89     66      1
    90     73      1
    90    211      1
    90    513      1
    91     34      1
    91    489      1
    92      8      1
    92    170      1
    93     87      1
    93    212      1
    93    295      1
    94     17      1
    94    615      1
    95     25      1
    95    633      1
    96     71      1
    96    145      1
    96    148      1
    96    168      1
    96    174      1
    97     86      1
    97    115      1
    97    173      1
    97    318      1
    97    692      1
    98      7      1
    98    256      1
    98    376      1
    99     59      1
    99    110      1
   100     86      1
   100    196      1
   101      0      1
   101    199      1
   101    498      1
   102      0      1
   102    186      1
   102    202      1
   103     16      1
   103    160      1
   103    506      1
   104     38      1
   104    231      1
   105     63      1
   105    111      1
   105    164      1
   105    494      1
   105    546      1
   106     85      1
   106    169      1
   107     22      1
   107    317      1
   107    474      1
   108     26      1
   108    112      1
   108    241      1
   108    262      1
   109     38      1
   109    119      1
   109    470      1
   110     99      1
   110    249      1
   111    105      1
   111    126      1
   111    416      1
   111    509      1
   111    524      1
   112    108      1
   112    510      1
   113     82      1
   113    378      1
   114     33      1
   114    365      1
   114    397      1
   115     97      1
   115    430      1
   116     76      1
   116    360      1
   116    411      1
   117     17      1
   117    135      1
   117    219      1
   117    220      1
   117    448      1
   118     18      1
   118    227      1
   118    451      1
   119    109      1
   120     45      1
   120    167      1
   120    327      1
   121     44      1
   121    214      1
   122      0      1
   122    142      1
   122    210      1
   122    420      1
   123      2      1
   124     88      1
   124    235      1
   124    372      1
   124    403      1
   125      1      1
   126    111      1
   126    183      1
   126    229      1
   127     76      1
   127    131      1
   127    427      1
   127    463      1
   128     61      1
   128    224      1
   128    412      1
   129     51      1
   129    311      1
   130     81      1
   131    127      1
   131    207      1
   132      5      1
   132    371      1
   132    556      1
   133     80      1
   133    458      1
   134     81      1
   134    314      1
   135    117      1
   136     25      1
   137     14      1
   137    271      1
   138     61      1
   139     64      1
   140     52      1
   141     18      1
   141    654      1
   142    122      1
   142    472      1
   143      4      1
   143    347      1
   144     26      1
   144    394      1
   144    465      1
   145     96      1
   145    442      1
   145    461      1
   146     44      1
   146    268      1
   146    282      1
   146    303      1
   146    501      1
   147     86      1
   147    179      1
   147    623      1
   148     96      1
   149     49      1
   149    192      1
   150     73      1
   150    348      1
   151     15      1
   151    154      1
   151    195      1
   151    618      1
   152     66      1
   153     75      1
   153    344      1
   153    558      1
   154    151      1
   154    321      1
   154    535      1
   154    560      1
   155     80      1
   155    181      1
   156     63      1
   156    619      1
   157     70      1
   157    172      1
   157    576      1
   158     53      1
   158    367      1
   158    637      1
   159     33      1
   159    189      1
   159    656      1
   160    103      1
   160    245      1
   160    304      1
   160    629      1
   161     17      1
   162      8      1
   162    387      1
   163     36      1
   164    105      1
   164    187      1
   165     21      1
   165    369      1
   166     72      1
   166    250      1
   166    537      1
   166    562      1
   167    120      1
   167    305      1
   167    355      1
   167    529      1
   168     96      1
   168    222      1
   168    270      1
   168    555      1
   168    569      1
   168    578      1
   168    652      1
   169    106      1
   170     92      1
   171      3      1
   171    380      1
   171    464      1
   172    157      1
   172    178      1
   172    452      1
   172    530      1
   173     97      1
   173    481      1
   174     96      1
   174    312      1
   175     49      1
   175    191      1
   175    233      1
   175    340      1
   176     74      1
   176    675      1
   177      2      1
   177    258      1
   177    263      1
   178    172      1
   178    252      1
   179    147      1
   179    204      1
   179    423      1
   180     34      1
   180    285      1
   181    155      1
   182     78      1
   182    322      1
   182    373      1
   182    435      1
   183    126      1
   184     57      1
   184    383      1
   184    492      1
   185     12      1
   185    232      1
   185    353      1
   185    426      1
   186    102      1
   186    593      1
   187    164      1
   187    499      1
   188     84      1
   188    208      1
   189    159      1
   189    428      1
   189    473      1
   190     50      1
   190    280      1
   191    175      1
   191    234      1
   191    287      1
   191    330      1
   191    579      1
   191    651      1
   192    149      1
   192    216      1
   192    418      1
   193     65      1
   194      3      1
   195    151      1
   196    100      1
   196    275      1
   196    310      1
   197     63      1
   198     21      1
   199    101      1
   199    248      1
   199    332      1
   200     61      1
   200    255      1
   200    379      1
   201     37      1
   201    223      1
   201    671      1
   202    102      1
   203      1      1
   204    179      1
   205     82      1
   206     78      1
   207    131      1
   207    246      1
   208    188      1
   209     56      1
   209    349      1
   209    515      1
   209    662      1
   210    122      1
   210    350      1
   210    665      1
   211     90      1
   211    595      1
   212     93      1
   212    267      1
   212    335      1
   212    550      1
   212    585      1
   212    622      1
   213     87      1
   213    487      1
   213    545      1
   214    121      1
   214    462      1
   214    647      1
   215     15      1
   215    399      1
   215    568      1
   216    192      1
   216    658      1
   216    696      1
   217     69      1
   217    528      1
   217    678      1
   218     38      1
   218    237      1
   218    284      1
   219    117      1
   219    596      1
   219    695      1
   220    117      1
   221     51      1
   221    419      1
   222    168      1
   222    292      1
   222    493      1
   223    201      1
   224    128      1
   224    361      1
   224    384      1
   225     75      1
   226     61      1
   226    290      1
   227    118      1
   227    247      1
   227    429      1
   228     63      1
   228    300      1
   228    316      1
   229    126      1
   230     65      1
   231    104      1
   231    281      1
   232    185      1
   233    175      1
   234    191      1
   234    571      1
   234    666      1
   235    124      1
   235    273      1
   235    602      1
   235    682      1
   236     42      1
   236    288      1
   236    328      1
   237    218      1
   237    326      1
   237    680      1
   238     19      1
   238    331      1
   239     27      1
   239    242      1
   240     85      1
   241    108      1
   241    259      1
   242    239      1
   242    401      1
   243     51      1
   243    341      1
   244     12      1
   244    592      1
   245    160      1
   246    207      1
   247    227      1
   247    261      1
   247    422      1
   248    199      1
   249    110      1
   250    166      1
   250    315      1
   251      7      1
   252    178      1
   252    283      1
   253     66      1
   253    269      1
   254     35      1
   254    291      1
   254    583      1
   255    200      1
   256     98      1
   257     20      1
   257    475      1
   258    177      1
   258    388      1
   258    433      1
   258    476      1
   259    241      1
   259    375      1
   259    563      1
   260     11      1
   261    247      1
   261    364      1
   261    659      1
   262    108      1
   263    177      1
   263    297      1
   263    534      1
   264     21      1
   264    391      1
   265      3      1
   266     52      1
   267    212      1
   268    146      1
   268    276      1
   269    253      1
   269    621      1
   270    168      1
   271    137      1
   271    306      1
   271    444      1
   272     80      1
   273    235      1
   273    406      1
   273    480      1
   274     19      1
   274    405      1
   275    196      1
   276    268      1
   276    313      1
   276    337      1
   276    338      1
   277     36      1
   277    432      1
   278     26      1
   278    333      1
   279     24      1
   280    190      1
   280    543      1
   281    231      1
   282    146      1
   282    325      1
   283    252      1
   283    324      1
   283    539      1
   284    218      1
   284    307      1
   285    180      1
   285    409      1
   286     71      1
   286    302      1
   286    343      1
   286    490      1
   287    191      1
   287    471      1
   288    236      1
   289      6      1
   289    301      1
   290    226      1
   290    352      1
   290    424      1
   290    628      1
   290    690      1
   291    254      1
   291    362      1
   291    393      1
   292    222      1
   292    527      1
   293     33      1
   294     83      1
   294    644      1
   295     93      1
   295    437      1
   296     61      1
   297    263      1
   298     45      1
   298    673      1
   299     30      1
   299    640      1
   300    228      1
   300    504      1
   301    289      1
   302    286      1
   303    146      1
   303    396      1
   304    160      1
   305    167      1
   305    357      1
   306    271      1
   306    342      1
   306    460      1
   307    284      1
   308     50      1
   309     58      1
   309    436      1
   309    523      1
   310    196      1
   311    129      1
   312    174      1
   312    525      1
   312    664      1
   313    276      1
   313    502      1
   314    134      1
   315    250      1
   315    410      1
   315    446      1
   316    228      1
   317    107      1
   317    591      1
   318     97      1
   319     47      1
   320      9      1
   321    154      1
   322    182      1
   323     16      1
   323    549      1
   324    283      1
   324    385      1
   325    282      1
   325    386      1
   325    456      1
   326    237      1
   326    370      1
   326    607      1
   327    120      1
   328    236      1
   328    351      1
   328    581      1
   328    599      1
   329     22      1
   330    191      1
   331    238      1
   331    377      1
   332    199      1
   333    278      1
   334     33      1
   334    512      1
   334    667      1
   335    212      1
   336     56      1
   336    390      1
   337    276      1
   338    276      1
   339     45      1
   340    175      1
   341    243      1
   342    306      1
   343    286      1
   344    153      1
   344    548      1
   345     76      1
   345    538      1
   346     82      1
   346    698      1
   347    143      1
   348    150      1
   349    209      1
   350    210      1
   351    328      1
   352    290      1
   352    559      1
   353    185      1
   354     79      1
   355    167      1
   355    669      1
   356     88      1
   357    305      1
   357    381      1
   358     49      1
   358    485      1
   359     84      1
   360    116      1
   360    450      1
   361    224      1
   361    467      1
   361    567      1
   362    291      1
   362    382      1
   362    597      1
   363     53      1
   363    447      1
   363    457      1
   363    532      1
   363    688      1
   364    261      1
   364    522      1
   365    114      1
   366     45      1
   367    158      1
   367    586      1
   368     44      1
   369    165      1
   370    326      1
   371    132      1
   372    124      1
   372    466      1
   373    182      1
   373    407      1
   373    421      1
   374     55      1
   375    259      1
   376     98      1
   377    331      1
   378    113      1
   379    200      1
   380    171      1
   380    627      1
   381    357      1
   381    400      1
   381    413      1
   382    362      1
   383    184      1
   383    536      1
   383    646      1
   384    224      1
   385    324      1
   385    459      1
   386    325      1
   387    162      1
   388    258      1
   389     82      1
   389    477      1
   390    336      1
   391    264      1
   391    663      1
   392     57      1
   393    291      1
   394    144      1
   395     68      1
   396    303      1
   397    114      1
   398     67      1
   398    626      1
   399    215      1
   399    402      1
   399    455      1
   400    381      1
   401    242      1
   401    505      1
   401    684      1
   402    399      1
   403    124      1
   403    613      1
   404     88      1
   404    617      1
   405    274      1
   406    273      1
   407    373      1
   408     20      1
   409    285      1
   409    478      1
   409    514      1
   410    315      1
   411    116      1
   412    128      1
   413    381      1
   413    434      1
   413    612      1
   414     16      1
   415     11      1
   415    497      1
   415    507      1
   416    111      1
   416    574      1
   417      0      1
   417    482      1
   417    533      1
   418    192      1
   418    491      1
   419    221      1
   420    122      1
   421    373      1
   421    575      1
   421    594      1
   422    247      1
   423    179      1
   424    290      1
   425     63      1
   426    185      1
   427    127      1
   428    189      1
   428    561      1
   429    227      1
   430    115      1
   431     10      1
   432    277      1
   433    258      1
   434    413      1
   435    182      1
   436    309      1
   437    295      1
   437    551      1
   438     70      1
   438    440      1
   439     66      1
   440    438      1
   441     34      1
   442    145      1
   443     82      1
   444    271      1
   444    557      1
   445     87      1
   445    454      1
   446    315      1
   447    363      1
   448    117      1
   448    642      1
   449     47      1
   450    360      1
   451    118      1
   452    172      1
   452    526      1
   453     52      1
   454    445      1
   455    399      1
   456    325      1
   457    363      1
   458    133      1
   459    385      1
   460    306      1
   460    518      1
   461    145      1
   461    697      1
   462    214      1
   463    127      1
   463    531      1
   463    686      1
   464    171      1
   464    544      1
   465    144      1
   465    600      1
   466    372      1
   466    611      1
   467    361      1
   467    503      1
   468     38      1
   469     13      1
   470    109      1
   471    287      1
   472    142      1
   473    189      1
   474    107      1
   475    257      1
   475    479      1
   475    661      1
   476    258      1
   476    677      1
   477    389      1
   478    409      1
   479    475      1
   480    273      1
   480    552      1
   480    610      1
   481    173      1
   482    417      1
   483     49      1
   484     45      1
   485    358      1
   486      3      1
   487    213      1
   487    605      1
   488     29      1
   488    542      1
   488    553      1
   489     91      1
   489    511      1
   489    609      1
   490    286      1
   491    418      1
   492    184      1
   493    222      1
   494    105      1
   495     44      1
   496     72      1
   496    687      1
   497    415      1
   498    101      1
   499    187      1
   500     52      1
   501    146      1
   501    573      1
   502    313      1
   503    467      1
   504    300      1
   505    401      1
   506    103      1
   506    564      1
   506    604      1
   507    415      1
   508     60      1
   509    111      1
   510    112      1
   510    587      1
   511    489      1
   511    635      1
   512    334      1
   512    540      1
   513     90      1
   514    409      1
   515    209      1
   516     35      1
   516    521      1
   516    691      1
   517      7      1
   518    460      1
   519      7      1
   519    584      1
   520     38      1
   521    516      1
   521    634      1
   522    364      1
   523    309      1
   524    111      1
   525    312      1
   526    452      1
   526    630      1
   527    292      1
   528    217      1
   529    167      1
   530    172      1
   530    554      1
   531    463      1
   532    363      1
   533    417      1
   534    263      1
   534    670      1
   535    154      1
   536    383      1
   537    166      1
   538    345      1
   539    283      1
   540    512      1
   541     57      1
   542    488      1
   543    280      1
   544    464      1
   544    681      1
   545    213      1
   546    105      1
   547      9      1
   548    344      1
   549    323      1
   550    212      1
   551    437      1
   552    480      1
   553    488      1
   553    624      1
   554    530      1
   555    168      1
   556    132      1
   556    679      1
   557    444      1
   558    153      1
   559    352      1
   560    154      1
   561    428      1
   562    166      1
   562    638      1
   563    259      1
   563    639      1
   564    506      1
   565     85      1
   566      4      1
   566    570      1
   567    361      1
   567    580      1
   567    631      1
   568    215      1
   569    168      1
   570    566      1
   571    234      1
   572     33      1
   573    501      1
   574    416      1
   575    421      1
   576    157      1
   577     76      1
   578    168      1
   579    191      1
   580    567      1
   580    694      1
   581    328      1
   582     18      1
   582    620      1
   583    254      1
   584    519      1
   585    212      1
   586    367      1
   587    510      1
   587    588      1
   587    641      1
   588    587      1
   589     72      1
   590     54      1
   591    317      1
   591    643      1
   592    244      1
   592    598      1
   593    186      1
   594    421      1
   595    211      1
   596    219      1
   596    693      1
   597    362      1
   598    592      1
   598    657      1
   599    328      1
   600    465      1
   601     32      1
   602    235      1
   603     51      1
   604    506      1
   605    487      1
   606     79      1
   607    326      1
   608     25      1
   608    683      1
   609    489      1
   610    480      1
   611    466      1
   612    413      1
   613    403      1
   613    625      1
   614     56      1
   615     94      1
   615    660      1
   616     23      1
   617    404      1
   618    151      1
   619    156      1
   620    582      1
   620    655      1
   621    269      1
   622    212      1
   623    147      1
   624    553      1
   625    613      1
   626    398      1
   627    380      1
   628    290      1
   629    160      1
   629    645      1
   630    526      1
   631    567      1
   632     59      1
   633     95      1
   634    521      1
   635    511      1
   636     52      1
   637    158      1
   638    562      1
   639    563      1
   640    299      1
   641    587      1
   642    448      1
   643    591      1
   644    294      1
   645    629      1
   646    383      1
   647    214      1
   648     61      1
   649     61      1
   650     48      1
   651    191      1
   652    168      1
   653     56      1
   654    141      1
   655    620      1
   656    159      1
   657    598      1
   658    216      1
   659    261      1
   660    615      1
   661    475      1
   662    209      1
   663    391      1
   664    312      1
   665    210      1
   666    234      1
   667    334      1
   668     76      1
   669    355      1
   670    534      1
   671    201      1
   672     78      1
   673    298      1
   674     50      1
   674    676      1
   675    176      1
   676    674      1
   677    476      1
   678    217      1
   679    556      1
   680    237      1
   681    544      1
   682    235      1
   683    608      1
   684    401      1
   685     39      1
   686    463      1
   687    496      1
   688    363      1
   689     38      1
   690    290      1
   691    516      1
   692     97      1
   693    596      1
   694    580      1
   695    219      1
   696    216      1
   697    461      1
   698    346      1
   699     49      1
