COORD_X_Y 25
  2.42763   2.49959
  2.92874  0.331003
  1.16096 0.0537635
  2.24256   2.03421
 0.297051   2.44757
  1.64632    1.6371
  1.67215   2.88907
  0.01651   2.06062
  2.89558   1.81179
0.0154956   1.73247
 0.204466  0.166774
 0.580121  0.293778
 0.285094   1.19972
 0.504685  0.639205
  1.09972  0.504853
  1.87642   1.56037
  2.12567   1.59633
 0.514949   1.31762
 0.115028   1.16644
  1.68539   1.57232
 0.201563   1.90189
  2.60886   2.88308
  2.06937    2.8248
   2.9534  0.717803
  2.75733   2.22024
LINKS_SOURCE_DESTINATION_DISTANCE 48
     0      1      1
     0      3      1
     0      4      1
     1      0      1
     1      2      1
     2      1      1
     2      5      1
     2      8      1
     2     11      1
     2     21      1
     2     22      1
     3      0      1
     3      7      1
     3     18      1
     4      0      1
     4      6      1
     4     24      1
     5      2      1
     5      9      1
     5     16      1
     6      4      1
     7      3      1
     7     10      1
     8      2      1
     9      5      1
     9     19      1
    10      7      1
    10     12      1
    11      2      1
    12     10      1
    12     13      1
    12     15      1
    13     12      1
    13     14      1
    14     13      1
    15     12      1
    15     17      1
    16      5      1
    17     15      1
    18      3      1
    18     20      1
    19      9      1
    20     18      1
    21      2      1
    21     23      1
    22      2      1
    23     21      1
    24      4      1
