COORD_X_Y 25
  1.89999   1.21416
  1.35296   1.61314
 0.869657   1.16269
   1.6684   0.82883
  2.08003  0.533798
 0.754751 0.00444501
  1.05751    1.9691
 0.743414  0.137973
  2.90182  0.120697
 0.196087    2.4942
  2.43722   2.02752
 0.608498  0.484761
  1.96913   2.28375
 0.447954   2.91906
 0.891621   2.88401
 0.331949   1.27843
  1.37412  0.488545
 0.132972   1.63595
  0.63964  0.675805
 0.519823   1.93667
  2.17913  0.212827
  1.50861   1.13255
0.0200531   1.03527
0.0385395   0.58577
  1.71283  0.982865
LINKS_SOURCE_DESTINATION_DISTANCE 48
     0      1      1
     0      6      1
     0      8      1
     0     15      1
     1      0      1
     1      2      1
     1      5      1
     1     20      1
     2      1      1
     2      3      1
     2     11      1
     2     24      1
     3      2      1
     3      4      1
     3      9      1
     3     23      1
     4      3      1
     4     18      1
     5      1      1
     5      7      1
     5     12      1
     6      0      1
     6     10      1
     6     17      1
     7      5      1
     8      0      1
     8     14      1
     8     19      1
     9      3      1
     9     16      1
    10      6      1
    10     13      1
    11      2      1
    12      5      1
    12     22      1
    13     10      1
    14      8      1
    15      0      1
    16      9      1
    17      6      1
    18      4      1
    19      8      1
    19     21      1
    20      1      1
    21     19      1
    22     12      1
    23      3      1
    24      2      1
