COORD_X_Y 15
  1.28957   1.95595
 0.424666   1.46588
 0.313729  0.716932
  2.20202    1.4396
   2.7037  0.898857
  1.97699 0.00437047
  2.43821  0.237096
  1.22322   1.71246
  1.39314   1.51968
 0.145524  0.829082
 0.257099  0.603518
 0.346739   2.84859
  1.51026   1.16203
  2.42242    2.3426
 0.664305   1.71494
LINKS_SOURCE_DESTINATION_DISTANCE 28
     0      1      1
     0      2      1
     0      4      1
     0      8      1
     1      0      1
     1      3      1
     1      5      1
     1      6      1
     2      0      1
     2     11      1
     2     12      1
     3      1      1
     3     10      1
     3     13      1
     4      0      1
     5      1      1
     6      1      1
     6      7      1
     7      6      1
     8      0      1
     8      9      1
     9      8      1
    10      3      1
    10     14      1
    11      2      1
    12      2      1
    13      3      1
    14     10      1
