COORD_X_Y 150
   2.8828   2.62202
  2.46127   1.80806
 0.338395   1.55041
 0.696511  0.765466
  1.04395  0.357321
  2.82251   0.18538
  2.06315   1.53515
 0.780365   2.76551
  1.63654   1.08414
  1.29939  0.707377
 0.347007 0.0898911
  2.01447   2.98941
 0.883918   2.09156
 0.640769   2.38782
  1.76902   1.29466
  2.37278  0.212553
 0.447701   1.10713
   1.1889   2.38487
   1.0723   2.57943
  1.33012   2.14518
 0.915572   1.92046
 0.513689  0.260257
 0.231238  0.832096
 0.615085   0.61334
  2.34134   2.80987
  1.53498   2.06615
   2.6695  0.694042
  2.21442  0.213654
  1.07597  0.686333
  2.44239   1.87237
  2.50151   1.27764
 0.749116  0.179378
 0.611456  0.620705
  2.18399   2.75372
  1.33244  0.853113
 0.286982   1.67685
  2.20088   2.95261
  2.30977  0.316889
  1.52945   2.92787
  2.48552   1.36903
   2.0965  0.243411
  1.67659   2.13399
  2.44488   2.55589
0.0538715   1.09482
  1.59592   1.89802
  0.87242   1.71698
 0.809437   2.68044
   1.7521   2.39193
   2.0392  0.129101
  2.63246   2.72482
   2.2502   2.80921
 0.513448   2.55882
  1.95147   2.01507
  1.67174   2.22576
  2.37689   2.77613
 0.955667    1.9776
  1.80339   1.71066
  2.36979    2.5132
 0.716184   1.92406
  2.22645  0.339002
  1.93971 0.00180197
  2.08611 0.0926211
  2.13376  0.592001
0.0368052   2.08429
   1.6763   2.27605
  1.23042   2.66608
 0.111668   0.17624
  1.07301   1.51603
  1.86931  0.624165
  2.74539   2.41843
 0.585536   2.96858
  2.58003   2.46254
 0.847821   2.30243
  2.52784   2.02485
 0.558648  0.977627
  1.71634   1.64438
  1.01149  0.541071
  2.98533   1.63604
 0.969931  0.193207
  1.65749  0.806297
  1.39434  0.583557
  1.07724   1.56169
   1.8095  0.267544
0.0329744   1.11149
 0.180467   2.80135
  0.61206  0.736662
    2.042   1.13195
 0.585614   2.20481
  2.04698  0.902128
  1.39677    1.7601
  1.00313   2.73212
  2.93956   2.08057
  2.49616   1.28582
 0.319308  0.690216
  2.95236   2.06081
  2.76042   2.51792
0.0539735   2.93161
  1.88387  0.657023
 0.719344   1.92311
 0.232745  0.778934
 0.885605   2.83713
0.0872449   1.56622
  1.34952   1.57757
  1.89264   1.91734
 0.515537   1.39736
  2.54066    2.2864
  2.44352   0.91891
 0.213194   1.40518
   1.7626   1.30371
  2.76966  0.889447
 0.496965   0.22913
 0.562507   1.33622
 0.995428   1.47745
  2.78796   1.79609
 0.973359   2.90775
  1.41284   2.28535
 0.555244 0.0252936
 0.458999   2.44409
  2.38176   0.34557
 0.819695   2.02231
  2.41537   2.35121
 0.263603   1.43482
 0.862303   2.42352
  1.65551   2.45059
 0.297931  0.535656
 0.390628   1.71289
  2.65297   1.71665
  2.74025   1.28779
 0.238717   1.35896
   1.7863   2.73928
  1.13635   1.92375
  1.87167   1.00261
  1.85023   2.92653
 0.518013 0.0132445
 0.697887   2.64365
 0.468858   2.59377
  1.57043  0.209895
   1.7465 0.00532776
  1.11198  0.674717
  1.30342   1.15324
  2.21559    2.3945
  1.71919   2.90459
  2.13765  0.855219
  2.47967  0.314079
  2.40171   1.40682
 0.473151   1.03107
  2.34123   1.56877
  2.38312   1.79829
  0.80178   1.33231
  1.60054  0.938049
LINKS_SOURCE_DESTINATION_DISTANCE 298
     0      1      1
     0      4      1
     0     12      1
     0     39      1
     0     64      1
     1      0      1
     1      2      1
     1      3      1
     1      5      1
     1      8      1
     1    122      1
     2      1      1
     2      6      1
     2     40      1
     3      1      1
     3      7      1
     3     10      1
     3     11      1
     3     19      1
     3     26      1
     3     54      1
     3     61      1
     3     81      1
     4      0      1
     4     31      1
     4     35      1
     4     38      1
     5      1      1
     5     14      1
     5     44      1
     5     51      1
     5     73      1
     6      2      1
     6     16      1
     6     34      1
     6    103      1
     7      3      1
     7     17      1
     7     45      1
     8      1      1
     8      9      1
     8     69      1
     9      8      1
     9    123      1
    10      3      1
    10     13      1
    10     27      1
    10     67      1
    10     96      1
    11      3      1
    11     18      1
    11     30      1
    11    133      1
    12      0      1
    12     20      1
    12     21      1
    12     41      1
    13     10      1
    13    100      1
    14      5      1
    14     15      1
    14     24      1
    14     25      1
    14     79      1
    14    105      1
    15     14      1
    15    130      1
    16      6      1
    16     32      1
    16     47      1
    17      7      1
    17     23      1
    18     11      1
    18     33      1
    18     78      1
    19      3      1
    19     22      1
    19     49      1
    20     12      1
    20     29      1
    21     12      1
    21     28      1
    21     60      1
    21     76      1
    21    136      1
    22     19      1
    23     17      1
    23     37      1
    23    109      1
    24     14      1
    24     59      1
    24    108      1
    25     14      1
    25     50      1
    25     84      1
    26      3      1
    26     77      1
    26    129      1
    27     10      1
    27     36      1
    27    146      1
    28     21      1
    28     55      1
    29     20      1
    30     11      1
    31      4      1
    32     16      1
    32    144      1
    33     18      1
    33     57      1
    33    120      1
    34      6      1
    34     97      1
    34    107      1
    34    124      1
    35      4      1
    36     27      1
    37     23      1
    37     42      1
    37     46      1
    38      4      1
    38     43      1
    38     86      1
    39      0      1
    40      2      1
    40     48      1
    40     68      1
    40     75      1
    40     87      1
    41     12      1
    41     53      1
    41     80      1
    42     37      1
    42     94      1
    43     38      1
    44      5      1
    44    102      1
    44    115      1
    44    116      1
    44    119      1
    45      7      1
    45     56      1
    45    106      1
    46     37      1
    46     58      1
    46    101      1
    46    113      1
    47     16      1
    47     63      1
    48     40      1
    49     19      1
    49     62      1
    49     66      1
    50     25      1
    50     52      1
    51      5      1
    51     82      1
    51    111      1
    52     50      1
    53     41      1
    53     70      1
    54      3      1
    54     92      1
    55     28      1
    55     90      1
    56     45      1
    57     33      1
    57     72      1
    58     46      1
    58     65      1
    58     98      1
    59     24      1
    59     83      1
    60     21      1
    61      3      1
    61    137      1
    62     49      1
    63     47      1
    63     74      1
    64      0      1
    65     58      1
    65     85      1
    65    125      1
    66     49      1
    67     10      1
    67     71      1
    68     40      1
    68    104      1
    69      8      1
    69     88      1
    70     53      1
    71     67      1
    71     93      1
    72     57      1
    73      5      1
    74     63      1
    75     40      1
    76     21      1
    76     99      1
    77     26      1
    78     18      1
    78    118      1
    78    139      1
    79     14      1
    79    127      1
    79    134      1
    80     41      1
    81      3      1
    82     51      1
    82     89      1
    82     91      1
    83     59      1
    83     95      1
    84     25      1
    85     65      1
    86     38      1
    87     40      1
    88     69      1
    88    131      1
    89     82      1
    90     55      1
    90    114      1
    91     82      1
    92     54      1
    93     71      1
    93    132      1
    93    147      1
    94     42      1
    95     83      1
    96     10      1
    96    141      1
    97     34      1
    98     58      1
    98    112      1
    99     76      1
   100     13      1
   100    149      1
   101     46      1
   102     44      1
   103      6      1
   103    117      1
   104     68      1
   105     14      1
   105    121      1
   106     45      1
   106    110      1
   107     34      1
   108     24      1
   108    135      1
   109     23      1
   110    106      1
   111     51      1
   112     98      1
   113     46      1
   113    128      1
   114     90      1
   115     44      1
   116     44      1
   117    103      1
   117    145      1
   118     78      1
   118    140      1
   119     44      1
   120     33      1
   121    105      1
   122      1      1
   122    126      1
   122    138      1
   123      9      1
   124     34      1
   125     65      1
   126    122      1
   127     79      1
   128    113      1
   129     26      1
   130     15      1
   130    142      1
   131     88      1
   132     93      1
   133     11      1
   134     79      1
   135    108      1
   136     21      1
   137     61      1
   138    122      1
   139     78      1
   140    118      1
   141     96      1
   142    130      1
   142    143      1
   143    142      1
   144     32      1
   145    117      1
   146     27      1
   147     93      1
   147    148      1
   148    147      1
   149    100      1
