COORD_X_Y 110
  2.76382  0.536307
  2.30799    1.0962
  2.88034  0.914388
  2.88986   1.03121
  2.23175   1.62003
  1.43976   2.27264
0.0609942 0.0928235
  1.67838   1.90702
  1.09906   2.83979
  1.25589   1.31532
  1.10487  0.154354
 0.755044  0.554231
  2.72296   1.51503
  2.84583   1.91497
   2.6873     2.884
  2.65441   1.80787
 0.234338   1.16054
  1.58365   1.62645
 0.705554   0.68325
 0.966368   1.44739
 0.411739  0.852059
  1.75009   2.16438
  2.77483   2.80306
   2.8394   2.18272
   1.2586  0.563959
 0.819105   2.53077
  2.97121   1.98526
   1.4515   1.62691
  2.39507    1.1208
    2.246  0.582543
  2.33357   2.45007
  2.99654  0.246698
  1.97604 0.0973847
0.00106348    2.3198
 0.842171   0.90985
 0.737711   1.15691
  2.01573   2.27794
   2.5629   1.28255
  2.24609   2.06944
  2.36541  0.497765
 0.126791  0.136591
   1.2233   1.10013
  2.76146  0.359145
  1.54674  0.631951
  1.79377  0.824189
 0.770371   2.25314
  0.83936  0.259087
 0.638715   0.54621
    2.352   2.89336
 0.139197  0.640777
  2.00347   1.39983
  1.51598  0.112664
  2.94167  0.666421
0.0435934    2.7285
  1.24214   1.08772
  1.74443   2.64636
  1.31673   2.67174
 0.533213  0.356583
  2.31244   2.08688
  2.78819   1.13817
   1.1364   2.44189
 0.724151 0.0629429
 0.157969   1.84715
 0.784589   0.99884
0.0332444   1.55725
 0.983096   2.10314
  2.67024   1.12395
  0.38956  0.188276
0.0667061   1.70595
  2.80055   2.75715
  0.91955   1.86092
0.0978254  0.805458
  1.53034  0.697527
  2.27653   2.80898
  2.99068   1.40519
 0.195048  0.906195
  2.22364 0.0526113
  0.38103   2.98271
  2.41407 0.00471855
   2.7034  0.642965
  0.17288   1.74718
  1.14116  0.396182
 0.489081   2.51207
 0.394846  0.945884
  0.03041   2.64267
 0.808259   0.71202
  2.46901  0.734224
  2.52691   1.40614
  2.71768  0.149206
  1.70947   2.99067
  2.34676   1.88268
 0.921014  0.360092
 0.827064  0.362864
  0.62814  0.857651
  2.79162  0.269556
 0.969063   1.01833
  2.82902   0.54558
 0.712924   1.73705
0.0389964  0.801297
 0.448305  0.911434
  2.16415   2.91069
  1.34918  0.889442
 0.360217   0.45934
   2.8347   1.01602
  2.64521   2.20222
  2.09786   1.41782
    2.559   2.09686
   1.3805  0.282677
 0.282595  0.336946
 0.961712   1.77258
LINKS_SOURCE_DESTINATION_DISTANCE 218
     0      1      1
     0      2      1
     0      4      1
     0     11      1
     1      0      1
     1      5      1
     1      7      1
     1      8      1
     1     35      1
     2      0      1
     2      3      1
     2      6      1
     2      9      1
     2     33      1
     3      2      1
     4      0      1
     4     14      1
     4     24      1
     4     31      1
     4     69      1
     4     98      1
     4    106      1
     5      1      1
     6      2      1
     6     12      1
     6     13      1
     6     21      1
     6     62      1
     7      1      1
     7     82      1
     8      1      1
     9      2      1
     9     10      1
     9     16      1
     9     29      1
     9     39      1
     9     96      1
    10      9      1
    10     79      1
    11      0      1
    11     15      1
    12      6      1
    12     32      1
    13      6      1
    13     17      1
    13     36      1
    13     67      1
    14      4      1
    14     19      1
    14     27      1
    15     11      1
    16      9      1
    16     18      1
    16     20      1
    17     13      1
    17     26      1
    17     38      1
    17     51      1
    18     16      1
    18     42      1
    19     14      1
    19     22      1
    19     30      1
    19     46      1
    20     16      1
    20     23      1
    20     56      1
    20     57      1
    20     66      1
    21      6      1
    21     34      1
    21     49      1
    22     19      1
    23     20      1
    24      4      1
    24     25      1
    24     28      1
    24     37      1
    24     52      1
    24     53      1
    24     78      1
    25     24      1
    26     17      1
    26     44      1
    27     14      1
    27     40      1
    27     73      1
    27     95      1
    28     24      1
    28     48      1
    29      9      1
    29     55      1
    29     60      1
    29     68      1
    29     92      1
    30     19      1
    30     47      1
    31      4      1
    31     45      1
    32     12      1
    32     59      1
    33      2      1
    33     54      1
    33     64      1
    34     21      1
    34     41      1
    34     43      1
    34     94      1
    35      1      1
    36     13      1
    37     24      1
    37     71      1
    38     17      1
    39      9      1
    39     63      1
    40     27      1
    40     65      1
    41     34      1
    42     18      1
    42    101      1
    43     34      1
    43     76      1
    44     26      1
    44     50      1
    45     31      1
    46     19      1
    46     61      1
    47     30      1
    48     28      1
    48     58      1
    49     21      1
    50     44      1
    51     17      1
    52     24      1
    52    107      1
    53     24      1
    53     86      1
    53     93      1
    53    102      1
    54     33      1
    55     29      1
    56     20      1
    57     20      1
    58     48      1
    59     32      1
    59     84      1
    59     97      1
    60     29      1
    61     46      1
    62      6      1
    62     74      1
    62     75      1
    63     39      1
    63     83      1
    64     33      1
    64    109      1
    65     40      1
    65     72      1
    66     20      1
    66     70      1
    67     13      1
    68     29      1
    68     87      1
    68     89      1
    68     91      1
    69      4      1
    69     80      1
    70     66      1
    71     37      1
    71     77      1
    72     65      1
    73     27      1
    74     62      1
    75     62      1
    76     43      1
    76     88      1
    76     99      1
    77     71      1
    78     24      1
    78     81      1
    79     10      1
    79     85      1
    80     69      1
    81     78      1
    81    108      1
    82      7      1
    83     63      1
    84     59      1
    85     79      1
    86     53      1
    86    100      1
    87     68      1
    88     76      1
    89     68      1
    89     90      1
    90     89      1
    91     68      1
    92     29      1
    93     53      1
    94     34      1
    95     27      1
    96      9      1
    96    104      1
    97     59      1
    97    105      1
    98      4      1
    98    103      1
    99     76      1
   100     86      1
   101     42      1
   102     53      1
   103     98      1
   104     96      1
   105     97      1
   106      4      1
   107     52      1
   108     81      1
   109     64      1
