COORD_X_Y 15
  2.40299  0.962938
0.0859702   2.54049
  1.98888 0.0178245
  2.88658 0.0930578
   1.7149   2.31969
  2.10857   1.94581
  2.74269  0.605776
  1.54078   2.16945
  2.28687  0.149575
0.0698806   1.58813
  2.63751   2.90586
 0.821379   1.18909
  2.64277  0.892466
  1.91258 0.0194147
  1.35285   2.39166
LINKS_SOURCE_DESTINATION_DISTANCE 28
     0      1      1
     0      2      1
     0      3      1
     0      5      1
     0      6      1
     0      7      1
     1      0      1
     1     10      1
     2      0      1
     2      4      1
     2     11      1
     3      0      1
     3     12      1
     4      2      1
     4     14      1
     5      0      1
     5      9      1
     6      0      1
     6      8      1
     7      0      1
     8      6      1
     9      5      1
    10      1      1
    10     13      1
    11      2      1
    12      3      1
    13     10      1
    14      4      1
