COORD_X_Y 15
  2.86058   2.77098
 0.196049   2.70213
 0.320875  0.430345
  1.06423     2.304
  1.80786  0.495645
0.0703103   2.09474
  1.44048  0.133226
 0.575391  0.894984
  1.46767   2.54712
  1.74452   2.64148
  1.43591   2.16875
 0.392332   1.18483
  2.80556  0.518854
  2.98404   1.13384
  2.44913  0.350117
LINKS_SOURCE_DESTINATION_DISTANCE 28
     0      1      1
     0      2      1
     0      3      1
     0      4      1
     1      0      1
     1      8      1
     1     12      1
     2      0      1
     2      7      1
     2      9      1
     2     13      1
     3      0      1
     4      0      1
     4      5      1
     4      6      1
     4     11      1
     5      4      1
     5     14      1
     6      4      1
     6     10      1
     7      2      1
     8      1      1
     9      2      1
    10      6      1
    11      4      1
    12      1      1
    13      2      1
    14      5      1
