COORD_X_Y 15
   2.0271  0.716802
  1.71858   1.82958
 0.453525    1.2645
 0.922721  0.572098
  2.84824  0.171063
  1.03607   1.35072
 0.131936   2.24869
 0.769674   2.04319
 0.674077   2.97642
  2.52248   2.64686
  1.40388   2.11626
 0.570776   2.09862
  2.99671   1.04318
 0.883204  0.220211
  2.73228    1.4463
LINKS_SOURCE_DESTINATION_DISTANCE 28
     0      1      1
     1      0      1
     1      2      1
     1      3      1
     1      5      1
     2      1      1
     2      4      1
     2      9      1
     2     12      1
     3      1      1
     4      2      1
     5      1      1
     5      6      1
     5      7      1
     6      5      1
     6     10      1
     7      5      1
     7      8      1
     8      7      1
     9      2      1
     9     11      1
     9     13      1
    10      6      1
    11      9      1
    11     14      1
    12      2      1
    13      9      1
    14     11      1
