COORD_X_Y 400
   2.2218  0.993165
  2.94339   2.20374
0.0281327  0.698548
  0.07071   0.66278
   1.0228   1.94778
  1.59668  0.441452
  2.82457   2.01413
  2.44505  0.292875
  1.12804   1.43294
  1.78978  0.991961
  2.52832   1.52381
 0.129065   1.91766
  2.19909   1.58305
 0.514569  0.835624
  1.17659  0.692696
 0.287656  0.288494
 0.271611   1.48712
  2.35812    2.8793
  2.16959  0.485474
 0.589703  0.450515
  1.26857   1.58456
  2.05808   1.12228
  1.26994  0.856302
  1.80054   1.97329
 0.866229   1.13354
  2.93948  0.110785
  0.41595   1.40771
  1.99939   2.79444
   2.8918    1.0511
  1.79919  0.184535
  2.98835   1.62672
  2.18563   2.86104
   1.0604   2.27621
0.00742327  0.108946
 0.983251   2.42903
  1.37489  0.250606
  2.60247   2.21656
  2.47508   1.47078
  1.44193   2.25232
 0.697499  0.679428
  2.10795   2.75779
  1.34263   2.53874
  1.38339   2.30852
  2.19124   1.02497
  2.86083  0.195369
  2.64263   1.79935
 0.763646   2.71213
  2.16503  0.219048
  1.34719  0.388346
  2.84356    2.0157
 0.894857  0.985237
 0.883347   2.87981
  2.25174    1.0801
  1.74132   2.97894
 0.931118  0.966115
0.0826279  0.369126
 0.161997   1.11964
  2.68456   2.23252
  0.45956  0.665513
 0.227963   2.08709
 0.620491   1.37408
  1.04664   1.86678
0.0440813  0.073904
  2.01806  0.556531
   2.2005  0.185622
  2.81151   2.46448
  2.63589   2.61398
  2.67531   2.34356
  1.86826   2.65762
  1.07065  0.892648
 0.357302   0.24144
  1.40958   1.55543
 0.474144   1.49515
 0.159186  0.556731
  1.08963   2.65894
  1.87178   1.06074
  2.72013   1.65493
 0.242765   1.90551
 0.514128   2.97543
  1.94493  0.533795
   1.2719   2.70473
  1.98858  0.226171
  1.43217   1.84314
  2.88761 0.0439836
  2.62225   2.39852
  2.24649   2.46508
  1.45099   1.68433
  1.97137   2.81499
  1.24707  0.674363
  2.78117  0.313846
  1.78564   2.51729
  2.06087   2.28099
 0.260183   1.54813
  1.98355   2.26729
  1.45372  0.830461
  2.16974  0.668355
 0.165162   1.65245
  1.24325  0.159673
  1.12328   2.70214
  2.23823   1.86727
  1.66264 0.00508614
  2.42861 0.0807378
 0.223992    1.3074
  1.55665  0.810538
 0.318478  0.668144
  2.42928  0.590626
 0.504777   2.73672
   2.2759   1.24142
   2.0194   1.58474
 0.518883   2.33032
  1.57668  0.136606
  1.61348  0.855134
  1.41013   2.49369
  2.35109   2.39199
 0.377088   2.59888
   1.7327   1.59153
  2.08681    0.2001
 0.841751   1.34857
 0.168147   2.55175
 0.432316   1.71359
  2.93016  0.681866
  2.29161  0.137129
 0.202559   2.32168
  2.57631   1.68736
  2.08949    1.2688
  1.41788   2.34967
 0.102542   1.36766
  1.30831   1.37731
 0.288545   2.51973
  2.13302   2.24885
  1.39286   2.27085
  1.48375   1.63229
  2.84567   2.50448
  2.51846  0.849578
  2.75557   2.15586
   2.2985  0.302349
  2.59234   2.16719
  1.47893   2.06095
  2.98657   2.84097
     2.29   1.04356
 0.374347  0.399214
 0.402186   1.51381
 0.466031   2.22163
  1.20284  0.351569
  1.34606  0.520549
 0.934801  0.696796
 0.913292   2.39169
  2.01102  0.338957
  2.98328  0.278178
 0.986963  0.543221
  2.46166  0.217522
  1.28884   2.45969
  2.08785    1.4599
  1.56173  0.944023
  0.69446   2.67832
  2.77095  0.090852
 0.755446    1.1397
 0.161018  0.195403
 0.447773   1.28718
 0.982015  0.371515
  1.72711   1.09252
  1.98811   1.76387
  2.37225   2.38805
 0.459462   0.89744
  1.84793   2.95732
  2.72005   2.63163
  1.56565   2.90444
  2.66568  0.617529
  1.10737   1.68163
  1.74659   2.77804
  0.88769  0.262054
  1.64499   1.56206
 0.196631   1.50186
   1.6721 0.0845114
   2.0523  0.785409
 0.264906   1.11078
 0.112986   2.46775
  1.23792   1.97843
  1.41187   2.47276
  2.39997  0.549772
   1.5542   1.51329
  1.18513   1.46405
  2.58675   2.95542
  1.65239   1.22393
  1.85861   2.62496
  2.93746   1.22214
  1.84386   1.40619
 0.729714   2.84044
   2.0076  0.510212
  1.95153  0.430157
 0.223713  0.389945
  2.45178   2.64149
 0.305553   2.40693
  2.86983  0.592344
  1.32396  0.957528
  1.95449   2.33758
   2.1517  0.154811
  1.82205   1.64152
  2.97055   2.92187
 0.645345   2.73272
 0.829804  0.193912
 0.768709   2.41332
  1.78479   2.14634
  2.16882   2.70137
  0.33172   2.42376
  1.44115  0.199543
  1.09675   1.83402
  1.68478     2.693
  1.70639   2.21421
  1.67317   2.56777
 0.998382   2.19723
  2.19803  0.487726
  1.75477   2.68352
 0.976774  0.607613
  2.00448  0.815629
0.00837563   2.20384
 0.395536   2.18986
 0.045587   1.52665
  1.47173   2.21117
  1.62248   0.19951
 0.610386  0.573179
   2.7661   1.66069
  2.62243   2.45984
 0.984944  0.345567
  2.08174   1.44918
  1.29306  0.171297
  2.69972  0.434556
  1.08137   2.69947
   1.5171   1.27891
  1.45344 0.0537806
 0.415918  0.706665
 0.177312   2.78134
  1.58766   1.38638
 0.206357   1.64552
 0.940148  0.228285
 0.714138   1.71327
 0.200396   2.51443
 0.931779  0.729696
0.0818395   2.74856
  1.48859   1.51821
 0.760422   1.95698
  2.46227   2.87286
  1.68256   2.42393
0.0288952   1.62794
  2.12937   2.88312
  1.71059   1.40885
0.0491806   2.05158
 0.687306  0.614027
  1.47437  0.414508
 0.173495   2.33905
 0.388511   0.25276
 0.900176    2.6467
0.0230694 0.0906999
  1.14264   1.52608
 0.656955   2.72959
  2.14744  0.791989
  2.91462   1.55845
  2.49386   1.94418
  0.66048   1.29978
  1.07764    2.5902
   2.4763   1.83436
  2.18045   1.81076
 0.938097  0.181668
 0.883976   2.70735
 0.180154   2.88672
  1.16329  0.556394
  1.02783   1.38443
  2.80265  0.206171
  1.65554   2.89789
  1.40097    2.6734
  2.24901  0.424605
 0.828722   1.93158
 0.397749  0.682895
 0.649196   2.38482
0.0954639   2.78249
  1.74388   2.17707
   2.0292   2.23541
 0.783617  0.769235
  1.76388   1.16561
  1.32579   2.60148
 0.915498   2.28459
  2.52366   2.24172
  1.43865   2.51724
  2.01288   1.58196
 0.769275   2.47224
  2.72618   2.58552
  1.43532   2.08266
 0.848325   2.48465
  2.96851   2.32852
  2.43864  0.111296
  2.59446   1.05983
  2.32285   2.64942
  1.45916  0.645017
 0.363142   1.67541
  1.98166   1.55958
  1.44221   1.59381
  2.81347   1.90289
  2.49257   1.12941
  2.64273   1.69437
  2.83103 0.0577012
  1.46545   1.47554
 0.933253  0.627055
  2.90902   2.74491
  2.23086   1.76196
  2.26105   2.29644
  1.67904   1.84065
 0.615088   0.28734
  2.87881   1.73631
  1.04776   2.17285
 0.362806   1.89593
  1.98654  0.623066
  2.97956   1.26172
  1.04987   1.99424
  1.98401   1.05068
 0.369913   2.04522
 0.683057   1.59298
 0.993385   2.71183
 0.565743   1.62802
   2.2486   1.76968
  1.63611  0.468767
 0.589567    2.4149
  2.29789   1.17268
  2.80359   1.91653
  2.99944   2.21746
  2.27535   2.34901
 0.537049  0.393373
  1.22812    1.0138
  1.19445   1.55022
  2.94557    1.3576
 0.430686  0.911272
  1.74819  0.720917
  2.33732   1.74045
  1.86767   1.45376
0.0665015   2.19036
  2.01018   1.15886
 0.686733  0.988648
   1.6742   1.87577
  2.87653   2.33915
  1.61485   2.37235
  2.99845  0.564826
  1.20226   2.27083
 0.865714   0.56339
  2.66535   1.08053
  2.43133   2.98439
  2.41542   1.21041
  1.64721   2.91667
  2.60963  0.214216
  1.40181    1.4742
  2.79762   2.87284
  2.20622   2.53923
 0.158482   2.22366
  2.68893   2.69534
  1.06822    1.3963
  1.45531   1.97748
  1.60199   2.67302
  2.97074  0.607877
  1.89225    2.4317
  2.91695  0.970035
  1.59069   1.66524
  2.40175   2.38398
 0.266325  0.185395
0.0932493  0.786572
  1.35458   2.69904
  1.60681   2.09368
  1.78763   1.59752
  1.49632  0.780015
 0.761252   1.36664
  2.80584   2.63297
  2.53089  0.793795
  2.98124   2.31938
  0.03996   2.66113
  2.32533   2.14583
  1.28019  0.817544
  1.31091  0.863517
  2.04282   1.23516
  2.98077  0.920818
  1.68649  0.135798
 0.294979 0.00354571
  2.47359   2.98171
  2.41948   1.91188
 0.870895   1.47618
 0.326981   1.25396
  0.56985   2.21845
 0.357254   1.06227
  1.85388   1.71147
  2.65325  0.483801
   1.3797   2.92575
  2.59306   2.49886
 0.567056  0.645755
  2.31473   1.26383
 0.388846    1.4352
  1.62156  0.789845
  2.69554    2.6243
  0.21634   2.47563
 0.573617   2.39522
  1.23902   1.63062
 0.869111   2.70011
   1.1761   1.06843
  2.44623   1.31104
   1.0011   1.54323
LINKS_SOURCE_DESTINATION_DISTANCE 798
     0      1      1
     0      2      1
     0      4      1
     0      5      1
     0      7      1
     0     12      1
     0     19      1
     0     45      1
     0    216      1
     0    237      1
     1      0      1
     1      3      1
     1     16      1
     2      0      1
     2     13      1
     2     32      1
     2     96      1
     2    210      1
     2    323      1
     3      1      1
     3      8      1
     3     25      1
     3     43      1
     3     50      1
     3     83      1
     3     97      1
     3    144      1
     3    276      1
     4      0      1
     4      6      1
     4     15      1
     4     17      1
     4     58      1
     4     70      1
     4    110      1
     4    315      1
     5      0      1
     5     11      1
     5     29      1
     5     79      1
     5    280      1
     5    332      1
     6      4      1
     7      0      1
     7     14      1
     7     35      1
     7     36      1
     7     62      1
     7     95      1
     7    150      1
     8      3      1
     8      9      1
     8     10      1
     8     24      1
     8    116      1
     8    294      1
     9      8      1
     9     23      1
     9     37      1
     9    100      1
     9    180      1
     9    258      1
    10      8      1
    10     20      1
    10    155      1
    11      5      1
    11     38      1
    11     41      1
    11     59      1
    11     84      1
    11    368      1
    11    388      1
    12      0      1
    12     22      1
    12     85      1
    12    124      1
    13      2      1
    13     48      1
    13     71      1
    13     74      1
    14      7      1
    14     34      1
    14    183      1
    15      4      1
    15     53      1
    15    103      1
    15    269      1
    15    278      1
    15    295      1
    16      1      1
    16     18      1
    16     77      1
    17      4      1
    18     16      1
    18    327      1
    19      0      1
    19     21      1
    20     10      1
    20     26      1
    20    136      1
    20    170      1
    20    339      1
    21     19      1
    21     31      1
    21     51      1
    21     68      1
    21     78      1
    21    311      1
    21    356      1
    22     12      1
    22     46      1
    22     47      1
    23      9      1
    23     30      1
    23    129      1
    23    146      1
    23    384      1
    24      8      1
    24     27      1
    24     88      1
    24    303      1
    24    344      1
    25      3      1
    25     28      1
    25     42      1
    25    142      1
    25    199      1
    26     20      1
    26     39      1
    27     24      1
    27     40      1
    27    186      1
    27    244      1
    28     25      1
    28     80      1
    29      5      1
    29     65      1
    29    234      1
    30     23      1
    30    108      1
    30    113      1
    30    140      1
    30    286      1
    31     21      1
    31    245      1
    32      2      1
    32     33      1
    32     55      1
    32     73      1
    32    137      1
    32    302      1
    33     32      1
    33    106      1
    34     14      1
    34    375      1
    34    377      1
    35      7      1
    35    128      1
    35    193      1
    36      7      1
    36    111      1
    36    127      1
    36    167      1
    36    207      1
    36    273      1
    36    343      1
    37      9      1
    37     86      1
    37    230      1
    38     11      1
    38     91      1
    38    143      1
    39     26      1
    39    135      1
    39    161      1
    40     27      1
    40     61      1
    40    224      1
    41     11      1
    41     44      1
    41     99      1
    41    241      1
    42     25      1
    42     49      1
    42    119      1
    42    231      1
    43      3      1
    43     57      1
    44     41      1
    44    214      1
    45      0      1
    45     81      1
    45    363      1
    46     22      1
    47     22      1
    47     69      1
    47    203      1
    48     13      1
    48    151      1
    49     42      1
    49     52      1
    49     75      1
    49    133      1
    49    162      1
    50      3      1
    50    209      1
    50    215      1
    51     21      1
    51    152      1
    52     49      1
    52     66      1
    53     15      1
    53     54      1
    53     60      1
    53     94      1
    53    309      1
    54     53      1
    54     56      1
    55     32      1
    55    175      1
    56     54      1
    56     63      1
    56     64      1
    56    192      1
    56    292      1
    57     43      1
    58      4      1
    58     67      1
    58    353      1
    58    387      1
    59     11      1
    59    176      1
    59    304      1
    59    316      1
    60     53      1
    61     40      1
    61     82      1
    61    227      1
    62      7      1
    62    268      1
    63     56      1
    63    264      1
    63    336      1
    64     56      1
    64    114      1
    64    157      1
    64    179      1
    64    198      1
    65     29      1
    65     72      1
    65    101      1
    65    147      1
    65    275      1
    66     52      1
    66     92      1
    67     58      1
    67    177      1
    67    222      1
    68     21      1
    68    105      1
    68    271      1
    68    288      1
    68    306      1
    68    394      1
    69     47      1
    69     90      1
    70      4      1
    70    182      1
    70    228      1
    70    367      1
    71     13      1
    71    149      1
    71    184      1
    71    318      1
    72     65      1
    72    125      1
    72    279      1
    72    314      1
    73     32      1
    74     13      1
    74     76      1
    74    107      1
    75     49      1
    75    163      1
    75    211      1
    76     74      1
    76     87      1
    76    174      1
    76    212      1
    77     16      1
    78     21      1
    78     93      1
    78    132      1
    79      5      1
    79    260      1
    80     28      1
    80     89      1
    80    141      1
    80    274      1
    81     45      1
    81    139      1
    81    187      1
    81    221      1
    82     61      1
    82    112      1
    83      3      1
    83    104      1
    84     11      1
    84    153      1
    85     12      1
    86     37      1
    86     98      1
    86    169      1
    86    299      1
    87     76      1
    87    121      1
    88     24      1
    88    145      1
    89     80      1
    89    345      1
    89    357      1
    89    360      1
    90     69      1
    91     38      1
    91    115      1
    91    254      1
    92     66      1
    92    126      1
    93     78      1
    93    102      1
    93    122      1
    94     53      1
    95      7      1
    95    324      1
    96      2      1
    96    138      1
    96    381      1
    97      3      1
    98     86      1
    99     41      1
   100      9      1
   100    239      1
   101     65      1
   101    191      1
   101    204      1
   102     93      1
   102    118      1
   102    305      1
   103     15      1
   103    134      1
   103    266      1
   104     83      1
   104    359      1
   105     68      1
   105    164      1
   105    398      1
   106     33      1
   106    109      1
   106    123      1
   106    130      1
   106    154      1
   106    166      1
   106    313      1
   106    399      1
   107     74      1
   108     30      1
   109    106      1
   109    131      1
   109    242      1
   109    300      1
   110      4      1
   111     36      1
   111    219      1
   112     82      1
   112    120      1
   112    148      1
   113     30      1
   114     64      1
   114    371      1
   115     91      1
   115    213      1
   116      8      1
   116    117      1
   117    116      1
   117    178      1
   118    102      1
   118    257      1
   119     42      1
   120    112      1
   120    307      1
   121     87      1
   121    208      1
   121    247      1
   122     93      1
   122    168      1
   122    296      1
   123    106      1
   123    218      1
   123    391      1
   124     12      1
   124    190      1
   124    393      1
   125     72      1
   125    253      1
   126     92      1
   127     36      1
   128     35      1
   129     23      1
   130    106      1
   130    262      1
   131    109      1
   131    171      1
   131    205      1
   132     78      1
   133     49      1
   133    355      1
   134    103      1
   134    189      1
   135     39      1
   135    249      1
   135    334      1
   135    349      1
   136     20      1
   136    287      1
   137     32      1
   137    181      1
   137    267      1
   137    330      1
   138     96      1
   138    233      1
   139     81      1
   139    236      1
   140     30      1
   141     80      1
   141    201      1
   141    380      1
   142     25      1
   143     38      1
   143    261      1
   144      3      1
   144    172      1
   145     88      1
   146     23      1
   147     65      1
   147    225      1
   147    297      1
   147    333      1
   148    112      1
   148    156      1
   148    173      1
   149     71      1
   149    223      1
   150      7      1
   151     48      1
   151    185      1
   152     51      1
   152    312      1
   153     84      1
   153    158      1
   153    160      1
   154    106      1
   155     10      1
   155    246      1
   156    148      1
   157     64      1
   157    386      1
   158    153      1
   158    159      1
   159    158      1
   159    194      1
   160    153      1
   161     39      1
   161    217      1
   161    308      1
   161    378      1
   162     49      1
   162    165      1
   163     75      1
   163    200      1
   163    248      1
   163    263      1
   164    105      1
   164    259      1
   165    162      1
   166    106      1
   166    188      1
   166    197      1
   167     36      1
   168    122      1
   168    196      1
   169     86      1
   170     20      1
   170    348      1
   171    131      1
   171    206      1
   172    144      1
   173    148      1
   174     76      1
   175     55      1
   176     59      1
   176    251      1
   176    290      1
   177     67      1
   178    117      1
   178    195      1
   178    240      1
   179     64      1
   179    283      1
   180      9      1
   181    137      1
   181    390      1
   182     70      1
   183     14      1
   184     71      1
   185    151      1
   186     27      1
   187     81      1
   188    166      1
   188    238      1
   189    134      1
   190    124      1
   190    243      1
   191    101      1
   191    202      1
   192     56      1
   193     35      1
   193    229      1
   194    159      1
   195    178      1
   196    168      1
   196    232      1
   196    338      1
   196    364      1
   197    166      1
   197    382      1
   198     64      1
   199     25      1
   200    163      1
   200    326      1
   200    366      1
   201    141      1
   201    301      1
   201    321      1
   202    191      1
   203     47      1
   203    374      1
   204    101      1
   205    131      1
   206    171      1
   206    255      1
   207     36      1
   208    121      1
   209     50      1
   210      2      1
   210    291      1
   211     75      1
   211    226      1
   211    235      1
   212     76      1
   212    362      1
   213    115      1
   213    289      1
   213    370      1
   214     44      1
   214    220      1
   215     50      1
   216      0      1
   216    346      1
   217    161      1
   218    123      1
   219    111      1
   219    340      1
   220    214      1
   220    252      1
   221     81      1
   221    270      1
   222     67      1
   223    149      1
   224     40      1
   224    350      1
   225    147      1
   225    328      1
   226    211      1
   227     61      1
   228     70      1
   228    256      1
   229    193      1
   229    250      1
   230     37      1
   230    389      1
   231     42      1
   232    196      1
   233    138      1
   234     29      1
   234    293      1
   235    211      1
   236    139      1
   237      0      1
   237    354      1
   238    188      1
   238    272      1
   239    100      1
   240    178      1
   241     41      1
   242    109      1
   243    190      1
   243    322      1
   244     27      1
   245     31      1
   246    155      1
   247    121      1
   247    395      1
   248    163      1
   249    135      1
   250    229      1
   250    265      1
   251    176      1
   252    220      1
   253    125      1
   253    284      1
   254     91      1
   255    206      1
   255    383      1
   256    228      1
   257    118      1
   258      9      1
   258    285      1
   258    319      1
   258    325      1
   259    164      1
   259    282      1
   259    335      1
   260     79      1
   261    143      1
   262    130      1
   262    320      1
   263    163      1
   264     63      1
   264    373      1
   265    250      1
   266    103      1
   267    137      1
   268     62      1
   269     15      1
   270    221      1
   271     68      1
   272    238      1
   273     36      1
   274     80      1
   274    331      1
   274    361      1
   275     65      1
   275    277      1
   276      3      1
   276    351      1
   277    275      1
   277    310      1
   278     15      1
   279     72      1
   279    281      1
   280      5      1
   281    279      1
   282    259      1
   283    179      1
   284    253      1
   284    347      1
   285    258      1
   286     30      1
   287    136      1
   288     68      1
   289    213      1
   290    176      1
   290    317      1
   291    210      1
   292     56      1
   292    298      1
   293    234      1
   294      8      1
   295     15      1
   296    122      1
   297    147      1
   298    292      1
   299     86      1
   299    337      1
   300    109      1
   300    372      1
   301    201      1
   302     32      1
   303     24      1
   304     59      1
   305    102      1
   306     68      1
   307    120      1
   308    161      1
   309     53      1
   310    277      1
   311     21      1
   312    152      1
   313    106      1
   313    397      1
   314     72      1
   314    341      1
   315      4      1
   315    329      1
   316     59      1
   317    290      1
   318     71      1
   319    258      1
   320    262      1
   320    342      1
   321    201      1
   321    369      1
   322    243      1
   322    365      1
   323      2      1
   324     95      1
   325    258      1
   326    200      1
   326    352      1
   327     18      1
   328    225      1
   329    315      1
   330    137      1
   331    274      1
   332      5      1
   333    147      1
   334    135      1
   335    259      1
   336     63      1
   337    299      1
   338    196      1
   338    358      1
   339     20      1
   340    219      1
   341    314      1
   342    320      1
   343     36      1
   344     24      1
   344    385      1
   345     89      1
   346    216      1
   347    284      1
   348    170      1
   349    135      1
   350    224      1
   351    276      1
   352    326      1
   353     58      1
   354    237      1
   355    133      1
   356     21      1
   356    376      1
   356    379      1
   357     89      1
   358    338      1
   359    104      1
   360     89      1
   361    274      1
   362    212      1
   363     45      1
   364    196      1
   365    322      1
   365    396      1
   366    200      1
   367     70      1
   368     11      1
   368    392      1
   369    321      1
   370    213      1
   371    114      1
   372    300      1
   373    264      1
   374    203      1
   375     34      1
   376    356      1
   377     34      1
   378    161      1
   379    356      1
   380    141      1
   381     96      1
   382    197      1
   383    255      1
   384     23      1
   385    344      1
   386    157      1
   387     58      1
   388     11      1
   389    230      1
   390    181      1
   391    123      1
   392    368      1
   393    124      1
   394     68      1
   395    247      1
   396    365      1
   397    313      1
   398    105      1
   399    106      1
