COORD_X_Y 700
  1.28916   2.52964
  0.22986   1.61277
  1.77409 0.0886108
  2.53573   2.08044
  1.96078   2.00065
  1.04739   1.29287
  1.19369  0.221572
  0.63523   1.46411
 0.151832   2.02823
  1.43024   1.84769
  1.06998  0.716171
 0.288952  0.510409
 0.335387   2.99209
  2.21162  0.998985
  2.87978  0.181346
   1.0775  0.439401
  1.63921   1.61102
  1.10864   1.27378
 0.395012   1.78432
 0.786566    2.9337
  2.80579  0.504726
  1.21076  0.422717
 0.724269   1.60556
 0.249523    1.0311
  1.51259   2.95819
 0.100828  0.799839
 0.221925    1.1798
  2.87888   1.13044
0.0392894   1.70208
 0.138881   2.34059
  1.72886   2.66492
 0.991102   1.86711
  2.33813  0.124922
  1.05727    1.9348
  1.50892  0.287686
   1.2281   2.07247
   1.0533   1.51744
  1.89934 0.0553325
 0.804168  0.606579
 0.416261   1.29896
 0.298993  0.193346
  2.34865   2.63546
  1.24274   1.24537
 0.341275   2.73823
  2.09239  0.586758
  2.11369   2.61994
  0.36234   1.71313
 0.700209   0.53299
  1.43598   2.35547
  2.85448   1.64219
 0.914067  0.568058
   1.2054  0.649918
  1.56195   1.28953
 0.878768   1.59349
  2.13599   1.01971
  2.31871    2.8354
  1.27903   2.53931
 0.181787   1.23073
0.0690656    2.3512
 0.105075   2.57227
  1.23779  0.342661
 0.771273  0.357667
  2.24277  0.743455
  2.93007  0.316163
 0.769717   1.34262
0.0369767 0.0473585
 0.372141  0.380513
  2.39967   1.14424
  1.81458   1.75402
  1.42306  0.493116
  2.48907  0.227303
  1.81543   2.62825
 0.398939   2.53665
 0.544219   2.54196
  2.98256   1.39358
 0.875252   2.01969
  2.02472   2.27569
   1.8854    1.1136
  1.00538  0.793609
 0.884369  0.405948
 0.392724   2.71922
 0.526599    2.8533
 0.183653   1.89139
 0.784696   2.74874
   1.6848   1.25719
  2.79324   1.94467
  2.71169   1.61943
  2.16014   1.87937
  2.96797    1.4898
  1.85978 0.00372721
  1.58999   2.10233
 0.806198    1.1841
  2.87551    1.0612
  1.81208  0.467371
  2.74415   1.11983
  1.11218   1.45715
   2.5978   1.57471
  0.29006   0.50101
 0.473557   2.25473
  1.45442  0.770752
  1.88011  0.998676
  1.83782   1.21595
  1.55285   1.48626
    2.335   1.74517
  2.89036   2.39038
  2.89832   2.06047
  2.49473   2.65163
 0.754019   1.27908
 0.254335   2.32631
   2.7438   2.67413
 0.878055   2.96167
   0.1038   2.14585
  2.02672   2.17459
  1.42762   2.29692
  1.55026    1.8715
  1.37094    1.9384
 0.428343   1.71743
  2.80698    1.4688
  2.55194   2.89808
  2.13731   1.64991
  0.58016   1.08907
  1.05956   2.93013
  1.33454   2.91409
 0.952216   2.33075
  2.11721   1.55271
  1.43974   1.60922
  1.45198   1.64743
 0.551235  0.753318
 0.121834  0.139172
  1.22838   2.79121
  0.87093  0.268399
 0.557793  0.203705
 0.647333  0.599184
  1.77792 0.0787517
   1.7157   2.81918
  1.02351  0.398336
  1.41489   2.32674
 0.606807  0.206187
  2.82325  0.300882
  1.07374 0.0560415
    1.261   1.80814
 0.863628   1.26881
  0.61307   2.84627
 0.660497   2.78193
  1.78212   2.71865
 0.226624  0.866659
  1.39943   1.43092
  1.67213   1.19424
  1.14218   2.97205
  2.88927   1.58514
  1.32885   1.13892
  1.67602   1.06474
  2.02953   1.84706
  1.70823   2.30602
  1.88126  0.580827
 0.223895   2.48652
  1.77744  0.371888
  1.69943   1.16904
  1.38845   2.01763
  2.22881   0.52261
 0.865762   1.51449
0.0833956   2.68166
  2.55745  0.518052
  2.03755   1.14743
  1.46314   1.48169
  1.47634  0.190846
  1.95869   0.92926
  2.29085  0.445841
  2.82154   1.73061
 0.780847  0.869599
  1.67475   2.11965
  2.39222  0.527277
  1.78639   2.01793
  2.65969  0.127525
  2.41725   1.80588
  2.50866   1.86471
  1.21205   2.23514
0.00757949    1.3312
  2.49239   1.39462
  2.71793   1.73998
  2.93086  0.767051
  1.96668  0.208929
 0.951361   2.09204
 0.266525   1.79022
  2.55207   1.47148
   1.1301   1.24197
  1.25353    1.5071
  1.55849   2.47577
  1.00499    2.0799
   2.1374   2.35561
  2.30364   1.54877
 0.404402 0.0487409
  1.36435   2.51612
 0.322891  0.116933
  1.39469   1.54787
 0.871111  0.442533
 0.266457   2.84777
  2.81127  0.492609
  2.65103   1.68507
  2.38037    2.0119
  2.25403   2.23917
 0.286111   1.15334
  2.98014   2.63398
 0.724845   1.72734
  2.59895   1.39515
 0.778489   2.52513
 0.929147  0.484946
  2.94402   2.05425
  2.02486   1.77497
  2.64952   1.99177
 0.629522  0.480902
 0.702263   2.34567
 0.783357   2.71143
  2.62859   2.99136
  2.44677  0.867257
  2.97315   2.58884
  2.21492   1.30899
  1.29213   1.49409
  2.92651  0.276017
  1.18324  0.929989
  1.36251   2.52845
 0.877984   2.54883
 0.996116   2.71554
 0.337593  0.967286
  1.66819   1.41695
  0.57704   2.88197
  1.88604   2.13233
  1.77967 0.0358871
  1.70374   2.13328
0.0841416   2.90648
   1.0982   1.04953
 0.926393   1.98831
  2.29309    1.5549
  2.31631   2.37368
  2.59486  0.271643
  2.56833   1.51672
  1.87186    2.8538
  2.33211 0.0362626
 0.382294   1.86611
   1.1026   2.90327
  1.25969   2.26582
 0.895047   1.77835
  1.14552   1.86444
  1.35753   2.98593
  1.03115  0.185395
 0.600007  0.793575
 0.307447  0.290988
  1.51411   1.80574
 0.652433    1.3498
  1.71107   1.03739
  2.17815  0.570442
 0.282976   2.76506
 0.396098   1.67739
 0.172116   1.97841
 0.130648   2.88961
  2.46365   2.41856
 0.766924   1.66357
 0.896502   1.33458
 0.602775   2.61032
 0.461397   1.19988
  1.32584    2.8536
 0.348221   2.97752
   2.1014  0.123628
 0.562495  0.681137
 0.310536  0.807414
  2.04565  0.281686
  1.04703   2.53418
 0.267392  0.365917
  2.61132    2.0912
  1.05152   2.43841
  1.93586   1.71797
 0.104218   1.82777
  1.74381  0.621791
  1.77718    1.4379
  1.79548   0.33263
  2.70614  0.656112
 0.918064   2.27699
 0.816026   2.12251
  2.27743   2.25023
   2.2396    2.7964
  1.71319   2.77288
  2.32167   1.31458
  0.18286   1.18003
  1.34575  0.206446
  2.58345   1.23341
 0.198827  0.151354
   0.1964    1.8579
  1.47959   1.41941
  2.07249  0.683146
  2.40307  0.511303
  2.64493   2.47492
  1.52747    1.2545
   1.1648   2.51039
  1.84382   2.83988
  2.06333   2.47622
  2.35208    2.7357
  1.08791   1.81872
  2.41656   1.07691
  1.02135   1.05217
   1.2332   2.65974
 0.794579   1.76163
  1.83186   1.67862
 0.299297  0.438108
  2.05046  0.075946
  1.59265  0.629358
  1.22469    1.0707
   2.2581   1.79487
  1.42955    1.8893
  2.62473   1.86253
  2.25245  0.351779
  1.69599   2.20312
  2.96369   1.88483
 0.173735  0.565544
 0.220455  0.644474
  2.75912   2.96985
 0.893948  0.412802
  1.51009   2.97526
  2.81648  0.314275
  2.11693   2.25893
  2.79646  0.636955
 0.657944   1.36862
 0.838745   2.35695
 0.452442   1.78654
  2.18596   2.86507
 0.474674   2.45858
 0.167371   1.80363
  2.29025   0.36492
  2.20631  0.056912
  2.20437   1.74266
 0.438636   2.64098
  2.42642   2.23747
  1.62687   1.30843
  2.94286  0.392697
  1.53986   1.39453
  2.25888   1.91682
  2.76133   1.32945
 0.399274   2.00882
  1.17171   1.72899
  1.07733  0.210509
0.0689878   1.80573
 0.285941   2.12208
 0.394757   2.65591
  1.27607  0.118833
  1.54647    1.0031
 0.520387   1.78366
  1.66172   2.29023
   1.4791   2.44324
0.0196747   1.55994
   1.4474   2.13142
  2.19863    1.4958
 0.360064  0.512099
  1.06292  0.852285
  1.52711  0.275403
 0.148585   1.92788
  1.06637  0.175771
  1.62009  0.391664
  2.41773   1.90966
  2.31041   1.09106
  1.02009   0.57701
  2.11836   1.66631
  1.06524    1.8343
  2.50734   2.84151
  2.13329  0.659767
  1.75298  0.820877
  1.57451  0.787071
  1.13599   0.55539
   2.4813   1.23908
  1.56169   2.24512
 0.847099   1.84075
   1.8416  0.928161
  1.69953  0.728272
  1.63936   1.62323
  2.27968   2.09879
  1.28843   1.57175
 0.786577   2.36939
  1.71622    1.9752
  2.69393   1.91776
 0.498212   1.51042
  2.43385  0.650265
  2.78784   2.28707
 0.683794   2.48319
  2.04004   2.74196
 0.865762   2.17488
  1.72585  0.145292
  1.96604  0.955316
  1.90897     2.662
 0.704428   2.41602
 0.585756   1.55979
  1.08895  0.241778
0.0979129   2.95559
  2.09508   2.54565
  1.28056   2.24072
  2.75399   2.71085
  2.66177   2.00577
  2.68511  0.858467
  1.12488   2.54042
 0.461233    2.3428
  0.76593   2.52282
 0.428877  0.681942
  2.75942   1.95604
 0.118695   2.17637
  2.03974   2.14666
 0.603928   2.99572
  2.42339   1.94263
 0.318332   2.44376
  1.58383   1.94527
  1.03506  0.722148
  2.54987  0.307886
  1.34508  0.449034
 0.666397   0.10968
  1.60083  0.999128
  2.64154  0.908834
 0.227185   1.04413
  1.31918   1.82372
  2.61662   2.14872
  2.22406  0.835061
  1.94086   2.95397
 0.879794  0.877582
  2.16905   2.50484
  2.81846   1.77046
  1.76627  0.856665
 0.803993    2.4397
  1.22626  0.587102
  2.04502   1.01946
 0.706258   2.59314
  1.03708   2.06667
 0.347433 0.0167137
 0.985184  0.211548
  2.60176  0.836908
   2.7486   2.82636
  2.86502   1.42517
 0.835628   2.89593
 0.418058   2.12794
 0.959789   2.66126
  1.76612   1.47312
 0.465145   2.50276
 0.752881   2.47266
 0.616277   1.47634
  1.71249   1.39134
  2.34614 0.0899996
 0.776333  0.219329
  1.41255   2.04334
  2.55856  0.929984
 0.201132 0.0906146
  2.77242  0.455494
 0.862292   2.86999
 0.833337   2.12289
   2.5486  0.943668
 0.430827 0.0610565
  1.04359 0.0220523
 0.620864   1.62586
 0.384782   2.77601
 0.279747  0.545894
  2.16333   1.71682
 0.677221   2.17614
   2.0526  0.550757
  1.28281    0.3268
  1.71621   1.92855
  2.30089  0.159075
  2.27088   1.84287
  2.16659   0.69267
  2.80465   1.32659
  1.24919    1.7077
  2.62255   1.78521
 0.870268   1.23176
 0.460863   0.92356
  1.71471   1.44742
  1.01772  0.536228
  0.67906  0.514232
  2.63838   1.96559
  1.34356  0.189363
  2.93174   1.87148
  2.08658   2.38849
  2.26354    2.3092
  2.39468   2.96385
0.0469167   2.59671
 0.728974   1.20969
  1.95177  0.254934
  1.84856   0.26145
  1.41887    1.5823
  0.23616    2.0529
  2.28283   1.47795
  2.11872 0.0899144
  1.94187   1.89161
  2.79757   2.03821
  1.27658 0.0446733
  1.73744   1.90543
  0.43905   2.66176
  1.45851   2.17491
0.0767558  0.418853
0.0946554   1.36111
  1.19539  0.707376
  2.35403  0.742302
  1.03872  0.755744
   1.0931   0.93246
   2.1489   2.20736
  1.30887   2.34875
  1.03513   2.58111
  2.27637   1.16631
  2.19495   2.46473
  1.61927   1.17959
    1.994   2.43414
  2.59651   1.61925
 0.960819  0.352817
 0.208877   1.65532
  2.46917   1.37379
  1.17865    2.2173
 0.413782  0.922584
 0.889056   2.69104
  2.03751   1.97016
  2.49178   1.37943
  1.41602  0.722291
  2.43382    2.8689
 0.614043   2.64852
  2.78278    2.1663
  1.54785   2.22961
 0.191057   2.31997
  2.04582  0.862593
  1.87954  0.990202
  1.97427   2.92045
  2.09011   1.31107
  1.03203  0.496842
 0.825422   2.01137
  2.75202  0.810187
  2.16163   1.17164
  1.42028   1.74506
  1.27626   2.59537
  2.44775   2.65862
  1.30516     1.242
  2.92929   2.15199
  2.40198  0.127992
  1.40434   1.09707
  2.06833   0.77342
  2.30296  0.788436
  1.25373   2.82975
  2.89962   2.23934
  1.45807  0.541971
  2.22019   2.14208
 0.857327  0.776177
  0.20825   1.82764
  2.14197    1.7652
  1.11953   1.02414
  1.93744   2.07475
  1.34227   1.04185
  2.79543   1.18771
 0.277787    1.6378
 0.599855  0.396783
  0.28723   2.08469
  1.82548  0.874124
  2.40353   1.31828
  1.75216   2.17804
 0.707115   2.89477
 0.803708   2.51818
  2.41226   0.21661
  1.56996   1.82022
 0.837814  0.286387
 0.754796  0.608301
0.0587759  0.499292
 0.319602   2.90536
 0.897215   1.52927
 0.882603   2.78242
  1.20342   1.30697
  1.61242   1.63057
0.0320955   1.11353
0.0774663   2.94521
   1.6484   1.94718
  2.12183   2.99472
 0.652667   2.71997
  2.57143   2.83013
  2.50142   1.54823
 0.264292   2.56407
  1.09576 0.0832787
 0.399426   1.30946
 0.472999   2.01584
  2.10918   1.61388
  2.53455  0.297116
 0.836246   2.88083
  1.26435    2.4515
 0.607865  0.825027
  2.69317   1.87684
   1.9368   0.14043
 0.442947   1.00463
  1.16682   1.31397
  1.95237  0.807349
  1.73833   2.12628
 0.117245   2.53132
  1.59336   2.42873
  2.26465  0.379135
 0.491879   1.61125
  0.67583   2.48695
   1.2344  0.544024
 0.412009   1.97538
  2.03955   2.15302
  2.67945   1.88191
  1.04069   1.55934
  1.61621    2.5068
  2.45804 0.0429144
  2.73393   1.97653
  1.33079  0.155089
  1.87193  0.893139
  2.23214   1.06828
 0.730505    1.1844
  1.26082   2.07654
  1.68222   1.98512
  1.70138  0.274143
   2.5579   2.40363
  1.77123  0.631485
  2.68919   1.55463
 0.570787   2.83292
  1.57309 0.0724878
  1.76106   2.71094
 0.732365  0.583554
   2.7241   2.86906
  0.10837   1.17068
  0.83141   2.52275
  2.32679  0.441939
  2.70028   1.19887
  1.29218   2.10729
 0.420389   2.49653
   2.5143  0.586501
 0.937781  0.520391
  2.72825   2.92575
  1.49325   2.08026
  1.52587   1.71762
 0.797061   0.49953
  2.18786   1.14248
 0.425051     1.761
 0.719098   2.17774
  2.80306   1.70303
  1.38921 0.0909613
  1.07727   2.70249
  1.69342   2.82929
  1.33661   1.57973
  1.93564   2.13271
 0.361224   2.30004
  1.24121    2.7372
  2.17591   1.57557
  2.06901  0.447572
  1.83776   1.74941
 0.570181   2.02167
 0.907521   1.43126
   2.3236   1.20385
  0.45768   2.76515
  1.98167   1.74316
 0.942576  0.722697
 0.985269  0.157853
  2.32034  0.354208
  1.48596   1.79731
 0.977264   2.23664
  1.79254  0.985689
  0.94438   2.94911
  2.25318 0.0836256
    1.011   2.20734
  1.97659  0.819295
  1.27245  0.187443
  2.54938  0.151901
  2.21332  0.827507
  1.82904  0.256068
  1.56403   1.69946
  2.89744 0.0129664
  1.58941  0.904708
  1.58549   1.86293
  2.89751   1.61636
  1.03513   2.97353
  1.15681    2.2543
 0.614229   1.75926
  2.71554   2.99547
  1.24182  0.521417
  1.22874   1.39724
  2.15013   1.67218
  1.31054   1.49452
  1.05681   2.59411
 0.269082   2.19946
 0.358774 0.0615693
  2.41746   2.68729
 0.065473    2.4905
  1.63483   1.10844
 0.147909    2.8326
0.0691687  0.804124
  2.79517    1.3396
  2.24665   1.94756
  2.49779  0.679735
  1.06617   2.57452
  1.57573  0.425852
  1.95276   1.99552
  2.31492   1.55913
  2.15524  0.510068
  2.76149   2.01466
  2.38873   0.61356
  2.97135   1.80176
 0.660319   2.16916
 0.441295   2.44661
  2.12931   1.49473
  2.27025  0.828317
   2.4171    1.3759
 0.188049   2.18673
  1.35278  0.463289
  2.09358   2.36164
  2.64132   2.98995
  2.12581   2.47667
LINKS_SOURCE_DESTINATION_DISTANCE 1398
     0      1      1
     0      3      1
     0     31      1
     0    170      1
     0    349      1
     1      0      1
     1      2      1
     1      7      1
     1     13      1
     1     64      1
     1     67      1
     1    239      1
     1    445      1
     2      1      1
     2      5      1
     2     22      1
     2     80      1
     3      0      1
     3      4      1
     3      9      1
     3     19      1
     3     23      1
     3     66      1
     3    373      1
     3    564      1
     3    566      1
     4      3      1
     4      6      1
     4     18      1
     4     30      1
     4    588      1
     5      2      1
     5      8      1
     5     10      1
     5     40      1
     5    124      1
     5    193      1
     6      4      1
     6     15      1
     6     33      1
     6     34      1
     7      1      1
     7     11      1
     7     20      1
     7     37      1
     7    174      1
     7    634      1
     8      5      1
     8    208      1
     8    342      1
     8    359      1
     8    589      1
     9      3      1
     9     21      1
     9     27      1
     9     41      1
     9     48      1
     9     73      1
     9    191      1
    10      5      1
    10     12      1
    10     92      1
    10    204      1
    11      7      1
    11     16      1
    11     17      1
    11     25      1
    11     26      1
    11     60      1
    11    130      1
    12     10      1
    12    341      1
    12    548      1
    13      1      1
    13     14      1
    13     32      1
    13    685      1
    14     13      1
    14    167      1
    14    357      1
    14    421      1
    15      6      1
    15     54      1
    15     86      1
    15    689      1
    16     11      1
    16     76      1
    16    118      1
    16    152      1
    16    230      1
    16    604      1
    17     11      1
    17     52      1
    17     62      1
    17     75      1
    17     89      1
    17    108      1
    18      4      1
    18     28      1
    18     29      1
    18     35      1
    18     39      1
    18     94      1
    18    248      1
    18    444      1
    18    578      1
    19      3      1
    19     49      1
    19    169      1
    19    573      1
    20      7      1
    20    215      1
    21      9      1
    21     70      1
    21     79      1
    22      2      1
    22     24      1
    22     46      1
    22    142      1
    22    253      1
    22    291      1
    22    428      1
    23      3      1
    23     50      1
    23     51      1
    23     57      1
    23     91      1
    23    141      1
    23    172      1
    23    670      1
    24     22      1
    24     43      1
    24     74      1
    24    157      1
    24    162      1
    24    165      1
    24    242      1
    25     11      1
    25    440      1
    25    697      1
    26     11      1
    26     72      1
    27      9      1
    27     55      1
    27     61      1
    27     65      1
    27     87      1
    27    207      1
    27    386      1
    27    523      1
    28     18      1
    28     47      1
    28    121      1
    29     18      1
    29     36      1
    29     38      1
    29     44      1
    29     63      1
    29    195      1
    29    277      1
    29    407      1
    29    473      1
    29    508      1
    30      4      1
    30    563      1
    31      0      1
    31    107      1
    31    224      1
    31    233      1
    31    436      1
    32     13      1
    32     45      1
    32    362      1
    32    683      1
    33      6      1
    33     77      1
    33    322      1
    33    399      1
    34      6      1
    34    103      1
    34    231      1
    34    375      1
    34    434      1
    35     18      1
    36     29      1
    36     96      1
    36    220      1
    36    261      1
    36    417      1
    36    491      1
    36    644      1
    37      7      1
    37     42      1
    37    607      1
    38     29      1
    38     71      1
    38    426      1
    39     18      1
    39    432      1
    40      5      1
    40     68      1
    40    102      1
    40    126      1
    40    186      1
    40    202      1
    41      9      1
    41    106      1
    41    260      1
    41    556      1
    42     37      1
    42    123      1
    42    136      1
    42    406      1
    43     24      1
    43    209      1
    43    494      1
    44     29      1
    44     53      1
    44    378      1
    44    385      1
    45     32      1
    45     58      1
    45    125      1
    45    347      1
    45    363      1
    46     22      1
    46     69      1
    46    178      1
    46    684      1
    47     28      1
    47    530      1
    47    629      1
    48      9      1
    48     59      1
    48    332      1
    49     19      1
    49     56      1
    50     23      1
    50    100      1
    50    150      1
    50    293      1
    50    503      1
    51     23      1
    51    113      1
    51    211      1
    51    354      1
    51    460      1
    52     17      1
    52     82      1
    52    451      1
    52    590      1
    53     44      1
    53     93      1
    53    180      1
    53    356      1
    54     15      1
    54    159      1
    54    344      1
    55     27      1
    55    192      1
    55    493      1
    56     49      1
    56     90      1
    56    120      1
    57     23      1
    57    384      1
    58     45      1
    58    309      1
    58    552      1
    59     48      1
    59    187      1
    59    411      1
    60     11      1
    60     78      1
    60    117      1
    60    156      1
    61     27      1
    61    119      1
    61    153      1
    61    181      1
    61    361      1
    62     17      1
    62    401      1
    62    558      1
    63     29      1
    63    437      1
    64      1      1
    64    161      1
    64    294      1
    64    533      1
    65     27      1
    65    334      1
    65    625      1
    66      3      1
    66     88      1
    66    189      1
    66    310      1
    66    335      1
    67      1      1
    67     95      1
    67    164      1
    67    238      1
    67    694      1
    68     40      1
    68    372      1
    68    398      1
    68    468      1
    69     46      1
    69     83      1
    69    104      1
    69    133      1
    69    477      1
    69    505      1
    70     21      1
    71     38      1
    71    131      1
    71    283      1
    72     26      1
    72    137      1
    72    308      1
    72    514      1
    73      9      1
    73    314      1
    74     24      1
    75     17      1
    75    112      1
    75    134      1
    75    390      1
    76     16      1
    76    182      1
    76    295      1
    76    656      1
    77     33      1
    77     81      1
    78     60      1
    78    146      1
    78    173      1
    78    404      1
    78    525      1
    79     21      1
    79    147      1
    80      2      1
    80    275      1
    80    570      1
    81     77      1
    81    114      1
    81    115      1
    81    139      1
    81    531      1
    82     52      1
    82     84      1
    82     98      1
    83     69      1
    83    116      1
    83    338      1
    84     82      1
    84     85      1
    84     97      1
    85     84      1
    85     99      1
    85    148      1
    85    205      1
    85    470      1
    86     15      1
    86    135      1
    86    210      1
    87     27      1
    87    101      1
    87    109      1
    87    132      1
    87    478      1
    88     66      1
    88    265      1
    88    419      1
    89     17      1
    89    128      1
    89    198      1
    89    306      1
    89    370      1
    89    423      1
    90     56      1
    90    466      1
    91     23      1
    91    110      1
    91    196      1
    91    608      1
    92     10      1
    92    216      1
    93     53      1
    93    127      1
    93    217      1
    94     18      1
    94    257      1
    94    318      1
    95     67      1
    95    184      1
    95    225      1
    95    262      1
    96     36      1
    96    226      1
    97     84      1
    97    400      1
    98     82      1
    99     85      1
   100     50      1
   100    453      1
   101     87      1
   101    300      1
   101    535      1
   101    546      1
   101    610      1
   102     40      1
   102    302      1
   103     34      1
   103    188      1
   103    267      1
   103    442      1
   103    486      1
   104     69      1
   104    105      1
   105    104      1
   105    333      1
   106     41      1
   106    111      1
   106    313      1
   107     31      1
   107    140      1
   107    245      1
   108     17      1
   108    190      1
   108    270      1
   109     87      1
   109    160      1
   109    163      1
   109    199      1
   109    232      1
   109    351      1
   109    430      1
   110     91      1
   110    129      1
   111    106      1
   111    155      1
   111    279      1
   112     75      1
   112    358      1
   113     51      1
   113    122      1
   113    218      1
   114     81      1
   114    441      1
   115     81      1
   115    463      1
   116     83      1
   116    149      1
   116    166      1
   116    179      1
   116    223      1
   117     60      1
   117    323      1
   117    376      1
   117    408      1
   118     16      1
   118    145      1
   118    368      1
   118    374      1
   118    595      1
   119     61      1
   119    203      1
   119    501      1
   120     56      1
   120    227      1
   120    603      1
   121     28      1
   122    113      1
   122    537      1
   123     42      1
   123    388      1
   124      5      1
   124    435      1
   125     45      1
   125    336      1
   126     40      1
   126    143      1
   126    345      1
   126    447      1
   126    626      1
   126    647      1
   127     93      1
   127    144      1
   127    403      1
   127    485      1
   128     89      1
   128    532      1
   129    110      1
   129    138      1
   130     11      1
   130    221      1
   131     71      1
   131    183      1
   132     87      1
   132    177      1
   132    201      1
   132    585      1
   133     69      1
   133    379      1
   133    392      1
   134     75      1
   134    214      1
   135     86      1
   135    433      1
   136     42      1
   136    151      1
   136    299      1
   137     72      1
   137    168      1
   137    285      1
   137    364      1
   137    420      1
   138    129      1
   139     81      1
   139    297      1
   139    348      1
   140    107      1
   141     23      1
   142     22      1
   142    284      1
   143    126      1
   143    288      1
   144    127      1
   144    391      1
   145    118      1
   145    175      1
   145    259      1
   146     78      1
   146    213      1
   146    286      1
   147     79      1
   147    605      1
   147    676      1
   148     85      1
   148    158      1
   148    171      1
   148    424      1
   148    488      1
   148    678      1
   148    690      1
   149    116      1
   149    237      1
   149    325      1
   149    524      1
   150     50      1
   150    366      1
   150    371      1
   150    662      1
   151    136      1
   151    154      1
   151    194      1
   152     16      1
   152    176      1
   152    243      1
   152    250      1
   152    272      1
   152    455      1
   153     61      1
   154    151      1
   155    111      1
   155    206      1
   155    329      1
   156     60      1
   156    256      1
   156    425      1
   157     24      1
   157    415      1
   158    148      1
   158    495      1
   159     54      1
   159    330      1
   160    109      1
   160    228      1
   161     64      1
   162     24      1
   162    377      1
   162    539      1
   163    109      1
   163    339      1
   163    521      1
   164     67      1
   164    526      1
   165     24      1
   165    587      1
   165    650      1
   166    116      1
   167     14      1
   167    317      1
   167    675      1
   168    137      1
   169     19      1
   169    289      1
   169    657      1
   170      0      1
   170    281      1
   171    148      1
   171    469      1
   172     23      1
   173     78      1
   173    246      1
   173    268      1
   174      7      1
   174    240      1
   175    145      1
   175    185      1
   176    152      1
   176    200      1
   176    269      1
   177    132      1
   178     46      1
   178    462      1
   179    116      1
   179    292      1
   179    655      1
   180     53      1
   180    534      1
   181     61      1
   181    527      1
   182     76      1
   182    197      1
   182    258      1
   182    383      1
   183    131      1
   183    369      1
   183    475      1
   183    515      1
   184     95      1
   185    175      1
   185    222      1
   185    249      1
   185    472      1
   185    513      1
   186     40      1
   187     59      1
   187    229      1
   188    103      1
   188    305      1
   189     66      1
   189    307      1
   189    443      1
   189    582      1
   189    618      1
   189    680      1
   190    108      1
   190    276      1
   190    287      1
   191      9      1
   192     55      1
   193      5      1
   193    274      1
   193    471      1
   193    502      1
   194    151      1
   195     29      1
   195    457      1
   195    461      1
   196     91      1
   197    182      1
   197    410      1
   197    554      1
   198     89      1
   198    251      1
   198    264      1
   198    518      1
   198    592      1
   199    109      1
   199    263      1
   199    324      1
   200    176      1
   201    132      1
   201    319      1
   202     40      1
   202    235      1
   203    119      1
   204     10      1
   205     85      1
   205    459      1
   206    155      1
   206    393      1
   206    567      1
   207     27      1
   207    346      1
   208      8      1
   208    340      1
   208    394      1
   208    691      1
   209     43      1
   210     86      1
   210    212      1
   210    241      1
   210    698      1
   211     51      1
   212    210      1
   212    632      1
   212    672      1
   212    679      1
   213    146      1
   213    350      1
   214    134      1
   215     20      1
   216     92      1
   216    244      1
   216    282      1
   217     93      1
   217    327      1
   218    113      1
   218    219      1
   218    304      1
   218    439      1
   219    218      1
   220     36      1
   220    303      1
   221    130      1
   222    185      1
   223    116      1
   223    236      1
   223    266      1
   224     31      1
   225     95      1
   226     96      1
   227    120      1
   227    234      1
   227    396      1
   227    516      1
   228    160      1
   229    187      1
   229    290      1
   229    465      1
   230     16      1
   231     34      1
   231    387      1
   232    109      1
   232    474      1
   233     31      1
   233    395      1
   234    227      1
   235    202      1
   235    271      1
   235    497      1
   235    519      1
   236    223      1
   237    149      1
   237    331      1
   238     67      1
   238    402      1
   239      1      1
   239    280      1
   239    565      1
   240    174      1
   241    210      1
   242     24      1
   242    255      1
   242    409      1
   243    152      1
   244    216      1
   244    438      1
   244    509      1
   245    107      1
   246    173      1
   246    247      1
   247    246      1
   248     18      1
   248    382      1
   249    185      1
   250    152      1
   250    252      1
   250    528      1
   251    198      1
   251    254      1
   251    311      1
   251    337      1
   252    250      1
   253     22      1
   254    251      1
   255    242      1
   256    156      1
   257     94      1
   257    577      1
   258    182      1
   259    145      1
   259    413      1
   260     41      1
   260    278      1
   260    380      1
   260    449      1
   261     36      1
   262     95      1
   262    298      1
   263    199      1
   264    198      1
   264    480      1
   265     88      1
   265    321      1
   265    326      1
   266    223      1
   266    316      1
   267    103      1
   267    616      1
   268    173      1
   268    296      1
   268    446      1
   269    176      1
   269    273      1
   269    641      1
   270    108      1
   271    235      1
   271    431      1
   271    538      1
   272    152      1
   272    458      1
   273    269      1
   274    193      1
   274    412      1
   275     80      1
   276    190      1
   276    352      1
   277     29      1
   278    260      1
   279    111      1
   280    239      1
   281    170      1
   282    216      1
   283     71      1
   283    301      1
   283    312      1
   284    142      1
   285    137      1
   285    315      1
   286    146      1
   286    320      1
   287    190      1
   287    542      1
   288    143      1
   289    169      1
   290    229      1
   290    557      1
   291     22      1
   292    179      1
   293     50      1
   293    416      1
   294     64      1
   295     76      1
   296    268      1
   297    139      1
   298    262      1
   298    496      1
   299    136      1
   299    663      1
   300    101      1
   301    283      1
   302    102      1
   302    517      1
   303    220      1
   303    381      1
   303    594      1
   303    643      1
   304    218      1
   305    188      1
   306     89      1
   307    189      1
   307    414      1
   307    639      1
   308     72      1
   308    511      1
   309     58      1
   309    367      1
   309    579      1
   310     66      1
   311    251      1
   312    283      1
   313    106      1
   313    498      1
   313    642      1
   314     73      1
   314    328      1
   314    450      1
   315    285      1
   316    266      1
   317    167      1
   317    482      1
   318     94      1
   319    201      1
   319    559      1
   319    668      1
   320    286      1
   321    265      1
   321    343      1
   322     33      1
   322    667      1
   323    117      1
   323    353      1
   324    199      1
   325    149      1
   326    265      1
   327    217      1
   328    314      1
   329    155      1
   329    512      1
   330    159      1
   330    389      1
   331    237      1
   332     48      1
   332    481      1
   332    500      1
   333    105      1
   334     65      1
   334    483      1
   334    543      1
   334    562      1
   335     66      1
   335    624      1
   336    125      1
   336    541      1
   336    544      1
   337    251      1
   338     83      1
   338    355      1
   338    405      1
   338    452      1
   339    163      1
   339    360      1
   339    429      1
   339    479      1
   340    208      1
   341     12      1
   341    651      1
   342      8      1
   343    321      1
   343    365      1
   344     54      1
   345    126      1
   346    207      1
   347     45      1
   348    139      1
   348    490      1
   349      0      1
   350    213      1
   351    109      1
   352    276      1
   353    323      1
   353    620      1
   354     51      1
   355    338      1
   356     53      1
   357     14      1
   358    112      1
   358    467      1
   359      8      1
   360    339      1
   360    654      1
   361     61      1
   361    520      1
   362     32      1
   363     45      1
   364    137      1
   364    427      1
   365    343      1
   366    150      1
   367    309      1
   368    118      1
   368    551      1
   368    696      1
   369    183      1
   369    576      1
   370     89      1
   371    150      1
   372     68      1
   372    504      1
   373      3      1
   374    118      1
   375     34      1
   376    117      1
   377    162      1
   378     44      1
   379    133      1
   380    260      1
   380    397      1
   381    303      1
   382    248      1
   382    418      1
   382    506      1
   383    182      1
   383    529      1
   383    550      1
   384     57      1
   384    555      1
   384    560      1
   385     44      1
   385    456      1
   385    671      1
   386     27      1
   387    231      1
   387    422      1
   388    123      1
   389    330      1
   390     75      1
   391    144      1
   392    133      1
   393    206      1
   394    208      1
   395    233      1
   396    227      1
   396    571      1
   396    581      1
   397    380      1
   398     68      1
   399     33      1
   400     97      1
   400    580      1
   401     62      1
   402    238      1
   402    635      1
   403    127      1
   404     78      1
   405    338      1
   405    665      1
   406     42      1
   407     29      1
   408    117      1
   409    242      1
   410    197      1
   410    661      1
   411     59      1
   412    274      1
   412    666      1
   413    259      1
   414    307      1
   415    157      1
   416    293      1
   417     36      1
   418    382      1
   419     88      1
   420    137      1
   421     14      1
   422    387      1
   422    448      1
   423     89      1
   424    148      1
   425    156      1
   426     38      1
   427    364      1
   428     22      1
   428    499      1
   429    339      1
   430    109      1
   430    659      1
   431    271      1
   432     39      1
   433    135      1
   433    568      1
   434     34      1
   435    124      1
   435    507      1
   436     31      1
   437     63      1
   437    598      1
   437    621      1
   438    244      1
   438    593      1
   438    664      1
   439    218      1
   440     25      1
   441    114      1
   442    103      1
   443    189      1
   443    536      1
   444     18      1
   444    454      1
   444    487      1
   445      1      1
   446    268      1
   447    126      1
   448    422      1
   449    260      1
   450    314      1
   451     52      1
   452    338      1
   452    464      1
   452    545      1
   452    638      1
   453    100      1
   454    444      1
   454    476      1
   455    152      1
   456    385      1
   457    195      1
   457    569      1
   458    272      1
   458    492      1
   459    205      1
   460     51      1
   461    195      1
   462    178      1
   462    575      1
   462    615      1
   463    115      1
   463    553      1
   464    452      1
   464    540      1
   465    229      1
   466     90      1
   467    358      1
   467    584      1
   468     68      1
   469    171      1
   470     85      1
   471    193      1
   471    484      1
   472    185      1
   473     29      1
   474    232      1
   475    183      1
   475    547      1
   476    454      1
   476    510      1
   477     69      1
   478     87      1
   479    339      1
   479    646      1
   479    673      1
   480    264      1
   481    332      1
   482    317      1
   483    334      1
   484    471      1
   485    127      1
   486    103      1
   487    444      1
   487    489      1
   487    561      1
   488    148      1
   489    487      1
   490    348      1
   490    633      1
   491     36      1
   492    458      1
   493     55      1
   493    549      1
   493    630      1
   494     43      1
   494    645      1
   495    158      1
   495    600      1
   496    298      1
   497    235      1
   498    313      1
   498    522      1
   498    574      1
   499    428      1
   500    332      1
   500    636      1
   501    119      1
   502    193      1
   503     50      1
   504    372      1
   505     69      1
   505    653      1
   506    382      1
   507    435      1
   508     29      1
   508    596      1
   509    244      1
   509    677      1
   510    476      1
   511    308      1
   511    682      1
   512    329      1
   512    623      1
   513    185      1
   514     72      1
   515    183      1
   516    227      1
   517    302      1
   518    198      1
   518    597      1
   519    235      1
   520    361      1
   521    163      1
   522    498      1
   523     27      1
   524    149      1
   525     78      1
   526    164      1
   527    181      1
   528    250      1
   529    383      1
   530     47      1
   531     81      1
   532    128      1
   532    648      1
   533     64      1
   534    180      1
   535    101      1
   535    669      1
   536    443      1
   537    122      1
   537    614      1
   538    271      1
   539    162      1
   539    627      1
   540    464      1
   541    336      1
   542    287      1
   543    334      1
   543    658      1
   544    336      1
   544    602      1
   545    452      1
   545    583      1
   545    637      1
   546    101      1
   547    475      1
   548     12      1
   549    493      1
   550    383      1
   551    368      1
   552     58      1
   553    463      1
   553    612      1
   554    197      1
   555    384      1
   556     41      1
   557    290      1
   558     62      1
   559    319      1
   560    384      1
   561    487      1
   562    334      1
   562    622      1
   563     30      1
   564      3      1
   565    239      1
   566      3      1
   567    206      1
   568    433      1
   568    613      1
   569    457      1
   570     80      1
   571    396      1
   571    572      1
   572    571      1
   572    591      1
   573     19      1
   574    498      1
   575    462      1
   575    628      1
   576    369      1
   577    257      1
   578     18      1
   578    601      1
   579    309      1
   579    617      1
   579    652      1
   580    400      1
   581    396      1
   581    586      1
   581    609      1
   582    189      1
   583    545      1
   583    606      1
   584    467      1
   585    132      1
   586    581      1
   587    165      1
   587    599      1
   588      4      1
   588    631      1
   589      8      1
   590     52      1
   591    572      1
   592    198      1
   592    619      1
   593    438      1
   594    303      1
   595    118      1
   596    508      1
   596    693      1
   597    518      1
   598    437      1
   598    692      1
   599    587      1
   600    495      1
   601    578      1
   602    544      1
   602    674      1
   603    120      1
   604     16      1
   605    147      1
   606    583      1
   607     37      1
   608     91      1
   609    581      1
   609    611      1
   610    101      1
   611    609      1
   611    695      1
   612    553      1
   613    568      1
   614    537      1
   615    462      1
   616    267      1
   617    579      1
   618    189      1
   619    592      1
   620    353      1
   621    437      1
   622    562      1
   623    512      1
   623    640      1
   623    649      1
   624    335      1
   625     65      1
   626    126      1
   627    539      1
   628    575      1
   629     47      1
   630    493      1
   631    588      1
   632    212      1
   633    490      1
   634      7      1
   635    402      1
   635    660      1
   636    500      1
   637    545      1
   638    452      1
   639    307      1
   640    623      1
   641    269      1
   642    313      1
   643    303      1
   644     36      1
   645    494      1
   646    479      1
   647    126      1
   648    532      1
   649    623      1
   650    165      1
   650    681      1
   651    341      1
   652    579      1
   653    505      1
   654    360      1
   654    699      1
   655    179      1
   656     76      1
   657    169      1
   658    543      1
   659    430      1
   660    635      1
   661    410      1
   662    150      1
   663    299      1
   664    438      1
   665    405      1
   666    412      1
   667    322      1
   668    319      1
   669    535      1
   670     23      1
   671    385      1
   672    212      1
   673    479      1
   674    602      1
   675    167      1
   676    147      1
   676    686      1
   677    509      1
   678    148      1
   679    212      1
   680    189      1
   681    650      1
   682    511      1
   682    688      1
   683     32      1
   684     46      1
   684    687      1
   685     13      1
   686    676      1
   687    684      1
   688    682      1
   689     15      1
   690    148      1
   691    208      1
   692    598      1
   693    596      1
   694     67      1
   695    611      1
   696    368      1
   697     25      1
   698    210      1
   699    654      1
