COORD_X_Y 300
  0.77915   2.53741
  2.61876   1.69354
 0.562526   2.64608
  2.87649   1.61471
 0.620823   2.52654
 0.190571  0.259617
  2.45415  0.499118
  2.17597    1.1033
  2.86696  0.653504
  1.21241   1.07766
  1.41903  0.401053
  1.74658  0.387965
  2.10926   2.25064
  1.68627   1.67153
  2.81081    2.7883
  1.30584   2.94191
   0.5323  0.658529
  1.94245   1.51964
  2.45992  0.657002
 0.936451  0.573909
  1.95947  0.345533
  2.33481   2.78617
  1.18772  0.132403
  2.46606   2.66636
 0.669724   2.74306
  2.06108   1.97366
  2.18339  0.727503
  2.67563   2.16555
  2.12596   2.28085
  1.52815  0.606387
  1.64148   1.20942
   1.8131    2.1059
 0.200667 0.0950044
  1.11166   2.78274
  0.69933   1.41489
 0.811655   1.01006
  2.09152   2.39839
 0.357923  0.335529
  1.74356   1.10694
  1.42073   1.03949
0.0618002   2.88314
 0.203163   2.46851
  1.17612  0.277454
  2.46384   2.92539
  1.57842   2.17502
  2.32855   2.93575
   1.0555  0.628783
  1.25553   2.09763
 0.802771   1.49079
 0.646645   2.90843
  2.84271   2.81054
   1.4734   1.86191
  2.05972   2.98817
  2.54748  0.460387
  2.96661   1.07922
 0.757444   0.53948
  2.15761   2.56615
  2.98958   2.62702
  1.66046  0.138834
  2.17351  0.185676
  1.03767   2.62149
  2.09776  0.188139
  2.17105   2.28652
   1.4442   1.48871
  2.85628   1.40607
  2.52944  0.678142
  1.47066   0.32375
 0.817716   1.87739
  2.68327   2.44054
  2.58077  0.845412
  1.89603  0.680316
  2.95794   1.94205
  1.22389  0.660068
  2.38122   1.94322
 0.155185   1.49605
  2.77639   2.82829
 0.872336    0.2407
 0.897502   2.20493
 0.218045   2.13377
0.0542692   2.99019
  1.42395   2.03148
  2.98847  0.657042
 0.241665   1.11656
  0.52654   1.47772
  2.21367   1.85198
  1.80454   2.90471
  2.94215   2.19856
  2.11431   1.27458
 0.839019   1.34341
  1.28075  0.971146
  2.15355  0.540477
  2.03255   1.07896
  1.73662   2.35738
  1.98785   2.56374
  2.30057  0.926425
  2.95106   2.95313
  1.50706  0.617568
    1.297   1.31023
 0.676418  0.130632
   2.8689  0.955178
  2.14054   1.14669
  2.57465    1.0584
 0.472733    2.2901
  2.18582   1.21387
  1.53977  0.480686
  1.42015   2.28731
  1.64162   1.80554
  2.62754   1.11605
  2.07328  0.896471
  1.97317   2.52316
  2.93969   2.86969
  1.05649  0.818389
 0.915006   2.43304
0.0899875  0.431733
  2.13829  0.242122
  1.99798   2.53391
  1.62091  0.719187
 0.385249   1.03998
   1.0556  0.450449
  1.99324  0.708365
 0.567913    2.2434
  2.86175    2.3895
   2.9124   1.76588
 0.989797   1.98164
  1.73017  0.204782
  2.94317   2.44035
  2.15443   2.11087
  1.15964 0.0559076
  1.96064   1.38546
 0.974445   2.82243
 0.406586   1.79723
  1.88809 0.00708943
 0.479708  0.733679
 0.456631   1.42166
0.0648371   1.75873
  1.35177  0.952034
 0.113944    1.1348
  2.11245   2.97524
 0.545547   2.91542
  2.55135    1.0519
  1.13438  0.453939
  1.95962   2.20207
 0.408132   2.24893
  1.77543   2.07232
  2.53846  0.977766
  2.16436  0.169945
 0.725474   1.14355
  1.00788   0.30788
 0.981038   2.73327
  1.63742   2.96511
  1.89614  0.805454
  2.41501  0.560952
   2.0849   2.60437
  0.49172  0.959166
  1.85968  0.494017
 0.298172 0.00981685
  2.56372   1.21987
  1.67843   2.24668
  1.39901   1.24615
 0.929909   1.76748
  2.34581   2.26406
  1.14617   1.05473
  2.32594   2.87342
 0.350644   2.90333
  1.62632  0.115493
 0.308166   1.87932
 0.414312    2.5212
  1.93256   2.35902
  2.66054   1.11591
 0.846313   1.81257
  2.71939   2.79637
 0.569216   1.98439
  1.82289   2.50028
  1.46206   2.83824
  2.50507  0.220594
  1.64812   2.71601
   1.2027   2.11536
0.00256862  0.221275
  1.61391   1.79199
  1.71735   2.37866
  1.87627    2.6713
 0.258554    2.2147
  0.86897   1.20126
  2.01491  0.825739
   1.7492   2.26664
 0.869031   1.47372
 0.505559   1.66607
  1.04209   2.76315
 0.923685   1.25669
 0.943984   1.94586
  2.90669   2.33004
  2.06439   2.13922
  2.09688   2.56536
 0.893766   2.44885
   2.3048   2.62223
  2.15966   1.26525
  0.81983  0.265586
  1.99333   1.57677
  1.35857   1.82162
  1.06259  0.236559
 0.366691   2.12538
    2.841   1.65978
  2.68916   2.49269
 0.667399   1.93217
 0.279879   2.25104
 0.409205  0.173229
  2.73462  0.190745
 0.955682   1.95668
  2.22922   2.58283
  2.65629   1.21602
 0.524631   1.19427
  2.46664  0.679258
  2.32419   1.01973
  2.75811  0.501177
   1.1878   2.28994
  1.11923  0.465859
  1.32867   2.41867
   2.2913   2.33041
  2.34339 0.00796269
 0.651113  0.556545
  2.61752   2.70871
 0.769232   2.86837
 0.901804   2.10052
 0.404921   1.36948
  2.61507   2.71855
  0.42283    1.7223
  0.57363   1.57624
  1.41749  0.200048
 0.709064   1.41064
  1.11864   1.43533
 0.437316   2.04147
  1.10223  0.575829
  1.19909   1.62367
 0.343333   1.38814
  2.07624    2.1417
0.0971752  0.528738
 0.250507  0.284536
 0.218392  0.389582
  2.25572  0.497946
    2.842 0.0752481
  1.36815   2.66301
0.0448913  0.628448
  1.01554   2.61486
 0.111906   1.91895
  2.08298  0.731555
  1.92335   2.95708
  1.55219   2.53702
 0.528801   1.43528
  1.31119   1.60844
 0.149439   2.47721
  1.00704  0.277688
  2.23567  0.481361
  1.40013   2.62002
  2.33405   2.50255
  1.03212  0.280429
  1.65184  0.457877
  2.81399   1.31911
 0.303205   2.12841
 0.888388    1.4292
  1.60274    1.4427
  1.12347   2.32634
  1.63981   2.34377
  2.86847   1.23285
 0.339904   2.48334
  1.75705   2.11733
  0.59877    2.3705
  1.65183  0.611211
 0.710252  0.257428
  2.11662   2.29125
 0.412665   2.42836
  0.25922   1.80145
  1.35195   1.75302
0.0872397  0.169247
  2.11608   2.17317
  1.33944 0.0224819
  2.83829  0.883419
  2.86368   2.71134
 0.809692   0.55748
 0.800917   2.66804
  1.64371  0.261857
   1.2914  0.416964
  2.97085  0.175403
  1.37451  0.359987
 0.477796  0.167701
  1.41808  0.617822
  2.01874   0.29668
  2.53423   2.97252
  1.38577  0.908897
  2.66548   1.08466
  2.91599  0.946624
 0.457953   1.50329
  2.55002  0.277225
  2.55003   1.19586
  1.07035   1.38843
  1.45726   0.78252
  1.59533  0.520206
  1.01728   2.89714
 0.864937   2.22377
  1.15037   2.25864
 0.398051   2.66849
LINKS_SOURCE_DESTINATION_DISTANCE 598
     0      1      1
     0      2      1
     0     11      1
     0     39      1
     0     42      1
     0     47      1
     0     75      1
     0     84      1
     1      0      1
     1      7      1
     1      8      1
     1     15      1
     1     17      1
     1     22      1
     1     33      1
     1     86      1
     1    121      1
     1    201      1
     2      0      1
     2      3      1
     2      5      1
     2      6      1
     2     10      1
     2     28      1
     2     79      1
     2    102      1
     2    262      1
     3      2      1
     3      4      1
     3     12      1
     3     25      1
     3     40      1
     4      3      1
     4     23      1
     4     62      1
     5      2      1
     5     13      1
     5    195      1
     6      2      1
     6     43      1
     6     82      1
     7      1      1
     7      9      1
     7     19      1
     7     81      1
     7     88      1
     8      1      1
     8     14      1
     9      7      1
     9     18      1
     9     66      1
    10      2      1
    10     45      1
    10     54      1
    10     61      1
    10     71      1
    10    122      1
    11      0      1
    11     31      1
    12      3      1
    12     20      1
    12     57      1
    12     78      1
    12    173      1
    13      5      1
    13     24      1
    13    148      1
    14      8      1
    14     16      1
    14     46      1
    14     55      1
    15      1      1
    15     26      1
    15    169      1
    15    176      1
    16     14      1
    16     21      1
    16     70      1
    16     80      1
    17      1      1
    17     73      1
    18      9      1
    18     27      1
    18     38      1
    18     51      1
    18     99      1
    18    107      1
    18    216      1
    19      7      1
    20     12      1
    20     30      1
    20     32      1
    20     48      1
    20    137      1
    20    256      1
    20    276      1
    20    287      1
    21     16      1
    21    120      1
    21    138      1
    21    175      1
    22      1      1
    22    237      1
    23      4      1
    23    100      1
    23    126      1
    23    204      1
    23    220      1
    24     13      1
    24     29      1
    24    134      1
    24    230      1
    25      3      1
    25    112      1
    26     15      1
    26     35      1
    26     72      1
    26    250      1
    27     18      1
    27     34      1
    27     58      1
    27     60      1
    28      2      1
    28     93      1
    29     24      1
    29    118      1
    29    283      1
    30     20      1
    30    277      1
    31     11      1
    31     37      1
    31    162      1
    31    260      1
    32     20      1
    32     41      1
    32     59      1
    32     89      1
    33      1      1
    33     83      1
    33    109      1
    34     27      1
    34    285      1
    35     26      1
    35     36      1
    35    168      1
    35    298      1
    36     35      1
    36    242      1
    37     31      1
    37    163      1
    37    271      1
    38     18      1
    38    128      1
    38    166      1
    39      0      1
    39    114      1
    40      3      1
    40     94      1
    41     32      1
    41    180      1
    42      0      1
    42     96      1
    42    135      1
    43      6      1
    43     44      1
    43    116      1
    44     43      1
    44     52      1
    44    164      1
    44    211      1
    45     10      1
    45     65      1
    45     90      1
    45    264      1
    46     14      1
    46    255      1
    47      0      1
    47     98      1
    48     20      1
    48     49      1
    48     76      1
    48    265      1
    48    291      1
    49     48      1
    49     50      1
    49     53      1
    49     56      1
    50     49      1
    50    119      1
    50    187      1
    50    191      1
    51     18      1
    51    170      1
    51    259      1
    52     44      1
    52     63      1
    52    209      1
    53     49      1
    53    101      1
    53    139      1
    54     10      1
    54    286      1
    55     14      1
    55     74      1
    55    154      1
    55    246      1
    56     49      1
    57     12      1
    57     69      1
    58     27      1
    58     77      1
    58    269      1
    58    284      1
    59     32      1
    60     27      1
    60     64      1
    60    227      1
    61     10      1
    62      4      1
    62    171      1
    63     52      1
    63     68      1
    63     97      1
    63    179      1
    63    188      1
    64     60      1
    64     67      1
    64    140      1
    64    213      1
    64    252      1
    65     45      1
    65    117      1
    66      9      1
    67     64      1
    67    104      1
    67    206      1
    67    214      1
    68     63      1
    69     57      1
    69    108      1
    69    268      1
    70     16      1
    70    167      1
    71     10      1
    72     26      1
    72     91      1
    73     17      1
    73    145      1
    73    159      1
    73    241      1
    74     55      1
    75      0      1
    76     48      1
    77     58      1
    77    115      1
    77    193      1
    78     12      1
    78    127      1
    78    152      1
    79      2      1
    80     16      1
    80     92      1
    80    105      1
    80    248      1
    81      7      1
    81    153      1
    81    240      1
    82      6      1
    82    189      1
    83     33      1
    83     85      1
    83    131      1
    83    279      1
    84      0      1
    84     87      1
    85     83      1
    85    147      1
    85    294      1
    86      1      1
    86    281      1
    87     84      1
    88      7      1
    88    106      1
    88    110      1
    89     32      1
    89    151      1
    90     45      1
    90     95      1
    90    129      1
    90    136      1
    90    141      1
    91     72      1
    91    183      1
    92     80      1
    93     28      1
    94     40      1
    94    113      1
    94    165      1
    94    221      1
    95     90      1
    95    157      1
    95    229      1
    95    251      1
    96     42      1
    96    207      1
    96    215      1
    96    236      1
    97     63      1
    98     47      1
    98    253      1
    98    292      1
    99     18      1
    99    103      1
    99    223      1
   100     23      1
   100    202      1
   100    254      1
   101     53      1
   101    124      1
   101    130      1
   102      2      1
   103     99      1
   104     67      1
   104    172      1
   104    190      1
   105     80      1
   106     88      1
   107     18      1
   107    125      1
   107    233      1
   108     69      1
   108    111      1
   109     33      1
   110     88      1
   111    108      1
   111    232      1
   112     25      1
   112    123      1
   112    186      1
   112    249      1
   113     94      1
   113    203      1
   114     39      1
   114    156      1
   115     77      1
   116     43      1
   117     65      1
   117    199      1
   118     29      1
   118    228      1
   119     50      1
   120     21      1
   121      1      1
   121    185      1
   122     10      1
   122    258      1
   123    112      1
   124    101      1
   124    132      1
   124    158      1
   125    107      1
   125    149      1
   125    244      1
   125    273      1
   126     23      1
   127     78      1
   128     38      1
   128    177      1
   128    217      1
   128    280      1
   129     90      1
   129    144      1
   130    101      1
   130    133      1
   131     83      1
   132    124      1
   132    196      1
   133    130      1
   133    146      1
   133    278      1
   134     24      1
   134    155      1
   135     42      1
   135    150      1
   135    235      1
   136     90      1
   137     20      1
   138     21      1
   139     53      1
   139    161      1
   140     64      1
   141     90      1
   141    142      1
   142    141      1
   142    143      1
   143    142      1
   143    182      1
   143    194      1
   144    129      1
   145     73      1
   146    133      1
   146    181      1
   146    234      1
   146    238      1
   146    293      1
   147     85      1
   147    282      1
   148     13      1
   148    192      1
   149    125      1
   150    135      1
   151     89      1
   152     78      1
   153     81      1
   153    160      1
   153    212      1
   154     55      1
   155    134      1
   156    114      1
   157     95      1
   158    124      1
   159     73      1
   159    178      1
   160    153      1
   161    139      1
   162     31      1
   163     37      1
   163    231      1
   164     44      1
   165     94      1
   166     38      1
   166    174      1
   166    263      1
   167     70      1
   168     35      1
   168    218      1
   168    243      1
   169     15      1
   169    197      1
   170     51      1
   171     62      1
   172    104      1
   172    198      1
   172    257      1
   173     12      1
   174    166      1
   174    219      1
   175     21      1
   176     15      1
   176    210      1
   176    267      1
   177    128      1
   178    159      1
   179     63      1
   179    205      1
   180     41      1
   181    146      1
   182    143      1
   182    184      1
   182    245      1
   183     91      1
   184    182      1
   185    121      1
   186    112      1
   186    224      1
   187     50      1
   188     63      1
   188    226      1
   189     82      1
   189    239      1
   190    104      1
   191     50      1
   192    148      1
   193     77      1
   194    143      1
   194    200      1
   195      5      1
   196    132      1
   197    169      1
   198    172      1
   199    117      1
   199    289      1
   200    194      1
   201      1      1
   202    100      1
   203    113      1
   204     23      1
   205    179      1
   206     67      1
   206    208      1
   207     96      1
   207    261      1
   208    206      1
   209     52      1
   210    176      1
   210    222      1
   211     44      1
   212    153      1
   212    247      1
   213     64      1
   214     67      1
   214    274      1
   215     96      1
   216     18      1
   217    128      1
   218    168      1
   219    174      1
   220     23      1
   221     94      1
   221    225      1
   222    210      1
   223     99      1
   224    186      1
   225    221      1
   226    188      1
   227     60      1
   228    118      1
   229     95      1
   230     24      1
   231    163      1
   232    111      1
   232    296      1
   233    107      1
   233    290      1
   234    146      1
   235    135      1
   236     96      1
   237     22      1
   238    146      1
   238    270      1
   239    189      1
   240     81      1
   241     73      1
   242     36      1
   242    272      1
   243    168      1
   244    125      1
   245    182      1
   245    295      1
   246     55      1
   247    212      1
   248     80      1
   249    112      1
   250     26      1
   251     95      1
   251    275      1
   252     64      1
   253     98      1
   254    100      1
   255     46      1
   255    299      1
   256     20      1
   257    172      1
   258    122      1
   259     51      1
   260     31      1
   261    207      1
   262      2      1
   262    266      1
   263    166      1
   264     45      1
   265     48      1
   266    262      1
   267    176      1
   268     69      1
   269     58      1
   269    288      1
   270    238      1
   271     37      1
   272    242      1
   273    125      1
   274    214      1
   275    251      1
   276     20      1
   277     30      1
   277    297      1
   278    133      1
   279     83      1
   280    128      1
   281     86      1
   282    147      1
   283     29      1
   284     58      1
   285     34      1
   286     54      1
   287     20      1
   288    269      1
   289    199      1
   290    233      1
   291     48      1
   292     98      1
   293    146      1
   294     85      1
   295    245      1
   296    232      1
   297    277      1
   298     35      1
   299    255      1
