COORD_X_Y 25
  0.77296   1.22509
   2.2671  0.774202
  2.62288   1.38692
  1.15944    1.8844
 0.451181   1.32616
 0.197404  0.620312
  1.05604    2.7745
  1.62762   1.28641
  1.21908   2.24388
 0.130883   1.91031
  2.36637   2.60445
 0.745254   1.49965
 0.602358   2.28481
0.0367318   1.76458
  2.01065  0.793823
  1.12359   1.03885
  0.59174  0.828849
  1.30081  0.476383
 0.036395   1.19299
  1.56969   1.97808
 0.518456   1.97181
  1.16801  0.647956
  1.27547   2.81692
  1.52202   2.74174
  2.13849   0.83638
LINKS_SOURCE_DESTINATION_DISTANCE 48
     0      1      1
     1      0      1
     1      2      1
     1      3      1
     2      1      1
     2     12      1
     2     13      1
     3      1      1
     3      4      1
     3      5      1
     3     11      1
     3     17      1
     3     20      1
     4      3      1
     4      6      1
     4      7      1
     4     22      1
     5      3      1
     5      9      1
     5     10      1
     6      4      1
     6     16      1
     7      4      1
     7      8      1
     8      7      1
     8     19      1
     9      5      1
    10      5      1
    10     23      1
    11      3      1
    11     14      1
    12      2      1
    13      2      1
    13     15      1
    13     18      1
    14     11      1
    15     13      1
    16      6      1
    17      3      1
    17     24      1
    18     13      1
    18     21      1
    19      8      1
    20      3      1
    21     18      1
    22      4      1
    23     10      1
    24     17      1
