COORD_X_Y 65
  1.40686   1.08758
 0.417619   2.83386
  2.50889   1.78632
  0.66815  0.282906
 0.824967   1.60724
  2.33727   1.60385
  2.20211   1.08432
   2.6454   2.81335
 0.581069    2.0094
 0.519337   2.26226
   1.8879  0.628367
  1.43572  0.322492
  2.05435   2.75881
 0.428377   2.65625
 0.215602   2.08031
  2.47677  0.913254
 0.794588 0.0565234
 0.765923  0.342149
  2.36736  0.209865
  0.88179 0.0637765
 0.462088  0.327758
  1.18525   2.52095
  1.72459   2.26185
  2.49492  0.259188
0.0977575   2.60344
   2.6345    2.5175
   2.9161   2.80494
  1.25972   0.73403
   2.6913   1.61227
   2.0458    2.2774
  1.73449  0.971736
  1.71434  0.518929
  1.54664   2.67578
  2.06795   1.18299
  2.92064   2.78195
  2.85665   2.90218
  2.57776    1.4245
  2.64768   1.39395
 0.241144   1.61159
 0.596605   1.76759
  2.25288  0.324371
  2.63665   1.30489
  1.49529   2.73766
  1.60281  0.899891
 0.154285   1.80414
0.0262934   2.18413
  1.56377  0.222925
  1.92624   1.30361
  1.43388   1.49995
 0.135344   1.62783
 0.891678   2.98257
  2.00532   2.67507
  2.20685   1.96157
   1.6773   1.50059
  1.94143   2.40144
  2.71402 0.0467824
  2.33304   1.21844
 0.351578   2.09902
  2.21175   2.73775
  2.96405  0.376673
  2.89203  0.404053
  1.48394  0.810395
  1.62815   2.29303
  1.91689  0.490076
  1.88655   1.71832
LINKS_SOURCE_DESTINATION_DISTANCE 128
     0      1      1
     0      2      1
     0      3      1
     0      4      1
     0     42      1
     1      0      1
     1      5      1
     1     45      1
     2      0      1
     2      9      1
     2     18      1
     2     24      1
     2     55      1
     3      0      1
     3      6      1
     3     23      1
     4      0      1
     4     13      1
     4     46      1
     5      1      1
     5     20      1
     5     41      1
     5     64      1
     6      3      1
     6      7      1
     6     16      1
     6     19      1
     7      6      1
     7      8      1
     7     10      1
     7     25      1
     7     35      1
     8      7      1
     8     11      1
     8     12      1
     8     40      1
     8     58      1
     9      2      1
     9     14      1
     9     15      1
     9     17      1
    10      7      1
    10     44      1
    11      8      1
    11     43      1
    11     51      1
    11     57      1
    12      8      1
    12     28      1
    13      4      1
    14      9      1
    14     22      1
    14     63      1
    15      9      1
    15     31      1
    16      6      1
    16     59      1
    17      9      1
    17     29      1
    18      2      1
    18     32      1
    19      6      1
    19     21      1
    19     50      1
    19     53      1
    20      5      1
    20     30      1
    21     19      1
    22     14      1
    23      3      1
    23     34      1
    24      2      1
    24     26      1
    24     27      1
    24     36      1
    24     49      1
    25      7      1
    25     38      1
    25     52      1
    25     61      1
    26     24      1
    26     39      1
    27     24      1
    28     12      1
    29     17      1
    30     20      1
    31     15      1
    31     33      1
    32     18      1
    33     31      1
    34     23      1
    35      7      1
    35     37      1
    36     24      1
    37     35      1
    38     25      1
    38     47      1
    38     48      1
    39     26      1
    40      8      1
    40     60      1
    41      5      1
    42      0      1
    43     11      1
    44     10      1
    44     54      1
    44     56      1
    45      1      1
    46      4      1
    47     38      1
    48     38      1
    49     24      1
    49     62      1
    50     19      1
    51     11      1
    52     25      1
    53     19      1
    54     44      1
    55      2      1
    56     44      1
    57     11      1
    58      8      1
    59     16      1
    60     40      1
    61     25      1
    62     49      1
    63     14      1
    64      5      1
