COORD_X_Y 700
 0.746879   1.59286
  1.21379   1.61226
  1.47384  0.105547
  1.44835    2.1479
 0.989663   1.09924
  1.82664  0.597267
  1.77356   2.94587
  2.58451   2.30831
  2.49421  0.988805
 0.657813  0.498027
 0.845161  0.478732
  2.50517  0.247161
 0.575713   1.05798
  2.32065  0.775174
  2.02782   2.73793
   1.4178  0.943724
 0.947397  0.620016
  2.53359   1.73686
  1.72162  0.672262
  1.84223   2.72162
  1.26582  0.820292
  1.43485  0.680684
 0.316511 0.0750015
  2.46485   1.64633
  1.95125 0.0174546
 0.384388    1.8636
  1.96991  0.332793
  1.45528  0.230084
 0.834014   1.30758
  1.64584   2.73153
  1.40687   2.69667
 0.825262   2.28396
 0.609339   1.26136
  2.05573   1.09973
 0.660815   2.83778
 0.486939    1.8372
  2.11824   1.58982
  2.13303   1.72644
 0.127889   2.41163
   2.7661   2.72967
  2.99701   2.36917
  2.11599 0.0783858
  2.90143    1.8929
 0.984038   1.70932
 0.874871   1.86637
  2.62049  0.547812
  1.01591  0.701533
  1.65503  0.157448
  1.42223   2.70478
 0.995514   1.31502
  1.69933  0.285308
 0.938014   1.78565
  2.29377   0.82079
 0.244826   2.66264
  1.32804   2.04275
 0.795375   2.63511
 0.726809  0.755825
 0.123047   1.61926
  1.27876  0.505752
   2.8992   2.02966
  1.94343   1.10723
  2.21906  0.448988
 0.134043   1.53017
  1.69193  0.147024
 0.505156  0.141061
   1.9737   2.45058
   2.6649   1.46924
  1.24774   2.75707
  0.34936  0.379416
  1.63417   2.11551
  1.32014   1.69763
 0.810955   2.43081
 0.747502   2.94431
  2.33219   0.97366
  1.35123  0.561192
 0.941806  0.790135
  1.18256   2.85958
  2.99796   1.58494
  2.62078   2.33016
  1.12722   1.74784
  1.33283   1.59592
0.0870529   2.66212
  2.01248   1.03725
  2.54157   1.24545
  2.99694   2.54086
  2.08013   1.31299
 0.408361   2.13264
 0.404117    1.4103
  1.57265   2.40197
   1.5758   1.09798
   2.2874  0.542561
  1.96263  0.553099
  2.89304   2.95446
  2.21975  0.674084
   1.9106  0.163693
 0.687216 0.0516695
  1.58021   1.91956
  2.51773  0.744283
  2.15278    1.6341
  2.07486   1.07497
  1.28116  0.941074
  1.29689   1.12902
  2.42189   1.52221
  2.86671   2.36896
  2.02752  0.602928
  1.30607  0.350385
  1.63406   1.57425
 0.171683  0.676809
 0.678648   2.95375
  2.23304  0.183022
 0.375486   2.76403
  0.27911   1.68912
 0.421519   1.85189
  2.63925  0.186426
 0.186756   2.98222
 0.409887   1.81128
 0.276912 0.0640678
  2.84779  0.164881
  2.95232   1.46547
  2.06191  0.538062
 0.446632   1.21101
  1.59222  0.359195
  1.15811   1.13741
0.000442219  0.656529
 0.713715   2.78731
  2.96769  0.784788
 0.881101  0.151438
 0.404852   1.42643
  1.07945   0.93737
  2.03488  0.450646
  1.63798   2.76098
  1.53675   2.91577
 0.138108  0.811976
  2.65527    1.0258
  1.84703   2.47938
  1.86674   2.10336
  1.54326   2.61786
   2.3373  0.771124
  2.65657    1.6137
 0.949617   1.44379
 0.232554   2.19352
  2.85253    2.4242
  1.39657  0.951433
 0.809387    2.2095
  1.09553   2.93078
  2.89587    0.4081
  2.23401  0.745756
 0.551268   1.27135
  2.44531  0.671646
   1.6842   1.99739
  1.99942   1.34407
  2.00362  0.161448
  1.38093   1.53197
 0.794131  0.829233
 0.961869   2.21177
  2.76453   1.29696
  1.94799   1.50768
  1.06445   1.71295
   2.4539   2.87267
  1.61059  0.556666
 0.126343   2.26832
  1.02871  0.948615
  1.67254  0.503714
 0.643501   2.64692
  1.76928   2.22368
  1.65967   1.89759
 0.993654   0.57109
  2.80437   1.59577
  1.21639   1.85119
  2.96164   2.23568
 0.960185   1.07125
 0.540066   1.19518
  1.87277   2.14307
 0.355494   2.64601
 0.810919   1.95339
  1.34486   1.54601
 0.413242   1.80635
 0.196998   2.00905
  2.78143  0.760869
 0.798475   2.63084
 0.374909   2.20369
 0.814572 0.0795509
  2.06681  0.240781
   2.5821   1.97292
  2.18398   2.37022
  2.82131   1.53816
  0.45958   2.92423
 0.255079    0.9293
  1.32898   1.36039
 0.982691   1.76904
  1.47289   2.46117
  2.79661   1.05033
  2.21337   0.36157
 0.799831  0.637417
 0.198762  0.517466
  1.11672 0.0838307
  2.57975  0.589245
 0.884165   1.61194
  1.36811  0.412041
   1.5072  0.145309
  1.88293   2.75525
  2.40661   0.94217
 0.954314   1.05921
 0.906402  0.516724
  1.58727  0.048601
  2.46426  0.828484
  2.73366   2.99708
   1.7029   2.96143
 0.649271   2.26859
  1.10935  0.661253
  1.67039   1.13469
  1.86351   1.06295
 0.757383   2.92221
   1.7721     2.054
  2.99122  0.746614
  2.19348   2.27995
 0.424723   1.89863
  2.75929   1.59773
 0.280349 0.00648358
  0.38383   0.59464
  1.18099  0.362852
 0.267548  0.458843
 0.467941  0.952889
   1.9135  0.504169
 0.781372   1.87229
  1.96268   1.97035
 0.202437   2.38689
0.0462718   1.72748
  2.49838   0.18035
 0.507187 0.0246982
  1.84465  0.636548
 0.210423 0.0963735
 0.543515   1.53246
 0.438685   2.74923
  2.47965   2.22739
  1.11765  0.753181
0.0452007   1.38196
 0.572724  0.527515
  2.38424  0.175524
  1.30478  0.586462
  2.24056   2.35449
  1.62173   1.32037
  1.23983    1.6273
  1.50263   1.97351
 0.314011   2.10022
 0.762121   1.30411
  2.79179  0.741032
  1.75153  0.944868
  1.44642   0.67134
  2.40307   0.16953
  1.53947   2.00038
 0.177311  0.589924
  1.32935  0.378057
  1.31787   0.23784
   2.1618   2.20624
  2.30636   1.90542
  1.45046  0.820929
  2.56847  0.496441
 0.787289   2.15003
  2.47071   2.45592
   1.4301   2.89154
  1.51614   1.85763
  1.10825   0.59127
  2.21497  0.167396
  1.07345   2.51897
 0.978784   1.74986
  1.51224   1.73067
 0.639851   2.78301
  2.02057   2.81791
  1.80393  0.214659
 0.739414    2.3268
  1.30262   2.61983
 0.482522   1.01799
  2.15421   1.22738
  2.66775    1.6494
  1.14464   2.37754
  2.10697   2.70193
    2.871   1.82308
  0.72252   2.56481
  1.64408  0.401211
 0.323431   2.58791
  2.18705   2.14409
 0.773337    2.1624
  2.22591 0.0831968
 0.735399  0.243769
  2.70172   2.21682
  2.21674   1.44938
  2.96626   2.98742
   1.2698   1.76734
  1.39061   1.31165
  2.70493   1.08193
0.0139854    1.2637
 0.950258   1.35579
  2.57432   2.07622
  2.35424  0.651873
  1.37619  0.610195
 0.214618   1.10284
 0.288966   1.76918
 0.888532   2.92472
0.0162443    1.6519
   1.6959   2.61848
   2.5803 0.0612749
   1.2203   2.25504
  2.35244  0.242481
  2.24277   2.17229
  1.75981   2.52563
  2.79259  0.550856
  1.63878   1.77533
 0.210449   1.60489
0.0885141   0.72529
  1.37931   2.90531
 0.845571   2.29881
  2.49311   2.62008
 0.412563   1.90125
  2.59606 0.0139784
  1.65487  0.569502
 0.183124  0.656067
 0.840555  0.580453
  0.36169   2.95162
 0.633552  0.295602
 0.721515   1.37958
  1.06138   1.33923
  1.73294   2.89227
 0.142516   2.25313
 0.636165   1.59728
 0.290551  0.696587
  1.66349    1.8595
  2.89862   1.42371
0.0707842   1.75422
  2.08411  0.789609
  1.44665  0.204864
  1.14366  0.914805
 0.367183  0.256541
  1.68982   2.30997
  2.60133  0.650355
 0.324582   1.12009
  2.87735   1.52753
 0.967756  0.778517
 0.999025   2.00357
  2.44137    1.9225
  1.43046   2.46629
  0.13217   1.47358
  1.94574   1.23346
 0.198002  0.665686
 0.227861 0.0368109
  2.51036   2.61002
 0.798708  0.652069
 0.531971 0.0486305
  1.75361   1.08271
 0.291178  0.619282
  1.68023   2.50724
  2.20629   2.95358
  2.36614   2.62976
  2.80572  0.385896
  2.85338  0.844507
  2.61253   1.34779
  2.40805   1.25193
  2.98679   1.93615
 0.723946  0.545253
 0.616307   1.36438
 0.489231   1.85896
  2.23393  0.899382
 0.282816   1.47267
  2.63703  0.261497
  1.25095  0.744314
 0.384634  0.904754
  1.12385   1.03881
  2.94884  0.722606
 0.397335   1.73303
 0.826414   1.71858
 0.376296 0.00458164
  1.01171    2.0584
   1.7795   2.50039
  2.48318  0.272717
  1.85515  0.347186
  1.71472   1.24206
  2.65135   1.74332
   2.6075     2.587
 0.653157   2.99712
  0.85766   1.92752
  2.85824    1.8013
  1.83305   2.94845
  2.38555  0.492194
  1.36543   2.21233
  1.70935  0.494553
 0.417555   1.30064
 0.673133   2.73558
  2.35328   2.16796
    2.091  0.552939
  2.04328  0.612255
  2.79703   2.52909
  2.83871  0.179243
  1.69707  0.864902
  1.75535  0.185334
   1.4633   1.95927
 0.584004   1.02809
  1.09649   2.59906
  1.08243  0.568585
  1.31576 0.0419125
  2.83909   2.70253
  2.89495   1.65078
 0.732969 0.0787797
 0.757026   1.01284
  1.16528   1.01604
 0.621973   1.40153
  2.82641  0.583852
   1.0678   1.29664
  1.84692   2.44305
   1.5666   2.39217
  1.92995   1.49584
    2.509     2.028
  1.54962  0.936057
  1.65914   1.87599
 0.307709  0.627719
  2.08561   2.28239
  1.92353  0.674399
  2.81928    2.7897
 0.537518  0.436198
  2.79421  0.720807
 0.508242  0.515426
 0.994455  0.652923
  1.85126   2.67767
 0.205005  0.869397
  1.68551   2.61867
 0.610364   2.25401
  1.69391  0.194403
  1.15441   2.83195
  2.57207   1.83002
   2.7388   1.86869
  0.76359   1.52693
  2.50643   1.09713
  2.94012   2.69672
 0.124175   1.69837
 0.640927  0.306201
  1.80798   2.45798
  2.48554   1.94658
  2.77095  0.814392
  1.36164   1.50314
  2.73764      2.06
  1.31608  0.228248
 0.707439   2.25833
 0.819385    1.1437
  1.70269 0.00741881
  1.88968  0.412557
  1.76928   0.19518
 0.568268   1.99899
 0.298591  0.983674
  1.81571   1.05492
  1.13854   1.87151
  2.87779   1.58529
  2.61689    2.7687
 0.546708   2.16721
  1.40821  0.446914
  2.06071  0.282388
   2.5049   2.97397
  2.47799  0.843757
  2.34215  0.574444
  2.73049   0.80042
 0.752435   1.85395
 0.750385   2.61513
  1.38356  0.135071
  1.50795   1.80357
  1.68352   1.33346
 0.806437  0.778031
  0.89249   2.36853
 0.512206   1.97035
  2.73807   2.56378
  1.84547   1.64705
  2.24097  0.673298
 0.199583   1.76177
 0.254412   1.04461
  0.27245   1.20944
  2.17512  0.787915
 0.746914  0.951966
  2.58257  0.973443
  2.69467  0.657072
 0.402617   1.68455
  1.80724    1.4853
  1.54156    2.1225
  1.35256  0.978948
   1.9099  0.215007
  1.52513  0.141801
  2.68272   2.53575
  2.73574   1.31303
  2.52319   1.74055
  1.44391  0.392076
  1.75578  0.799473
  1.84651  0.636024
  2.54528  0.413228
0.0180048   1.17812
 0.670273   1.07812
  0.90668   2.54437
  0.38873   2.76029
 0.510782    1.8181
  1.66694    2.3749
 0.395997  0.269869
  2.86196  0.011695
  1.23813   2.58069
  1.90367   1.31441
  1.04996  0.240221
 0.143699  0.271328
  1.15288   2.92104
  1.70701  0.333282
  1.30687   1.04429
  2.28625   2.04879
  1.24579   2.43277
  1.28829  0.959819
  2.60596   2.77694
  1.20055   0.40414
   2.1377   1.17326
 0.621124   1.94771
  2.10969   1.09682
  2.04798   2.92032
 0.775083  0.443235
  2.10027   2.40162
  2.60309   1.45589
  2.22683  0.157082
 0.185209  0.209237
  2.83688  0.734326
 0.148944   2.34252
 0.976749   2.49069
 0.615922  0.815206
  0.33698   2.42242
 0.395392  0.743722
  1.73834  0.986754
 0.231147   1.72988
 0.352939   2.01461
  1.29535    2.6988
 0.619964   2.02393
  1.12342   2.95208
  1.05597   2.40047
  2.25281   2.07358
    1.045    1.9147
  1.25633   1.34418
  1.10879   0.11115
  2.71592   1.67624
  2.99945   2.57177
  1.53931   2.58327
  1.89835   2.04664
 0.127938  0.142314
  2.18056  0.449088
  1.70159   2.04616
  1.15206  0.214523
 0.967266   2.20387
  1.59094   1.08958
  1.29949   1.72554
  2.65659     1.349
 0.892404   2.95747
  2.54833  0.509862
  2.19982   2.06031
  1.71334  0.219864
   1.1656  0.647316
  2.19937  0.886788
  2.40975    2.6967
   0.3845  0.850862
  1.53702   1.34987
  2.21488   2.33528
  2.41576   1.76659
 0.670416   2.80969
  2.41018   2.59255
 0.193907   1.10841
  2.09166   1.66999
 0.850815   0.75306
  2.32918  0.473192
 0.962666   1.95877
  2.20406  0.507517
  2.71181  0.710483
  2.77422   2.73154
 0.782362   1.57178
 0.645058  0.350175
  2.76262  0.883712
 0.206168  0.635858
  1.16537   1.54726
 0.319979    0.2439
  2.37199   2.15377
 0.257411   1.11434
  1.72526   2.91379
 0.927887  0.866187
 0.367202    1.7823
   2.1068    2.7422
  1.01279    2.6416
  2.34424   1.36455
 0.839886   1.86243
 0.403627  0.137071
  2.66288    1.4992
  2.31483   1.28127
  1.11528    2.2554
  2.48174   1.49426
 0.287067  0.827293
  1.02137  0.347524
 0.710161  0.958549
  1.18671  0.242671
  2.14648   2.44036
  2.10725   2.14335
  2.78522   1.44461
 0.396353   1.76149
  1.07473   1.31472
  1.78062   1.95735
   1.8722   1.60457
  1.01152   1.90851
  2.58911  0.619317
0.0705119  0.918886
  2.16141  0.122688
  2.30237   1.24118
  1.47295    1.4732
  2.21815   2.74436
  1.34645  0.149263
 0.196168   1.51598
 0.406644   2.48163
  0.89796   2.33289
  1.76402  0.617132
  1.33975  0.443494
 0.414222 0.0662761
  2.34725  0.722726
  0.15956   2.05168
  2.92976  0.141003
  1.70296   1.81356
  2.02315   1.66029
 0.602022   1.85356
 0.135736   2.75447
  2.21375   2.18233
 0.631381   0.25471
  1.77705   2.14667
  2.87405   2.04321
 0.910307   2.17793
  2.00322  0.720632
  0.11564  0.547015
 0.871246   2.80133
 0.122235     2.646
  2.88873  0.544556
   1.2071   1.37258
 0.978897   1.65817
  1.27257   2.82266
 0.674321   2.88104
  1.11749   1.04134
  2.72955   2.07373
  1.82634    2.6054
  1.62044  0.380843
 0.841178    1.9087
  2.16923   1.70928
 0.402972    1.7176
  1.07524  0.867255
0.0266978   2.18146
  2.75127   2.60802
  2.97493   2.29268
 0.363372   2.42291
 0.426945   1.02462
  2.89848 0.0379705
 0.265845  0.378749
 0.354207  0.533813
 0.154596   2.13715
  2.97047  0.483469
 0.958591   1.54076
  2.44966  0.526513
  1.29529   1.47278
  2.28504  0.495226
 0.266316   1.89197
  1.11998   2.00143
 0.141058  0.180436
 0.883749   2.05692
 0.440049    2.1643
  1.56136  0.766318
  1.24195 0.0504162
  1.74985 0.0778752
  1.41962  0.636686
 0.395627   0.81417
 0.776692   1.64821
 0.658511   0.50278
 0.302819   1.98827
   1.3579  0.720824
  2.99368   2.12684
  2.31688   1.75969
  1.17456   2.27609
  1.03449  0.106872
  1.08487  0.471625
 0.460218   0.84194
 0.641488   1.62722
 0.584799   1.59924
  1.11928   2.32201
  1.93079  0.172661
  2.47808   1.67554
  2.53902   2.32376
  1.53749   1.36727
  1.76979   2.76075
0.0394208   2.41066
  2.73601    1.2027
  2.73597   1.29145
 0.606422  0.772116
  1.91286   0.59708
  1.23006   1.07577
 0.716223   2.76527
  1.65225   1.89729
  1.91399  0.315893
 0.317849   1.50527
  1.04331   1.72059
  2.26083  0.734239
  1.94036  0.625571
  1.25216   2.93798
 0.144384   1.45439
  1.22927   2.48831
LINKS_SOURCE_DESTINATION_DISTANCE 1398
     0      1      1
     0      3      1
     0     64      1
     0     68      1
     0     85      1
     1      0      1
     1      2      1
     1     10      1
     1     21      1
     1     23      1
     2      1      1
     2      8      1
     2    270      1
     3      0      1
     3      4      1
     3      6      1
     3     27      1
     3     32      1
     3     39      1
     3     59      1
     3    237      1
     3    577      1
     3    687      1
     4      3      1
     4      5      1
     4     19      1
     4     40      1
     5      4      1
     5      9      1
     5    174      1
     5    585      1
     5    606      1
     6      3      1
     6      7      1
     6     11      1
     6     14      1
     6     16      1
     6     17      1
     6     18      1
     6     33      1
     6     50      1
     6     98      1
     6    194      1
     7      6      1
     7     22      1
     7     30      1
     7     38      1
     8      2      1
     8     15      1
     8     49      1
     8    105      1
     9      5      1
     9     66      1
     9    129      1
     9    226      1
     9    439      1
    10      1      1
    10     28      1
    10     60      1
    10    204      1
    11      6      1
    11     12      1
    11     24      1
    11     34      1
    11    258      1
    12     11      1
    12     13      1
    12    171      1
    12    188      1
    12    371      1
    12    519      1
    13     12      1
    13     20      1
    13     35      1
    13     41      1
    13    130      1
    13    151      1
    13    189      1
    13    210      1
    14      6      1
    14    124      1
    15      8      1
    15     44      1
    15     63      1
    15    120      1
    15    122      1
    15    128      1
    15    293      1
    16      6      1
    16    385      1
    16    432      1
    17      6      1
    17    131      1
    17    156      1
    17    257      1
    18      6      1
    18     53      1
    18     54      1
    18     80      1
    18    135      1
    18    201      1
    18    332      1
    19      4      1
    19     25      1
    19    108      1
    19    213      1
    19    475      1
    19    528      1
    20     13      1
    20     89      1
    20     91      1
    20    164      1
    20    363      1
    21      1      1
    21     26      1
    21     84      1
    21    459      1
    21    551      1
    22      7      1
    22    115      1
    22    136      1
    23      1      1
    23     43      1
    23     99      1
    23    192      1
    23    217      1
    24     11      1
    24     36      1
    25     19      1
    25     29      1
    25     51      1
    26     21      1
    26     31      1
    27      3      1
    27    140      1
    27    157      1
    27    160      1
    27    249      1
    27    316      1
    27    496      1
    27    623      1
    28     10      1
    28     57      1
    28    199      1
    29     25      1
    29    158      1
    30      7      1
    30    234      1
    31     26      1
    31     93      1
    31    106      1
    31    508      1
    32      3      1
    32    139      1
    32    315      1
    32    442      1
    32    444      1
    33      6      1
    33    132      1
    33    223      1
    33    306      1
    33    368      1
    34     11      1
    34     65      1
    34    170      1
    34    242      1
    35     13      1
    35     42      1
    35    121      1
    35    286      1
    36     24      1
    36     37      1
    36     45      1
    36     48      1
    36    176      1
    36    427      1
    37     36      1
    37    100      1
    38      7      1
    38     55      1
    38    137      1
    38    428      1
    38    465      1
    39      3      1
    39     52      1
    39     79      1
    39    113      1
    39    616      1
    40      4      1
    40     56      1
    40     73      1
    40     82      1
    40    159      1
    40    222      1
    41     13      1
    41    111      1
    41    308      1
    41    338      1
    42     35      1
    42     46      1
    42    110      1
    43     23      1
    43    118      1
    43    651      1
    44     15      1
    44     72      1
    44     90      1
    44    107      1
    44    601      1
    45     36      1
    45     47      1
    45     78      1
    45    134      1
    45    205      1
    45    238      1
    45    240      1
    45    642      1
    46     42      1
    46    244      1
    46    301      1
    47     45      1
    48     36      1
    48     74      1
    48    187      1
    49      8      1
    49     97      1
    49    327      1
    49    349      1
    50      6      1
    50    264      1
    51     25      1
    52     39      1
    52     58      1
    52    141      1
    52    615      1
    53     18      1
    53    564      1
    54     18      1
    54     61      1
    54    545      1
    55     38      1
    56     40      1
    56    285      1
    57     28      1
    57    168      1
    57    681      1
    58     52      1
    58     92      1
    58    366      1
    58    689      1
    59      3      1
    59    126      1
    59    149      1
    59    268      1
    59    503      1
    60     10      1
    60     62      1
    60     67      1
    60    184      1
    60    335      1
    61     54      1
    61     71      1
    61    150      1
    61    232      1
    61    538      1
    61    594      1
    62     60      1
    62     69      1
    62     76      1
    62    347      1
    62    386      1
    62    598      1
    63     15      1
    63    488      1
    64      0      1
    64    193      1
    64    390      1
    65     34      1
    65    235      1
    65    367      1
    65    433      1
    66      9      1
    66    173      1
    66    218      1
    66    314      1
    67     60      1
    67    102      1
    67    144      1
    67    148      1
    67    381      1
    68      0      1
    68     70      1
    68    474      1
    69     62      1
    69    219      1
    69    510      1
    70     68      1
    70    323      1
    70    389      1
    70    482      1
    71     61      1
    71    133      1
    71    208      1
    71    261      1
    71    296      1
    71    436      1
    72     44      1
    73     40      1
    73     75      1
    73     77      1
    73    117      1
    73    262      1
    73    544      1
    74     48      1
    74     88      1
    74    447      1
    74    518      1
    75     73      1
    75     94      1
    75    247      1
    75    259      1
    75    341      1
    75    621      1
    76     62      1
    76     81      1
    76    214      1
    77     73      1
    77    228      1
    77    251      1
    77    473      1
    78     45      1
    78    116      1
    79     39      1
    79    502      1
    79    668      1
    80     18      1
    80    142      1
    80    375      1
    81     76      1
    81     87      1
    81    415      1
    82     40      1
    82     83      1
    82     86      1
    82     96      1
    82    291      1
    83     82      1
    83    506      1
    84     21      1
    84    202      1
    84    331      1
    85      0      1
    85    282      1
    86     82      1
    87     81      1
    87     95      1
    87    284      1
    87    397      1
    87    437      1
    88     74      1
    88    109      1
    88    333      1
    89     20      1
    89    154      1
    89    209      1
    89    294      1
    89    430      1
    90     44      1
    90    292      1
    91     20      1
    91    104      1
    91    196      1
    92     58      1
    93     31      1
    93    408      1
    94     75      1
    94    114      1
    95     87      1
    96     82      1
    96    112      1
    96    146      1
    97     49      1
    97    103      1
    97    239      1
    97    411      1
    98      6      1
    98    101      1
    98    200      1
    99     23      1
    99    212      1
   100     37      1
   100    147      1
   100    230      1
   101     98      1
   101    256      1
   101    289      1
   101    340      1
   101    527      1
   102     67      1
   102    178      1
   103     97      1
   103    581      1
   104     91      1
   104    119      1
   104    276      1
   104    513      1
   105      8      1
   105    374      1
   106     31      1
   107     44      1
   108     19      1
   109     88      1
   109    195      1
   110     42      1
   110    304      1
   111     41      1
   111    125      1
   111    586      1
   112     96      1
   112    420      1
   113     39      1
   113    602      1
   114     94      1
   114    618      1
   115     22      1
   115    169      1
   115    203      1
   115    636      1
   116     78      1
   116    165      1
   116    229      1
   117     73      1
   117    138      1
   118     43      1
   118    267      1
   119    104      1
   119    181      1
   119    307      1
   120     15      1
   120    123      1
   120    177      1
   121     35      1
   121    162      1
   121    254      1
   122     15      1
   123    120      1
   123    362      1
   124     14      1
   125    111      1
   125    127      1
   125    167      1
   125    440      1
   126     59      1
   126    320      1
   127    125      1
   128     15      1
   129      9      1
   129    215      1
   130     13      1
   130    407      1
   130    450      1
   130    552      1
   131     17      1
   131    486      1
   131    690      1
   132     33      1
   132    152      1
   132    613      1
   132    686      1
   133     71      1
   133    275      1
   134     45      1
   134    599      1
   135     18      1
   136     22      1
   136    185      1
   137     38      1
   137    143      1
   137    207      1
   137    310      1
   137    346      1
   137    379      1
   137    446      1
   138    117      1
   138    463      1
   138    516      1
   139     32      1
   139    451      1
   140     27      1
   140    172      1
   140    424      1
   141     52      1
   142     80      1
   142    369      1
   143    137      1
   143    343      1
   143    364      1
   143    376      1
   144     67      1
   144    145      1
   144    227      1
   145    144      1
   145    484      1
   145    559      1
   146     96      1
   146    297      1
   146    628      1
   147    100      1
   147    161      1
   148     67      1
   148    539      1
   149     59      1
   149    206      1
   149    319      1
   149    329      1
   149    587      1
   149    592      1
   150     61      1
   150    153      1
   150    155      1
   151     13      1
   151    175      1
   152    132      1
   153    150      1
   153    211      1
   153    221      1
   154     89      1
   154    675      1
   155    150      1
   155    180      1
   155    391      1
   155    691      1
   156     17      1
   156    163      1
   156    582      1
   157     27      1
   157    265      1
   157    309      1
   158     29      1
   158    186      1
   158    225      1
   158    479      1
   159     40      1
   160     27      1
   160    166      1
   160    663      1
   161    147      1
   162    121      1
   162    183      1
   162    273      1
   162    471      1
   163    156      1
   163    241      1
   163    330      1
   163    398      1
   163    522      1
   164     20      1
   164    182      1
   165    116      1
   165    191      1
   166    160      1
   166    233      1
   166    255      1
   167    125      1
   168     57      1
   168    197      1
   168    269      1
   168    290      1
   169    115      1
   169    584      1
   170     34      1
   170    263      1
   171     12      1
   171    395      1
   171    419      1
   171    684      1
   172    140      1
   172    250      1
   172    423      1
   172    637      1
   173     66      1
   173    416      1
   174      5      1
   174    302      1
   175    151      1
   175    467      1
   176     36      1
   176    179      1
   176    283      1
   177    120      1
   177    500      1
   178    102      1
   178    281      1
   178    505      1
   179    176      1
   179    278      1
   179    563      1
   180    155      1
   180    394      1
   180    478      1
   181    119      1
   181    216      1
   181    403      1
   181    534      1
   181    580      1
   181    630      1
   182    164      1
   182    198      1
   183    162      1
   183    321      1
   184     60      1
   185    136      1
   186    158      1
   186    260      1
   186    441      1
   187     48      1
   187    190      1
   188     12      1
   188    224      1
   188    253      1
   189     13      1
   189    324      1
   189    383      1
   190    187      1
   190    530      1
   190    547      1
   191    165      1
   191    300      1
   191    356      1
   191    605      1
   192     23      1
   192    245      1
   192    328      1
   192    462      1
   193     64      1
   194      6      1
   194    243      1
   194    558      1
   195    109      1
   195    305      1
   196     91      1
   196    507      1
   197    168      1
   198    182      1
   199     28      1
   200     98      1
   200    393      1
   200    413      1
   201     18      1
   201    404      1
   201    683      1
   202     84      1
   202    272      1
   203    115      1
   204     10      1
   204    248      1
   204    271      1
   204    380      1
   204    600      1
   205     45      1
   205    396      1
   205    694      1
   206    149      1
   207    137      1
   207    231      1
   207    453      1
   208     71      1
   209     89      1
   209    220      1
   210     13      1
   210    540      1
   211    153      1
   211    287      1
   212     99      1
   213     19      1
   213    377      1
   213    421      1
   214     76      1
   214    458      1
   214    497      1
   215    129      1
   216    181      1
   217     23      1
   217    353      1
   218     66      1
   218    536      1
   218    612      1
   219     69      1
   219    312      1
   219    526      1
   220    209      1
   220    236      1
   220    378      1
   221    153      1
   221    246      1
   221    318      1
   222     40      1
   222    556      1
   223     33      1
   224    188      1
   224    337      1
   225    158      1
   226      9      1
   226    523      1
   226    667      1
   227    144      1
   227    298      1
   227    426      1
   227    520      1
   228     77      1
   229    116      1
   230    100      1
   231    207      1
   231    460      1
   231    561      1
   232     61      1
   233    166      1
   233    438      1
   234     30      1
   235     65      1
   236    220      1
   237      3      1
   238     45      1
   238    280      1
   238    401      1
   238    499      1
   238    525      1
   238    573      1
   239     97      1
   240     45      1
   240    595      1
   241    163      1
   241    572      1
   242     34      1
   243    194      1
   243    295      1
   243    466      1
   244     46      1
   244    252      1
   244    461      1
   245    192      1
   245    361      1
   246    221      1
   246    299      1
   247     75      1
   248    204      1
   248    611      1
   249     27      1
   249    624      1
   250    172      1
   250    417      1
   251     77      1
   252    244      1
   252    372      1
   252    384      1
   253    188      1
   254    121      1
   255    166      1
   256    101      1
   257     17      1
   258     11      1
   258    355      1
   259     75      1
   259    288      1
   259    351      1
   260    186      1
   260    392      1
   261     71      1
   261    277      1
   261    357      1
   261    493      1
   262     73      1
   262    266      1
   262    274      1
   263    170      1
   264     50      1
   264    303      1
   264    553      1
   264    640      1
   265    157      1
   265    643      1
   266    262      1
   267    118      1
   268     59      1
   268    322      1
   269    168      1
   270      2      1
   270    350      1
   270    454      1
   270    483      1
   271    204      1
   272    202      1
   272    365      1
   273    162      1
   273    313      1
   274    262      1
   274    445      1
   275    133      1
   275    311      1
   276    104      1
   276    317      1
   277    261      1
   277    443      1
   277    485      1
   277    653      1
   278    179      1
   278    279      1
   279    278      1
   280    238      1
   280    571      1
   281    178      1
   281    468      1
   282     85      1
   282    334      1
   283    176      1
   283    339      1
   284     87      1
   284    370      1
   285     56      1
   285    412      1
   286     35      1
   287    211      1
   287    399      1
   288    259      1
   288    429      1
   288    448      1
   288    532      1
   289    101      1
   289    515      1
   290    168      1
   291     82      1
   292     90      1
   292    344      1
   293     15      1
   293    348      1
   294     89      1
   295    243      1
   295    535      1
   295    620      1
   296     71      1
   296    336      1
   296    359      1
   297    146      1
   297    456      1
   298    227      1
   298    549      1
   299    246      1
   299    360      1
   300    191      1
   301     46      1
   302    174      1
   303    264      1
   303    589      1
   304    110      1
   305    195      1
   305    529      1
   306     33      1
   306    664      1
   307    119      1
   307    406      1
   307    489      1
   308     41      1
   308    698      1
   309    157      1
   310    137      1
   311    275      1
   312    219      1
   312    345      1
   312    557      1
   313    273      1
   314     66      1
   315     32      1
   316     27      1
   317    276      1
   317    342      1
   317    435      1
   317    542      1
   318    221      1
   319    149      1
   320    126      1
   320    325      1
   320    326      1
   321    183      1
   321    388      1
   322    268      1
   323     70      1
   323    469      1
   324    189      1
   324    524      1
   325    320      1
   326    320      1
   326    358      1
   327     49      1
   327    354      1
   328    192      1
   328    481      1
   329    149      1
   329    494      1
   330    163      1
   331     84      1
   331    352      1
   332     18      1
   333     88      1
   334    282      1
   335     60      1
   336    296      1
   336    431      1
   336    498      1
   337    224      1
   337    452      1
   338     41      1
   339    283      1
   340    101      1
   340    670      1
   341     75      1
   341    409      1
   342    317      1
   342    656      1
   343    143      1
   344    292      1
   345    312      1
   345    512      1
   346    137      1
   347     62      1
   348    293      1
   348    457      1
   349     49      1
   349    382      1
   349    405      1
   349    607      1
   350    270      1
   350    373      1
   350    568      1
   351    259      1
   352    331      1
   352    495      1
   353    217      1
   353    688      1
   354    327      1
   355    258      1
   355    434      1
   355    514      1
   356    191      1
   357    261      1
   358    326      1
   358    400      1
   358    418      1
   359    296      1
   360    299      1
   361    245      1
   362    123      1
   363     20      1
   364    143      1
   364    470      1
   365    272      1
   365    455      1
   366     58      1
   367     65      1
   367    541      1
   367    604      1
   368     33      1
   368    402      1
   369    142      1
   369    574      1
   370    284      1
   371     12      1
   371    575      1
   371    633      1
   372    252      1
   373    350      1
   374    105      1
   375     80      1
   376    143      1
   376    566      1
   377    213      1
   377    533      1
   378    220      1
   379    137      1
   380    204      1
   380    387      1
   381     67      1
   382    349      1
   382    531      1
   383    189      1
   383    629      1
   384    252      1
   384    644      1
   385     16      1
   386     62      1
   387    380      1
   388    321      1
   389     70      1
   389    464      1
   390     64      1
   391    155      1
   391    414      1
   392    260      1
   392    674      1
   393    200      1
   393    422      1
   394    180      1
   395    171      1
   396    205      1
   397     87      1
   397    449      1
   397    492      1
   398    163      1
   398    609      1
   399    287      1
   399    501      1
   399    680      1
   400    358      1
   401    238      1
   402    368      1
   402    480      1
   403    181      1
   403    588      1
   404    201      1
   404    410      1
   404    590      1
   405    349      1
   406    307      1
   406    649      1
   407    130      1
   407    682      1
   408     93      1
   409    341      1
   410    404      1
   410    671      1
   411     97      1
   412    285      1
   413    200      1
   413    425      1
   414    391      1
   414    654      1
   415     81      1
   416    173      1
   417    250      1
   418    358      1
   419    171      1
   419    610      1
   419    661      1
   420    112      1
   420    645      1
   421    213      1
   421    490      1
   422    393      1
   422    597      1
   423    172      1
   424    140      1
   424    509      1
   425    413      1
   426    227      1
   427     36      1
   427    521      1
   428     38      1
   429    288      1
   430     89      1
   431    336      1
   431    657      1
   432     16      1
   433     65      1
   434    355      1
   435    317      1
   436     71      1
   436    472      1
   436    632      1
   437     87      1
   437    546      1
   437    646      1
   438    233      1
   439      9      1
   440    125      1
   441    186      1
   442     32      1
   443    277      1
   444     32      1
   445    274      1
   445    477      1
   445    570      1
   446    137      1
   447     74      1
   448    288      1
   449    397      1
   450    130      1
   450    608      1
   450    614      1
   451    139      1
   452    337      1
   452    562      1
   453    207      1
   454    270      1
   454    693      1
   455    365      1
   455    677      1
   456    297      1
   457    348      1
   458    214      1
   459     21      1
   460    231      1
   461    244      1
   462    192      1
   463    138      1
   464    389      1
   465     38      1
   465    476      1
   466    243      1
   466    658      1
   467    175      1
   468    281      1
   468    487      1
   468    617      1
   469    323      1
   470    364      1
   471    162      1
   472    436      1
   472    565      1
   472    696      1
   473     77      1
   474     68      1
   474    511      1
   474    631      1
   475     19      1
   476    465      1
   477    445      1
   478    180      1
   478    567      1
   478    579      1
   478    583      1
   479    158      1
   479    659      1
   480    402      1
   480    491      1
   480    569      1
   481    328      1
   482     70      1
   482    555      1
   483    270      1
   483    634      1
   484    145      1
   485    277      1
   486    131      1
   487    468      1
   488     63      1
   488    692      1
   489    307      1
   490    421      1
   490    662      1
   491    480      1
   491    548      1
   491    678      1
   492    397      1
   493    261      1
   494    329      1
   495    352      1
   496     27      1
   497    214      1
   497    685      1
   498    336      1
   499    238      1
   499    517      1
   499    554      1
   500    177      1
   501    399      1
   501    504      1
   501    550      1
   502     79      1
   503     59      1
   504    501      1
   505    178      1
   506     83      1
   506    543      1
   507    196      1
   508     31      1
   508    648      1
   509    424      1
   510     69      1
   511    474      1
   512    345      1
   513    104      1
   514    355      1
   515    289      1
   515    695      1
   516    138      1
   517    499      1
   518     74      1
   519     12      1
   519    537      1
   519    560      1
   520    227      1
   521    427      1
   522    163      1
   522    652      1
   523    226      1
   524    324      1
   525    238      1
   526    219      1
   527    101      1
   528     19      1
   529    305      1
   529    676      1
   530    190      1
   530    596      1
   531    382      1
   531    650      1
   532    288      1
   533    377      1
   533    641      1
   533    673      1
   534    181      1
   535    295      1
   536    218      1
   537    519      1
   538     61      1
   539    148      1
   540    210      1
   541    367      1
   542    317      1
   543    506      1
   543    672      1
   544     73      1
   545     54      1
   546    437      1
   547    190      1
   548    491      1
   548    576      1
   549    298      1
   549    679      1
   550    501      1
   551     21      1
   552    130      1
   553    264      1
   554    499      1
   554    622      1
   554    627      1
   555    482      1
   556    222      1
   557    312      1
   558    194      1
   559    145      1
   560    519      1
   561    231      1
   562    452      1
   563    179      1
   564     53      1
   565    472      1
   566    376      1
   566    647      1
   567    478      1
   568    350      1
   568    591      1
   569    480      1
   570    445      1
   571    280      1
   571    593      1
   571    639      1
   571    699      1
   572    241      1
   573    238      1
   573    697      1
   574    369      1
   574    578      1
   575    371      1
   576    548      1
   577      3      1
   578    574      1
   579    478      1
   580    181      1
   581    103      1
   582    156      1
   583    478      1
   584    169      1
   585      5      1
   586    111      1
   586    603      1
   587    149      1
   588    403      1
   589    303      1
   590    404      1
   591    568      1
   592    149      1
   593    571      1
   594     61      1
   595    240      1
   595    626      1
   596    530      1
   597    422      1
   598     62      1
   599    134      1
   599    638      1
   600    204      1
   601     44      1
   602    113      1
   603    586      1
   603    625      1
   604    367      1
   605    191      1
   606      5      1
   607    349      1
   607    665      1
   608    450      1
   609    398      1
   610    419      1
   611    248      1
   612    218      1
   613    132      1
   614    450      1
   615     52      1
   616     39      1
   617    468      1
   617    660      1
   618    114      1
   618    619      1
   619    618      1
   620    295      1
   621     75      1
   622    554      1
   623     27      1
   624    249      1
   625    603      1
   626    595      1
   626    635      1
   627    554      1
   627    669      1
   628    146      1
   629    383      1
   630    181      1
   631    474      1
   632    436      1
   633    371      1
   634    483      1
   635    626      1
   636    115      1
   637    172      1
   638    599      1
   639    571      1
   640    264      1
   641    533      1
   642     45      1
   643    265      1
   644    384      1
   644    655      1
   645    420      1
   646    437      1
   647    566      1
   648    508      1
   649    406      1
   650    531      1
   651     43      1
   651    666      1
   652    522      1
   653    277      1
   654    414      1
   655    644      1
   656    342      1
   657    431      1
   658    466      1
   659    479      1
   660    617      1
   661    419      1
   662    490      1
   663    160      1
   664    306      1
   665    607      1
   666    651      1
   667    226      1
   668     79      1
   669    627      1
   670    340      1
   671    410      1
   672    543      1
   673    533      1
   674    392      1
   675    154      1
   676    529      1
   677    455      1
   678    491      1
   679    549      1
   680    399      1
   681     57      1
   682    407      1
   683    201      1
   684    171      1
   685    497      1
   686    132      1
   687      3      1
   688    353      1
   689     58      1
   690    131      1
   691    155      1
   692    488      1
   693    454      1
   694    205      1
   695    515      1
   696    472      1
   697    573      1
   698    308      1
   699    571      1
