COORD_X_Y 15
  1.89607   1.92609
 0.605961  0.156263
  2.41123   2.31458
  2.07575  0.571811
  2.89523   2.87613
  2.56839   1.87158
  2.90256   2.38723
 0.403724   2.73976
   1.0449   2.09012
  1.66036   1.11382
  2.94245   0.53453
  1.26514   1.68093
  1.01505    1.8489
  1.32891   2.28536
 0.216509  0.126712
LINKS_SOURCE_DESTINATION_DISTANCE 28
     0      1      1
     0      2      1
     0      7      1
     1      0      1
     1      4      1
     2      0      1
     2      3      1
     3      2      1
     3      5      1
     4      1      1
     4      6      1
     4      8      1
     4     11      1
     4     13      1
     5      3      1
     5      9      1
     5     10      1
     6      4      1
     6     12      1
     7      0      1
     8      4      1
     9      5      1
    10      5      1
    11      4      1
    12      6      1
    12     14      1
    13      4      1
    14     12      1
