COORD_X_Y 65
 0.115735 0.0198567
  1.29177  0.104554
 0.510784   2.15072
   2.9282  0.471493
 0.379197   1.94351
   2.0137  0.450151
  2.15481   1.60421
 0.779667   2.97795
 0.466155  0.568107
  1.63267   1.95305
  2.79866  0.100105
  1.56751   1.26742
  2.37386    1.9497
  1.58115   1.81894
  2.15178    2.8555
  2.23002   2.82685
  1.83125  0.454098
  2.06762   2.60736
  1.51092   1.59314
  1.27907 0.0251422
0.0714928  0.040481
   1.3747  0.388606
  2.28257   2.45793
  1.07755   2.20876
  1.67974    2.3727
     2.07  0.613641
  1.68754   2.65936
  1.06734   2.61953
 0.659345  0.791479
  2.51943  0.560524
  2.42419   0.31458
  1.30324   2.41052
  1.18619   1.73034
   1.7633   1.83712
 0.550759  0.417442
  2.18098  0.756933
 0.696989   2.87437
   2.7285   2.01842
  2.45335   2.65442
  1.85634   1.73956
  1.84817   2.29872
  2.81388    2.0623
  2.63232   2.98274
  1.51672   2.65363
  2.28808  0.430127
  2.96289   1.16927
 0.781543   2.17282
  2.88862   2.68041
 0.382289   1.34825
 0.114971   2.56081
   1.8903    1.5606
  1.28322  0.620719
 0.742221  0.587888
 0.499391   2.12135
  1.58083   1.91881
 0.206564   2.20625
 0.578345   1.78502
  2.96505  0.440608
  2.88938   2.26236
 0.215427   1.74391
 0.933927  0.662759
  2.08895  0.714251
  2.07829  0.139243
 0.232279    1.8737
  1.89999   1.50394
LINKS_SOURCE_DESTINATION_DISTANCE 128
     0      1      1
     0     10      1
     0     11      1
     0     25      1
     0     39      1
     1      0      1
     1      2      1
     1      4      1
     1     16      1
     1     28      1
     1     35      1
     1     49      1
     2      1      1
     2      3      1
     2      6      1
     2     20      1
     2     32      1
     2     41      1
     2     52      1
     2     54      1
     3      2      1
     3      5      1
     3     17      1
     3     36      1
     4      1      1
     4     12      1
     5      3      1
     5      7      1
     5     18      1
     6      2      1
     6      8      1
     6      9      1
     7      5      1
     7     27      1
     7     33      1
     8      6      1
     8     14      1
     8     21      1
     9      6      1
    10      0      1
    10     43      1
    11      0      1
    11     13      1
    11     15      1
    11     31      1
    12      4      1
    13     11      1
    14      8      1
    14     19      1
    15     11      1
    16      1      1
    16     22      1
    16     23      1
    16     37      1
    17      3      1
    17     48      1
    17     56      1
    18      5      1
    18     26      1
    18     34      1
    18     45      1
    19     14      1
    20      2      1
    20     64      1
    21      8      1
    21     29      1
    21     61      1
    22     16      1
    22     46      1
    23     16      1
    23     24      1
    23     40      1
    23     44      1
    24     23      1
    24     38      1
    25      0      1
    25     57      1
    26     18      1
    26     30      1
    26     53      1
    27      7      1
    27     51      1
    28      1      1
    28     58      1
    29     21      1
    30     26      1
    30     50      1
    31     11      1
    32      2      1
    32     55      1
    33      7      1
    34     18      1
    35      1      1
    36      3      1
    37     16      1
    37     47      1
    37     62      1
    38     24      1
    39      0      1
    39     42      1
    40     23      1
    40     60      1
    41      2      1
    42     39      1
    43     10      1
    44     23      1
    45     18      1
    46     22      1
    47     37      1
    47     63      1
    48     17      1
    49      1      1
    50     30      1
    51     27      1
    52      2      1
    53     26      1
    54      2      1
    55     32      1
    56     17      1
    57     25      1
    57     59      1
    58     28      1
    59     57      1
    60     40      1
    61     21      1
    62     37      1
    63     47      1
    64     20      1
