COORD_X_Y 300
 0.073851  0.668695
  1.73601   2.93526
  1.91322   2.66311
  0.88746  0.931242
  1.61737   2.58603
  2.90142   1.53486
0.0812568  0.238471
  1.05917   2.58015
 0.656857  0.335583
  0.57053   2.96917
  2.95821   1.57324
  1.90109   1.26355
  1.85415  0.621003
  2.21724 0.0638782
 0.533169   2.58704
 0.822078   2.72537
  2.41604    2.8718
  2.33179   2.47032
  2.47326   2.13567
  1.54804  0.892808
  1.24879   2.15776
 0.669673   1.76453
  1.52398   1.79518
 0.518762     2.825
 0.581498   2.92137
 0.537766   1.20329
  1.43524   2.38537
  2.73817   2.38546
  1.79199   2.45299
 0.764856    1.6645
  1.56909    1.6349
 0.980237  0.022653
  1.15669   1.47503
 0.335711   2.70548
  1.01728   1.75423
  1.36903   1.74241
  2.68292   0.62268
  1.41292   1.73661
  1.74687 0.0698671
  2.83141   2.28884
  1.03654   1.68257
  2.44219   1.14321
   2.4789  0.214909
  2.03714   1.00895
 0.152722   2.16783
 0.918812   2.54766
  2.27595   1.39279
  1.71005 0.0954727
 0.445503  0.118847
  1.16609  0.347152
 0.159495  0.492916
 0.519379  0.916685
  2.13349   1.23775
  2.98895  0.717988
  2.40294   2.37227
 0.792413   2.85958
  2.24578   1.12561
  1.24048 0.0568564
0.0348193  0.596605
  2.05164  0.226299
   1.5978   2.23743
  1.24946   2.85166
   1.0662   2.76538
  2.69168   2.09653
 0.603383  0.349331
 0.694895   1.24384
  1.95596  0.283913
 0.353733  0.192724
  1.97426   1.53829
 0.385579   2.87611
 0.613876   1.31039
  1.26644   2.24301
 0.629062   1.71369
  2.99853   2.05367
  2.79797   1.96209
 0.847797   2.10324
 0.584969   2.04577
  2.03147   1.42233
  1.56336  0.950898
  2.13965   2.69963
  1.78626   2.09267
  2.37085   1.73928
 0.483923   2.32052
  2.85618  0.153775
  1.06529  0.411693
  2.12142    1.7421
  1.56674   1.51458
 0.886909    2.4751
  1.62753  0.457953
   2.7141  0.167202
   1.8986   1.52975
  2.91149   2.19592
  2.88307   2.07353
  1.44163   1.68926
 0.508626   2.71477
  2.41805 0.0687013
  1.75763   2.04397
 0.723887   1.66976
 0.698898  0.377259
  2.88303   1.58716
 0.180793   1.77058
  2.47632  0.630802
 0.663687   1.38048
 0.535431   1.12733
  2.97584  0.764794
 0.382469   2.32221
 0.634066   2.69175
  1.27264  0.283198
 0.939601   2.07586
  2.51363   1.40086
0.0522313  0.259054
  1.23052   1.88072
  2.55768  0.906079
  2.08007   1.02151
  2.92775   2.23124
 0.992178  0.653833
  2.56821    1.3477
 0.436361  0.259152
   2.5299  0.076254
  2.90459   1.96678
 0.602492  0.402415
  2.10114    2.3967
  1.13719   1.22929
 0.142371   2.06115
  2.61282   2.79243
  1.15741   2.53777
  1.56978   1.44773
    2.571   2.93664
 0.287367   1.85606
  2.76298  0.417406
   1.8807 0.0295484
  2.52982   2.73366
  2.49955   2.19182
 0.577657   2.34426
  2.34362   1.62181
   1.2065   2.08812
 0.897499  0.882375
  2.19694   2.56066
 0.946478    2.1007
   2.6809   2.61894
  2.36044  0.837407
  1.54036 0.0855375
 0.973657  0.798599
 0.265795  0.674018
  1.83089   2.82377
  2.85617  0.105467
  1.97463  0.278953
  1.04053   1.83599
  1.70865   2.33907
  2.85507  0.132985
  2.13195 0.00887686
 0.818302   2.56104
  1.23929   2.67703
 0.769249   1.89812
 0.988665   1.39942
  2.07496  0.430167
  1.90881 0.0326261
  1.19384    1.5926
   2.0972   2.72354
 0.284372  0.564695
   2.6694  0.619125
  2.02422  0.182536
  1.69431   1.04208
 0.817373   1.55289
  0.24148  0.490062
  1.75113   2.76111
  2.68414   1.76382
  0.76924   2.49217
 0.570241  0.877295
 0.628538   0.60734
  2.64179  0.092125
  2.12166  0.185348
  2.23054   1.79846
  1.75807   2.82999
  2.04423  0.410721
  1.92233   2.25211
  2.01419   1.08703
  2.18924   1.96558
  2.34379  0.290193
 0.702718   1.82859
 0.150952   1.91492
  2.18663  0.351236
 0.338721   2.04433
  2.66485   1.75362
 0.425849   1.32176
 0.535023   2.44612
 0.345041   1.34426
 0.211853   2.98101
 0.799907   2.27183
 0.640838  0.217396
  1.38502   2.24061
 0.558166   2.72891
  0.83489    2.5991
 0.338016  0.248723
 0.781532   2.73082
  2.76584   1.35619
  0.60776   2.55228
  1.25109   1.22816
   2.0314   2.68598
    2.463   2.57358
  2.46557  0.667806
 0.217906   2.48664
 0.509513  0.992824
  2.92929   1.84109
  1.97704  0.785646
  2.16305   2.86424
  2.48257   1.78402
  1.96512   2.24347
  2.53028   2.23427
   1.8278   1.74763
 0.938377   2.61266
  1.08947   2.40472
 0.847131   2.29463
  1.20416   1.20463
  2.70908  0.632306
  2.34625   2.10488
  1.78704   1.62472
0.0600716  0.952161
   2.1128  0.866115
0.0185833   1.26876
  1.46119   2.87589
  2.72225  0.352088
  2.06917   1.10553
 0.860165   2.29195
 0.549562   2.26205
  2.28902   1.60808
  2.77904  0.604077
 0.745027  0.663339
  1.43623   2.87157
  2.61976  0.589812
  1.20805   2.10435
 0.905744   1.71543
 0.312971 0.0649402
   2.1917    2.0038
 0.147219   1.76836
  1.48072  0.098463
  1.97094 0.0754316
 0.193695  0.279626
  0.36058   2.46997
  2.78028  0.721631
  1.16288   1.69524
 0.459594  0.325315
 0.306914  0.499058
  1.52538   1.70458
  2.56756   2.08701
  1.44526     2.163
 0.750613 0.0721632
  2.81836  0.624141
  2.58037   1.33582
  1.01841   1.64677
  2.75481   1.11296
  1.74335  0.776506
 0.597559   2.07216
  1.23015   1.84865
  1.86813   2.51166
  1.71461   1.66773
  1.45518  0.334939
  2.66468   2.79892
  1.12754  0.699675
  2.72942    2.1818
   2.3397    2.3698
  1.48913  0.550616
 0.139271   1.04374
  1.19807   2.14886
  1.71502  0.126837
  2.46551  0.799181
  1.83763  0.463951
 0.975037   1.89404
  2.89972   1.88458
  1.48229    0.7461
  2.49747   2.47544
  1.50132   2.34879
 0.108104   1.59604
 0.401384  0.166673
  1.89407  0.806073
  2.27638  0.183845
  1.96394  0.564945
  1.50363   1.06779
  1.10089  0.696646
  1.16753  0.818549
 0.521068   2.84925
   2.8098   0.16147
  1.64655  0.572989
 0.667652   1.09903
 0.825262   2.07783
 0.975018   1.32999
 0.688847   2.67812
  2.07208  0.132017
  2.91125    1.5156
 0.997197  0.424934
  0.64461   2.56668
 0.754755   2.94386
 0.329677   1.90891
 0.167304  0.380602
  2.26554   2.71253
  1.55538   2.93076
 0.825818   1.18769
  1.12342   1.46676
  2.61055 0.0802958
 0.699144   2.94532
LINKS_SOURCE_DESTINATION_DISTANCE 598
     0      1      1
     0      8      1
     0     21      1
     0    208      1
     1      0      1
     1      2      1
     1      3      1
     1      4      1
     1     30      1
     1    205      1
     1    239      1
     2      1      1
     2     10      1
     2     26      1
     3      1      1
     3      6      1
     3     13      1
     3     20      1
     3     64      1
     3    193      1
     4      1      1
     4      5      1
     4      7      1
     4     15      1
     4     16      1
     4     25      1
     4     78      1
     4    271      1
     5      4      1
     5      9      1
     5     48      1
     5    128      1
     5    234      1
     5    252      1
     5    299      1
     6      3      1
     6     18      1
     6     44      1
     6    126      1
     6    174      1
     7      4      1
     7     40      1
     7     65      1
     7     83      1
     8      0      1
     8     12      1
     8     17      1
     8     22      1
     8     34      1
     8    115      1
     9      5      1
     9     59      1
    10      2      1
    10     11      1
    10     24      1
    11     10      1
    11     14      1
    11    111      1
    11    139      1
    12      8      1
    12     19      1
    12     58      1
    12    125      1
    12    286      1
    13      3      1
    13     43      1
    13     60      1
    14     11      1
    14     91      1
    15      4      1
    15     36      1
    15     70      1
    16      4      1
    16     23      1
    16    198      1
    17      8      1
    17     28      1
    17     29      1
    17     31      1
    17     35      1
    17    140      1
    17    145      1
    17    280      1
    18      6      1
    18     75      1
    18     88      1
    18    103      1
    18    133      1
    18    173      1
    19     12      1
    20      3      1
    20     85      1
    21      0      1
    21     69      1
    21     82      1
    21    101      1
    21    129      1
    21    160      1
    22      8      1
    22     27      1
    22     42      1
    22    137      1
    22    156      1
    22    182      1
    22    220      1
    23     16      1
    23    148      1
    23    155      1
    24     10      1
    24     47      1
    24    177      1
    24    261      1
    24    269      1
    25      4      1
    25     39      1
    25     90      1
    25     99      1
    25    210      1
    26      2      1
    26     45      1
    26    109      1
    26    237      1
    27     22      1
    27     32      1
    27     72      1
    27    116      1
    27    168      1
    27    264      1
    28     17      1
    28     38      1
    28     73      1
    29     17      1
    29     37      1
    30      1      1
    30     33      1
    30    136      1
    30    287      1
    31     17      1
    31     93      1
    31     97      1
    31    150      1
    31    167      1
    32     27      1
    32     41      1
    32    149      1
    32    211      1
    33     30      1
    33     54      1
    33     68      1
    33    119      1
    34      8      1
    34    135      1
    34    138      1
    35     17      1
    35     79      1
    35    218      1
    36     15      1
    36     49      1
    36    170      1
    37     29      1
    37     51      1
    38     28      1
    39     25      1
    39    260      1
    40      7      1
    40     46      1
    41     32      1
    41     81      1
    42     22      1
    42     63      1
    42     96      1
    43     13      1
    43     61      1
    43    121      1
    44      6      1
    44     50      1
    44     52      1
    44     53      1
    44     71      1
    44     98      1
    45     26      1
    45     55      1
    46     40      1
    46     87      1
    46    122      1
    46    154      1
    46    179      1
    47     24      1
    47     62      1
    47     77      1
    48      5      1
    49     36      1
    49     67      1
    49    127      1
    49    158      1
    50     44      1
    50     56      1
    50     84      1
    50    130      1
    51     37      1
    51     57      1
    52     44      1
    52    228      1
    52    244      1
    53     44      1
    53    112      1
    53    212      1
    54     33      1
    54     89      1
    54    188      1
    55     45      1
    55     74      1
    55    118      1
    56     50      1
    57     51      1
    58     12      1
    58    172      1
    59      9      1
    59     76      1
    59     95      1
    59    114      1
    60     13      1
    61     43      1
    61    207      1
    61    241      1
    62     47      1
    62     80      1
    62    161      1
    62    268      1
    63     42      1
    63    219      1
    64      3      1
    64     66      1
    64    250      1
    65      7      1
    66     64      1
    66    123      1
    66    134      1
    66    206      1
    67     49      1
    68     33      1
    68     86      1
    68    117      1
    68    146      1
    68    152      1
    68    189      1
    69     21      1
    69    106      1
    70     15      1
    71     44      1
    71    100      1
    71    107      1
    72     27      1
    72    197      1
    73     28      1
    73    144      1
    73    248      1
    74     55      1
    74     94      1
    74    164      1
    75     18      1
    76     59      1
    76    120      1
    76    147      1
    76    178      1
    76    213      1
    77     47      1
    77    113      1
    78      4      1
    79     35      1
    79    165      1
    79    209      1
    80     62      1
    81     41      1
    81    102      1
    82     21      1
    82    124      1
    83      7      1
    83    110      1
    83    159      1
    84     50      1
    84    104      1
    85     20      1
    86     68      1
    86    108      1
    87     46      1
    87    143      1
    88     18      1
    89     54      1
    89     92      1
    89    131      1
    89    169      1
    89    214      1
    90     25      1
    90    180      1
    91     14      1
    92     89      1
    92    246      1
    93     31      1
    93    216      1
    94     74      1
    95     59      1
    95    262      1
    96     42      1
    97     31      1
    97    186      1
    98     44      1
    98    200      1
    99     25      1
    99    162      1
    99    265      1
   100     71      1
   101     21      1
   102     81      1
   102    187      1
   103     18      1
   103    151      1
   104     84      1
   104    105      1
   104    273      1
   105    104      1
   105    132      1
   106     69      1
   106    142      1
   106    181      1
   106    291      1
   107     71      1
   107    184      1
   108     86      1
   108    274      1
   109     26      1
   109    251      1
   110     83      1
   111     11      1
   111    157      1
   111    204      1
   111    231      1
   112     53      1
   113     77      1
   113    166      1
   114     59      1
   114    201      1
   115      8      1
   115    232      1
   116     27      1
   117     68      1
   118     55      1
   119     33      1
   120     76      1
   121     43      1
   122     46      1
   122    163      1
   123     66      1
   124     82      1
   125     12      1
   126      6      1
   127     49      1
   127    192      1
   128      5      1
   128    141      1
   129     21      1
   129    191      1
   130     50      1
   131     89      1
   132    105      1
   133     18      1
   134     66      1
   134    255      1
   134    290      1
   135     34      1
   136     30      1
   136    185      1
   136    259      1
   137     22      1
   137    153      1
   138     34      1
   138    238      1
   139     11      1
   140     17      1
   141    128      1
   141    267      1
   142    106      1
   142    171      1
   142    194      1
   143     87      1
   143    240      1
   144     73      1
   145     17      1
   146     68      1
   146    196      1
   147     76      1
   148     23      1
   149     32      1
   150     31      1
   150    229      1
   150    242      1
   151    103      1
   152     68      1
   152    176      1
   153    137      1
   153    292      1
   154     46      1
   155     23      1
   155    247      1
   156     22      1
   157    111      1
   157    272      1
   158     49      1
   159     83      1
   159    175      1
   159    230      1
   160     21      1
   160    243      1
   160    253      1
   161     62      1
   162     99      1
   163    122      1
   164     74      1
   165     79      1
   165    190      1
   166    113      1
   167     31      1
   168     27      1
   168    223      1
   169     89      1
   169    183      1
   170     36      1
   171    142      1
   171    277      1
   172     58      1
   173     18      1
   174      6      1
   174    215      1
   175    159      1
   176    152      1
   176    254      1
   177     24      1
   177    225      1
   178     76      1
   178    270      1
   179     46      1
   180     90      1
   181    106      1
   182     22      1
   182    297      1
   183    169      1
   183    202      1
   184    107      1
   185    136      1
   185    258      1
   186     97      1
   186    289      1
   187    102      1
   187    221      1
   188     54      1
   189     68      1
   190    165      1
   190    195      1
   191    129      1
   191    257      1
   192    127      1
   193      3      1
   194    142      1
   194    199      1
   195    190      1
   195    236      1
   196    146      1
   197     72      1
   197    203      1
   197    298      1
   198     16      1
   199    194      1
   200     98      1
   201    114      1
   202    183      1
   202    222      1
   202    245      1
   202    281      1
   203    197      1
   203    233      1
   204    111      1
   205      1      1
   206     66      1
   207     61      1
   208      0      1
   208    226      1
   209     79      1
   210     25      1
   210    217      1
   210    278      1
   211     32      1
   211    295      1
   212     53      1
   213     76      1
   213    224      1
   214     89      1
   215    174      1
   216     93      1
   217    210      1
   217    235      1
   217    288      1
   218     35      1
   218    227      1
   219     63      1
   220     22      1
   221    187      1
   221    282      1
   221    296      1
   222    202      1
   222    266      1
   223    168      1
   223    285      1
   224    213      1
   225    177      1
   226    208      1
   227    218      1
   228     52      1
   229    150      1
   230    159      1
   231    111      1
   232    115      1
   233    203      1
   233    249      1
   234      5      1
   235    217      1
   236    195      1
   237     26      1
   238    138      1
   239      1      1
   240    143      1
   241     61      1
   242    150      1
   243    160      1
   244     52      1
   245    202      1
   246     92      1
   247    155      1
   247    256      1
   248     73      1
   249    233      1
   250     64      1
   251    109      1
   251    263      1
   251    276      1
   252      5      1
   253    160      1
   254    176      1
   255    134      1
   256    247      1
   257    191      1
   258    185      1
   259    136      1
   260     39      1
   261     24      1
   262     95      1
   263    251      1
   263    279      1
   264     27      1
   265     99      1
   266    222      1
   267    141      1
   268     62      1
   269     24      1
   269    275      1
   270    178      1
   271      4      1
   272    157      1
   273    104      1
   274    108      1
   275    269      1
   276    251      1
   276    293      1
   277    171      1
   278    210      1
   279    263      1
   280     17      1
   280    284      1
   281    202      1
   282    221      1
   282    283      1
   282    294      1
   283    282      1
   284    280      1
   285    223      1
   286     12      1
   287     30      1
   288    217      1
   289    186      1
   290    134      1
   291    106      1
   292    153      1
   293    276      1
   294    282      1
   295    211      1
   296    221      1
   297    182      1
   298    197      1
   299      5      1
