COORD_X_Y 200
  2.49016  0.942687
  0.68575  0.801737
  1.45542    2.2288
 0.711554   0.98772
  0.28106   1.16067
 0.806031   2.78203
  1.39052   1.27471
  1.46741   1.73837
  1.03574   0.58677
  2.84175   1.44849
  2.00413  0.758101
 0.688026   2.54784
 0.652043   1.11402
 0.450509   1.95307
  2.43557  0.181367
  1.23618   1.86055
  2.60079  0.993405
  1.83583   2.73971
  1.11917  0.555633
 0.243626   1.77628
  0.81198  0.353743
  2.78635   1.10352
 0.534601   2.12489
  1.20462 0.0427033
 0.432766  0.247954
    1.478   2.10855
 0.485465   2.40437
 0.767654  0.624761
  2.07096   2.84212
 0.285322   1.07922
 0.230526  0.590708
  2.18956  0.240561
  1.66952   2.89092
 0.476174  0.744689
 0.663649  0.690732
 0.329714   1.01094
    2.294   2.25797
   2.7987   2.39924
  2.54131   1.46438
  1.62336  0.353187
 0.193451  0.440399
  1.24357  0.631266
 0.334146   2.33853
  0.63749 0.0645297
 0.202522   1.51081
   2.6597 0.0304515
      2.9  0.931866
  2.19976   2.81624
 0.529158   1.06284
  2.44173  0.679953
   2.0161  0.439737
  0.36794   2.58508
 0.826771   1.57169
0.00593853   2.68747
  2.09696    2.4293
  1.90439   2.68994
 0.502192  0.206279
  1.44689    1.7198
  0.90471  0.116587
   1.6638   2.84311
 0.797556   1.97704
0.0169347   2.70943
 0.283851  0.410627
  1.38429   0.62179
  1.85335  0.830401
 0.714302   2.76324
 0.709737   2.89166
 0.581491   1.86412
 0.149571   0.18254
  2.50567    2.2804
  1.03071   1.97776
   2.7916   2.30148
  1.42762    1.9452
  1.68208   1.76094
  1.58826  0.765355
 0.387373   2.54879
  2.47063   2.70345
  2.62331   2.76582
  2.67489   1.06902
  1.34314   2.11144
  1.50237   2.91269
  1.76507  0.576263
  2.32623   1.52307
  2.97109   1.25055
 0.803198   1.41802
  2.93785   2.08053
 0.927431   2.07922
 0.520038   1.04134
   2.2473   2.20686
  1.62767  0.365697
  2.12474    1.6675
 0.960635   1.53755
  1.87205  0.190339
  2.13941  0.422637
  2.42041  0.337413
  2.69252   2.96286
  1.33279    2.9522
  2.95284   2.91436
 0.206662   2.17341
 0.499918   0.93113
 0.666522  0.181866
  2.39233   2.87277
  1.10636   2.75319
 0.588937   1.73871
  2.88576   2.88219
   2.0088   1.91618
  2.37842   1.38276
 0.800542   2.25031
  1.43536   2.27299
  2.03668  0.640434
  1.35594   1.94193
 0.109667   1.86661
  2.37155   2.83402
 0.545358   2.59581
  2.83979  0.802124
  2.29246  0.107392
  1.48461   1.55551
  1.52614  0.664327
  2.58957   1.82696
   1.2869   1.69466
  2.44237    1.0388
 0.278886   1.91151
  1.61318  0.759001
  1.76607   1.63346
  2.24678  0.771959
  2.38491   2.65501
0.0425426  0.673709
 0.175536   1.98789
  2.89705   1.60563
  1.66129  0.294613
  1.23078   1.18011
  2.92001   1.24751
  1.00253  0.939706
  2.45576   2.36191
0.0766776   2.82774
  0.40399   2.87012
 0.842312   2.47698
 0.992897   2.77807
 0.825212   2.22051
  2.77174     2.912
   1.4875  0.161706
  1.44642   1.44156
  1.55924   2.77531
  2.08493   1.26427
 0.121185   2.43085
  1.51285  0.337754
   0.1671   2.08328
   2.0263   0.71311
 0.846998   0.45706
  2.39843   1.81652
  2.16793    1.9209
  2.23726  0.180106
  2.92643   1.47252
  2.81988  0.777344
  2.36855   1.92582
  1.85592   1.90864
  1.51374   2.99633
 0.264325   2.86985
  1.40468   1.68511
  1.97592 0.000378452
  2.47617   2.34163
  1.28318  0.283029
   2.9796   1.04657
 0.847776   1.53843
 0.320921  0.273697
  1.34761 0.0174984
   1.9343  0.394223
  1.56783   2.81257
  1.86751   1.34006
  2.27317   2.80242
 0.831932 0.0882904
  2.80421   2.04123
  1.16149  0.710376
  1.45847  0.261387
 0.430485   1.30299
  1.05021 0.0423194
 0.269751 0.0684043
  1.00546   2.79569
 0.719812  0.517101
 0.510707   2.64915
 0.873255   2.18129
   1.0874  0.724496
0.0982887    1.5162
 0.143038   1.06622
 0.940895   2.95571
  1.00544   2.78375
  1.63539   2.24928
 0.859178  0.818289
  1.25795   1.06416
  1.44226   2.86324
  1.81614   2.68905
 0.937957  0.371966
  1.88989  0.825208
  1.07908   1.62059
  1.90981   1.86057
  2.76829   1.50142
 0.678438   2.37159
  1.35423   1.66125
  2.61426   2.12955
  1.10556   1.43107
LINKS_SOURCE_DESTINATION_DISTANCE 398
     0      1      1
     0      2      1
     0      4      1
     0     12      1
     0     22      1
     0     24      1
     1      0      1
     1     57      1
     1     60      1
     1     76      1
     2      0      1
     2      3      1
     2      5      1
     2     14      1
     3      2      1
     3     10      1
     3     13      1
     3     25      1
     4      0      1
     4      6      1
     4     19      1
     4     26      1
     4     79      1
     5      2      1
     5     27      1
     5     33      1
     5     34      1
     6      4      1
     6      7      1
     6      8      1
     6      9      1
     6     17      1
     6     32      1
     6     74      1
     6     85      1
     7      6      1
     7     15      1
     7    119      1
     7    159      1
     8      6      1
     8     11      1
     8     16      1
     8     23      1
     9      6      1
     9     30      1
     9     77      1
    10      3      1
    10     18      1
    10     29      1
    10     39      1
    10     49      1
    10    121      1
    11      8      1
    11     31      1
    12      0      1
    12    126      1
    13      3      1
    13     46      1
    13    108      1
    13    120      1
    13    141      1
    14      2      1
    14     21      1
    14     99      1
    14    136      1
    15      7      1
    15     20      1
    15    183      1
    16      8      1
    16     41      1
    16     88      1
    17      6      1
    17     71      1
    18     10      1
    18     28      1
    18     70      1
    18    128      1
    18    131      1
    18    170      1
    19      4      1
    19     78      1
    19     97      1
    19    166      1
    20     15      1
    20    102      1
    20    105      1
    20    125      1
    21     14      1
    21     42      1
    21    135      1
    22      0      1
    22     48      1
    22     69      1
    22     90      1
    22     95      1
    22    123      1
    22    143      1
    23      8      1
    23     86      1
    23    137      1
    24      0      1
    24    122      1
    25      3      1
    25     40      1
    25     43      1
    25     51      1
    25     64      1
    26      4      1
    27      5      1
    27     35      1
    27     38      1
    27     44      1
    27    163      1
    27    195      1
    28     18      1
    28     47      1
    29     10      1
    30      9      1
    30    178      1
    31     11      1
    32      6      1
    32     63      1
    33      5      1
    33     36      1
    33     50      1
    33     53      1
    33     61      1
    33     67      1
    33    162      1
    34      5      1
    34     37      1
    34    142      1
    35     27      1
    36     33      1
    36     45      1
    36     55      1
    36     84      1
    37     34      1
    37    168      1
    38     27      1
    38     56      1
    38     62      1
    39     10      1
    39     66      1
    39    144      1
    39    171      1
    40     25      1
    40     58      1
    41     16      1
    42     21      1
    42     89      1
    42    155      1
    42    189      1
    43     25      1
    43     72      1
    43     94      1
    44     27      1
    44    111      1
    44    127      1
    44    146      1
    45     36      1
    45     54      1
    45     80      1
    45    192      1
    46     13      1
    46     87      1
    46    104      1
    46    164      1
    46    199      1
    47     28      1
    47    148      1
    47    172      1
    48     22      1
    49     10      1
    49    101      1
    50     33      1
    50     52      1
    50     68      1
    50    167      1
    50    186      1
    51     25      1
    52     50      1
    53     33      1
    53    147      1
    54     45      1
    54     98      1
    54    169      1
    55     36      1
    55     59      1
    55    112      1
    55    134      1
    56     38      1
    56     75      1
    57      1      1
    58     40      1
    59     55      1
    59    117      1
    60      1      1
    60     65      1
    61     33      1
    61    115      1
    62     38      1
    62    129      1
    63     32      1
    64     25      1
    64    151      1
    65     60      1
    65     92      1
    66     39      1
    66     73      1
    66    156      1
    67     33      1
    68     50      1
    68    165      1
    69     22      1
    69     91      1
    70     18      1
    70    139      1
    70    176      1
    71     17      1
    72     43      1
    72    114      1
    73     66      1
    73     93      1
    73    100      1
    73    184      1
    73    191      1
    73    196      1
    74      6      1
    75     56      1
    76      1      1
    76     96      1
    76    109      1
    76    177      1
    76    185      1
    77      9      1
    77     81      1
    77     83      1
    78     19      1
    79      4      1
    80     45      1
    80    118      1
    81     77      1
    81     82      1
    82     81      1
    83     77      1
    83    161      1
    84     36      1
    85      6      1
    86     23      1
    86    187      1
    87     46      1
    87    132      1
    88     16      1
    88    154      1
    89     42      1
    89    124      1
    90     22      1
    91     69      1
    92     65      1
    93     73      1
    94     43      1
    95     22      1
    95    106      1
    96     76      1
    96    107      1
    97     19      1
    98     54      1
    98    179      1
    99     14      1
    99    103      1
    99    113      1
    99    149      1
   100     73      1
   100    138      1
   100    150      1
   101     49      1
   101    110      1
   102     20      1
   103     99      1
   104     46      1
   104    193      1
   105     20      1
   106     95      1
   106    152      1
   107     96      1
   108     13      1
   108    133      1
   108    158      1
   109     76      1
   110    101      1
   110    116      1
   111     44      1
   112     55      1
   113     99      1
   114     72      1
   115     61      1
   115    130      1
   116    110      1
   117     59      1
   118     80      1
   119      7      1
   120     13      1
   121     10      1
   122     24      1
   123     22      1
   123    145      1
   124     89      1
   125     20      1
   126     12      1
   127     44      1
   128     18      1
   128    153      1
   129     62      1
   129    180      1
   130    115      1
   130    194      1
   131     18      1
   132     87      1
   133    108      1
   134     55      1
   134    198      1
   135     21      1
   135    188      1
   136     14      1
   137     23      1
   137    140      1
   137    190      1
   138    100      1
   139     70      1
   140    137      1
   141     13      1
   142     34      1
   143     22      1
   144     39      1
   145    123      1
   145    173      1
   146     44      1
   147     53      1
   148     47      1
   149     99      1
   150    100      1
   150    182      1
   151     64      1
   152    106      1
   152    157      1
   153    128      1
   154     88      1
   154    181      1
   155     42      1
   155    160      1
   156     66      1
   157    152      1
   157    175      1
   158    108      1
   159      7      1
   160    155      1
   161     83      1
   162     33      1
   163     27      1
   163    174      1
   164     46      1
   165     68      1
   166     19      1
   167     50      1
   168     37      1
   169     54      1
   170     18      1
   171     39      1
   172     47      1
   173    145      1
   174    163      1
   175    157      1
   176     70      1
   177     76      1
   178     30      1
   179     98      1
   180    129      1
   181    154      1
   182    150      1
   183     15      1
   184     73      1
   185     76      1
   186     50      1
   187     86      1
   188    135      1
   189     42      1
   189    197      1
   190    137      1
   191     73      1
   192     45      1
   193    104      1
   194    130      1
   195     27      1
   196     73      1
   197    189      1
   198    134      1
   199     46      1
