COORD_X_Y 25
 0.985202   0.36757
  1.92201   2.48701
  1.78417   1.34074
  2.66369   1.99433
  1.08041   1.41639
 0.594424    2.0026
 0.327284   1.20715
 0.404842   2.18392
  1.24199  0.611955
  1.41153    2.1114
   1.7547   2.59277
 0.398096    2.5275
 0.390588   2.66386
  1.85989  0.816855
  2.08491   2.72241
  2.24711    0.8798
  1.45782   2.65311
  1.59072 0.0650487
  2.21665    1.7638
  1.24492   2.09325
  2.23519   2.62052
 0.423567   2.28226
  1.46138   1.99823
    1.911  0.197604
 0.369789  0.238169
LINKS_SOURCE_DESTINATION_DISTANCE 48
     0      1      1
     0      2      1
     0      4      1
     0     19      1
     1      0      1
     1     23      1
     2      0      1
     2      3      1
     2      6      1
     3      2      1
     3      7      1
     3     12      1
     3     17      1
     3     21      1
     4      0      1
     4      5      1
     4     14      1
     4     22      1
     5      4      1
     6      2      1
     6      9      1
     6     10      1
     6     13      1
     7      3      1
     7      8      1
     7     20      1
     8      7      1
     8     11      1
     8     18      1
     8     24      1
     9      6      1
    10      6      1
    11      8      1
    11     15      1
    12      3      1
    12     16      1
    13      6      1
    14      4      1
    15     11      1
    16     12      1
    17      3      1
    18      8      1
    19      0      1
    20      7      1
    21      3      1
    22      4      1
    23      1      1
    24      8      1
