COORD_X_Y 15
  2.11582  0.589708
  1.43362   1.39076
  2.51287  0.822709
  1.32077   2.75257
  1.31721  0.598246
  1.80472 0.0115805
 0.245573   1.96623
  1.38897   1.57774
  1.53204   2.71275
  2.96538  0.756021
  2.05417   2.31785
  1.24475  0.537142
  2.03204   1.66142
   1.3459   2.50367
   0.3762  0.402362
LINKS_SOURCE_DESTINATION_DISTANCE 28
     0      1      1
     0      6      1
     0      8      1
     0      9      1
     1      0      1
     1      2      1
     2      1      1
     2      3      1
     2      4      1
     2     12      1
     3      2      1
     4      2      1
     4      5      1
     4      7      1
     4     14      1
     5      4      1
     6      0      1
     6     13      1
     7      4      1
     8      0      1
     9      0      1
     9     10      1
    10      9      1
    10     11      1
    11     10      1
    12      2      1
    13      6      1
    14      4      1
