COORD_X_Y 65
  2.71966  0.840515
  2.91512   1.14991
  1.84623  0.159125
  2.89986   1.01195
  2.44747   2.94482
 0.786422   2.35815
   2.3033    1.0524
  2.37175  0.908231
 0.196463  0.984155
  2.94825  0.138102
 0.896788   1.38169
  1.72716   1.27723
 0.728295   2.28335
   2.9921   1.95532
  2.82395   1.19321
 0.394122   1.28712
  1.85019   1.70217
  2.40534   2.59291
   2.1375   0.09878
  2.36823   2.03929
  2.59805   1.61125
  1.96414   1.88556
 0.574288    2.9838
 0.180212   2.55899
   1.5422   1.82883
  2.10143   2.24967
 0.396344  0.103589
  2.72446   2.86111
  2.46553   2.91266
0.0389161   1.21776
  2.87699   2.58161
  2.47249    1.0876
  2.40177   2.96224
  2.33818   1.74213
  2.56036    2.4991
 0.988605   2.60732
 0.832556  0.883801
 0.318201  0.484675
  2.30313   2.25239
   1.2069   2.79032
  2.25642   1.11187
  1.96446   2.32913
 0.699727   2.80964
  1.18843   1.14247
  1.93694   2.89246
  1.12783   1.45033
  2.44342   2.20659
0.0427134   2.25899
  2.74945   2.89374
  2.22486   0.23873
  2.05109   1.61292
  2.46532   0.26051
  1.78165    2.6574
 0.530101  0.340447
 0.810458  0.623843
 0.543932   2.15231
  2.25369    2.0073
  2.26892   1.40313
  2.29439   2.55954
  1.77144  0.161976
 0.973014   2.46258
  1.92712  0.476639
 0.350056   1.59075
  1.98331   2.18737
  2.78911   2.71554
LINKS_SOURCE_DESTINATION_DISTANCE 128
     0      1      1
     0      2      1
     0      3      1
     0      8      1
     0     11      1
     0     29      1
     0     40      1
     0     53      1
     1      0      1
     1      4      1
     1      7      1
     1     12      1
     1     39      1
     2      0      1
     2     13      1
     2     30      1
     2     56      1
     3      0      1
     3      5      1
     4      1      1
     5      3      1
     5      6      1
     5     16      1
     5     51      1
     6      5      1
     6     17      1
     6     18      1
     6     26      1
     6     28      1
     7      1      1
     7      9      1
     7     14      1
     7     22      1
     7     47      1
     8      0      1
     8     10      1
     8     15      1
     9      7      1
     9     32      1
     9     61      1
     9     64      1
    10      8      1
    10     23      1
    11      0      1
    12      1      1
    13      2      1
    14      7      1
    14     19      1
    14     20      1
    14     25      1
    15      8      1
    15     21      1
    15     38      1
    16      5      1
    16     37      1
    16     49      1
    17      6      1
    17     60      1
    18      6      1
    18     35      1
    19     14      1
    19     24      1
    20     14      1
    20     34      1
    20     55      1
    21     15      1
    22      7      1
    22     27      1
    23     10      1
    23     31      1
    23     43      1
    23     50      1
    24     19      1
    24     54      1
    25     14      1
    25     36      1
    25     63      1
    26      6      1
    27     22      1
    27     46      1
    28      6      1
    29      0      1
    29     33      1
    30      2      1
    30     62      1
    31     23      1
    32      9      1
    33     29      1
    34     20      1
    34     48      1
    34     58      1
    35     18      1
    35     44      1
    36     25      1
    36     41      1
    36     42      1
    36     59      1
    37     16      1
    38     15      1
    38     52      1
    39      1      1
    40      0      1
    41     36      1
    42     36      1
    43     23      1
    44     35      1
    44     45      1
    45     44      1
    46     27      1
    47      7      1
    48     34      1
    48     57      1
    49     16      1
    50     23      1
    51      5      1
    52     38      1
    53      0      1
    54     24      1
    55     20      1
    56      2      1
    57     48      1
    58     34      1
    59     36      1
    60     17      1
    61      9      1
    62     30      1
    63     25      1
    64      9      1
