COORD_X_Y 25
 0.145224   1.29195
 0.799804   1.31785
 0.037021  0.689176
  2.34522   1.19757
  0.71021  0.794714
 0.612306   1.18446
 0.149548    2.6752
0.0781148   2.53131
 0.227341   2.45252
  1.39597  0.607145
  1.28064   2.74223
  1.56956   1.84008
  1.05446   1.43564
  2.32473  0.174711
  1.01846   2.55339
  2.04771   1.31991
  1.90797    2.3022
 0.542806   2.73693
 0.205667   2.44931
 0.418966   1.05499
  1.92418  0.140196
 0.110726   2.72319
 0.164816  0.225754
 0.361283  0.487585
   1.3181  0.573187
LINKS_SOURCE_DESTINATION_DISTANCE 48
     0      1      1
     0      3      1
     0     21      1
     1      0      1
     1      2      1
     2      1      1
     2      4      1
     2     14      1
     2     24      1
     3      0      1
     3     10      1
     3     19      1
     4      2      1
     4      5      1
     4      6      1
     4     12      1
     4     13      1
     5      4      1
     5     16      1
     5     18      1
     6      4      1
     6      7      1
     6      8      1
     6     23      1
     7      6      1
     7      9      1
     8      6      1
     8     11      1
     9      7      1
    10      3      1
    10     15      1
    10     22      1
    11      8      1
    12      4      1
    13      4      1
    14      2      1
    15     10      1
    15     17      1
    16      5      1
    17     15      1
    17     20      1
    18      5      1
    19      3      1
    20     17      1
    21      0      1
    22     10      1
    23      6      1
    24      2      1
