COORD_X_Y 150
  1.29489  0.686744
 0.638531   1.63344
 0.534566   1.64931
   1.0545  0.861729
  1.26788   2.30373
 0.477091   2.24002
  2.03882   1.43246
  1.77955   2.86985
  1.82215   2.56293
 0.727999   1.68224
  2.88417  0.371189
  1.99449  0.241801
 0.286627   1.81946
   1.2475   2.03062
  2.61439   1.95493
 0.654055   1.46838
  1.38139   1.93688
  2.22768   2.37195
  2.95067   2.05053
  2.97606  0.207546
  1.83786 0.0264011
  1.08647   2.37168
  1.52009    2.0948
   2.1514   1.65035
   2.5945   2.64217
  0.20635   1.93404
  2.75726  0.102188
  2.27689     1.996
  1.33673   2.20011
0.0794183   2.12407
  1.89842   2.77365
  1.78205   1.58261
  1.01123   1.19874
  1.23891  0.374598
  1.11734   1.72948
  0.78652   1.50898
 0.747886  0.546461
  2.28089   2.42681
 0.889397   1.22913
  2.62446 0.0480042
  2.03653  0.853263
  1.37951    2.2716
  1.70465  0.891075
  1.72657  0.614421
  2.10914   1.30176
  2.83141  0.569346
  2.92904   2.39226
  1.61022   1.18918
    2.687   2.92218
  2.27031  0.563366
  2.19487   2.46612
  1.85449  0.395901
  2.24142  0.353674
 0.426239   2.79364
   2.7215  0.908772
  2.62616   1.97846
   2.1404   2.37968
  1.09443   2.38566
  1.39749  0.210739
 0.932315   1.21562
   1.3043   2.24657
 0.492315 0.0858187
  1.22611   2.54553
0.0925445  0.165439
  2.42463   2.64365
  0.48817   1.80836
  2.88108   2.13764
  1.62574   2.98713
  2.92256   2.66058
  2.27391   2.62868
 0.740992    2.3523
   2.6982   2.06648
  2.06286   1.64189
  2.73943   2.43669
 0.469343    2.4339
 0.927596   1.02512
  2.65474   2.26503
 0.432104   1.42867
0.0679231   2.00663
  2.29871   2.88896
  2.78324   2.91259
   2.9811  0.143181
  1.92362   1.54552
  2.99812   1.70137
  1.25634   1.58151
 0.860105   1.86154
 0.791152   1.69415
  1.94128   2.45143
  2.11396  0.247196
  1.71331   2.54549
  1.96746   1.48813
 0.661644   2.61844
 0.155889  0.606423
  1.21012   1.94402
  1.33613 0.0911352
 0.221282   2.00194
  2.90658   2.43029
 0.639513  0.256809
  2.06679  0.572555
  1.93444  0.646415
 0.390933   2.10632
 0.720799   0.60233
 0.688515   2.33435
  1.23603   1.24504
  1.58542    2.7625
  2.65111   0.83191
  0.76425   1.44633
 0.595457   2.78901
 0.345584   1.58745
  1.94567  0.123312
  1.88324  0.543986
  2.79394   1.26188
 0.464347    2.6043
0.0436883  0.833351
  2.84068   2.50662
 0.372428  0.422522
 0.190968   2.78439
  2.19974  0.770829
 0.365364   2.20225
  2.10384   2.53867
   1.4885   2.68364
  2.57918  0.340132
  0.79667   1.85599
  1.14239   2.88711
  1.28848      0.47
  2.57921    1.5712
  1.55564  0.103882
  2.23757  0.227662
  2.78553  0.258273
  1.42829   1.78457
  2.44516   1.39406
  2.91906   2.92091
  0.95267   1.69576
  1.63174   1.47646
  1.04041   1.84687
 0.222893 0.00406414
 0.985826   2.37313
  2.86074   1.63907
 0.798248   2.89346
  1.31429   2.92485
  2.20528   2.79885
  1.88758 0.0244092
  0.85564   2.20597
   2.9458 0.0869521
  2.47237   1.34574
 0.617773   1.63902
0.0179427   1.13333
  2.34684    1.5992
   1.6788  0.389145
 0.673348  0.494365
LINKS_SOURCE_DESTINATION_DISTANCE 298
     0      1      1
     0      5      1
     0     15      1
     0     29      1
     1      0      1
     1      2      1
     1      7      1
     1      9      1
     1     33      1
     1     56      1
     2      1      1
     2      3      1
     2      8      1
     2     46      1
     3      2      1
     3      4      1
     3     12      1
     3     17      1
     4      3      1
     4      6      1
     4     42      1
     4     59      1
     5      0      1
     5     11      1
     5     64      1
     5    110      1
     6      4      1
     6     23      1
     6     27      1
     6     39      1
     6     44      1
     6     58      1
     6     67      1
     7      1      1
     7     10      1
     8      2      1
     8     25      1
     8     37      1
     8     93      1
     9      1      1
     9     14      1
     9     35      1
     9     49      1
    10      7      1
    10     13      1
    10     31      1
    11      5      1
    11     19      1
    11     78      1
    12      3      1
    12     76      1
    13     10      1
    13     41      1
    13     51      1
    13    131      1
    14      9      1
    14     16      1
    14     18      1
    14     54      1
    14     97      1
    14    120      1
    15      0      1
    15    143      1
    16     14      1
    16     20      1
    16     21      1
    16     34      1
    16     38      1
    16     40      1
    17      3      1
    17     22      1
    17     28      1
    17    136      1
    18     14      1
    18     30      1
    18    100      1
    19     11      1
    19     55      1
    20     16      1
    20     43      1
    20     90      1
    21     16      1
    21     24      1
    21     45      1
    21     83      1
    21    104      1
    22     17      1
    23      6      1
    23     26      1
    23     71      1
    24     21      1
    24     32      1
    24     60      1
    24     62      1
    24     77      1
    25      8      1
    25     95      1
    26     23      1
    26     86      1
    27      6      1
    27     48      1
    27    130      1
    27    135      1
    28     17      1
    28    117      1
    29      0      1
    29     57      1
    30     18      1
    30    103      1
    31     10      1
    31     72      1
    31     88      1
    31    122      1
    32     24      1
    32     75      1
    32     81      1
    32    111      1
    33      1      1
    33     69      1
    34     16      1
    34     52      1
    34    102      1
    34    127      1
    35      9      1
    35     36      1
    35     61      1
    35     70      1
    35     73      1
    35    113      1
    35    147      1
    36     35      1
    36     63      1
    37      8      1
    38     16      1
    39      6      1
    40     16      1
    40     47      1
    40     68      1
    40    145      1
    41     13      1
    41     53      1
    41     66      1
    41     98      1
    42      4      1
    42     80      1
    43     20      1
    44      6      1
    44     50      1
    44     92      1
    45     21      1
    45    115      1
    46      2      1
    47     40      1
    48     27      1
    48     74      1
    48     85      1
    48    133      1
    49      9      1
    50     44      1
    51     13      1
    51     91      1
    51    108      1
    52     34      1
    52    106      1
    53     41      1
    53     94      1
    53    140      1
    54     14      1
    54     87      1
    55     19      1
    55    123      1
    56      1      1
    56     89      1
    57     29      1
    57     65      1
    57     84      1
    57    118      1
    58      6      1
    58    112      1
    59      4      1
    60     24      1
    61     35      1
    62     24      1
    63     36      1
    63     79      1
    64      5      1
    65     57      1
    65    141      1
    66     41      1
    67      6      1
    68     40      1
    69     33      1
    70     35      1
    71     23      1
    71     82      1
    72     31      1
    73     35      1
    73    137      1
    74     48      1
    75     32      1
    76     12      1
    77     24      1
    77    126      1
    77    146      1
    78     11      1
    78    101      1
    79     63      1
    79    138      1
    80     42      1
    81     32      1
    82     71      1
    82     96      1
    82    109      1
    83     21      1
    84     57      1
    85     48      1
    85     99      1
    86     26      1
    87     54      1
    88     31      1
    88    134      1
    89     56      1
    90     20      1
    91     51      1
    92     44      1
    93      8      1
    93    129      1
    94     53      1
    94    132      1
    95     25      1
    96     82      1
    97     14      1
    98     41      1
    99     85      1
   100     18      1
   100    114      1
   101     78      1
   101    149      1
   102     34      1
   102    139      1
   102    144      1
   103     30      1
   103    105      1
   103    124      1
   103    125      1
   104     21      1
   104    107      1
   105    103      1
   105    119      1
   105    121      1
   105    128      1
   106     52      1
   107    104      1
   108     51      1
   109     82      1
   109    116      1
   110      5      1
   111     32      1
   112     58      1
   113     35      1
   114    100      1
   115     45      1
   116    109      1
   117     28      1
   118     57      1
   119    105      1
   119    148      1
   120     14      1
   121    105      1
   122     31      1
   123     55      1
   124    103      1
   125    103      1
   126     77      1
   127     34      1
   128    105      1
   129     93      1
   130     27      1
   130    142      1
   131     13      1
   132     94      1
   133     48      1
   134     88      1
   135     27      1
   136     17      1
   137     73      1
   138     79      1
   139    102      1
   140     53      1
   141     65      1
   142    130      1
   143     15      1
   144    102      1
   145     40      1
   146     77      1
   147     35      1
   148    119      1
   149    101      1
