COORD_X_Y 65
 0.953818   2.29471
  2.57506   2.09217
 0.209864  0.565006
  1.36668   1.63387
  1.95658    2.7733
  1.34798  0.905719
  1.67147   2.25309
   1.9765   2.96184
 0.487528    1.2182
  2.60324  0.346018
0.0082879  0.423269
  2.84938  0.652841
  1.27373 0.0918719
  2.73588   1.93925
  1.98418   0.20127
  1.55664  0.890998
  1.41966   1.10677
  2.41956     1.836
  1.36381   1.80281
  1.31641   2.01914
 0.881799   2.21185
   2.1086   2.02504
  0.34344 0.0534632
  1.38942   2.94426
0.0536549   2.83197
 0.503808   2.90107
 0.927229 0.0807985
  1.15953  0.833776
  1.21095   1.65901
  2.19673  0.412339
  1.91036   2.44025
 0.410263   1.10885
 0.435536   2.93713
  2.60878  0.806959
  2.54208  0.779647
   1.9877  0.742947
  2.65905    2.5182
  2.08602   1.39595
 0.396345   1.29616
  1.22071   2.27053
  2.34583  0.595593
0.0458634   0.49062
  0.29031   2.28956
 0.883691   2.47665
 0.434467   1.39852
   1.9254   2.51686
  2.63067  0.128356
 0.218022  0.507635
  1.60654   2.51845
  1.50578   2.24035
  1.27934    1.0741
  1.56242   1.70577
  2.54561   1.51737
 0.898764  0.792759
  2.84724   2.38082
     2.32   0.62911
  2.99168   2.57895
 0.156638   1.29355
  1.34921   1.59901
   2.9184  0.908516
  0.40908   2.93502
  2.46011   0.83728
   1.6489  0.372612
 0.106556   2.89544
  2.14929    2.5957
LINKS_SOURCE_DESTINATION_DISTANCE 128
     0      1      1
     0      2      1
     0      3      1
     0      9      1
     0     39      1
     1      0      1
     1      8      1
     1     35      1
     2      0      1
     2      4      1
     2     12      1
     3      0      1
     3      5      1
     3      7      1
     3     17      1
     4      2      1
     4      6      1
     4     18      1
     4     19      1
     4     24      1
     4     32      1
     5      3      1
     5     10      1
     5     14      1
     5     23      1
     6      4      1
     6     11      1
     6     33      1
     7      3      1
     7     13      1
     7     43      1
     8      1      1
     9      0      1
     9     16      1
     9     21      1
     9     22      1
    10      5      1
    10     27      1
    10     29      1
    10     63      1
    11      6      1
    11     59      1
    12      2      1
    13      7      1
    13     15      1
    13     31      1
    14      5      1
    14     48      1
    15     13      1
    15     20      1
    15     28      1
    15     52      1
    16      9      1
    16     44      1
    17      3      1
    17     25      1
    17     42      1
    17     50      1
    17     64      1
    18      4      1
    18     26      1
    19      4      1
    19     36      1
    19     47      1
    20     15      1
    21      9      1
    22      9      1
    22     30      1
    23      5      1
    24      4      1
    24     45      1
    24     57      1
    25     17      1
    26     18      1
    26     49      1
    27     10      1
    28     15      1
    28     53      1
    29     10      1
    30     22      1
    30     38      1
    31     13      1
    31     34      1
    31     41      1
    31     61      1
    32      4      1
    32     40      1
    33      6      1
    33     54      1
    34     31      1
    34     56      1
    35      1      1
    36     19      1
    36     37      1
    37     36      1
    38     30      1
    39      0      1
    40     32      1
    40     51      1
    41     31      1
    41     46      1
    42     17      1
    43      7      1
    44     16      1
    45     24      1
    46     41      1
    47     19      1
    48     14      1
    49     26      1
    49     55      1
    49     58      1
    50     17      1
    51     40      1
    52     15      1
    52     60      1
    53     28      1
    53     62      1
    54     33      1
    55     49      1
    56     34      1
    57     24      1
    58     49      1
    59     11      1
    60     52      1
    61     31      1
    62     53      1
    63     10      1
    64     17      1
