COORD_X_Y 15
  0.59573  0.981057
  1.26558   1.73236
  2.81385  0.807406
  1.43457   2.46818
 0.938087   2.45612
  1.32897 0.0109083
 0.945987   1.06048
  1.66111    2.0714
   2.0165  0.601376
   1.3539  0.779518
 0.528303   1.98777
  1.56401   2.29311
0.0042716   1.11684
 0.282945  0.798346
   2.6566   1.01303
LINKS_SOURCE_DESTINATION_DISTANCE 28
     0      1      1
     0      2      1
     0      3      1
     0      8      1
     0     11      1
     1      0      1
     2      0      1
     2      5      1
     2      9      1
     3      0      1
     3      4      1
     3      7      1
     4      3      1
     4      6      1
     4     10      1
     5      2      1
     6      4      1
     7      3      1
     8      0      1
     9      2      1
     9     12      1
     9     14      1
    10      4      1
    11      0      1
    12      9      1
    12     13      1
    13     12      1
    14      9      1
