COORD_X_Y 15
  2.42627  0.806503
  2.74146   2.69946
 0.019214   1.32959
 0.121664  0.317332
 0.204498  0.340402
  1.93474   1.67088
  1.39302   1.41815
  1.59719   0.19047
  2.70869   1.26526
    1.329    2.6876
 0.999058   2.48426
  2.54955   2.25057
 0.307577   0.78171
  1.48454   2.78249
  1.89016   2.62047
LINKS_SOURCE_DESTINATION_DISTANCE 28
     0      1      1
     0      8      1
     0     12      1
     1      0      1
     1      2      1
     1      4      1
     1      9      1
     2      1      1
     2      3      1
     2      6      1
     3      2      1
     3     11      1
     4      1      1
     4      5      1
     4     13      1
     5      4      1
     5      7      1
     5     10      1
     6      2      1
     7      5      1
     8      0      1
     9      1      1
    10      5      1
    10     14      1
    11      3      1
    12      0      1
    13      4      1
    14     10      1
