COORD_X_Y 15
  0.97755  0.844853
  1.06962   2.83665
  1.71266   1.39021
  1.74919   2.14065
  2.20175  0.435381
  1.32182   2.60933
  0.46382 0.0848637
  1.79982   1.67164
  1.57879   2.58141
  2.58913   1.42777
 0.510581   1.75305
 0.813079  0.266311
  1.63163   0.81478
   2.9704  0.458499
   2.2023 0.0141383
LINKS_SOURCE_DESTINATION_DISTANCE 28
     0      1      1
     0      2      1
     0      4      1
     0      5      1
     1      0      1
     1      3      1
     1      6      1
     1     11      1
     2      0      1
     2     10      1
     3      1      1
     3      8      1
     4      0      1
     5      0      1
     5      7      1
     6      1      1
     6      9      1
     6     14      1
     7      5      1
     7     12      1
     8      3      1
     9      6      1
    10      2      1
    11      1      1
    11     13      1
    12      7      1
    13     11      1
    14      6      1
