COORD_X_Y 130
 0.442196   1.05867
 0.175449  0.513591
 0.119416   1.87383
   2.6501   1.73012
  0.26672  0.499125
  1.82872  0.267535
 0.459798 0.0709308
  1.62129  0.161347
  2.09142   2.90373
  2.84507  0.855869
 0.459897   2.78424
  2.83416  0.454569
  2.62722    1.8756
  2.22514   2.63952
  1.92143   2.46642
  2.01557    0.6062
 0.847787  0.373853
  1.92724   2.65734
  1.95942   1.49714
  1.95593  0.894467
   1.9054   1.03909
 0.913206  0.815487
  2.38907   1.37735
 0.909677   1.51162
  1.49348   1.45032
   1.1152   2.80787
  2.54924  0.868204
  1.25671   1.08833
 0.532739   1.29266
 0.806025   2.28058
  2.39005   2.59973
  2.64149 0.0571934
  1.99682   2.55569
 0.615177  0.186635
  1.66856   1.66959
  2.81751 0.0873815
  2.88533   1.79619
  1.48818   2.88644
  1.73471   2.17796
  1.59752  0.511157
 0.742668   2.70635
   1.4304   1.52226
  1.94783   2.02423
  1.94976  0.115582
  1.49165   1.52644
  1.98855   1.85806
  2.89905   2.09944
  1.27118 0.0909067
  2.67745   0.37169
  2.69025   2.20681
   2.0858   2.40341
 0.342664   2.87065
 0.430765  0.814149
 0.809975  0.142565
  1.70824    2.2056
  0.85261   2.99326
0.0937647   2.63791
   0.2589   1.42209
0.0757734   2.38026
 0.344485   1.25275
    1.648   1.19456
  2.73912   2.16701
  2.57914   1.42677
  0.66911    2.9618
 0.784974   1.54689
 0.444439   2.38857
  2.79447   0.93865
  1.01974    1.9142
 0.258306   1.12573
  2.44589   1.44477
 0.665338   1.45677
 0.291562   2.09732
  2.01829   2.12041
  2.61318   2.98294
  1.27781  0.546604
    2.113  0.965306
 0.569572  0.368722
 0.383766   2.04049
 0.685033  0.383553
  2.91584   1.05313
  1.12509   2.39686
  1.68252  0.145919
  2.30139   2.25789
  1.15333   2.78569
 0.314234  0.738365
 0.967908  0.747104
  1.27612   2.62954
 0.611532  0.126089
  2.85621  0.474886
 0.902751  0.499063
 0.313329   2.61853
  2.98016  0.189561
  1.55864   1.99239
  1.70678  0.179486
  1.87015   1.17486
  1.49169    2.2183
   2.8239  0.886622
  2.31399  0.930794
 0.142643  0.093982
 0.953552  0.417193
  0.21147   2.03873
  1.14908  0.901153
  2.02724  0.500917
 0.376959  0.866823
 0.412407    1.9275
  1.13913   1.35372
 0.407626   2.40457
 0.731249   1.87337
  1.23135  0.860971
 0.130323   2.39967
  1.83813   2.67649
 0.619802   1.41595
 0.296763   1.75861
  2.20175   1.71767
 0.560039   2.97056
  1.94401   2.23401
  0.75603   1.55579
 0.857101   2.04392
  1.85604  0.910331
  1.26373  0.508053
  1.66974  0.996385
    2.379  0.480871
 0.836292  0.230323
  1.29536   1.95566
 0.559308   1.93774
  1.46692   1.11165
 0.702069    2.7988
 0.348258   0.52629
  2.57352   2.88949
 0.236727  0.891553
LINKS_SOURCE_DESTINATION_DISTANCE 258
     0      1      1
     0     12      1
     0     13      1
     1      0      1
     1      2      1
     1      3      1
     1      6      1
     1     99      1
     1    111      1
     2      1      1
     2      9      1
     2     14      1
     3      1      1
     3      4      1
     3     10      1
     4      3      1
     4      5      1
     4     11      1
     4     16      1
     4     18      1
     5      4      1
     6      1      1
     6      7      1
     6     15      1
     6     42      1
     6     86      1
     7      6      1
     7      8      1
     7     22      1
     7     31      1
     8      7      1
     9      2      1
    10      3      1
    11      4      1
    11     25      1
    11     29      1
    11     38      1
    11     51      1
    12      0      1
    12     21      1
    12     63      1
    12     72      1
    13      0      1
    13     37      1
    13     50      1
    13     80      1
    14      2      1
    14     91      1
    15      6      1
    15     19      1
    15     35      1
    15     36      1
    15     44      1
    15     64      1
    16      4      1
    16     17      1
    16     27      1
    16    108      1
    17     16      1
    17     28      1
    17     65      1
    18      4      1
    18     20      1
    18     57      1
    19     15      1
    19     24      1
    19     26      1
    20     18      1
    20     23      1
    20     32      1
    20    109      1
    21     12      1
    22      7      1
    23     20      1
    23     34      1
    23     73      1
    24     19      1
    24     56      1
    24     89      1
    25     11      1
    25     88      1
    25     96      1
    25     97      1
    26     19      1
    26     33      1
    26    100      1
    27     16      1
    27     30      1
    27     40      1
    27    106      1
    28     17      1
    28     53      1
    28     58      1
    29     11      1
    30     27      1
    30     54      1
    30     66      1
    30     83      1
    30     84      1
    31      7      1
    31     39      1
    32     20      1
    32     70      1
    32    127      1
    33     26      1
    33    123      1
    34     23      1
    35     15      1
    36     15      1
    36     59      1
    37     13      1
    38     11      1
    38     46      1
    38     47      1
    38     75      1
    38     81      1
    38    114      1
    39     31      1
    39     41      1
    39    105      1
    40     27      1
    40     94      1
    40     98      1
    40    113      1
    40    117      1
    41     39      1
    41     43      1
    41     52      1
    41     60      1
    41     61      1
    41     95      1
    42      6      1
    42     45      1
    42     48      1
    43     41      1
    44     15      1
    45     42      1
    46     38      1
    47     38      1
    47     74      1
    47    112      1
    48     42      1
    48     49      1
    48    118      1
    49     48      1
    49     68      1
    49     82      1
    49    129      1
    50     13      1
    51     11      1
    51     55      1
    51     76      1
    51    116      1
    52     41      1
    52    115      1
    53     28      1
    54     30      1
    55     51      1
    56     24      1
    56     90      1
    57     18      1
    57    128      1
    58     28      1
    58     69      1
    59     36      1
    59     62      1
    60     41      1
    60     93      1
    61     41      1
    62     59      1
    62    102      1
    63     12      1
    63     67      1
    64     15      1
    64     78      1
    64     85      1
    64     87      1
    65     17      1
    65     77      1
    66     30      1
    66     79      1
    67     63      1
    67     71      1
    68     49      1
    69     58      1
    69    104      1
    70     32      1
    71     67      1
    71    103      1
    72     12      1
    73     23      1
    73    107      1
    73    119      1
    73    120      1
    74     47      1
    75     38      1
    75    121      1
    76     51      1
    77     65      1
    78     64      1
    79     66      1
    80     13      1
    80    110      1
    81     38      1
    82     49      1
    82     92      1
    83     30      1
    84     30      1
    85     64      1
    86      6      1
    87     64      1
    87    122      1
    88     25      1
    89     24      1
    90     56      1
    91     14      1
    92     82      1
    93     60      1
    93    101      1
    94     40      1
    95     41      1
    96     25      1
    97     25      1
    98     40      1
    99      1      1
   100     26      1
   101     93      1
   101    124      1
   102     62      1
   103     71      1
   104     69      1
   105     39      1
   106     27      1
   107     73      1
   108     16      1
   109     20      1
   109    125      1
   110     80      1
   111      1      1
   112     47      1
   113     40      1
   114     38      1
   114    126      1
   115     52      1
   116     51      1
   117     40      1
   118     48      1
   119     73      1
   120     73      1
   121     75      1
   122     87      1
   123     33      1
   124    101      1
   125    109      1
   126    114      1
   127     32      1
   128     57      1
   129     49      1
