COORD_X_Y 60
  2.89483    2.7159
  2.31487  0.293584
  1.62239   2.46485
  2.96967   0.60786
  1.79706  0.569807
  2.59953   1.77009
  1.32487   2.23117
  1.09918 0.0178198
 0.245534  0.672372
  2.91095    1.2017
  2.63199   1.67991
  1.80229   1.10507
  1.11004   0.77632
 0.882019   1.95732
  2.36835   2.35694
  2.23058   1.46154
 0.108485   1.03652
0.0998714   1.55277
 0.904768   1.33353
  1.52045    1.3064
  1.11347   1.34006
  1.62913  0.202383
  2.48586  0.465008
  1.93409  0.192557
  1.06047   2.06201
   0.4673    2.8922
 0.847466   2.07912
 0.664335   1.99841
 0.468248  0.773296
  2.63585   2.09486
  1.53501   1.83815
 0.486418  0.511673
  2.25978  0.707223
  2.18847   1.09915
 0.825162   1.40385
   1.5638    2.2673
  2.74073  0.129428
 0.016278   1.49828
 0.784153 0.0203813
  2.36713   1.81746
  2.10574  0.353999
   1.1241   1.33013
  2.63142   2.43876
  0.13625   0.22727
 0.746662   2.25356
  1.58098   2.31422
0.0882787   2.63571
  2.86666   2.08233
  2.97784    1.2666
 0.889479   2.05121
 0.330719   2.71612
  2.19604   1.34395
 0.300093  0.705638
  2.34936   2.24622
 0.354468   2.89305
 0.335087   2.19353
  1.41171   1.41487
0.0568581   2.82209
  2.95606  0.854547
  1.48161   2.09479
LINKS_SOURCE_DESTINATION_DISTANCE 118
     0      1      1
     0      3      1
     0     10      1
     0     11      1
     1      0      1
     1      2      1
     1      6      1
     1      7      1
     1     18      1
     1     22      1
     2      1      1
     2     46      1
     2     56      1
     2     57      1
     3      0      1
     3      4      1
     3      8      1
     3     15      1
     3     23      1
     3     59      1
     4      3      1
     4      5      1
     4     16      1
     5      4      1
     6      1      1
     6     28      1
     7      1      1
     7     14      1
     8      3      1
     8      9      1
     8     39      1
     9      8      1
    10      0      1
    10     12      1
    10     19      1
    11      0      1
    11     13      1
    11     35      1
    11     58      1
    12     10      1
    12     17      1
    12     20      1
    12     32      1
    13     11      1
    13     36      1
    14      7      1
    14     34      1
    15      3      1
    15     51      1
    16      4      1
    16     55      1
    17     12      1
    17     21      1
    17     25      1
    18      1      1
    18     30      1
    18     33      1
    18     52      1
    19     10      1
    19     41      1
    20     12      1
    20     38      1
    21     17      1
    22      1      1
    22     24      1
    22     29      1
    23      3      1
    23     26      1
    24     22      1
    25     17      1
    25     27      1
    25     37      1
    26     23      1
    26     44      1
    26     48      1
    27     25      1
    28      6      1
    29     22      1
    29     43      1
    30     18      1
    30     31      1
    31     30      1
    32     12      1
    32     47      1
    33     18      1
    34     14      1
    35     11      1
    35     40      1
    36     13      1
    37     25      1
    38     20      1
    39      8      1
    39     45      1
    39     50      1
    40     35      1
    41     19      1
    41     42      1
    41     49      1
    42     41      1
    43     29      1
    43     53      1
    44     26      1
    45     39      1
    45     54      1
    46      2      1
    47     32      1
    48     26      1
    49     41      1
    50     39      1
    51     15      1
    52     18      1
    53     43      1
    54     45      1
    55     16      1
    56      2      1
    57      2      1
    58     11      1
    59      3      1
