COORD_X_Y 600
  1.83069   2.71873
  1.13512   0.93969
  1.31624  0.738369
  0.39099   1.36693
   2.5558    1.7097
  2.39189   2.78287
  1.13363   1.49598
  1.98753   2.60819
0.00447936  0.857165
 0.625069   1.41423
  1.45058  0.434266
 0.606992   1.52025
0.00807135  0.636257
  2.68754   0.56616
  2.81753  0.148978
  2.39493  0.623284
  2.08408   2.53902
   1.2773   2.65046
  2.10585   2.56946
  1.88592   1.87563
  1.31967   2.29395
  1.93101   2.82839
  2.92224    2.5536
  1.73453  0.716589
  1.65733  0.527759
  2.20885  0.662524
  1.26294 0.0275402
  1.32169   1.04285
  1.41506   1.64858
   1.1969   1.09461
  1.45433   1.43632
   1.8251 0.00747097
  2.40851   2.41707
  2.71344   1.93207
 0.311572   1.12524
  1.86278  0.274627
  1.50487   2.62391
 0.400167   1.82092
  2.36673 0.0433564
 0.410151   2.67426
 0.586057   2.43603
  2.17092  0.275882
 0.327702  0.115753
 0.569199   1.46832
 0.313583   2.77585
  2.81075  0.568246
  1.85401   2.36931
  2.66243   2.08282
  1.13489   1.54799
 0.886952   2.78829
  1.22499  0.405133
 0.294423   1.86826
 0.965673   1.32176
  2.24087    2.9539
 0.501604   1.35904
 0.366764   1.41252
  2.96072   2.80745
  2.78438   2.06232
  2.49978   1.80356
   2.3409   1.40221
  2.31592 0.0829956
  2.61397  0.651679
  1.36009   1.27961
  2.45258  0.228506
  1.65264  0.260973
 0.631701  0.446387
 0.790754  0.925693
  1.92176  0.438237
  1.05187   1.79448
 0.558123   0.78142
  1.45688   2.64507
 0.753158  0.322763
 0.909534   2.84282
 0.907034  0.672721
 0.539146  0.829447
  2.92632   2.69858
  1.78892   2.64404
  1.93922  0.265253
  2.48649  0.305556
 0.783899   2.64544
  1.21206  0.234669
 0.777464  0.816878
   2.5058  0.777513
  2.91401  0.410318
 0.969159 0.0499607
 0.479818   1.30447
  2.22554   2.20595
 0.238349   0.70287
  2.33966  0.569495
  2.84493   2.43373
   2.0327   2.78286
 0.687342   1.64963
  1.24753  0.564879
   1.0148  0.693656
  2.47938  0.249775
  2.75101   2.16814
  1.89018  0.207787
  2.12401   2.08585
  2.85276   2.10341
  2.06188   1.19661
 0.452623   1.03676
  2.63084  0.707763
  1.63002   1.82795
  1.91018    1.4717
  2.73372   2.53548
    2.321 0.0144321
  1.49003  0.713868
 0.870875  0.861312
  1.67196   2.79092
  1.62848   1.41302
 0.456222  0.639535
  1.23706  0.166772
  2.79071   2.82851
  0.32358   2.28548
  1.96078  0.365513
  2.90982   1.15516
 0.124894   2.88458
  1.44476 0.0118795
  2.53856   1.26739
 0.762645   2.74641
  1.13641   0.66507
 0.417862    1.2736
 0.949891    2.2103
  2.86594   1.44149
  1.31154  0.744207
 0.623661   2.65728
   2.4075   2.93785
  1.35883    1.7235
  1.25918   2.95523
  2.33912 0.0556843
  2.86794   2.14872
  2.63145   1.72471
  1.91628   1.69928
  1.22501  0.702164
  2.28123   2.80265
  1.32427    2.1353
 0.914729  0.260488
  2.31936   2.54286
  0.58216  0.921178
  1.28179   2.15659
  2.11481   2.73801
  2.21244  0.972321
  2.08019   1.13373
  1.30113   2.98791
  2.35956  0.469706
 0.564569  0.866212
  1.70415   2.36034
  2.43328  0.184006
 0.372807    1.8879
 0.362186   2.07892
   2.6352  0.846832
 0.481683   1.15218
0.0831382   1.52015
  2.63445   2.79444
  2.17376   2.32454
  2.67171   2.15512
  1.43056  0.629761
  2.90325   1.23511
  2.92133   2.47477
  2.91669   2.24426
 0.248846   1.64753
 0.150778    1.2219
  1.59675   2.93157
  2.05498   1.31297
  1.12972  0.278275
  2.65141  0.571421
  1.59534   2.97576
  1.67315   1.51185
  2.98442    2.8053
 0.601358  0.459736
  2.57363   2.46656
    0.478   1.11414
 0.722249   1.64069
   1.9058    2.9464
  1.25831   1.01317
 0.142166   2.85346
  2.68441  0.261793
  2.68596   1.48387
 0.112836  0.888195
  2.72995   2.19856
  1.39475   2.82585
0.0513666    1.8017
   2.6944  0.241142
  1.33988  0.963161
  2.75337  0.310056
  2.94648   1.69891
  2.74435  0.650154
  1.58944  0.926497
  2.68796   1.28475
   1.5246   1.04901
 0.901307   1.05558
  1.38475  0.265483
  2.24369  0.577442
 0.369464   1.24949
 0.863459   2.58811
  2.74836   0.43709
  2.26696  0.175649
 0.808278   1.01057
   2.5148  0.950776
  1.08489   1.03768
   2.7918   1.51875
  2.89147   1.27508
  1.66789  0.207832
   2.3778   1.85257
  2.36676  0.436324
  1.25287   0.88462
  1.51304   1.66723
0.0516558   2.92651
  1.32003   1.00472
   1.2135   2.96643
  2.14298   1.29764
 0.819187   2.16554
  2.17842   1.36098
  2.04876   0.19897
    1.081   2.15973
 0.571115  0.976107
 0.531495  0.102646
 0.260619   2.62638
  2.24334   1.92439
  2.07422   2.24848
 0.691799  0.683934
 0.855058  0.302369
  1.74911  0.068707
 0.548342  0.211366
  1.02564  0.824832
 0.383092  0.689861
  1.37523  0.688969
  2.70418    2.7021
 0.546903  0.136541
  2.26893  0.338015
  2.90101   2.33826
  2.45154   1.52919
  2.86364   2.76343
  2.80524  0.873172
  1.06754   1.62993
 0.499586    2.1677
 0.718055   2.44845
  1.74315   1.00503
  1.19319   1.09352
  1.89293    1.1219
 0.976734 0.00330716
 0.338623   2.96245
  1.43862   1.17789
 0.924397  0.984694
  1.64982   1.62944
  1.21961   1.03713
  1.97777 0.0575161
  2.75336   1.62727
 0.064743  0.512065
  1.50706  0.809531
  1.06688   2.88388
    1.333  0.633734
  2.30172  0.375794
  2.89765  0.934123
  2.54358   1.74612
  1.17105   2.02702
  1.00398  0.639161
0.0136008   1.45671
  2.43611   2.07177
  2.20917   1.75193
 0.968677   2.03222
  0.54065  0.741753
  2.95799   1.38116
 0.861274   2.36483
  2.94727   1.37629
  2.45269   2.04136
 0.173595  0.657903
 0.818626   2.89366
 0.537558  0.653633
  1.89224  0.162434
  2.88326   2.97926
  1.95178   1.60979
 0.348083   2.85992
  2.81907   2.68956
  2.01441   2.37544
   2.7573  0.620338
  0.19499   2.37307
  1.66936   2.93745
0.0790929   2.29716
  2.26079   2.92992
  2.89302   1.40965
 0.691124   2.70476
  2.44668  0.538566
 0.349296   1.49883
  1.43287   2.63151
   1.4074   1.65485
  1.48566   1.51736
  2.85895   2.35533
  1.23712   2.46406
 0.864189   1.63378
 0.249015  0.514843
 0.331248    1.1426
 0.885579   2.86635
  1.34306   2.77948
  2.47321  0.575181
 0.744121 0.0841266
  2.69549   1.90949
  1.71701   2.87055
  2.71561  0.564334
 0.399068   1.81098
  1.48104  0.577628
  1.19853  0.652826
 0.653943    2.0039
  2.15852  0.379308
  2.63621   1.41369
  2.83207  0.319242
  2.66963   1.59455
 0.590505   2.35335
  2.08287   2.89564
  1.28808   2.95314
  1.77648   2.34009
  1.04506   2.78901
0.00819537   2.03449
 0.486945   2.38795
 0.237308  0.225278
 0.388027   1.89936
 0.509602   2.75229
  2.34347   1.73971
  1.66247 0.0549366
  1.79919  0.388801
  2.04665   1.64765
  1.77702   1.69017
  1.01809   2.84214
  2.49407  0.877014
   2.5365   2.80136
  1.33474    1.9999
  2.62086   2.70474
 0.898786   2.22743
  1.51684   1.47902
 0.910677   2.30819
  2.08464   1.33489
  1.89183  0.582386
 0.841216   1.30829
   2.9248   1.17317
  2.36304  0.965704
  1.97146  0.207255
 0.068212  0.782157
  2.85547  0.907661
  1.24068   1.51883
  2.45446  0.560836
 0.484954   1.47163
  1.17732   2.95542
 0.522725   2.80218
  2.11425  0.982486
  2.69572  0.161356
 0.854988  0.491302
  2.31157  0.228173
  1.11134   1.06171
 0.658135   2.00605
  0.17815   1.37582
  1.88259   1.19506
  1.18743   2.17931
  1.94219   2.43434
  2.40968   2.89284
 0.935765  0.487285
  2.91002    1.6434
  2.08233   2.40362
  1.61091   2.96136
  2.95743   0.49035
  2.33397   2.02801
  1.01033 0.0733405
 0.387981  0.141267
   1.0872   2.37085
 0.177545   1.56539
  2.66369  0.520365
  2.74843   2.76811
  2.63815   2.85072
 0.928122  0.248277
 0.341074  0.358463
   1.2878    2.0528
  2.12828   1.37223
 0.437897   2.56571
  1.90662  0.376196
   2.5678   2.36091
  2.40277   1.17806
0.0903666  0.269342
 0.747951    2.1605
 0.127535  0.410756
 0.636951   2.56164
   2.7206   2.17644
 0.213423  0.282263
  2.69694   2.98716
  1.85481    1.4306
  0.59155   2.37662
  1.32775   2.37525
  2.75042    1.7111
  2.56899   2.46221
  1.40009    2.9168
 0.191284   1.39474
  2.84224   1.98793
 0.547113   2.64223
  1.11848  0.478164
  2.55597    1.9015
 0.639428  0.693747
 0.885346   2.49801
  1.79461  0.898959
  1.61388   2.87412
  2.67559   1.15318
 0.280588   1.36137
  1.81426   2.84529
  2.69295   1.67661
  1.35939    1.5408
  1.52631   1.53018
 0.453627   2.30682
 0.722836   2.52363
    1.043  0.621132
 0.472218   1.72265
  2.82203    1.6567
  2.31473  0.847356
  1.70366   2.91887
  2.42697    2.5509
 0.878188    2.9481
  1.03867   2.99945
 0.148546   2.40526
  2.60308   2.90724
  2.69584   2.94009
  1.89725    2.6847
   1.1756  0.830886
0.0526117   1.48316
 0.239515  0.531823
    2.903  0.359854
  1.15186   2.67231
  1.89302   0.18005
  2.14349   1.59943
  2.90759   2.64165
   1.8877   2.68576
  1.85433   1.87111
  1.60018   1.37203
 0.934206   2.55473
  1.49699     1.841
  2.80659   2.97886
  2.14119  0.990823
  2.86243  0.131969
  2.10501  0.690439
 0.986648  0.053179
  0.96448 0.0900162
 0.157083  0.984748
  1.87178 0.0440748
 0.846799   2.62845
  1.60124   2.03677
  0.25175  0.213797
  1.98647    1.3161
 0.465785   2.55995
  2.79448   1.32895
 0.294709   1.60564
 0.139447  0.844863
  2.67265  0.974237
  2.09259  0.737557
  1.17975  0.701104
 0.855591   1.13933
  2.38649   2.75164
  1.34924   1.13254
  2.39429  0.810438
  1.38789   1.51998
  1.12862   2.33443
  2.50523  0.565548
  2.02335   2.85118
  2.28386  0.200311
  1.68978   1.85132
  2.03254   1.68297
  2.72203  0.960566
  1.14871   2.17047
  2.97477   1.49853
   2.5769  0.164964
 0.330729   1.47918
  1.00666  0.284932
 0.631439  0.735459
   1.1201   2.09081
  2.91183   2.95206
  1.53193   1.33786
 0.627438   1.98669
  2.90046   2.80458
 0.167797   2.84578
 0.963241  0.870891
  2.26696   1.25866
  1.02478   2.22919
  2.40085   0.99714
  1.30379   2.43947
  2.17138  0.135561
  2.57781  0.303034
 0.223891  0.920055
  1.27952   1.78181
   2.3973  0.933537
 0.389945  0.358677
  1.34399  0.723568
  2.69081     2.579
  1.58919   1.93404
   2.6547    2.9126
 0.385882   2.06572
 0.623599   1.21188
 0.888007   1.44297
 0.308149   2.06875
  2.15746   1.29991
  1.95535   1.71047
  1.59347   1.71153
 0.881578  0.126755
  2.45678   1.93286
0.0400089  0.101275
  1.29016  0.205968
 0.345887   1.25045
  1.06703   2.35162
 0.429262  0.566912
   2.7066  0.270897
  2.90257   1.85564
  2.59013   2.43974
  1.93325  0.558153
0.0852532  0.821727
  1.03883   1.93449
  1.62253   2.12824
  2.34821   1.07452
 0.973592   1.64299
  1.74307   2.23552
  2.28713   1.96333
  2.21627   2.44379
  2.28561   2.73266
 0.337694  0.430302
  2.95326 0.0120119
  2.25368   1.35627
  1.43195  0.103442
 0.497888   1.50822
  1.01422    1.0054
  1.99304     2.532
  2.71471   1.60309
  1.93181   1.01263
 0.591929   2.18654
  1.11117   2.07289
  1.54208   1.71814
  2.51529   1.82498
  2.69791      2.76
  1.27957    1.9696
  1.55666 0.0466942
  1.60608  0.373546
  2.08397   1.04362
   1.1029   2.73826
  1.29284  0.684941
  1.68277   2.33765
 0.340304 0.0716334
  2.38964   2.61416
 0.613925   1.43478
 0.720182  0.418019
  2.36841   1.99929
 0.578156  0.116287
  2.19396   1.67914
  2.31115    2.2574
  1.11443  0.271333
  0.37027  0.450377
  1.54635    1.2042
  1.69348 0.0706825
  1.08386    1.5332
 0.807518  0.533021
  2.45071    1.8782
 0.228947  0.413318
  2.46463   1.84745
  2.57015    2.8191
 0.182983  0.383036
  2.64552   2.93835
  2.52369   1.39141
  1.12102  0.332678
 0.136591    2.3336
  1.34647   2.70892
  1.43157   2.64601
   2.8542   2.11821
  2.48841   2.91364
 0.954967  0.863324
  2.32353   1.80986
 0.179166 0.0162876
  2.35341    1.6813
0.0968004   2.51098
 0.946577   2.53008
   2.6221   1.83795
  1.14954   2.24444
 0.603575   2.58316
   2.3625   1.37165
  1.53555  0.857426
  1.73783   1.58884
  1.92893  0.362994
  2.25682   1.67628
  2.54136   2.98943
  1.26582  0.795407
  1.34164    1.7965
 0.771584   1.24581
   2.5561    2.1961
  1.64196  0.128551
  2.88477    1.4464
 0.384616   2.02051
  1.63691   1.61688
  1.24381   1.77213
  1.79085   1.28959
 0.736785   1.86958
  2.63864  0.586804
  2.85062  0.851485
 0.206899   2.87699
  2.42057  0.517494
  2.90744   1.96022
  2.54666    1.7367
 0.300981   1.89995
   2.5617  0.330647
   1.8352   2.48093
   2.6328   1.42122
   2.6303  0.431218
LINKS_SOURCE_DESTINATION_DISTANCE 1198
     0      1      1
     0      2      1
     0      6      1
     0    480      1
     1      0      1
     1      3      1
     1     16      1
     1    118      1
     1    278      1
     2      0      1
     2      4      1
     2     57      1
     2     60      1
     3      1      1
     3     18      1
     3     33      1
     3     42      1
     3     44      1
     3     48      1
     3    117      1
     3    134      1
     3    251      1
     3    412      1
     4      2      1
     4      5      1
     5      4      1
     5      9      1
     5     10      1
     5     21      1
     5     75      1
     6      0      1
     6      7      1
     6      8      1
     6     27      1
     6     99      1
     6    104      1
     6    457      1
     7      6      1
     7     11      1
     7     13      1
     7     39      1
     7     65      1
     7    164      1
     7    343      1
     8      6      1
     8     12      1
     8     20      1
     8     31      1
     8     59      1
     8     61      1
     8    231      1
     9      5      1
     9     14      1
     9     15      1
     9     30      1
     9    174      1
     9    207      1
     9    280      1
    10      5      1
    10     26      1
    10     84      1
    11      7      1
    11     32      1
    11     90      1
    12      8      1
    12    146      1
    12    162      1
    12    594      1
    13      7      1
    13     19      1
    13     22      1
    13     45      1
    13     64      1
    13    378      1
    13    586      1
    14      9      1
    14     36      1
    14    160      1
    14    171      1
    14    295      1
    14    420      1
    15      9      1
    15     17      1
    15     81      1
    15    514      1
    16      1      1
    16    436      1
    17     15      1
    17     29      1
    17     69      1
    18      3      1
    18     40      1
    18     54      1
    18    224      1
    18    511      1
    19     13      1
    19     25      1
    19     78      1
    19    103      1
    19    122      1
    19    424      1
    19    497      1
    20      8      1
    20    208      1
    20    491      1
    21      5      1
    21     23      1
    21    189      1
    21    213      1
    21    333      1
    22     13      1
    22     35      1
    22    155      1
    22    524      1
    23     21      1
    23     24      1
    23     41      1
    23    187      1
    24     23      1
    24     86      1
    24     94      1
    25     19      1
    25     28      1
    25     56      1
    25     83      1
    25    135      1
    25    197      1
    25    363      1
    25    448      1
    26     10      1
    26     47      1
    26     49      1
    26     72      1
    26    461      1
    26    582      1
    27      6      1
    27     38      1
    27     53      1
    27    209      1
    27    247      1
    28     25      1
    28     37      1
    28    423      1
    29     17      1
    29     52      1
    30      9      1
    30    125      1
    31      8      1
    31     43      1
    31     62      1
    31     71      1
    31     85      1
    31    237      1
    32     11      1
    32     34      1
    32    116      1
    32    148      1
    32    297      1
    33      3      1
    33     98      1
    33    246      1
    33    427      1
    34     32      1
    34     74      1
    34     77      1
    34    309      1
    35     22      1
    35     95      1
    35    190      1
    36     14      1
    36    476      1
    37     28      1
    37    475      1
    37    532      1
    38     27      1
    38     82      1
    38    175      1
    38    178      1
    38    534      1
    39      7      1
    40     18      1
    40     46      1
    40    113      1
    40    292      1
    41     23      1
    41    286      1
    42      3      1
    42     55      1
    42    111      1
    42    284      1
    43     31      1
    43    133      1
    43    575      1
    44      3      1
    44     50      1
    44    222      1
    45     13      1
    46     40      1
    46     66      1
    46     67      1
    46    269      1
    46    510      1
    47     26      1
    47    318      1
    48      3      1
    48    223      1
    48    380      1
    48    433      1
    48    441      1
    49     26      1
    49    210      1
    50     44      1
    50     51      1
    50     58      1
    50     70      1
    50    110      1
    50    313      1
    50    502      1
    50    563      1
    51     50      1
    51    265      1
    52     29      1
    52    129      1
    52    419      1
    53     27      1
    53    109      1
    53    130      1
    53    139      1
    53    181      1
    54     18      1
    54    102      1
    54    121      1
    54    327      1
    55     42      1
    55    179      1
    55    536      1
    56     25      1
    56     89      1
    57      2      1
    57     79      1
    57     93      1
    57    108      1
    58     50      1
    58    137      1
    58    225      1
    58    266      1
    59      8      1
    59     63      1
    59     73      1
    59    173      1
    60      2      1
    60    389      1
    61      8      1
    61    106      1
    61    144      1
    62     31      1
    62     68      1
    62     80      1
    63     59      1
    63     97      1
    63    105      1
    64     13      1
    64    119      1
    65      7      1
    66     46      1
    66    283      1
    66    341      1
    67     46      1
    68     62      1
    68    401      1
    69     17      1
    69    145      1
    69    158      1
    69    176      1
    70     50      1
    70     91      1
    70    400      1
    71     31      1
    71     76      1
    71    296      1
    71    464      1
    72     26      1
    72     92      1
    72    112      1
    72    545      1
    73     59      1
    74     34      1
    75      5      1
    75    315      1
    76     71      1
    76     87      1
    76    201      1
    77     34      1
    77    399      1
    77    478      1
    77    498      1
    78     19      1
    78    241      1
    78    282      1
    78    331      1
    78    525      1
    78    585      1
    79     57      1
    79    301      1
    79    570      1
    80     62      1
    80    168      1
    80    249      1
    80    260      1
    80    437      1
    80    549      1
    81     15      1
    81    100      1
    81    199      1
    81    245      1
    81    359      1
    81    542      1
    82     38      1
    82     96      1
    82    124      1
    83     25      1
    83    198      1
    83    243      1
    83    453      1
    83    474      1
    84     10      1
    84     88      1
    84    150      1
    84    206      1
    85     31      1
    85    495      1
    86     24      1
    86    576      1
    87     76      1
    87    439      1
    88     84      1
    88    235      1
    88    426      1
    89     56      1
    89    107      1
    90     11      1
    90    212      1
    90    593      1
    91     70      1
    91    138      1
    91    214      1
    91    218      1
    92     72      1
    92    132      1
    92    258      1
    93     57      1
    94     24      1
    94    192      1
    95     35      1
    96     82      1
    96    159      1
    96    447      1
    97     63      1
    97    275      1
    98     33      1
    98    101      1
    98    165      1
    98    268      1
    98    356      1
    98    470      1
    98    485      1
    99      6      1
    99    182      1
    99    564      1
   100     81      1
   100    136      1
   100    311      1
   101     98      1
   101    115      1
   101    131      1
   101    488      1
   102     54      1
   102    255      1
   102    271      1
   103     19      1
   103    128      1
   103    336      1
   104      6      1
   104    120      1
   104    325      1
   104    358      1
   105     63      1
   105    219      1
   105    395      1
   106     61      1
   107     89      1
   107    140      1
   108     57      1
   109     53      1
   109    127      1
   109    300      1
   109    310      1
   109    505      1
   110     50      1
   110    550      1
   111     42      1
   111    342      1
   111    347      1
   111    506      1
   112     72      1
   112    123      1
   113     40      1
   113    114      1
   113    156      1
   113    188      1
   113    195      1
   113    229      1
   114    113      1
   114    335      1
   115    101      1
   115    314      1
   115    339      1
   115    367      1
   115    597      1
   116     32      1
   116    126      1
   116    365      1
   116    442      1
   116    459      1
   117      3      1
   117    184      1
   117    337      1
   118      1      1
   118    361      1
   118    418      1
   119     64      1
   119    279      1
   120    104      1
   120    142      1
   120    149      1
   120    180      1
   121     54      1
   121    153      1
   122     19      1
   122    270      1
   122    308      1
   122    567      1
   123    112      1
   124     82      1
   124    141      1
   124    407      1
   124    430      1
   124    522      1
   124    569      1
   125     30      1
   125    200      1
   125    228      1
   125    317      1
   126    116      1
   126    547      1
   127    109      1
   128    103      1
   128    276      1
   128    504      1
   129     52      1
   129    455      1
   129    501      1
   130     53      1
   130    211      1
   131    101      1
   132     92      1
   133     43      1
   133    484      1
   134      3      1
   134    387      1
   135     25      1
   135    151      1
   135    167      1
   135    259      1
   136    100      1
   136    177      1
   136    264      1
   137     58      1
   138     91      1
   138    152      1
   138    161      1
   138    169      1
   138    185      1
   138    432      1
   139     53      1
   140    107      1
   140    242      1
   141    124      1
   142    120      1
   142    143      1
   142    414      1
   143    142      1
   143    154      1
   143    277      1
   144     61      1
   144    170      1
   145     69      1
   145    306      1
   146     12      1
   146    147      1
   146    226      1
   146    234      1
   146    465      1
   147    146      1
   148     32      1
   148    253      1
   149    120      1
   150     84      1
   150    390      1
   150    467      1
   150    500      1
   150    531      1
   151    135      1
   151    172      1
   151    344      1
   152    138      1
   152    334      1
   152    595      1
   153    121      1
   153    186      1
   153    348      1
   153    364      1
   154    143      1
   154    157      1
   155     22      1
   156    113      1
   156    293      1
   157    154      1
   157    163      1
   157    324      1
   158     69      1
   158    321      1
   158    462      1
   158    592      1
   159     96      1
   159    345      1
   159    469      1
   160     14      1
   160    183      1
   160    385      1
   161    138      1
   161    216      1
   161    289      1
   162     12      1
   163    157      1
   163    340      1
   164      7      1
   164    166      1
   164    196      1
   164    445      1
   165     98      1
   166    164      1
   166    202      1
   167    135      1
   167    449      1
   168     80      1
   168    203      1
   168    217      1
   168    377      1
   169    138      1
   169    304      1
   170    144      1
   170    319      1
   171     14      1
   171    354      1
   172    151      1
   173     59      1
   173    326      1
   173    472      1
   173    519      1
   174      9      1
   174    239      1
   175     38      1
   175    256      1
   175    409      1
   175    517      1
   176     69      1
   176    191      1
   176    381      1
   177    136      1
   177    193      1
   177    316      1
   177    386      1
   178     38      1
   179     55      1
   180    120      1
   180    281      1
   181     53      1
   182     99      1
   183    160      1
   183    194      1
   183    204      1
   184    117      1
   185    138      1
   185    299      1
   186    153      1
   187     23      1
   187    215      1
   187    290      1
   188    113      1
   189     21      1
   189    568      1
   190     35      1
   190    233      1
   191    176      1
   191    220      1
   192     94      1
   193    177      1
   194    183      1
   195    113      1
   196    164      1
   196    369      1
   196    588      1
   197     25      1
   197    240      1
   197    410      1
   198     83      1
   198    205      1
   198    392      1
   199     81      1
   199    372      1
   200    125      1
   201     76      1
   201    221      1
   202    166      1
   202    425      1
   203    168      1
   203    263      1
   204    183      1
   205    198      1
   205    248      1
   205    382      1
   206     84      1
   206    346      1
   206    352      1
   207      9      1
   207    230      1
   207    273      1
   208     20      1
   208    294      1
   209     27      1
   210     49      1
   211    130      1
   211    530      1
   212     90      1
   212    254      1
   212    272      1
   213     21      1
   213    250      1
   213    509      1
   214     91      1
   215    187      1
   215    541      1
   216    161      1
   216    402      1
   216    460      1
   217    168      1
   217    227      1
   217    329      1
   218     91      1
   218    287      1
   219    105      1
   219    322      1
   219    429      1
   220    191      1
   221    201      1
   221    291      1
   221    393      1
   221    552      1
   222     44      1
   223     48      1
   223    232      1
   224     18      1
   224    388      1
   225     58      1
   226    146      1
   226    238      1
   226    351      1
   227    217      1
   228    125      1
   229    113      1
   229    353      1
   230    207      1
   230    236      1
   230    320      1
   231      8      1
   231    257      1
   232    223      1
   232    403      1
   233    190      1
   233    252      1
   233    396      1
   234    146      1
   235     88      1
   236    230      1
   236    544      1
   236    580      1
   237     31      1
   238    226      1
   238    244      1
   239    174      1
   239    305      1
   239    323      1
   239    397      1
   240    197      1
   240    417      1
   241     78      1
   241    479      1
   242    140      1
   242    267      1
   242    556      1
   243     83      1
   243    288      1
   243    494      1
   244    238      1
   245     81      1
   245    261      1
   245    307      1
   245    413      1
   245    540      1
   246     33      1
   247     27      1
   247    444      1
   248    205      1
   249     80      1
   249    274      1
   249    338      1
   249    421      1
   250    213      1
   250    262      1
   250    330      1
   250    521      1
   251      3      1
   252    233      1
   252    332      1
   253    148      1
   254    212      1
   254    471      1
   255    102      1
   255    435      1
   256    175      1
   256    357      1
   257    231      1
   257    596      1
   258     92      1
   258    503      1
   259    135      1
   260     80      1
   260    487      1
   261    245      1
   261    302      1
   261    466      1
   262    250      1
   263    203      1
   263    303      1
   264    136      1
   264    298      1
   264    587      1
   265     51      1
   266     58      1
   266    362      1
   266    371      1
   267    242      1
   268     98      1
   269     46      1
   269    285      1
   270    122      1
   271    102      1
   271    355      1
   272    212      1
   273    207      1
   274    249      1
   275     97      1
   276    128      1
   276    366      1
   276    577      1
   277    143      1
   277    379      1
   277    558      1
   278      1      1
   279    119      1
   279    456      1
   279    489      1
   280      9      1
   280    463      1
   280    538      1
   281    180      1
   281    574      1
   282     78      1
   283     66      1
   283    446      1
   284     42      1
   284    512      1
   284    546      1
   285    269      1
   285    350      1
   286     41      1
   286    468      1
   286    573      1
   287    218      1
   288    243      1
   288    408      1
   289    161      1
   290    187      1
   290    529      1
   291    221      1
   292     40      1
   293    156      1
   294    208      1
   295     14      1
   296     71      1
   296    411      1
   296    516      1
   297     32      1
   297    404      1
   298    264      1
   299    185      1
   300    109      1
   301     79      1
   301    450      1
   302    261      1
   302    328      1
   302    416      1
   303    263      1
   304    169      1
   305    239      1
   306    145      1
   307    245      1
   308    122      1
   309     34      1
   309    438      1
   309    440      1
   310    109      1
   310    312      1
   310    579      1
   311    100      1
   311    383      1
   311    490      1
   312    310      1
   312    451      1
   313     50      1
   314    115      1
   314    375      1
   314    508      1
   315     75      1
   316    177      1
   316    431      1
   316    520      1
   317    125      1
   318     47      1
   319    170      1
   319    589      1
   320    230      1
   321    158      1
   322    219      1
   322    454      1
   322    566      1
   323    239      1
   324    157      1
   325    104      1
   326    173      1
   326    422      1
   326    584      1
   327     54      1
   328    302      1
   328    434      1
   329    217      1
   330    250      1
   331     78      1
   332    252      1
   333     21      1
   334    152      1
   334    562      1
   335    114      1
   336    103      1
   336    373      1
   336    384      1
   337    117      1
   338    249      1
   339    115      1
   340    163      1
   340    360      1
   340    370      1
   341     66      1
   341    572      1
   342    111      1
   343      7      1
   343    548      1
   344    151      1
   344    543      1
   345    159      1
   346    206      1
   346    349      1
   347    111      1
   348    153      1
   349    346      1
   350    285      1
   351    226      1
   352    206      1
   352    368      1
   353    229      1
   353    376      1
   354    171      1
   355    271      1
   356     98      1
   356    513      1
   357    256      1
   358    104      1
   358    391      1
   359     81      1
   360    340      1
   361    118      1
   362    266      1
   362    374      1
   362    581      1
   363     25      1
   364    153      1
   364    405      1
   364    507      1
   365    116      1
   366    276      1
   367    115      1
   368    352      1
   368    394      1
   368    561      1
   369    196      1
   369    415      1
   370    340      1
   370    527      1
   371    266      1
   371    578      1
   372    199      1
   372    535      1
   373    336      1
   374    362      1
   374    598      1
   375    314      1
   376    353      1
   377    168      1
   378     13      1
   379    277      1
   380     48      1
   380    477      1
   381    176      1
   381    528      1
   382    205      1
   383    311      1
   384    336      1
   384    406      1
   385    160      1
   386    177      1
   387    134      1
   388    224      1
   389     60      1
   390    150      1
   391    358      1
   392    198      1
   393    221      1
   394    368      1
   394    398      1
   395    105      1
   396    233      1
   397    239      1
   398    394      1
   399     77      1
   400     70      1
   401     68      1
   402    216      1
   402    428      1
   403    232      1
   404    297      1
   405    364      1
   406    384      1
   406    551      1
   407    124      1
   407    473      1
   408    288      1
   409    175      1
   409    518      1
   410    197      1
   411    296      1
   412      3      1
   413    245      1
   413    523      1
   414    142      1
   415    369      1
   416    302      1
   417    240      1
   417    590      1
   418    118      1
   419     52      1
   420     14      1
   421    249      1
   422    326      1
   422    493      1
   423     28      1
   424     19      1
   425    202      1
   426     88      1
   427     33      1
   428    402      1
   429    219      1
   429    554      1
   430    124      1
   430    443      1
   431    316      1
   432    138      1
   432    452      1
   433     48      1
   433    481      1
   434    328      1
   435    255      1
   436     16      1
   436    583      1
   437     80      1
   437    537      1
   438    309      1
   439     87      1
   440    309      1
   441     48      1
   442    116      1
   442    515      1
   443    430      1
   443    557      1
   444    247      1
   444    458      1
   445    164      1
   446    283      1
   447     96      1
   447    496      1
   447    560      1
   448     25      1
   449    167      1
   449    559      1
   450    301      1
   450    499      1
   450    539      1
   451    312      1
   452    432      1
   453     83      1
   454    322      1
   455    129      1
   456    279      1
   456    486      1
   457      6      1
   458    444      1
   459    116      1
   460    216      1
   461     26      1
   462    158      1
   463    280      1
   463    492      1
   464     71      1
   465    146      1
   466    261      1
   467    150      1
   467    482      1
   468    286      1
   469    159      1
   470     98      1
   471    254      1
   472    173      1
   473    407      1
   474     83      1
   475     37      1
   476     36      1
   476    483      1
   477    380      1
   478     77      1
   479    241      1
   480      0      1
   480    555      1
   481    433      1
   482    467      1
   483    476      1
   484    133      1
   485     98      1
   486    456      1
   487    260      1
   488    101      1
   489    279      1
   490    311      1
   491     20      1
   492    463      1
   493    422      1
   493    553      1
   494    243      1
   495     85      1
   496    447      1
   497     19      1
   498     77      1
   499    450      1
   500    150      1
   501    129      1
   502     50      1
   503    258      1
   504    128      1
   505    109      1
   506    111      1
   507    364      1
   507    526      1
   508    314      1
   509    213      1
   510     46      1
   511     18      1
   512    284      1
   513    356      1
   513    533      1
   514     15      1
   515    442      1
   516    296      1
   517    175      1
   518    409      1
   519    173      1
   520    316      1
   521    250      1
   522    124      1
   523    413      1
   524     22      1
   524    591      1
   525     78      1
   526    507      1
   527    370      1
   528    381      1
   529    290      1
   530    211      1
   530    565      1
   531    150      1
   532     37      1
   533    513      1
   534     38      1
   535    372      1
   536     55      1
   537    437      1
   538    280      1
   539    450      1
   540    245      1
   541    215      1
   541    599      1
   542     81      1
   543    344      1
   544    236      1
   545     72      1
   546    284      1
   547    126      1
   548    343      1
   549     80      1
   549    571      1
   550    110      1
   551    406      1
   552    221      1
   553    493      1
   554    429      1
   555    480      1
   556    242      1
   557    443      1
   558    277      1
   559    449      1
   560    447      1
   561    368      1
   562    334      1
   563     50      1
   564     99      1
   565    530      1
   566    322      1
   567    122      1
   568    189      1
   569    124      1
   570     79      1
   571    549      1
   572    341      1
   573    286      1
   574    281      1
   575     43      1
   576     86      1
   577    276      1
   578    371      1
   579    310      1
   580    236      1
   581    362      1
   582     26      1
   583    436      1
   584    326      1
   585     78      1
   586     13      1
   587    264      1
   588    196      1
   589    319      1
   590    417      1
   591    524      1
   592    158      1
   593     90      1
   594     12      1
   595    152      1
   596    257      1
   597    115      1
   598    374      1
   599    541      1
