COORD_X_Y 65
  0.51677   1.08574
  1.08957  0.446941
  2.34209  0.640294
  2.09834  0.729577
 0.411714  0.760806
  2.45891   1.23271
  1.72342  0.271949
  2.46416  0.305325
 0.970795   1.70999
 0.224277  0.118205
  1.07567  0.714352
  1.58511  0.430946
 0.495977   1.09327
  1.84474   2.00598
 0.516026   1.63537
  2.98922   2.96111
  2.33176 0.0203866
 0.828021  0.122411
  2.89709    1.0777
 0.280692  0.479024
 0.700402  0.731559
 0.898275    1.1133
 0.015475   1.39448
 0.689367   2.96472
  2.02669   1.57717
 0.123694    2.7584
  1.53635   2.50299
  2.34475  0.593705
  1.55431    0.5903
  1.06281   1.86688
 0.452273 0.0829793
  1.61696   2.16277
   1.0328   1.49836
  1.43952  0.177277
  1.09286  0.792905
  2.66227   1.48277
  2.71187  0.669157
  1.77668  0.852962
  2.79741   1.37059
 0.983637 0.0580176
   2.2733  0.172927
  2.81314   1.68869
0.0304665   1.34362
  1.86821  0.909314
  1.89947   2.35476
  2.11451  0.905092
  1.14366  0.326288
  0.80904  0.143737
  2.94068  0.795161
  2.66687  0.659816
  1.96545   2.39007
  2.82983  0.413732
 0.877858   2.40544
  1.97622   2.90429
 0.586211   2.24718
 0.614881   0.47759
 0.707584   1.30938
   1.7566 0.0717871
  2.97263    2.5557
  2.76125   1.53175
  1.73792  0.631473
  2.24772  0.834021
  2.76634  0.229177
 0.472123   2.93678
  2.97952   1.55416
LINKS_SOURCE_DESTINATION_DISTANCE 128
     0      1      1
     0      2      1
     0      3      1
     0      5      1
     1      0      1
     1      4      1
     1      9      1
     1     32      1
     1     46      1
     1     64      1
     2      0      1
     2      7      1
     2      8      1
     2     12      1
     2     16      1
     3      0      1
     4      1      1
     4     11      1
     4     17      1
     4     61      1
     5      0      1
     5      6      1
     5     40      1
     6      5      1
     6     14      1
     6     31      1
     7      2      1
     8      2      1
     8     10      1
     8     21      1
     8     29      1
     8     33      1
     9      1      1
     9     15      1
     9     19      1
     9     28      1
     9     45      1
    10      8      1
    11      4      1
    11     20      1
    11     24      1
    11     27      1
    11     42      1
    12      2      1
    12     13      1
    12     18      1
    12     43      1
    13     12      1
    13     25      1
    13     36      1
    13     41      1
    13     44      1
    14      6      1
    14     38      1
    14     52      1
    15      9      1
    16      2      1
    17      4      1
    17     48      1
    18     12      1
    18     30      1
    18     34      1
    18     35      1
    19      9      1
    19     26      1
    19     37      1
    20     11      1
    20     22      1
    20     23      1
    20     39      1
    21      8      1
    22     20      1
    22     58      1
    23     20      1
    23     55      1
    24     11      1
    25     13      1
    26     19      1
    27     11      1
    28      9      1
    29      8      1
    30     18      1
    31      6      1
    32      1      1
    32     50      1
    33      8      1
    34     18      1
    35     18      1
    35     60      1
    36     13      1
    37     19      1
    37     53      1
    38     14      1
    39     20      1
    39     57      1
    40      5      1
    41     13      1
    41     47      1
    42     11      1
    42     63      1
    43     12      1
    43     54      1
    44     13      1
    44     51      1
    45      9      1
    46      1      1
    47     41      1
    47     49      1
    48     17      1
    49     47      1
    50     32      1
    51     44      1
    52     14      1
    53     37      1
    53     56      1
    53     59      1
    53     62      1
    54     43      1
    55     23      1
    56     53      1
    57     39      1
    58     22      1
    59     53      1
    60     35      1
    61      4      1
    62     53      1
    63     42      1
    64      1      1
