COORD_X_Y 120
  2.96112    1.8335
  0.37143  0.555641
  1.44324  0.597356
  1.52225   1.19817
  2.99766  0.652742
  2.83031  0.252201
  1.09325   2.01722
  2.59347   1.30068
 0.192398   0.66313
 0.379137   1.44704
  1.91251   1.61204
   2.9266   2.66168
  1.92088   2.31832
  1.87914   2.98585
  1.12628   2.06134
  1.46135   2.27434
  1.49619   2.21758
  2.15624   1.69771
  2.70901   2.50351
  2.11995   2.55988
  2.47962  0.792027
 0.448718  0.331152
  2.78094   2.29475
  1.75451  0.896034
  2.50657   2.12603
  1.77823   1.73157
 0.133485   1.12286
 0.400276   1.29427
 0.560933   0.23866
  2.86417   2.58465
 0.962303  0.887399
 0.448504  0.967509
  1.89704  0.617886
  2.91728   2.16251
 0.584534  0.304206
 0.968101   1.86471
  2.68478   2.53869
 0.673181  0.194063
  2.00275   2.35229
  2.86489   1.40632
  2.41334    1.4372
  1.37366   2.38139
 0.885075   2.94301
 0.284077   2.38221
 0.911086   1.51781
0.0442352   1.21975
  1.79333  0.498231
 0.891845   2.42016
  1.92876  0.635814
  1.45707   2.26062
  1.70281   2.19533
  1.01135   1.95574
  1.49843    1.5067
  2.18541   1.58965
 0.298495  0.636971
 0.992434   2.49553
 0.914499  0.223623
 0.148549   2.71372
  2.68788  0.838237
 0.486583   1.62166
 0.267518   1.52768
  1.85481   2.43168
  2.20521  0.343649
  1.12578   2.11884
 0.970521  0.411853
  1.82671   2.97043
  2.03462  0.213817
  2.60264  0.506222
 0.963842  0.323085
  1.15124  0.971965
  2.82341    2.5541
  1.15479  0.989468
0.0154034  0.244384
 0.526896   2.35671
  1.02347   1.08272
    2.406   2.49626
 0.622852    1.1885
 0.574106  0.130541
 0.476078  0.346702
 0.357575   1.75618
  1.73749   2.21509
 0.215378   1.82591
  2.14232  0.864957
  1.49758   1.91817
 0.180564   1.89452
 0.267128   2.15218
   2.7097  0.374076
  1.83506   1.44025
  1.13083  0.836935
  1.22714   1.58506
 0.571473   2.91779
  2.81123  0.189482
  1.94262   1.74647
  1.10906   1.95295
  2.39754   2.88603
 0.457285  0.805139
  0.98163   1.93432
 0.304915  0.578237
  2.96939   2.94544
  1.33197   2.77242
 0.218923  0.484333
  2.41753   1.14675
  1.76431   2.04766
  2.35907   1.80971
  1.49487   2.54947
 0.263401   1.67617
  2.62373   1.01341
  2.75653  0.230296
  2.30471  0.303443
  1.15191  0.537306
 0.482973   1.13781
 0.437763   1.18274
  1.69154   2.73242
  1.85992   2.18773
  2.03021   1.43936
 0.986964  0.762199
  2.38428 0.0139087
 0.515833   2.45241
 0.136179   2.84085
  1.53773   2.50658
LINKS_SOURCE_DESTINATION_DISTANCE 238
     0      1      1
     0      2      1
     0      4      1
     0      6      1
     0      8      1
     0     14      1
     0     19      1
     0     47      1
     0     71      1
     1      0      1
     1      7      1
     1     11      1
     1     49      1
     2      0      1
     2      3      1
     2      5      1
     3      2      1
     3     18      1
     3     50      1
     3     56      1
     4      0      1
     4     10      1
     4     22      1
     5      2      1
     5      9      1
     5     37      1
     5     43      1
     5     79      1
     5    118      1
     6      0      1
     6     23      1
     7      1      1
     7     31      1
     7     88      1
     8      0      1
     8     12      1
     8     17      1
     8     20      1
     8     26      1
     8    113      1
     9      5      1
     9     38      1
    10      4      1
    10     13      1
    10     44      1
    10     53      1
    10     75      1
    11      1      1
    11     30      1
    12      8      1
    12     73      1
    13     10      1
    13     16      1
    14      0      1
    14     15      1
    14     24      1
    14     58      1
    14     61      1
    15     14      1
    15     27      1
    15     29      1
    16     13      1
    16     28      1
    16     33      1
    16     42      1
    17      8      1
    18      3      1
    18     57      1
    19      0      1
    19     21      1
    19     40      1
    20      8      1
    20     36      1
    20     45      1
    21     19      1
    21     25      1
    22      4      1
    23      6      1
    23     54      1
    24     14      1
    24     62      1
    25     21      1
    25     32      1
    25     86      1
    26      8      1
    26    116      1
    27     15      1
    27     41      1
    27     48      1
    28     16      1
    29     15      1
    29     34      1
    30     11      1
    30     46      1
    30     60      1
    30     64      1
    31      7      1
    32     25      1
    33     16      1
    33    100      1
    34     29      1
    34     35      1
    34     39      1
    34     83      1
    34     85      1
    34     97      1
    35     34      1
    36     20      1
    37      5      1
    37     59      1
    37     76      1
    38      9      1
    38     52      1
    38    108      1
    39     34      1
    40     19      1
    40     63      1
    40     65      1
    41     27      1
    41     69      1
    41     99      1
    42     16      1
    42     78      1
    43      5      1
    43     55      1
    43     84      1
    44     10      1
    44     70      1
    44     90      1
    45     20      1
    45     51      1
    46     30      1
    46     80      1
    46    110      1
    47      0      1
    47     67      1
    48     27      1
    48     91      1
    49      1      1
    50      3      1
    50     77      1
    51     45      1
    52     38      1
    53     10      1
    54     23      1
    55     43      1
    56      3      1
    57     18      1
    58     14      1
    59     37      1
    59     66      1
    60     30      1
    60     81      1
    60     94      1
    61     14      1
    61    102      1
    61    107      1
    62     24      1
    62     72      1
    62    101      1
    63     40      1
    63    112      1
    64     30      1
    65     40      1
    65     68      1
    66     59      1
    67     47      1
    67     74      1
    68     65      1
    68     82      1
    68     95      1
    69     41      1
    70     44      1
    70    115      1
    71      0      1
    71    104      1
    72     62      1
    73     12      1
    73     93      1
    73     96      1
    74     67      1
    74    111      1
    74    119      1
    75     10      1
    76     37      1
    77     50      1
    78     42      1
    78    106      1
    79      5      1
    80     46      1
    81     60      1
    81    105      1
    82     68      1
    83     34      1
    83    109      1
    84     43      1
    84     98      1
    84    103      1
    84    117      1
    85     34      1
    85     92      1
    86     25      1
    86     87      1
    87     86      1
    87     89      1
    88      7      1
    89     87      1
    90     44      1
    91     48      1
    92     85      1
    93     73      1
    94     60      1
    95     68      1
    96     73      1
    97     34      1
    97    114      1
    98     84      1
    99     41      1
   100     33      1
   101     62      1
   102     61      1
   103     84      1
   104     71      1
   105     81      1
   106     78      1
   107     61      1
   108     38      1
   109     83      1
   110     46      1
   111     74      1
   112     63      1
   113      8      1
   114     97      1
   115     70      1
   116     26      1
   117     84      1
   118      5      1
   119     74      1
