COORD_X_Y 120
  1.96612 0.0180041
  1.12198  0.555542
  1.64642  0.097342
 0.329453   2.98786
  2.27605  0.605399
  2.01684   1.87861
   2.7307   1.10606
    1.817   2.68903
  2.42668   1.73073
  2.28406   1.42261
  2.19422   1.67154
 0.847025   2.12051
 0.481607   1.60126
0.0689439 0.0370744
 0.548994   1.50301
  0.49908   1.14912
  2.89907   2.47442
 0.166134    1.1136
  1.41699  0.884026
  2.44455   2.38709
  1.73045  0.424608
  2.46822   2.59904
 0.604817   2.38321
  2.29409   1.02966
  1.41219   2.37628
  2.40111   2.93867
 0.275026 0.0821128
 0.827239   1.64573
 0.457552   2.35709
  1.53202  0.942977
  1.05819  0.240739
 0.858512   1.54543
  2.77448   2.84902
  1.41159   1.99369
 0.610391  0.406194
    2.545   2.99532
  2.12227   2.92832
  1.30854   1.79114
  2.19748     2.719
 0.302272   1.32669
  1.18614   1.25234
 0.963404   2.28435
 0.321821   1.01142
 0.742473   2.86938
 0.359154   1.51904
    2.669 0.0344229
  1.34204  0.922478
0.0178599  0.721066
  2.42488   1.80174
 0.219422  0.962083
  1.77664   1.40807
  1.98025   2.38385
0.0751441    2.0071
  1.21306   1.61063
  0.79495   2.19942
 0.782276   2.01681
  2.89389   1.59545
  1.90465  0.654553
 0.531038   1.20039
 0.340063    1.8507
  2.48714   1.15935
  1.89932    1.2553
  2.30308   0.50708
  1.37521   2.29252
  2.34245   1.38241
  1.44549   2.92838
  2.09958   2.48782
 0.713018   2.85485
  2.19631   1.90035
  2.78418  0.789903
  1.61038  0.172617
  2.82088   2.25469
   1.3531   1.41042
  1.67406  0.775123
  1.46756   1.21329
  2.60146   1.38074
0.0823402   2.89341
 0.436745   2.95378
  1.98029   2.03271
  1.59153  0.964495
   1.9245  0.743216
   2.7137  0.372201
  2.78128   2.36184
 0.653624   1.18052
  1.02367  0.602484
  2.75724   1.50754
 0.682661  0.538699
  1.82765   2.21881
  1.87811   2.35071
  1.48037   2.77307
 0.308402    1.6444
   2.8775   1.69799
  2.89884  0.361578
  2.85674    1.3936
 0.409368   0.81359
 0.435494  0.989176
 0.994436  0.905407
   1.0628   2.73646
  1.81339   2.33323
  2.20576  0.592054
 0.331698   1.76067
 0.822749  0.727837
  1.08657   1.46914
  1.57383   1.83567
 0.798206   1.04307
  2.41955   1.23222
  2.16038  0.923839
  2.59667  0.470746
  1.46953   2.11681
  2.38569  0.524392
 0.386072  0.994337
  1.45185   1.52817
 0.571081   1.11106
  2.35078   2.22359
  1.90873    1.8773
  1.66332   2.43377
  2.57947   1.42512
  1.39522  0.437429
  2.94304    2.7412
  0.26177   1.64494
LINKS_SOURCE_DESTINATION_DISTANCE 598
     0      1      1
     0      2      1
     0      3      1
     0      4      1
     0      6      1
     0      8      1
     0     12      1
     1      0      1
     1      6      1
     1      7      1
     1     12      1
     1     14      1
     1     81      1
     2      0      1
     2      4      1
     2      5      1
     2      7      1
     2     15      1
     2     16      1
     2     19      1
     2     20      1
     2     29      1
     3      0      1
     3      4      1
     3      5      1
     3      6      1
     3      8      1
     3      9      1
     3     10      1
     3     30      1
     3     42      1
     3     56      1
     3     82      1
     3    102      1
     4      2      1
     4      3      1
     4      0      1
     4      5      1
     4      7      1
     4     10      1
     4     13      1
     4     18      1
     4     27      1
     4     45      1
     4     48      1
     4     68      1
     4     93      1
     5      2      1
     5      4      1
     5      3      1
     5      9      1
     5     23      1
     5     25      1
     5     32      1
     5    119      1
     6      1      1
     6      0      1
     6      3      1
     6      9      1
     6     22      1
     6     35      1
     6     64      1
     6     80      1
     6    108      1
     7      2      1
     7      1      1
     7      4      1
     7      8      1
     7     14      1
     7     15      1
     7     22      1
     7     25      1
     7     28      1
     7     37      1
     7     64      1
     7     92      1
     8      7      1
     8      3      1
     8      0      1
     8     11      1
     8     12      1
     8     24      1
     8     29      1
     8     43      1
     8     54      1
     8     77      1
     8     84      1
     9      6      1
     9      3      1
     9      5      1
     9     11      1
     9     13      1
     9     26      1
     9     36      1
     9     37      1
     9     57      1
    10      4      1
    10      3      1
    10     24      1
    10     26      1
    10     28      1
    10     33      1
    10     67      1
    11      8      1
    11      9      1
    11     13      1
    11     21      1
    11     33      1
    11     41      1
    11     48      1
    11     54      1
    12      0      1
    12      1      1
    12      8      1
    12     14      1
    12     17      1
    12     23      1
    12     35      1
    12     59      1
    12     69      1
    12     75      1
    12     81      1
    13      4      1
    13     11      1
    13      9      1
    13     16      1
    14     12      1
    14      7      1
    14      1      1
    14     16      1
    15      2      1
    15      7      1
    15     20      1
    15     28      1
    15     55      1
    15     73      1
    15     82      1
    15    105      1
    15    116      1
    16      2      1
    16     14      1
    16     13      1
    16     17      1
    16     18      1
    16     21      1
    16     22      1
    16     23      1
    16     27      1
    16     35      1
    16     41      1
    16     44      1
    16     80      1
    17     16      1
    17     12      1
    17     18      1
    17     19      1
    17     29      1
    17     34      1
    17     72      1
    17     85      1
    18     16      1
    18     17      1
    18      4      1
    18     24      1
    18     32      1
    18     34      1
    18     86      1
    19     17      1
    19      2      1
    19     31      1
    19     58      1
    19    102      1
    20     15      1
    20      2      1
    20     34      1
    20     51      1
    21     11      1
    21     16      1
    21     71      1
    22      7      1
    22      6      1
    22     16      1
    22     37      1
    22     45      1
    22     46      1
    22    112      1
    23     16      1
    23      5      1
    23     12      1
    23     26      1
    23     42      1
    23     69      1
    23     73      1
    24      8      1
    24     10      1
    24     18      1
    24     27      1
    24     32      1
    24     51      1
    24     58      1
    24     95      1
    25      5      1
    25      7      1
    25     31      1
    25     39      1
    25     54      1
    25     68      1
    25    101      1
    25    119      1
    26     23      1
    26     10      1
    26      9      1
    26     48      1
    26     72      1
    26     87      1
    27     16      1
    27     24      1
    27      4      1
    27     46      1
    27     65      1
    27     75      1
    27    105      1
    28      7      1
    28     10      1
    28     15      1
    28     53      1
    28     79      1
    28     95      1
    29      8      1
    29     17      1
    29      2      1
    29     30      1
    29     40      1
    29    111      1
    30      3      1
    30     29      1
    30     31      1
    30     33      1
    30     36      1
    30     40      1
    30     49      1
    30     66      1
    31     25      1
    31     19      1
    31     30      1
    31     64      1
    31     70      1
    32      5      1
    32     18      1
    32     24      1
    32     63      1
    32    107      1
    33     11      1
    33     10      1
    33     30      1
    33     38      1
    33     52      1
    33     75      1
    33     77      1
    33     79      1
    33     83      1
    34     18      1
    34     20      1
    34     17      1
    34     38      1
    34     41      1
    34    110      1
    35      6      1
    35     16      1
    35     12      1
    35     38      1
    35     47      1
    35     53      1
    35     60      1
    35     90      1
    35    114      1
    36     30      1
    36      9      1
    36     39      1
    36     50      1
    36     62      1
    37      9      1
    37     22      1
    37      7      1
    37     43      1
    37     66      1
    37     78      1
    37     95      1
    38     33      1
    38     34      1
    38     35      1
    38     39      1
    38     47      1
    38     50      1
    38     53      1
    38     59      1
    38     63      1
    39     36      1
    39     25      1
    39     38      1
    39     52      1
    40     29      1
    40     30      1
    40     45      1
    40     67      1
    40    106      1
    41     11      1
    41     16      1
    41     34      1
    41     49      1
    41     55      1
    41     74      1
    41    112      1
    42      3      1
    42     23      1
    42     57      1
    42     66      1
    42     89      1
    43      8      1
    43     37      1
    43     44      1
    43     74      1
    43    100      1
    44     43      1
    44     16      1
    44     78      1
    44     98      1
    45     40      1
    45      4      1
    45     22      1
    45     60      1
    45     62      1
    45     71      1
    45    119      1
    46     22      1
    46     27      1
    46     83      1
    46     98      1
    46    109      1
    47     35      1
    47     38      1
    47     50      1
    48     26      1
    48     11      1
    48      4      1
    48    106      1
    49     30      1
    49     41      1
    50     36      1
    50     38      1
    50     47      1
    50     70      1
    50     88      1
    50    117      1
    51     20      1
    51     24      1
    51     55      1
    51     61      1
    51     70      1
    51     74      1
    52     33      1
    52     39      1
    52     67      1
    52     93      1
    52     97      1
    53     28      1
    53     38      1
    53     35      1
    53     61      1
    54      8      1
    54     25      1
    54     11      1
    55     51      1
    55     41      1
    55     15      1
    55     56      1
    55     94      1
    55    100      1
    56      3      1
    56     55      1
    56     65      1
    56     72      1
    56     85      1
    57     42      1
    57      9      1
    57     91      1
    57     96      1
    58     24      1
    58     19      1
    58     71      1
    58     84      1
    58    108      1
    59     38      1
    59     12      1
    59    101      1
    60     35      1
    60     45      1
    60     62      1
    60     85      1
    61     53      1
    61     51      1
    61     82      1
    61    104      1
    62     36      1
    62     45      1
    62     60      1
    62     99      1
    62    100      1
    62    113      1
    63     38      1
    63     32      1
    63     92      1
    64      6      1
    64     31      1
    64      7      1
    64     93      1
    65     27      1
    65     56      1
    66     30      1
    66     37      1
    66     42      1
    66     73      1
    67     40      1
    67     10      1
    67     52      1
    67     69      1
    67     84      1
    67     99      1
    67    118      1
    68     25      1
    68      4      1
    68    103      1
    69     67      1
    69     12      1
    69     23      1
    69     94      1
    69    108      1
    70     31      1
    70     51      1
    70     50      1
    71     58      1
    71     45      1
    71     21      1
    71    110      1
    72     26      1
    72     56      1
    72     17      1
    72     76      1
    72     79      1
    72     89      1
    72    112      1
    73     15      1
    73     66      1
    73     23      1
    73     76      1
    73     98      1
    74     41      1
    74     51      1
    74     43      1
    74     96      1
    74     97      1
    75     12      1
    75     27      1
    75     33      1
    75     77      1
    76     72      1
    76     73      1
    76     88      1
    76    103      1
    77      8      1
    77     33      1
    77     75      1
    77     91      1
    78     44      1
    78     37      1
    79     28      1
    79     72      1
    79     33      1
    79     86      1
    79    104      1
    80     16      1
    80      6      1
    80     87      1
    81     12      1
    81      1      1
    81     86      1
    81    118      1
    82     15      1
    82     61      1
    82      3      1
    83     33      1
    83     46      1
    83    109      1
    84     67      1
    84     58      1
    84      8      1
    84    116      1
    85     17      1
    85     56      1
    85     60      1
    86     18      1
    86     79      1
    86     81      1
    86    111      1
    87     26      1
    87     80      1
    87     99      1
    88     76      1
    88     50      1
    88     90      1
    88    114      1
    89     72      1
    89     42      1
    90     88      1
    90     35      1
    91     57      1
    91     77      1
    91    115      1
    92     63      1
    92      7      1
    93     64      1
    93      4      1
    93     52      1
    93    117      1
    94     55      1
    94     69      1
    95     37      1
    95     24      1
    95     28      1
    95    102      1
    96     74      1
    96     57      1
    97     74      1
    97     52      1
    98     46      1
    98     44      1
    98     73      1
    98    107      1
    99     87      1
    99     62      1
    99     67      1
    99    106      1
   100     43      1
   100     55      1
   100     62      1
   100    107      1
   100    113      1
   101     25      1
   101     59      1
   102      3      1
   102     19      1
   102     95      1
   102    111      1
   103     76      1
   103     68      1
   104     79      1
   104     61      1
   105     27      1
   105     15      1
   106     40      1
   106     99      1
   106     48      1
   106    116      1
   107     32      1
   107     98      1
   107    100      1
   108     58      1
   108      6      1
   108     69      1
   108    115      1
   109     46      1
   109     83      1
   110     34      1
   110     71      1
   111     86      1
   111    102      1
   111     29      1
   111    114      1
   112     41      1
   112     22      1
   112     72      1
   113     62      1
   113    100      1
   114     35      1
   114    111      1
   114     88      1
   115     91      1
   115    108      1
   116     15      1
   116     84      1
   116    106      1
   117     50      1
   117     93      1
   118     67      1
   118     81      1
   119     45      1
   119     25      1
   119      5      1
