COORD_X_Y 600
 0.843665   2.05871
0.0131925  0.466286
  1.91464 0.0667008
 0.971746  0.594097
  1.24258  0.558515
  2.34564   1.25821
  2.08391  0.139602
   1.5669   1.73151
 0.804572   2.86562
0.0208814   1.13669
  1.33468  0.917374
  1.80017   1.77305
 0.572225  0.652334
  1.35221 0.00548838
 0.781942    2.9398
   2.9423  0.759412
  1.46152   0.56464
  1.95693   1.41793
  2.90473  0.598038
 0.846771   1.74765
 0.702659  0.336856
 0.310531   2.49099
  1.48743   2.44132
   2.1021  0.176614
  1.82576 0.0460253
 0.442587    2.0743
  1.79925   1.05221
  1.04343  0.065017
  1.19985   2.80096
  2.74422   2.60285
  1.72275   0.66139
   1.2449   2.38847
  2.57926  0.853349
  2.89845   2.36916
  2.59999   1.34372
 0.221239  0.389519
  2.81061  0.931471
 0.482436  0.786476
   1.5785   2.03003
  2.28587   1.89406
    2.853   1.88697
  1.67506   2.44914
   1.6775   1.91848
  1.20159   1.31983
  1.49848   2.56702
  1.78563  0.186099
  2.80136  0.187522
  1.63463   1.95236
  1.82898   1.23907
  2.09546   1.77909
  1.48106  0.671706
  1.00557   1.69485
 0.242839   2.48496
  2.61537   1.39259
 0.887192  0.503968
  2.66169 0.00944926
 0.295659   2.99471
  2.93673   2.16408
 0.471371   2.10044
  2.82733  0.980989
0.0571671   2.09863
  1.13701   2.08927
 0.071337   1.54603
  2.04957    2.2237
    1.804  0.736349
  0.99221   0.15851
 0.736222   1.94052
  1.05424   1.63371
 0.387462  0.783951
  1.22357  0.548684
  1.46647 0.0279333
  2.65019   1.86127
  2.47004   2.19491
  2.49805  0.925833
  2.61237   0.79782
  1.78786  0.778026
  2.16388    2.6998
   1.4352   1.68235
   2.3432   0.41771
 0.961919   2.44758
   1.8766   1.89421
  1.99591  0.608919
   0.6864   2.27489
 0.838272   2.64959
 0.614896    2.3896
  2.59788   1.95177
  1.78224  0.934474
  2.64846   2.17612
0.0245422    2.8997
  2.89038   1.62873
  1.91536   2.05104
 0.956539   2.75578
  1.05003   1.62153
 0.217332   1.58899
  1.94278   1.74373
  2.90552   2.11629
 0.990183   2.95051
  2.52461   1.45734
 0.482859   2.19359
 0.209009 0.0108323
  1.09475   2.90694
 0.205668   1.31166
   1.0194   2.73969
  2.97524   1.85498
  2.87197  0.845981
 0.384733   1.83654
   1.8117   0.30699
  1.97951   1.27974
 0.950187   2.38635
  1.68262    2.3043
  1.75339  0.626945
 0.899969   1.69405
  1.28742   2.16851
  2.84335  0.539748
 0.035188   2.67575
  1.16456   2.08896
 0.142175    2.2706
  2.17331   1.52682
   2.6189   2.65533
 0.635692    2.2908
 0.889409   1.59527
  0.46437    2.3878
  1.98176   1.51425
  1.01904   2.26106
  2.07852   1.98601
  1.10657   2.17852
 0.666597   1.24434
 0.183224  0.225404
  2.99445   1.80539
 0.955694  0.958381
 0.256746   2.08377
0.0758463   2.43701
   1.8765   1.40618
  1.93585   1.70854
  1.41855  0.904737
 0.488011   1.67441
  1.95082   2.94129
  2.67299   2.84396
 0.372305  0.205525
  1.27256   1.60251
  2.06555  0.132127
   1.5934   1.60385
 0.793538   1.61372
 0.638725  0.764014
 0.767925  0.496053
  1.60497   1.37065
 0.267745  0.425429
 0.218709   2.68937
  1.03664  0.285657
  2.66216   2.64198
 0.398089   1.73725
  1.54383  0.626356
  2.20656  0.752675
 0.462424  0.788813
  2.69951  0.270475
 0.242182   2.20247
 0.781333   1.90885
  1.37764  0.899186
  2.80654   1.81254
  0.13769   1.66214
 0.561303   1.15579
  1.53814    2.7539
 0.158842   1.15586
 0.984211   1.67984
  1.84647   2.20903
  2.13954  0.999829
  2.74465   0.29646
 0.251263  0.226595
  1.37341   2.83629
 0.326984   2.14919
  2.61456   2.88685
  2.66339   2.36432
  2.15539  0.733963
  2.68157   1.24101
 0.546159   1.30856
  2.49607  0.609988
  2.91754   2.78103
0.0364695   1.73035
 0.235275    1.2498
 0.183895   2.40853
 0.187465   2.63422
  0.87628   1.29526
   1.4127  0.219861
  2.13898   1.77825
  0.27613  0.301044
 0.489498  0.963628
   1.6486   0.62344
  1.82754  0.171777
 0.174455   2.88404
  2.68123   1.47317
 0.783121    2.0027
  1.52288  0.978619
  2.34023   1.11161
  1.31106   2.55451
  2.28867   2.79214
  1.20991   2.13122
 0.769914  0.435103
  2.19457  0.545069
  1.60131   2.89979
  2.32873   2.92321
  2.15807   1.49869
  2.11007  0.428781
  2.23114   2.51495
  2.18484   2.82542
  1.66144    2.4059
   1.1688    1.8337
  2.49874  0.894315
  2.61189   1.49642
 0.852355   2.23909
  1.04831   2.36116
  2.88879  0.720509
  1.52229   1.02839
 0.806456 0.0397368
  2.38525  0.745375
  2.60692   2.71145
  1.45722   1.98878
  1.20299     2.272
  1.89574  0.530755
  2.50927  0.858168
   1.7972   1.21529
  2.32085  0.578911
 0.128456   1.59009
  1.96398   2.95419
  1.50942   1.73077
  0.17083  0.963707
  1.63593    2.8511
 0.745727   1.17675
 0.595828   2.14657
 0.647061   2.62278
0.0497714   2.51089
 0.514413   2.43494
 0.408045  0.736236
  2.16848  0.645442
  2.19441    1.9496
  2.20581  0.483056
  1.51839   2.71831
  2.35512   1.94097
  1.55396   1.41864
  1.91695   1.09221
  1.01929   1.90387
 0.528387  0.992179
  1.04585   1.66293
  1.06814 0.0532972
  2.77561  0.751983
  2.11271   1.53561
  1.14482  0.735047
 0.807828   1.38676
   1.6557   2.01489
  2.83993   1.90688
  2.94885   2.13744
  2.71578   2.60352
  2.96235   2.62212
  2.04845  0.741724
  2.11199   2.25504
  2.30402  0.746935
  1.93241   2.14381
 0.768902   1.65812
  2.62049   1.73474
 0.986298   1.82767
  1.69376    2.0237
  0.60753   1.93548
   1.2422  0.639332
  1.83231   1.50594
   1.1481   1.53706
  1.70044   2.63475
  2.99075    2.6572
  2.70775   1.92569
  1.93466   1.14373
  2.71482   2.26171
  2.26973   2.50324
 0.287309  0.866763
 0.658932    1.3524
 0.599014   2.68029
  1.35665   2.56681
 0.822363   1.46592
   1.4419   2.29922
  1.68885   2.11373
  2.46197 0.0606224
  0.62615   2.18468
  1.33121  0.644452
  1.52424  0.519987
  2.66224   1.94529
 0.579296   2.24163
  1.02085   1.17791
 0.101774   1.66829
 0.908608   0.31302
  1.65629   1.81984
0.0347866  0.917732
  1.78904   1.43991
  2.52451  0.935883
  1.79641     2.125
 0.718357   2.52696
 0.594546   1.38387
  1.92416   1.03791
   1.1946   1.56796
 0.322045   1.78841
  1.92341  0.562364
 0.613522  0.551732
 0.675758   1.22719
  2.97964   2.21425
   2.9494   2.07734
 0.295015  0.454015
    2.973     1.719
  1.50766   2.40613
  2.73572  0.878993
  2.46674   2.75918
  1.10746   2.53662
  1.74052  0.661281
 0.348986   0.56349
  2.85387  0.133612
0.0394777  0.121922
  2.36001   2.97821
  1.49655   2.44498
 0.287928    1.1058
  2.19052   2.48248
  1.39328  0.620969
  1.88238  0.386269
 0.201964   1.56312
  2.37249  0.788582
   2.2131   2.82823
    2.624   2.67295
  2.47737   2.30731
 0.421169   1.59893
 0.933549  0.556721
 0.404358   1.55218
  2.46287   2.84776
  2.80035   1.56786
 0.403137   2.72311
  1.66931  0.939057
  1.17481   0.81456
0.0361525  0.410428
  1.63339  0.785632
  2.91014   2.64407
  2.45312   0.20837
 0.128176   1.26692
  2.17233   1.55845
 0.386082   2.98831
  2.74387   1.15687
 0.216356  0.749722
  2.53444  0.887491
 0.873166  0.817591
  1.02339   2.57975
  2.80219  0.682881
  2.83669   1.81615
  2.73883   1.78367
 0.607319   2.26272
  1.50783   2.67342
  2.54779  0.486849
0.0924689  0.747242
   2.3304   1.26743
 0.173662   2.10711
  2.19163   2.23313
  1.72771  0.413163
  2.95733    1.1587
  2.68832   1.50743
  2.39303  0.657075
 0.298715   2.60136
  0.73131   1.76171
 0.819094   2.91533
  1.79207   1.94119
 0.165264   1.85481
  1.03024  0.587754
 0.845639  0.954674
  1.08945   2.72417
  2.01607   1.01728
 0.194324   2.65235
  1.64781   2.02415
  2.71614   1.95966
  1.31969   1.00401
 0.827988 0.0684898
  2.68694    2.9123
  2.63491  0.164562
  1.96201   2.39836
  1.96084  0.169752
  2.61839 0.0485224
 0.159238   2.21594
  1.82266   1.82886
 0.811708  0.324269
 0.920517   1.27504
  2.87304   1.20641
 0.621449  0.991385
  2.65548   2.19093
 0.355036  0.608402
 0.247636   2.99321
  1.04429  0.720933
 0.719423  0.354649
  2.28177   1.19537
  2.06929   1.98986
  1.00655   2.27303
  1.14239  0.935901
  2.70341    1.0117
  2.36865   2.02134
  1.82697   1.26895
 0.787474  0.186336
  2.25328  0.224058
  1.78349   2.01332
  2.19517   2.45208
  1.75031  0.834983
 0.932282   2.40476
  1.85158   2.71387
 0.168373   2.22495
  1.60641   1.02509
  1.79299   2.18228
  2.46307  0.366528
  1.48194  0.995804
  2.20658  0.685967
 0.677467   1.43979
  2.51683   2.20761
 0.136489   1.64105
  2.84384    2.6026
   1.9153  0.213321
  2.98048 0.0366126
  1.39845   2.69467
   1.8632    2.7439
 0.471369 0.0697221
 0.337363  0.673409
 0.709885   2.21675
 0.980608  0.190566
  1.60424   1.27427
 0.983736 0.0471335
   2.3433  0.987225
 0.122441   2.74718
 0.914818  0.582012
  1.09423   1.72603
 0.569883   1.35784
 0.762144   2.44639
  1.95229  0.951094
  2.03155  0.318219
  2.74003  0.581356
0.0365677  0.456282
  2.14543  0.203566
  2.29372   2.04377
  1.87238   2.41409
  1.95002   2.00091
  2.58115   2.83834
  0.95023   2.98755
    1.462   2.55273
  2.89744   1.44996
  1.04731   1.28253
  2.58312   2.20462
 0.727912  0.090033
   2.4792  0.580241
  2.04294   2.67305
  2.57514   2.68344
   1.2295   1.53571
  1.24518   1.16981
  1.63919  0.633519
  1.77864   2.67782
  2.45686   1.18448
  1.85879    2.9964
  1.18331  0.894911
  0.33005  0.795592
  1.81452  0.686496
  1.31698  0.352193
  2.30865   2.17848
  1.82386   2.59385
  1.62415   1.21677
  1.54306   1.38468
  2.88263   2.48481
  2.85794   2.77223
  2.61171  0.732152
 0.315034   2.88486
  1.07006   1.71098
 0.919636   2.17463
0.0831551 0.0267297
  0.60457   1.35258
    2.691   2.69987
   2.1178  0.221391
  0.93083    1.6582
  1.03789   1.86955
  2.60639 0.00185778
  2.88535   1.06981
  2.56788   1.59472
  2.50795   2.65965
  1.78469   1.74789
  1.83162  0.631993
  2.92282 0.00831564
  2.83324   1.06866
 0.458388   2.96565
 0.246997   1.31224
    1.132   1.98733
  2.85425    1.8389
0.00649199   2.54142
  1.55606  0.600566
   2.4636    1.4396
  1.48675   1.73646
 0.578765  0.288869
 0.737569  0.640639
  2.50806   1.50951
  1.27494   1.00124
 0.935191   1.11955
  2.71607   2.97014
  1.32899   2.47651
  2.91799   1.76087
  1.91508  0.322517
  1.65085   1.52222
  2.59112  0.521217
  2.38013   2.14749
  2.06512   2.80658
 0.987152   2.96086
  1.18646   2.13188
  2.65034  0.601205
   2.9425  0.218073
 0.886879  0.752251
  2.77201  0.344066
  1.79593   2.46747
 0.758601  0.642243
 0.050775 0.0618989
0.0404796   2.34168
  2.08654   2.25625
  1.86661   1.62238
  1.21461   1.23149
   1.6481  0.138769
  1.06712   1.30508
 0.880297  0.571473
  2.55043  0.168306
  1.82715  0.281728
 0.452879   2.94273
  2.01229   2.07298
  1.93974   2.21352
  1.88003 0.0318586
  1.95853  0.772869
  2.28425    1.7699
 0.977713   2.42559
 0.448195   2.71856
  1.24529   1.22057
   1.2264   1.48447
 0.598019  0.753964
  1.05028    0.4252
  1.12276   2.84764
 0.542411  0.241689
  1.55574   2.32499
  2.37459  0.905011
  2.70484  0.877449
  1.41912   1.09737
  2.05991   1.49519
 0.637156     1.119
  2.11846  0.166922
 0.584177  0.180997
  2.07588   1.14385
  2.54954 0.0703432
  2.17444   1.18563
 0.309715  0.610706
 0.134329   2.47982
0.0262894    1.5314
  1.56547   2.80562
 0.106929   2.28957
  2.49261  0.633285
 0.482286   2.29654
  2.65142   1.25029
  1.76516  0.330766
   1.9669  0.670972
  1.40942  0.137937
  1.90069   2.12454
 0.930178   1.19043
  2.84752   1.46494
  2.52734   2.98654
 0.243638    2.1399
  1.09783   2.90828
  2.28125   2.05791
  2.78162  0.665562
  2.13941  0.689929
   1.2042   1.49237
 0.704076   2.38153
  1.71878   2.41018
 0.604891  0.971219
  2.02075   2.76744
  2.45876  0.992675
0.0212036   2.92269
  1.44834    1.2302
 0.492981   2.70425
  2.67988   2.42848
 0.453845   2.36109
  2.38874  0.761456
 0.211807   2.71149
  1.35426   1.91094
   1.3624   0.53607
  2.44626  0.463273
  2.48884  0.136295
  1.25331   2.56738
  2.40343  0.765891
 0.260767   1.20166
0.0562472   2.14314
  2.61732  0.785962
  1.88772   1.79046
   2.0883   2.27321
  2.42126  0.745847
  2.97428   1.38173
  1.24169   1.16988
  1.67497   2.97503
   2.2847   2.14172
 0.172242   2.88174
 0.249709   1.39393
  2.92593   1.91514
0.0766425   1.02177
  1.97421  0.428626
  1.55111   1.71835
 0.970051  0.957289
  1.81154   1.15676
  2.02668 0.0437369
LINKS_SOURCE_DESTINATION_DISTANCE 1198
     0      1      1
     0      6      1
     0     13      1
     0     91      1
     0    327      1
     1      0      1
     1      2      1
     1      3      1
     1      4      1
     1      5      1
     1     16      1
     1     30      1
     1    137      1
     1    187      1
     1    419      1
     2      1      1
     2     10      1
     2    132      1
     2    157      1
     2    362      1
     3      1      1
     3     11      1
     3     36      1
     3     40      1
     3     47      1
     3    191      1
     3    313      1
     4      1      1
     4      9      1
     4     19      1
     4     25      1
     4     76      1
     4     97      1
     4    527      1
     5      1      1
     5      7      1
     5     12      1
     5     67      1
     5    197      1
     5    205      1
     6      0      1
     6     24      1
     6    161      1
     6    240      1
     7      5      1
     7      8      1
     7     28      1
     7     29      1
     7     33      1
     7    140      1
     7    163      1
     8      7      1
     8    557      1
     9      4      1
     9     15      1
     9     18      1
     9     20      1
     9     21      1
     9     63      1
     9    194      1
    10      2      1
    10     37      1
    11      3      1
    11     75      1
    12      5      1
    12     14      1
    12     17      1
    13      0      1
    13    116      1
    13    373      1
    13    486      1
    14     12      1
    14     22      1
    14     49      1
    14    118      1
    14    266      1
    15      9      1
    15     72      1
    15     80      1
    15    102      1
    15    227      1
    16      1      1
    16    193      1
    17     12      1
    17     31      1
    17     82      1
    17    149      1
    17    203      1
    17    208      1
    17    404      1
    18      9      1
    18     32      1
    18     58      1
    18    109      1
    19      4      1
    19    124      1
    19    216      1
    19    296      1
    19    315      1
    20      9      1
    20     52      1
    20    207      1
    20    314      1
    21      9      1
    21     23      1
    21     70      1
    21     85      1
    21    424      1
    22     14      1
    22    114      1
    22    135      1
    22    309      1
    23     21      1
    23    371      1
    24      6      1
    24     95      1
    24    587      1
    25      4      1
    25     26      1
    25    104      1
    25    119      1
    26     25      1
    26     27      1
    26     41      1
    26     59      1
    26     99      1
    26    212      1
    26    304      1
    26    318      1
    27     26      1
    27     51      1
    27     56      1
    28      7      1
    28    108      1
    29      7      1
    29     60      1
    30      1      1
    30     79      1
    30    383      1
    30    387      1
    31     17      1
    31     38      1
    31     86      1
    32     18      1
    32     34      1
    32     35      1
    32     53      1
    32    188      1
    32    195      1
    33      7      1
    33     44      1
    33     71      1
    33    175      1
    34     32      1
    34     87      1
    34    100      1
    35     32      1
    35     42      1
    35     64      1
    35    165      1
    35    516      1
    36      3      1
    36     65      1
    36     77      1
    37     10      1
    37     43      1
    37    354      1
    38     31      1
    38     39      1
    38     45      1
    38     83      1
    38    204      1
    38    295      1
    39     38      1
    39     50      1
    39    138      1
    39    326      1
    40      3      1
    40     48      1
    40     92      1
    40    107      1
    40    198      1
    40    258      1
    41     26      1
    41    436      1
    42     35      1
    43     37      1
    43    110      1
    43    554      1
    43    561      1
    44     33      1
    44     69      1
    44    285      1
    44    360      1
    45     38      1
    45     46      1
    45     68      1
    45     73      1
    45     78      1
    45     94      1
    45    462      1
    45    567      1
    46     45      1
    46    270      1
    46    272      1
    46    278      1
    46    293      1
    47      3      1
    47    101      1
    47    177      1
    47    322      1
    48     40      1
    48     54      1
    48    463      1
    49     14      1
    50     39      1
    50     61      1
    50    532      1
    51     27      1
    51     55      1
    51    151      1
    51    211      1
    51    217      1
    51    288      1
    51    442      1
    52     20      1
    52    128      1
    52    237      1
    52    245      1
    52    420      1
    53     32      1
    53     57      1
    53     66      1
    53    103      1
    53    493      1
    53    500      1
    54     48      1
    54    209      1
    54    233      1
    55     51      1
    55     62      1
    55    115      1
    55    139      1
    55    186      1
    56     27      1
    56    106      1
    57     53      1
    57     90      1
    58     18      1
    58    301      1
    58    345      1
    59     26      1
    59    294      1
    60     29      1
    60    146      1
    60    160      1
    60    289      1
    61     50      1
    61    464      1
    62     55      1
    62    134      1
    62    221      1
    63      9      1
    63    113      1
    63    141      1
    63    492      1
    64     35      1
    64     74      1
    64    129      1
    64    150      1
    64    248      1
    64    495      1
    65     36      1
    65    172      1
    65    236      1
    65    353      1
    66     53      1
    66     96      1
    67      5      1
    67    131      1
    67    321      1
    68     45      1
    68     88      1
    68    512      1
    69     44      1
    70     21      1
    70    189      1
    71     33      1
    71    122      1
    71    228      1
    72     15      1
    72    577      1
    73     45      1
    73    250      1
    73    523      1
    73    525      1
    74     64      1
    74    220      1
    75     11      1
    75     84      1
    75    111      1
    75    520      1
    76      4      1
    77     36      1
    77     81      1
    77    300      1
    77    403      1
    78     45      1
    78    125      1
    78    265      1
    79     30      1
    79     93      1
    79    180      1
    79    190      1
    79    503      1
    80     15      1
    80    156      1
    80    213      1
    80    215      1
    81     77      1
    81    136      1
    81    173      1
    81    214      1
    81    256      1
    81    291      1
    81    539      1
    82     17      1
    82    181      1
    82    302      1
    83     38      1
    83    126      1
    84     75      1
    84     89      1
    84    308      1
    84    311      1
    84    317      1
    85     21      1
    85    178      1
    85    456      1
    85    480      1
    86     31      1
    86    556      1
    87     34      1
    87    224      1
    87    298      1
    87    307      1
    87    576      1
    88     68      1
    89     84      1
    89    123      1
    89    427      1
    89    451      1
    90     57      1
    90    239      1
    91      0      1
    91    533      1
    92     40      1
    92     98      1
    92    182      1
    93     79      1
    93    120      1
    93    229      1
    93    488      1
    94     45      1
    94    117      1
    94    152      1
    94    284      1
    95     24      1
    95    363      1
    95    544      1
    96     66      1
    96    341      1
    97      4      1
    97    168      1
    97    176      1
    97    358      1
    98     92      1
    98    597      1
    99     26      1
    99    164      1
    99    230      1
   100     34      1
   101     47      1
   101    105      1
   101    143      1
   101    243      1
   102     15      1
   102    235      1
   102    264      1
   102    382      1
   103     53      1
   103    458      1
   104     25      1
   104    292      1
   104    453      1
   105    101      1
   105    133      1
   106     56      1
   106    169      1
   106    476      1
   107     40      1
   107    155      1
   107    158      1
   107    261      1
   108     28      1
   108    450      1
   109     18      1
   109    112      1
   109    121      1
   110     43      1
   110    346      1
   110    502      1
   110    513      1
   111     75      1
   111    540      1
   112    109      1
   112    145      1
   112    200      1
   112    347      1
   113     63      1
   113    319      1
   114     22      1
   115     55      1
   116     13      1
   116    406      1
   117     94      1
   117    130      1
   117    370      1
   118     14      1
   119     25      1
   119    479      1
   119    555      1
   120     93      1
   120    166      1
   120    392      1
   121    109      1
   121    290      1
   121    560      1
   122     71      1
   122    196      1
   123     89      1
   124     19      1
   124    359      1
   125     78      1
   125    244      1
   125    297      1
   125    330      1
   126     83      1
   126    127      1
   126    148      1
   126    192      1
   126    471      1
   127    126      1
   127    162      1
   127    421      1
   128     52      1
   128    400      1
   129     64      1
   129    144      1
   129    267      1
   129    331      1
   129    413      1
   130    117      1
   130    506      1
   131     67      1
   131    247      1
   131    310      1
   131    389      1
   132      2      1
   132    154      1
   132    170      1
   132    433      1
   133    105      1
   133    153      1
   133    159      1
   134     62      1
   134    142      1
   135     22      1
   135    179      1
   136     81      1
   136    225      1
   137      1      1
   138     39      1
   138    218      1
   138    268      1
   138    377      1
   139     55      1
   139    452      1
   140      7      1
   140    147      1
   140    254      1
   140    446      1
   141     63      1
   142    134      1
   143    101      1
   143    252      1
   143    432      1
   144    129      1
   144    174      1
   144    336      1
   145    112      1
   145    402      1
   146     60      1
   147    140      1
   148    126      1
   148    328      1
   148    366      1
   148    422      1
   149     17      1
   150     64      1
   150    238      1
   150    368      1
   151     51      1
   151    171      1
   151    222      1
   151    594      1
   152     94      1
   152    273      1
   153    133      1
   153    342      1
   154    132      1
   154    259      1
   155    107      1
   156     80      1
   156    199      1
   156    201      1
   157      2      1
   158    107      1
   158    385      1
   158    478      1
   159    133      1
   160     60      1
   160    167      1
   161      6      1
   161    184      1
   162    127      1
   162    185      1
   163      7      1
   164     99      1
   164    283      1
   164    306      1
   164    376      1
   165     35      1
   165    275      1
   166    120      1
   166    379      1
   167    160      1
   168     97      1
   168    183      1
   168    571      1
   169    106      1
   169    399      1
   170    132      1
   170    241      1
   170    352      1
   171    151      1
   172     65      1
   172    202      1
   172    242      1
   173     81      1
   174    144      1
   174    355      1
   174    388      1
   174    437      1
   175     33      1
   176     97      1
   176    206      1
   176    364      1
   177     47      1
   178     85      1
   178    593      1
   179    135      1
   179    260      1
   180     79      1
   180    251      1
   181     82      1
   181    472      1
   182     92      1
   182    219      1
   182    231      1
   182    282      1
   183    168      1
   183    361      1
   183    438      1
   184    161      1
   185    162      1
   186     55      1
   186    226      1
   186    344      1
   187      1      1
   188     32      1
   188    263      1
   189     70      1
   189    223      1
   190     79      1
   190    449      1
   191      3      1
   192    126      1
   192    253      1
   192    271      1
   192    551      1
   193     16      1
   193    460      1
   194      9      1
   194    401      1
   195     32      1
   195    367      1
   195    440      1
   196    122      1
   196    280      1
   196    339      1
   197      5      1
   197    517      1
   198     40      1
   198    334      1
   199    156      1
   199    494      1
   200    112      1
   201    156      1
   201    249      1
   201    338      1
   202    172      1
   202    210      1
   203     17      1
   204     38      1
   205      5      1
   205    434      1
   205    537      1
   206    176      1
   206    558      1
   207     20      1
   207    408      1
   207    526      1
   208     17      1
   208    257      1
   209     54      1
   210    202      1
   211     51      1
   211    324      1
   211    461      1
   212     26      1
   212    390      1
   212    586      1
   213     80      1
   213    573      1
   214     81      1
   215     80      1
   216     19      1
   216    522      1
   217     51      1
   217    505      1
   218    138      1
   219    182      1
   219    457      1
   220     74      1
   220    329      1
   220    572      1
   221     62      1
   222    151      1
   222    482      1
   223    189      1
   223    375      1
   223    391      1
   224     87      1
   224    232      1
   225    136      1
   225    305      1
   225    416      1
   226    186      1
   226    417      1
   227     15      1
   228     71      1
   228    281      1
   229     93      1
   230     99      1
   230    312      1
   230    349      1
   231    182      1
   232    224      1
   232    396      1
   232    481      1
   233     54      1
   233    234      1
   233    335      1
   234    233      1
   235    102      1
   236     65      1
   237     52      1
   237    332      1
   238    150      1
   238    286      1
   239     90      1
   240      6      1
   240    246      1
   240    287      1
   240    410      1
   240    552      1
   240    569      1
   241    170      1
   241    269      1
   241    303      1
   242    172      1
   243    101      1
   243    274      1
   243    369      1
   243    409      1
   243    507      1
   244    125      1
   244    447      1
   245     52      1
   245    340      1
   246    240      1
   246    357      1
   247    131      1
   247    443      1
   248     64      1
   248    255      1
   248    343      1
   248    407      1
   249    201      1
   249    323      1
   249    325      1
   250     73      1
   250    277      1
   251    180      1
   251    393      1
   252    143      1
   253    192      1
   254    140      1
   255    248      1
   256     81      1
   256    262      1
   257    208      1
   257    428      1
   258     40      1
   259    154      1
   260    179      1
   261    107      1
   262    256      1
   262    575      1
   263    188      1
   263    337      1
   263    585      1
   264    102      1
   265     78      1
   265    365      1
   266     14      1
   266    316      1
   266    378      1
   266    397      1
   267    129      1
   267    519      1
   268    138      1
   269    241      1
   269    276      1
   270     46      1
   271    192      1
   272     46      1
   272    279      1
   272    470      1
   273    152      1
   274    243      1
   274    398      1
   275    165      1
   276    269      1
   277    250      1
   278     46      1
   278    467      1
   278    475      1
   279    272      1
   279    412      1
   279    444      1
   279    534      1
   280    196      1
   281    228      1
   282    182      1
   283    164      1
   284     94      1
   284    499      1
   284    568      1
   285     44      1
   286    238      1
   287    240      1
   287    448      1
   288     51      1
   288    466      1
   288    490      1
   289     60      1
   289    484      1
   289    531      1
   289    591      1
   290    121      1
   290    394      1
   290    435      1
   291     81      1
   292    104      1
   292    333      1
   292    348      1
   293     46      1
   294     59      1
   295     38      1
   295    374      1
   296     19      1
   297    125      1
   298     87      1
   298    299      1
   299    298      1
   300     77      1
   300    570      1
   301     58      1
   302     82      1
   302    510      1
   303    241      1
   304     26      1
   305    225      1
   305    430      1
   306    164      1
   307     87      1
   307    564      1
   308     84      1
   308    515      1
   308    595      1
   309     22      1
   310    131      1
   311     84      1
   311    581      1
   312    230      1
   312    381      1
   313      3      1
   314     20      1
   315     19      1
   315    415      1
   316    266      1
   317     84      1
   317    320      1
   318     26      1
   318    454      1
   319    113      1
   320    317      1
   320    414      1
   321     67      1
   321    529      1
   322     47      1
   323    249      1
   324    211      1
   325    249      1
   325    384      1
   326     39      1
   327      0      1
   328    148      1
   328    538      1
   329    220      1
   330    125      1
   331    129      1
   332    237      1
   332    474      1
   333    292      1
   334    198      1
   334    386      1
   335    233      1
   335    431      1
   336    144      1
   336    535      1
   337    263      1
   338    201      1
   338    351      1
   338    497      1
   339    196      1
   340    245      1
   341     96      1
   341    425      1
   342    153      1
   343    248      1
   344    186      1
   344    574      1
   345     58      1
   345    350      1
   345    528      1
   346    110      1
   346    477      1
   347    112      1
   347    546      1
   348    292      1
   348    356      1
   349    230      1
   350    345      1
   350    372      1
   351    338      1
   351    445      1
   352    170      1
   352    559      1
   353     65      1
   354     37      1
   355    174      1
   355    489      1
   356    348      1
   357    246      1
   357    455      1
   358     97      1
   359    124      1
   360     44      1
   360    487      1
   361    183      1
   361    582      1
   362      2      1
   362    459      1
   363     95      1
   364    176      1
   365    265      1
   365    509      1
   366    148      1
   366    545      1
   367    195      1
   368    150      1
   369    243      1
   369    596      1
   370    117      1
   371     23      1
   371    423      1
   372    350      1
   373     13      1
   374    295      1
   374    473      1
   374    588      1
   375    223      1
   376    164      1
   377    138      1
   378    266      1
   378    405      1
   379    166      1
   379    380      1
   380    379      1
   380    599      1
   381    312      1
   382    102      1
   383     30      1
   383    485      1
   383    553      1
   384    325      1
   384    508      1
   385    158      1
   385    395      1
   386    334      1
   387     30      1
   387    429      1
   388    174      1
   389    131      1
   389    418      1
   390    212      1
   391    223      1
   392    120      1
   393    251      1
   394    290      1
   395    385      1
   395    548      1
   395    578      1
   396    232      1
   397    266      1
   397    511      1
   397    563      1
   398    274      1
   398    469      1
   399    169      1
   400    128      1
   401    194      1
   402    145      1
   403     77      1
   404     17      1
   405    378      1
   406    116      1
   407    248      1
   408    207      1
   408    411      1
   409    243      1
   409    598      1
   410    240      1
   411    408      1
   412    279      1
   412    439      1
   413    129      1
   414    320      1
   414    501      1
   415    315      1
   416    225      1
   416    465      1
   417    226      1
   417    491      1
   417    496      1
   418    389      1
   418    426      1
   418    498      1
   418    524      1
   419      1      1
   419    536      1
   420     52      1
   421    127      1
   422    148      1
   423    371      1
   424     21      1
   424    514      1
   425    341      1
   426    418      1
   427     89      1
   428    257      1
   429    387      1
   430    305      1
   431    335      1
   431    441      1
   432    143      1
   432    583      1
   433    132      1
   433    566      1
   434    205      1
   435    290      1
   436     41      1
   437    174      1
   438    183      1
   439    412      1
   439    468      1
   440    195      1
   440    543      1
   441    431      1
   441    483      1
   441    590      1
   442     51      1
   443    247      1
   444    279      1
   445    351      1
   446    140      1
   447    244      1
   447    530      1
   448    287      1
   449    190      1
   450    108      1
   451     89      1
   452    139      1
   452    589      1
   453    104      1
   454    318      1
   455    357      1
   456     85      1
   457    219      1
   458    103      1
   459    362      1
   460    193      1
   461    211      1
   462     45      1
   463     48      1
   464     61      1
   465    416      1
   466    288      1
   467    278      1
   468    439      1
   469    398      1
   469    542      1
   470    272      1
   470    521      1
   471    126      1
   471    549      1
   472    181      1
   472    550      1
   473    374      1
   474    332      1
   475    278      1
   476    106      1
   477    346      1
   478    158      1
   479    119      1
   480     85      1
   481    232      1
   482    222      1
   483    441      1
   484    289      1
   485    383      1
   486     13      1
   486    580      1
   487    360      1
   487    579      1
   488     93      1
   489    355      1
   490    288      1
   491    417      1
   491    504      1
   492     63      1
   493     53      1
   494    199      1
   494    565      1
   495     64      1
   496    417      1
   497    338      1
   498    418      1
   499    284      1
   500     53      1
   501    414      1
   502    110      1
   503     79      1
   504    491      1
   505    217      1
   506    130      1
   507    243      1
   508    384      1
   509    365      1
   510    302      1
   511    397      1
   511    518      1
   512     68      1
   513    110      1
   514    424      1
   515    308      1
   516     35      1
   517    197      1
   518    511      1
   519    267      1
   520     75      1
   521    470      1
   521    541      1
   522    216      1
   523     73      1
   524    418      1
   525     73      1
   526    207      1
   527      4      1
   528    345      1
   529    321      1
   529    562      1
   530    447      1
   531    289      1
   532     50      1
   533     91      1
   534    279      1
   535    336      1
   536    419      1
   537    205      1
   537    547      1
   538    328      1
   539     81      1
   540    111      1
   541    521      1
   542    469      1
   543    440      1
   544     95      1
   545    366      1
   546    347      1
   547    537      1
   548    395      1
   549    471      1
   550    472      1
   551    192      1
   552    240      1
   552    584      1
   553    383      1
   554     43      1
   555    119      1
   556     86      1
   557      8      1
   558    206      1
   559    352      1
   560    121      1
   561     43      1
   562    529      1
   563    397      1
   564    307      1
   565    494      1
   566    433      1
   567     45      1
   568    284      1
   569    240      1
   570    300      1
   571    168      1
   572    220      1
   573    213      1
   574    344      1
   575    262      1
   576     87      1
   577     72      1
   578    395      1
   579    487      1
   580    486      1
   581    311      1
   582    361      1
   582    592      1
   583    432      1
   584    552      1
   585    263      1
   586    212      1
   587     24      1
   588    374      1
   589    452      1
   590    441      1
   591    289      1
   592    582      1
   593    178      1
   594    151      1
   595    308      1
   596    369      1
   597     98      1
   598    409      1
   599    380      1
