COORD_X_Y 25
  2.85249  0.452514
 0.693121   2.51629
 0.523526    2.0019
  2.82034   1.14522
  0.52889  0.397386
  1.07792  0.156307
  0.84838  0.998963
0.0869094   0.91266
  2.13366  0.822102
  2.84416    1.2135
  2.92702 0.0409238
  1.92908    1.3318
   1.7876   1.58833
 0.562786   1.73937
   2.7095   1.85694
0.0656072   0.73581
 0.134774 0.0260539
  1.89631  0.346616
 0.454967  0.570684
 0.573686   2.84202
 0.631677   2.22681
  1.17497   2.60563
  2.70451   1.68089
  0.23217   2.96939
  2.97461  0.345877
LINKS_SOURCE_DESTINATION_DISTANCE 48
     0      1      1
     0      4      1
     0     22      1
     1      0      1
     1      2      1
     1      3      1
     1     20      1
     2      1      1
     3      1      1
     3      5      1
     3      6      1
     4      0      1
     4      7      1
     4     10      1
     4     16      1
     5      3      1
     6      3      1
     6     11      1
     7      4      1
     7      8      1
     7     15      1
     8      7      1
     8      9      1
     8     18      1
     9      8      1
    10      4      1
    10     13      1
    10     14      1
    11      6      1
    11     12      1
    11     19      1
    11     23      1
    12     11      1
    13     10      1
    14     10      1
    14     21      1
    15      7      1
    16      4      1
    16     17      1
    17     16      1
    18      8      1
    18     24      1
    19     11      1
    20      1      1
    21     14      1
    22      0      1
    23     11      1
    24     18      1
