COORD_X_Y 25
  2.71336   1.54642
   1.7329   2.42082
  1.05253   1.71652
  1.88527   2.12999
  1.83188  0.143475
  1.37399   0.95545
  1.38089    2.7105
 0.172743   1.28284
 0.400881   2.88279
   1.9247  0.398201
  0.83537    2.0871
    1.175   2.37299
  2.66198   1.68279
  2.57442  0.299235
 0.358124   1.00404
    2.874   2.41697
  2.11614   2.40866
 0.603374   1.01807
  1.92158  0.159387
  1.32227   1.10345
  1.04885   2.02023
  2.42449  0.578573
 0.329196   2.31348
 0.869489   2.47807
0.0302144   1.02647
LINKS_SOURCE_DESTINATION_DISTANCE 48
     0      1      1
     0      2      1
     0      3      1
     0      5      1
     0     10      1
     0     11      1
     1      0      1
     2      0      1
     2      4      1
     2     15      1
     2     20      1
     3      0      1
     3     24      1
     4      2      1
     4      7      1
     4      9      1
     4     13      1
     5      0      1
     5      6      1
     5      8      1
     6      5      1
     6     16      1
     7      4      1
     8      5      1
     8     12      1
     8     17      1
     8     19      1
     8     23      1
     9      4      1
     9     18      1
    10      0      1
    10     14      1
    11      0      1
    12      8      1
    13      4      1
    14     10      1
    15      2      1
    15     21      1
    16      6      1
    17      8      1
    18      9      1
    19      8      1
    19     22      1
    20      2      1
    21     15      1
    22     19      1
    23      8      1
    24      3      1
