COORD_X_Y 110
 0.441998   1.18925
 0.907175   1.19368
  0.41747  0.662885
  0.38184   1.18326
 0.653785   1.63826
  2.36332   2.33459
 0.119567   2.10392
 0.735374   1.77843
 0.225714  0.654339
  1.03773   2.23637
  2.36702   1.84562
  2.44573  0.172638
  2.43947  0.847668
 0.253705   2.03805
  1.26238   1.45032
  0.39202   2.17512
 0.196436  0.750624
  1.67748  0.689362
  2.88626   2.79336
  2.56385  0.431507
  1.77689   2.80612
 0.461436   2.40387
  2.98614  0.721565
  2.08295  0.995889
  2.72615   1.51354
  1.73351  0.448137
  2.73789  0.951754
  2.20749   2.30507
  1.66244   1.01497
  1.95535  0.847685
 0.273033   2.31964
  1.46594   1.63536
  1.06204   0.59573
 0.351812   0.41532
  2.28536   1.39144
  1.75034   1.47723
  1.80769   2.53664
 0.911044   1.70453
 0.953579   1.54006
   1.3397   1.61161
  1.32432    1.1973
  1.25121  0.765832
  1.97969   1.02942
  1.85378  0.142801
  2.99885   2.42451
0.0637729   2.09397
  2.15321   2.43687
  1.80945   1.89465
  1.25583  0.809903
 0.704571   1.04361
  1.73301   1.41429
  0.57969   2.24825
  1.23654   1.48844
 0.801804   1.31767
 0.216448  0.447919
 0.803023   2.15966
  1.43452   2.56589
   1.5453   1.82336
  2.68255   2.86509
  1.79475   1.84078
  1.78611    1.3316
  2.91164   1.54293
   2.4038  0.153981
  2.33342   2.26568
 0.283213   1.90704
 0.441082  0.106824
  1.96805   2.38587
  2.08527   2.79409
 0.555867  0.459301
  2.77495   1.59559
  2.99308   1.38558
  1.06322   2.09444
  1.48284   2.17495
  2.73188   1.04755
  2.25369   1.46272
  0.66006   0.21034
  2.38249   1.68343
 0.671871    2.3362
0.0285957  0.991453
  2.37305   2.43825
  1.08738   1.77981
  2.89496  0.519179
  2.26077   1.48761
 0.238705   0.13676
 0.367591  0.778642
  1.09922   1.70441
 0.836632  0.219625
  1.78176 0.0655739
 0.271062    2.6884
  1.67274  0.314678
 0.189478   1.85435
  2.50024   2.04938
   1.8113   1.90729
 0.942868 0.0383306
 0.307571   2.98918
  1.91583   0.95848
  1.90014  0.352913
  1.85446    2.5064
  2.46988   1.47212
 0.351869   1.83794
  1.34952   1.07369
  2.35694   1.07189
 0.369979   1.75385
  1.11583   1.47269
 0.359205   1.58886
 0.493196    2.2576
  0.45602  0.933191
 0.251212   2.97106
 0.516372   2.89312
  2.15678   1.53782
LINKS_SOURCE_DESTINATION_DISTANCE 218
     0      1      1
     0      2      1
     0      3      1
     0      4      1
     0      8      1
     0     12      1
     1      0      1
     2      0      1
     2      7      1
     2     13      1
     2     53      1
     3      0      1
     3     10      1
     3     27      1
     4      0      1
     4      5      1
     4     51      1
     4     61      1
     4     72      1
     5      4      1
     5      6      1
     5     55      1
     6      5      1
     6     15      1
     6     21      1
     6     63      1
     7      2      1
     7      9      1
     7     65      1
     7     86      1
     8      0      1
     8     11      1
     8     17      1
     8     19      1
     8     34      1
     8     43      1
     8     48      1
     9      7      1
     9     24      1
     9     46      1
    10      3      1
    10     22      1
    10     35      1
    10     85      1
    11      8      1
    11     18      1
    11     20      1
    12      0      1
    12     14      1
    12     16      1
    12     40      1
    12     70      1
    13      2      1
    14     12      1
    14     32      1
    15      6      1
    15     36      1
    15     39      1
    15     45      1
    15     50      1
    15     97      1
    16     12      1
    16     33      1
    16     47      1
    17      8      1
    17     41      1
    17     68      1
    18     11      1
    19      8      1
    19     42      1
    20     11      1
    20     26      1
    20     37      1
    21      6      1
    21     23      1
    21     94      1
    22     10      1
    23     21      1
    23     25      1
    23     29      1
    23     91      1
    24      9      1
    24     31      1
    24     38      1
    24     54      1
    24     58      1
    25     23      1
    25     28      1
    26     20      1
    26     93      1
    27      3      1
    28     25      1
    29     23      1
    29     30      1
    30     29      1
    31     24      1
    31     87      1
    31    105      1
    32     14      1
    33     16      1
    33     59      1
    34      8      1
    34     66      1
    34     74      1
    35     10      1
    35     44      1
    35     82      1
    35     95      1
    36     15      1
    36     67      1
    37     20      1
    37     52      1
    38     24      1
    38     57      1
    39     15      1
    40     12      1
    40     56      1
    41     17      1
    42     19      1
    43      8      1
    43     49      1
    43     69      1
    43     75      1
    44     35      1
    44    100      1
    45     15      1
    46      9      1
    47     16      1
    47     64      1
    48      8      1
    49     43      1
    49     92      1
    50     15      1
    51      4      1
    51     88      1
    52     37      1
    52     60      1
    53      2      1
    54     24      1
    54     73      1
    55      5      1
    55     80      1
    55     89      1
    56     40      1
    57     38      1
    57     62      1
    57     99      1
    58     24      1
    59     33      1
    60     52      1
    61      4      1
    62     57      1
    63      6      1
    63     83      1
    64     47      1
    64     84      1
    65      7      1
    66     34      1
    66    108      1
    67     36      1
    67     71      1
    67    102      1
    68     17      1
    68     76      1
    69     43      1
    70     12      1
    71     67      1
    72      4      1
    73     54      1
    74     34      1
    74     77      1
    75     43      1
    76     68      1
    76     79      1
    77     74      1
    77     78      1
    78     77      1
    79     76      1
    79     81      1
    80     55      1
    81     79      1
    82     35      1
    82     90      1
    83     63      1
    84     64      1
    85     10      1
    86      7      1
    87     31      1
    87    103      1
    88     51      1
    89     55      1
    89    101      1
    89    106      1
    90     82      1
    91     23      1
    92     49      1
    93     26      1
    93     96      1
    94     21      1
    94     98      1
    95     35      1
    96     93      1
    97     15      1
    98     94      1
    99     57      1
   100     44      1
   100    109      1
   101     89      1
   101    104      1
   102     67      1
   103     87      1
   104    101      1
   105     31      1
   106     89      1
   106    107      1
   107    106      1
   108     66      1
   109    100      1
