COORD_X_Y 65
 0.910325  0.579182
  2.63629   2.04486
  1.81825  0.788689
  2.16998  0.877059
 0.773612  0.390536
  1.06535   2.97555
   2.7369   1.13646
  1.14722   1.36477
  1.95501  0.773282
  1.86542   2.10537
 0.725617   1.54768
 0.175935   2.72147
  2.75637    1.9501
 0.627763    1.0859
  2.94597   1.04186
  1.21228   2.15073
  2.35057    1.7586
  2.74215   2.89965
  1.75802  0.363364
  1.87208  0.883502
 0.196839   2.45017
 0.759242   1.18926
  2.75842    1.7984
 0.637741   2.13799
  0.87313   2.20429
  2.76055   1.08304
  1.55128  0.452523
 0.531238 0.0518149
 0.169623   2.55268
  2.03806  0.634074
  2.97306  0.767177
 0.381592   1.59911
  1.80175      2.87
 0.907355   2.08087
 0.399443     1.882
 0.869414   2.65876
  1.43581    2.9679
  1.95338  0.270341
  1.03445   2.53725
 0.942685   1.67076
  2.93977  0.306733
 0.493796   2.30576
 0.920988   2.82392
  2.12158   2.82944
  1.69411   2.03125
  2.39931   1.57394
 0.339113  0.849797
  2.24755   2.02623
0.0613121   2.03445
 0.720563   2.44835
  1.52798   1.43195
  1.75494  0.206953
  0.05873 0.0965519
   1.5398  0.891805
  0.78168   2.16071
 0.262157   2.21655
  2.51991   2.87858
  1.59121   1.88202
  1.59919   2.76875
  1.57537  0.803188
   2.2139   2.09214
  1.57023  0.632617
  2.72555  0.381142
  1.98027   2.31117
 0.848689   0.74065
LINKS_SOURCE_DESTINATION_DISTANCE 128
     0      1      1
     0      2      1
     0      4      1
     0      5      1
     0     50      1
     0     61      1
     1      0      1
     1      3      1
     1      7      1
     1      9      1
     1     15      1
     2      0      1
     2      6      1
     3      1      1
     3     27      1
     4      0      1
     4      8      1
     4     14      1
     4     25      1
     4     29      1
     4     36      1
     4     58      1
     5      0      1
     5     11      1
     5     20      1
     6      2      1
     7      1      1
     7     10      1
     8      4      1
     8     16      1
     8     18      1
     8     55      1
     9      1      1
     9     12      1
     9     13      1
     9     38      1
    10      7      1
    10     33      1
    10     44      1
    11      5      1
    11     31      1
    12      9      1
    12     17      1
    12     28      1
    12     45      1
    12     64      1
    13      9      1
    13     22      1
    13     40      1
    14      4      1
    14     23      1
    14     34      1
    14     46      1
    15      1      1
    15     24      1
    15     26      1
    15     41      1
    15     47      1
    16      8      1
    16     19      1
    17     12      1
    17     30      1
    17     42      1
    18      8      1
    18     37      1
    19     16      1
    20      5      1
    20     21      1
    20     52      1
    21     20      1
    21     35      1
    21     51      1
    22     13      1
    23     14      1
    23     43      1
    24     15      1
    25      4      1
    26     15      1
    27      3      1
    28     12      1
    28     59      1
    29      4      1
    30     17      1
    31     11      1
    31     32      1
    32     31      1
    32     54      1
    33     10      1
    33     49      1
    34     14      1
    35     21      1
    36      4      1
    37     18      1
    38      9      1
    38     39      1
    39     38      1
    40     13      1
    41     15      1
    42     17      1
    42     48      1
    43     23      1
    44     10      1
    44     56      1
    45     12      1
    45     53      1
    46     14      1
    47     15      1
    47     63      1
    48     42      1
    49     33      1
    50      0      1
    51     21      1
    52     20      1
    52     60      1
    53     45      1
    53     62      1
    54     32      1
    55      8      1
    55     57      1
    56     44      1
    57     55      1
    58      4      1
    59     28      1
    60     52      1
    61      0      1
    62     53      1
    63     47      1
    64     12      1
