COORD_X_Y 25
  1.73125  0.815949
  1.50251  0.234123
 0.288959  0.556019
  1.94972    1.8429
  1.69441   0.67395
  2.06894  0.446844
 0.541954  0.991007
  1.91491  0.341202
 0.226471   1.07276
  2.79571  0.320099
 0.945019  0.785553
  1.28299   2.78237
  1.75329  0.434634
  2.91266  0.256869
0.0807314   2.18432
  1.80313   2.64181
  2.68267  0.758587
  1.02146   1.56305
   1.9548   2.86122
 0.977058  0.215197
  1.09992  0.552571
  0.53131   1.46718
  1.05732  0.607687
 0.177029   2.89005
  1.96407   1.33808
LINKS_SOURCE_DESTINATION_DISTANCE 48
     0      1      1
     0      3      1
     0      4      1
     0      5      1
     0     17      1
     0     24      1
     1      0      1
     1      2      1
     1      6      1
     1     19      1
     2      1      1
     2     18      1
     3      0      1
     3      7      1
     3     13      1
     4      0      1
     4      8      1
     4     10      1
     4     12      1
     4     23      1
     5      0      1
     5      9      1
     6      1      1
     7      3      1
     7     15      1
     7     22      1
     8      4      1
     8     20      1
     9      5      1
     9     11      1
     9     14      1
    10      4      1
    11      9      1
    12      4      1
    13      3      1
    13     16      1
    14      9      1
    15      7      1
    15     21      1
    16     13      1
    17      0      1
    18      2      1
    19      1      1
    20      8      1
    21     15      1
    22      7      1
    23      4      1
    24      0      1
