COORD_X_Y 15
 0.884883   1.97381
   2.8289  0.501089
    1.595   2.66106
  1.64475   2.89452
   1.8909   2.74678
   1.9212  0.656498
  2.16041   1.04925
 0.965239   1.76668
  2.69918    1.9715
  1.40115   2.19968
  1.92094   2.04171
  2.62282   2.84132
 0.469635 0.0989534
 0.187532  0.591286
 0.570582   1.98756
LINKS_SOURCE_DESTINATION_DISTANCE 28
     0      1      1
     0      2      1
     0      3      1
     0      4      1
     0      6      1
     1      0      1
     2      0      1
     2      5      1
     2     12      1
     2     14      1
     3      0      1
     3      8      1
     4      0      1
     5      2      1
     6      0      1
     6      7      1
     7      6      1
     7      9      1
     8      3      1
     9      7      1
     9     10      1
     9     11      1
    10      9      1
    10     13      1
    11      9      1
    12      2      1
    13     10      1
    14      2      1
