COORD_X_Y 65
  2.79409  0.253385
  2.93419   0.57133
  1.26255    1.9073
 0.248178   1.83602
0.0966614    2.6323
 0.669973   2.93251
  1.28529   2.00868
  1.25037   1.27023
  2.56309   2.45089
  1.23261  0.480652
  2.01411   2.57275
  1.75876   2.58356
  0.42687   1.29734
   0.1003   2.93235
  2.99068  0.604464
  2.94134   1.28551
  2.39831 0.00171206
  2.75862   1.12608
 0.870317   1.03502
   1.1076   2.48449
  1.83445   1.63132
  2.01168   2.32034
  2.50469   0.24341
   0.7995  0.950456
 0.265326   1.82874
  2.43453   2.79668
 0.653652  0.933921
 0.450292  0.295731
  1.20024   2.21949
 0.490715  0.214277
 0.464636  0.441437
 0.986611   1.46195
  2.34406   1.27589
 0.245507 0.0834419
 0.904272   2.66042
  2.43577  0.639307
   1.8832  0.847931
  2.39863   2.36932
   2.5199   1.12741
  1.20265   2.75844
  1.88005    1.3253
 0.106896 0.0247112
  1.42611  0.365733
  2.64127  0.497896
 0.863841   0.89838
  2.40804   2.12574
  1.07846   2.43444
 0.842509   1.82782
  1.22721   2.84811
  2.56186   1.34528
  2.55794  0.849856
  2.71605  0.723687
  1.69358  0.842365
  1.88977   2.02955
  2.22126   1.24933
  2.65687  0.786324
 0.230263   1.21819
  1.50725    0.7801
  1.27447  0.264408
  1.97771   1.57041
  1.61016    2.7729
  1.38089   1.46815
 0.266433   1.66592
  2.79463   1.80738
  2.08668   2.81702
LINKS_SOURCE_DESTINATION_DISTANCE 128
     0      1      1
     0      4      1
     1      0      1
     1      2      1
     1     24      1
     2      1      1
     2      3      1
     2      7      1
     2     10      1
     3      2      1
     3      5      1
     3      6      1
     4      0      1
     4      8      1
     4     16      1
     5      3      1
     5     26      1
     5     42      1
     6      3      1
     6      9      1
     6     11      1
     6     22      1
     6     25      1
     7      2      1
     7     20      1
     7     47      1
     8      4      1
     8     12      1
     9      6      1
     9     13      1
     9     14      1
     9     33      1
    10      2      1
    10     17      1
    10     30      1
    10     32      1
    10     38      1
    10     51      1
    11      6      1
    11     29      1
    12      8      1
    12     63      1
    13      9      1
    13     55      1
    14      9      1
    14     15      1
    14     18      1
    14     19      1
    15     14      1
    15     48      1
    16      4      1
    16     43      1
    17     10      1
    17     27      1
    18     14      1
    18     21      1
    19     14      1
    20      7      1
    20     31      1
    20     45      1
    21     18      1
    22      6      1
    22     23      1
    23     22      1
    24      1      1
    24     36      1
    24     49      1
    25      6      1
    25     50      1
    26      5      1
    26     28      1
    26     62      1
    27     17      1
    27     37      1
    27     52      1
    28     26      1
    28     34      1
    29     11      1
    29     39      1
    30     10      1
    31     20      1
    32     10      1
    33      9      1
    33     35      1
    34     28      1
    34     40      1
    35     33      1
    35     41      1
    36     24      1
    36     44      1
    37     27      1
    38     10      1
    39     29      1
    40     34      1
    41     35      1
    41     46      1
    41     60      1
    42      5      1
    43     16      1
    44     36      1
    45     20      1
    46     41      1
    46     54      1
    47      7      1
    48     15      1
    48     56      1
    49     24      1
    49     58      1
    50     25      1
    50     53      1
    51     10      1
    51     59      1
    52     27      1
    53     50      1
    53     57      1
    54     46      1
    55     13      1
    56     48      1
    57     53      1
    57     64      1
    58     49      1
    59     51      1
    59     61      1
    60     41      1
    61     59      1
    62     26      1
    63     12      1
    64     57      1
