COORD_X_Y 900
  1.70624   2.49789
  1.80687   1.99555
0.0406716   2.63558
 0.284929  0.855122
  2.71633  0.477691
  1.58978   1.44291
  1.82471  0.119251
 0.162087   1.60223
  2.88266   2.00869
  1.27278   1.57185
 0.127561   1.64301
   1.9218   2.99993
 0.981436   1.06832
  2.86577   2.54156
 0.486726   2.45005
  2.23276   1.51714
  2.15239   2.80495
 0.530072   1.73863
  2.58423 0.0701232
  1.87978   2.14416
 0.547667  0.432426
  2.72371   2.10392
  1.63479   1.85925
 0.606243   2.98296
  1.90222   1.18381
 0.164709 0.0899256
  2.30409   1.25497
   1.2301   1.04508
 0.611613    0.1912
 0.451486   1.54575
  2.84908   0.95382
 0.781391  0.213962
 0.724693    1.1159
  1.32022   1.63834
  1.36588  0.808175
  1.29244  0.373743
  1.33076   2.23938
 0.860058   2.86852
 0.190134  0.164463
  1.75912   1.65514
   1.7762  0.373218
  2.97687  0.720733
  1.90487   2.93873
 0.382162   2.10138
  1.87741   2.49517
 0.125886  0.446612
  2.18602  0.287545
   0.9895   2.42896
  1.71372  0.862125
  1.81374   1.03335
  2.11177   1.91594
  2.28455  0.206849
  1.35806   1.89944
   2.0657   2.79997
  1.95713  0.196873
0.0301985   1.71233
  1.42802  0.434521
  1.15731   2.96038
  1.43995     1.763
  2.89362   2.88647
  2.67187   2.73564
 0.131955  0.989294
  2.62313 0.0357072
    2.812  0.397248
  2.32249  0.481781
  1.29964   2.74887
 0.318471   1.46409
  1.48173   1.46378
  2.13646   2.89116
  2.73503   1.35749
0.0666209   2.01148
  2.14123  0.118644
   2.2405  0.943517
0.0425838   1.27973
  1.20426   2.57315
  1.09437  0.839579
  1.23636  0.499233
  1.61119   1.32955
  2.24992  0.556438
  2.74977  0.854879
  1.27551  0.530411
  1.49078   1.67915
  2.55395   2.38103
 0.289231   1.87914
  2.95135   1.49698
 0.235096  0.240358
  1.16757   2.87618
  2.47188   1.90761
 0.529454   2.06548
  1.24816  0.715282
 0.996922   2.45043
 0.316922   2.81174
  1.70794  0.830815
  1.13525  0.428053
  1.86797  0.220159
  1.03529  0.087235
  2.56578   1.58498
  1.89734   2.61605
  1.39658   1.18041
 0.396037   2.98177
  2.30088   2.04701
  2.88376   2.73895
  2.77929   2.09157
  2.08688  0.379326
 0.331523    1.4666
  2.26457   1.12312
  1.14912   2.37465
 0.295688   1.64913
    1.169   2.03269
 0.171196   2.80449
  1.73075   2.76507
  1.07487   1.47029
   2.1087   2.63525
0.0195354 0.0344223
0.0619088   1.71381
  1.76549  0.954161
  1.05908   2.98725
   2.7585   1.18076
  2.68779   1.30688
  1.09023   1.16905
  2.71406   1.57221
  2.56268  0.902253
   1.0157  0.982186
  2.97901  0.715668
 0.923202  0.268356
 0.494645  0.170956
  1.39495    2.9451
  2.25501   2.68411
  1.91845  0.702677
  0.86294   1.10572
 0.220994   2.65982
0.0242566  0.238083
   2.0784   1.62916
 0.955557   1.75548
  1.27796  0.835682
  1.81472  0.502049
   2.7761   1.21431
  2.80966   2.51768
  2.40794   1.23065
 0.552982  0.379658
  1.97517  0.204429
  1.80893   2.28124
 0.660487  0.619862
 0.636706   2.20839
 0.326636   2.05185
  2.74273  0.166941
  2.74702   1.58288
 0.866324  0.931384
  2.97135   1.77223
  2.09572   2.86718
  0.17038   1.23142
  2.60895   2.21989
 0.862512   2.07188
  0.84126   2.75592
  2.63641   2.88828
 0.301336  0.344232
  1.95548   1.05298
  2.16992  0.807413
   2.4072   1.14739
  1.47865   1.95174
 0.639015    2.9464
  2.26244   2.06855
  2.04113  0.401588
   1.7765  0.615154
 0.862279  0.783178
  1.58829    1.3725
  1.62943 0.0116461
  1.88716   2.44923
 0.987009 0.00645509
  1.09797  0.148304
  1.03184   2.48156
  2.29571  0.540318
 0.764845   2.19019
  1.91409   0.34863
  2.08258  0.651589
  2.32366   2.49592
  2.49646  0.560123
 0.577388   1.73352
  2.25832   2.41757
  2.31179   2.71202
 0.281388  0.429772
 0.464906  0.738991
  1.13868   2.51723
   2.4914  0.773013
  2.51553   2.58228
0.0415635   0.70215
 0.530881   1.85391
0.0776151  0.919305
 0.468152   0.55448
  1.12748   1.48054
  2.68405    1.7285
 0.010926  0.163312
  1.83465  0.619376
   1.0614   2.17609
  1.44125   1.43495
 0.595945  0.877868
 0.703333   1.99716
 0.725818   2.09697
  1.47547   0.58532
  2.32697 0.0128569
  1.49423   2.03783
  2.95376   1.14791
  1.24393   2.91387
  2.93712   2.90397
  2.22409   1.47126
  1.37882   1.35978
  1.39369    1.3407
  2.69373   2.88228
 0.985787   1.74358
 0.134027   1.33455
  1.47436   1.21782
0.0401677   1.05193
  2.02291  0.214163
  2.09142  0.256036
 0.519033   1.20577
  1.95029  0.400716
  2.00816  0.875621
   1.0358  0.520141
 0.458602  0.921627
 0.859754  0.763026
  1.49674  0.284406
  2.55113   1.07327
 0.137175   0.28292
   0.3671   1.02354
  1.82794   0.51745
 0.109334   2.37388
  2.77556   2.06671
  1.26907   1.51798
  0.80692  0.353972
 0.342826  0.428207
 0.706292  0.567464
  1.39476   2.44865
  2.49016 0.0864317
   2.0037   1.16743
 0.755827  0.414561
 0.063868  0.790702
  2.73492   2.22884
  2.57192   1.55775
 0.368169    2.3516
  2.71622  0.985632
  2.76636   2.80587
  1.53238   1.54931
  1.20744    2.3131
  1.89641   1.14209
  1.24847   2.70908
0.0279699    1.0986
  2.39205   2.15907
 0.250466   2.31464
  1.21677   2.78689
  2.09381   2.03735
 0.300065   1.57255
  1.45425    1.8278
0.0855681   1.52311
 0.803716   1.50968
  1.07193  0.304023
 0.813449  0.339222
  2.73917   1.77936
 0.462304   2.13422
 0.167157   2.95884
 0.421403  0.324126
 0.323532   2.62051
  2.46896   1.32301
  1.79893   1.86328
  2.24569  0.642597
  1.32861  0.817831
 0.238665   1.55328
  2.65881   2.02723
 0.298774   2.58719
  1.19859   2.74955
 0.337881  0.208441
   1.6996  0.749197
 0.274226   1.93015
  1.81375   1.39375
 0.700028   2.45824
  1.45917  0.439053
  1.83681  0.380245
 0.233933  0.702962
 0.202365   1.70863
  2.98313   2.84725
  1.84962   1.86019
  1.52538  0.715783
  0.20098   2.58425
  1.65948  0.418084
  1.04954    2.5317
 0.928128   2.85529
  1.14607   1.03246
0.0217452   1.38654
 0.657114  0.534734
  1.50067   1.40791
 0.424536    1.3618
  2.01547   2.58031
  0.57821   1.34849
  2.34668  0.636831
   2.7677   1.62194
 0.548998   1.66081
  2.25522   2.38861
 0.446057   2.45754
  2.78869   1.95461
  1.59922  0.869166
 0.646936   2.68377
 0.421429  0.486363
 0.989888   2.97857
 0.116787     1.745
 0.834912   1.12789
  2.93013  0.151563
 0.404776  0.522973
  1.64109   1.18143
  2.60979   2.28164
   2.1858   1.22034
  0.87631   2.71457
  2.83828    1.3651
  2.59318   1.95416
  1.07843   2.24213
   1.2119  0.487203
 0.157241  0.141023
  1.53383  0.798251
 0.190674   1.89531
 0.217506   2.06008
0.0694554  0.728983
 0.918178   2.18595
  1.78887   1.47981
  1.19318   1.85377
  1.63565  0.117449
  2.41746    1.8891
  1.93429   1.67512
   1.3943  0.207588
 0.160381   2.12639
 0.619718 0.0751664
  1.74041   1.40937
    2.522     1.284
 0.257923   2.32712
  1.31715   1.28351
  1.00064   2.40325
  2.69382    2.8587
 0.547406   2.93276
  2.29742  0.575716
  1.56291   2.97142
  1.24822   0.24255
 0.656876   2.18152
  1.78589   1.22547
 0.423657   1.18147
  2.23956  0.971685
0.0252568   2.95409
  2.91238  0.360514
  2.51489  0.560193
  1.58736  0.269242
  1.37241   1.21826
  1.91579   1.94484
  1.07246   2.45693
  1.16648   1.09897
 0.333063   2.51442
  2.58287   2.72073
  1.20687  0.860854
  2.08366   2.03846
  1.58086   2.61438
 0.700453    1.8361
  1.68554   2.08492
  1.72164 0.0437626
  1.23696   1.30014
  1.43312   1.91757
  1.30179   2.43421
  1.90852  0.841526
  2.72939  0.986029
0.0151333   1.20275
  1.11515  0.552694
  2.47157    1.8915
  1.15464  0.528343
  2.21252   1.22774
  2.22434  0.899755
  2.13462   2.62225
  0.19719   2.29385
 0.430403   2.91299
 0.784275  0.382353
  1.06215   2.96436
   0.4655   2.80454
 0.938621   1.19232
 0.694238   1.29583
  2.83336  0.692873
  2.52635  0.242869
  2.48333  0.502314
 0.621552  0.523448
 0.158521   2.90048
 0.980515  0.302037
  2.73731    1.0821
  1.58643  0.260407
  2.29601  0.450334
  1.94001  0.779123
  2.84907  0.690947
   2.1661   2.15432
 0.702204  0.948646
 0.759822   2.60185
  1.74504   2.92868
  1.06189   2.75126
  2.14236   1.18027
   1.8948   1.50571
  1.24083   1.21448
  1.41105   1.73155
   1.4236  0.795975
  1.93088   1.68055
0.0817858 0.00739586
  1.79831  0.501574
 0.960251   1.02305
  1.64123   1.59891
 0.725416   1.28898
 0.182195   1.24973
  1.70074  0.789213
  1.44353   2.30754
0.0789902  0.668991
   1.0736   1.81797
   1.8524   2.88889
  1.36978   1.37568
 0.301202   2.23166
   1.6852   2.08919
  2.52709   2.01756
  2.34817  0.495936
 0.640042   2.30446
  1.33549   1.74749
  2.96345  0.681526
 0.124187   1.42843
 0.721875   1.90879
  1.14148   2.79301
 0.876379  0.639186
  2.13567  0.651702
  1.30005   1.48935
  2.07859  0.823435
  1.87322  0.375276
  2.56217  0.422796
 0.463792  0.691121
 0.329559   1.27384
  2.29471   2.43048
  2.04814  0.206096
0.0383441   2.98373
  2.93229   2.15898
 0.312131   2.80292
 0.337957   2.15835
  2.55729   2.40702
   1.3336   1.09279
  2.59388   1.05869
  1.60546  0.990214
  1.96023  0.760738
  1.78112  0.698029
  2.45397   1.96755
  1.72666   1.59368
  2.97536    1.1708
 0.681548  0.937272
  1.78687   2.91744
  1.26074 0.0361292
  2.88161   2.11349
  2.71658   2.75597
  2.31247   2.96249
  2.84942   1.32307
  2.55686  0.133751
  1.75747   2.51383
0.0669806  0.936659
  1.33893  0.548691
  2.76966   1.88326
   2.4737    1.6568
  2.36276   1.82529
  2.17544   1.03697
  1.64224   1.97071
 0.241742   2.94403
 0.915806  0.636443
  1.85348   2.47527
 0.847317   1.10938
  2.99777  0.107192
  2.38545   1.57271
  1.08085    1.2932
   1.7804   2.12278
  2.74844  0.330859
  1.94751   1.91898
  2.15244   1.42412
 0.752782  0.320775
  2.29967   2.11108
  2.36045   1.24602
  2.29346   2.16437
  1.80312 0.0959932
 0.353972    1.2158
  2.39415   2.10247
  2.52903   2.54634
0.0600918 0.0323573
  1.29508   2.04489
  1.82722   2.09683
  2.83013   2.19453
 0.548358   0.18481
  1.71738   0.20381
 0.535387  0.658124
  2.83287   2.34622
  2.07159  0.252725
 0.522013    1.0222
  2.58852   1.46991
  2.38023   1.05191
  2.95497   0.83092
 0.637326   2.78389
  1.34101   1.23713
  2.64648   1.06684
  2.96193 0.0847329
 0.617178  0.833174
  1.22597  0.624357
  2.96753   1.53479
  2.91298  0.594849
  1.40044   1.72302
  2.82075  0.915323
   1.5435  0.185287
  2.30173   2.98937
 0.376955   1.12461
  1.12563   1.20912
  1.42523   1.01565
  2.10961   1.88851
  1.98923  0.251498
  1.57168  0.277203
  1.14898   2.62061
  1.73251  0.369615
  2.43252   2.71239
 0.243188    0.6513
  0.66541   1.00662
 0.277449   2.28508
  1.50667   2.07666
 0.703395   2.19353
  2.81635  0.303087
  2.42411   2.65833
 0.166925   1.41478
  1.29222   1.07853
  1.73303  0.732652
  1.98029   2.27716
   1.5543   2.56531
  1.70769  0.110076
 0.572971 0.0729068
  2.08586  0.853712
  1.10195    1.6629
  1.33457   1.35179
  1.82658   2.07808
  2.10217   2.29383
  1.70906   2.91417
 0.617977    2.9408
  2.43741  0.188028
  2.74494   1.77607
  1.31023   2.24105
   1.1804    1.7124
 0.677283   2.81386
  1.14572  0.435929
 0.966826  0.271536
 0.374352   0.77575
  1.22604  0.335043
0.00551723   2.81786
  1.55008   2.96055
 0.651753   2.73746
  2.46342   1.10849
 0.659006   1.46392
  2.89452   1.21063
 0.947793 0.0806383
 0.950162  0.144809
  1.52679  0.271426
0.0215855   2.80735
  1.90492 0.00237433
0.0961365   2.97748
  2.65528   1.38097
  2.17686  0.818676
  1.57799  0.298488
 0.314996  0.483832
  2.40597   0.91866
  1.98723  0.100894
  0.27083   2.26049
  1.21413  0.122108
  1.67938   2.41922
  2.09469    1.9809
  2.13721   1.20084
  1.72268   2.29399
  1.43993   1.55621
 0.938663   1.31931
  1.76037   1.57646
 0.817774  0.843917
  0.20165   1.35339
  1.50103   1.96902
 0.613677 0.0904386
  2.85453  0.465013
  0.59708   2.72161
  1.67832   2.74524
  2.62072    2.4132
  1.02026   2.93565
  1.52025   2.51825
  1.62333   1.65951
 0.657133   0.57337
  2.13438   1.80611
  2.05961  0.267204
 0.568647   1.17662
  1.33414   2.62787
  1.84694   2.57631
 0.852556   2.38847
  2.58184  0.712899
 0.797929  0.750633
  1.32465   2.66377
  1.08447   1.12219
  1.94342   1.84249
  1.88864   1.63195
  2.03387   2.10276
  0.30283  0.362312
   1.5392  0.123643
  1.36148  0.269443
 0.431024   1.07039
  2.86419   1.16862
  1.49139   1.08516
 0.481459    2.1156
  2.92537  0.401749
  2.70959   2.11287
 0.839272   2.58593
 0.110793  0.886884
  0.78859   2.05731
  1.14986   1.46038
  2.23703   2.02128
  1.26265   2.23382
  2.35525  0.416229
  1.39963  0.313645
  2.76562   2.43965
  2.75495  0.418228
 0.283812   1.19632
  0.70147   1.07492
  1.20225     1.657
 0.233083   2.65293
  1.52638   2.65318
  1.59826   2.16491
   2.8664  0.240288
 0.931097    1.1649
  2.13406  0.648576
0.0179338   1.77403
  1.81969   1.68509
  1.32184   0.64111
 0.407168   2.77423
  1.26112    2.3693
   1.5437   1.74888
 0.268105   1.68971
 0.275008   1.23769
  2.06178   2.51313
 0.442741   2.93425
  1.53622    0.6128
  2.86965   1.94882
  2.32617   2.25829
 0.927708   1.34467
  2.92095  0.597974
  1.37266  0.488897
  2.84738   1.31591
  1.20023 0.0546963
  2.82551   1.67985
  1.05453  0.825921
  1.94678  0.250571
0.0913738    1.0703
  2.62962  0.208277
  2.50393   0.43672
   1.6992  0.641426
0.00278211  0.635884
 0.363619  0.523448
  0.94439   1.79885
 0.433577   1.76565
  1.64466  0.537272
 0.504226   1.27656
  1.44272  0.359469
  0.46591 0.0413495
 0.697018  0.296984
  1.99296  0.478784
   2.1698   1.82852
  2.32705   2.12833
  2.43013  0.245985
  1.41115   1.94252
 0.235828  0.995793
  0.30288   2.17043
 0.714376   2.06054
 0.287845   2.64469
  1.81695 0.0610225
  2.06739    0.1157
  2.85495  0.431875
  1.88423   2.11997
  1.67637  0.821797
   1.1529   2.97915
  1.45964   2.57462
 0.579007   2.20513
  1.69252  0.539951
   1.4555   2.25743
 0.017335   1.57655
   1.0637   2.02162
  1.81228   1.71932
  1.83565   1.83247
  1.73816   1.04278
   1.6264   1.71313
  2.51406   2.07884
 0.908726   1.28002
  2.02558   2.82763
  2.55309   2.82934
  2.69267   2.33056
 0.247144  0.823609
  0.57012   1.30248
  1.11429   2.51544
  1.26868   1.59792
  2.93055  0.103465
  1.73451 0.0454019
  1.78034  0.652969
  1.42341   2.00134
  1.14656   1.65586
 0.691329    2.9132
  2.97394  0.433973
  2.02293   2.42002
  2.90983  0.909609
  1.45458  0.931927
 0.829756  0.707939
 0.568426   2.92373
  1.53422  0.431669
  1.53793   2.03117
  2.77352   1.75449
  1.49703   2.74992
 0.698006   2.05119
 0.614544   2.38751
 0.568014   2.69747
 0.804725   2.85143
 0.200788    2.5645
 0.627966   2.25059
  2.06081   2.19793
   2.1796    1.9647
  2.60739    2.0302
  1.99901   2.66623
  1.51316   1.70347
 0.984895  0.656826
 0.837988    2.9244
 0.816986   1.86744
 0.180083  0.435637
  1.01322    1.2373
  2.41623   1.84253
   2.6852  0.982271
  2.87246   1.51624
  2.24063   1.04304
  1.39438   1.54457
  2.14244   2.08916
  2.47737   2.68221
  2.92514   1.11119
    2.187  0.756618
 0.462487   2.07055
 0.424626  0.192301
 0.759849   0.74387
  2.20278    2.3656
  2.70045   1.66773
  1.97956   2.66841
 0.269442   1.24608
  2.73333   1.32864
  1.74159   1.53076
  1.98598   1.83147
   1.9584   2.90005
  2.86378  0.506395
 0.720417   1.74205
  1.52407  0.604686
 0.190061   2.24995
  2.85346   1.11921
  2.97777   2.76126
  2.37304   1.70957
  2.16806   1.49262
  1.87528   0.59606
  1.17314   1.29568
  1.74856   1.49072
  2.75113  0.862013
  1.31924   1.19963
  2.63119   1.26076
  1.55361   1.33567
 0.579953    0.7535
  2.82731 0.0509271
  1.68767   1.69766
  2.24697   2.37485
 0.929037   2.60268
 0.218085    1.5453
 0.763195   1.85351
 0.776387   1.03847
 0.017462   2.81157
  2.14153  0.845217
   2.2091   1.26542
 0.731249  0.454164
  1.87713   1.90857
  2.85915  0.944495
  2.25992  0.939149
  1.98717  0.392649
 0.769583    2.8494
  2.06672    2.7403
  1.23749  0.731892
 0.645991   0.62903
 0.242899   1.61834
  1.99146  0.724399
 0.360839    2.2877
  1.64116  0.352648
  2.88457   1.32186
  2.89667   2.22711
  2.06788   2.10291
 0.145056     2.237
  1.26954   1.49001
  2.41818   2.51239
  1.87795   2.12703
  2.48043   2.92986
  1.68173   1.31629
 0.313882   1.71257
  2.50239 0.0956363
  2.54741    1.0354
 0.187975   2.07795
  1.73982   2.38517
  2.39042  0.136885
 0.991885  0.235857
  1.31847   2.25202
  1.09554   2.01412
 0.780054   2.24538
  1.44239   2.14441
   1.8062   2.23652
   2.8127   0.16378
 0.133897   1.07398
  1.36741    2.7994
  2.86198   2.31824
0.0159954   2.55545
 0.442112   1.12351
0.0816119   2.51486
 0.490286   1.43382
  2.37307    2.5061
  2.89827   1.63275
 0.889915   1.95157
 0.483561   1.70941
  1.60217   2.29561
  1.06568  0.928778
  2.68705    1.0351
  2.19502   1.48032
  1.06652   2.07506
   2.5665  0.230466
  2.13996   0.20831
 0.451842   1.12308
 0.182567   2.09829
   2.8378   1.39553
  2.47071   2.70218
  2.89955   2.23382
  1.16892  0.930854
  2.01669   2.19184
 0.343354   1.78017
  1.31787  0.849204
  2.32193   2.74868
 0.974554   1.68458
 0.574844  0.110986
 0.569264   1.44046
 0.653683   0.47361
 0.532637   1.82702
   2.0656   2.67119
 0.510433  0.883904
 0.467882   0.99209
 0.776795    2.8877
  2.06343   1.82603
 0.343485   2.37088
  2.63781   1.66754
 0.509947   1.04644
 0.101752   1.95902
 0.238017   1.44455
 0.475507   1.14833
  1.11331   0.60394
0.0347109   0.80944
  2.69647   1.37536
  2.02482   2.50472
  2.53747  0.110316
  2.26879   1.25141
  2.91226  0.212701
 0.132588   0.64007
  2.39707   1.42264
 0.673982  0.809972
   2.4124   2.70472
  2.22824   1.97199
  1.76061  0.404932
  1.15164    1.5362
  2.35229  0.451666
 0.109933  0.730774
  1.33575   2.93877
 0.385484   1.38018
  2.93408    2.2351
 0.294345  0.928038
 0.289391   2.08434
  2.98931   1.50493
  2.36944  0.826481
  2.04833  0.986369
  2.71067  0.393802
  2.67389   1.89403
 0.858875  0.770301
  1.33623   2.20817
  1.03131   1.06665
 0.913056  0.362219
  2.52817  0.761864
  2.74596   1.96057
  1.67338   1.55277
  1.12835   2.95524
 0.575942   2.14045
 0.423881   1.53779
  2.64113   2.47581
 0.176008  0.836682
  2.02673   2.28067
 0.346778  0.229304
 0.595618   2.36742
  2.22888  0.711194
  2.04821  0.716988
  2.20026   2.92728
 0.859209  0.395577
  1.24111   1.73939
 0.830805 0.0405232
 0.261311   2.19774
0.0519014  0.580898
 0.887824 0.0855998
 0.143732   2.40812
  2.05736   1.18538
LINKS_SOURCE_DESTINATION_DISTANCE 1798
     0      1      1
     0      6      1
     0      8      1
     0     13      1
     0     18      1
     0     22      1
     0     25      1
     0     44      1
     0     51      1
     0    325      1
     0    738      1
     1      0      1
     1      2      1
     1      3      1
     1     11      1
     1     12      1
     1    125      1
     2      1      1
     2      5      1
     2     14      1
     2     35      1
     2     36      1
     2    312      1
     2    713      1
     3      1      1
     3      4      1
     3     34      1
     3     38      1
     3     53      1
     3    167      1
     3    394      1
     3    410      1
     4      3      1
     4     31      1
     4     39      1
     4     55      1
     4    113      1
     4    132      1
     4    351      1
     5      2      1
     5      7      1
     5    151      1
     5    156      1
     5    354      1
     5    691      1
     5    723      1
     5    837      1
     6      0      1
     6      9      1
     6     33      1
     7      5      1
     7    395      1
     8      0      1
     8     10      1
     8     15      1
     8    134      1
     8    268      1
     9      6      1
     9     20      1
     9     21      1
     9    153      1
    10      8      1
    10     77      1
    10    502      1
    11      1      1
    11     16      1
    11    364      1
    12      1      1
    12     48      1
    13      0      1
    13     42      1
    13     70      1
    13    200      1
    13    308      1
    14      2      1
    14     19      1
    14     52      1
    14    390      1
    14    793      1
    15      8      1
    15     17      1
    15    124      1
    15    369      1
    15    549      1
    15    794      1
    16     11      1
    16     24      1
    16    178      1
    16    201      1
    17     15      1
    17     40      1
    17    142      1
    17    237      1
    18      0      1
    18     26      1
    18     54      1
    18    114      1
    18    245      1
    18    499      1
    19     14      1
    19     28      1
    19     32      1
    19     46      1
    19     68      1
    20      9      1
    20     23      1
    20     47      1
    20    145      1
    21      9      1
    21     74      1
    22      0      1
    22     27      1
    22     66      1
    22     67      1
    22     89      1
    22    112      1
    22    443      1
    22    486      1
    22    646      1
    23     20      1
    23     60      1
    23     75      1
    23    183      1
    24     16      1
    24     43      1
    24     57      1
    24    168      1
    24    408      1
    25      0      1
    25     30      1
    25    536      1
    25    846      1
    26     18      1
    26     90      1
    26     91      1
    27     22      1
    27     29      1
    27     50      1
    27     62      1
    27     69      1
    27    194      1
    27    393      1
    27    750      1
    28     19      1
    28     79      1
    28    216      1
    29     27      1
    29     82      1
    29    120      1
    29    490      1
    30     25      1
    30    175      1
    30    289      1
    31      4      1
    31     80      1
    31    375      1
    32     19      1
    32     37      1
    32     41      1
    32     59      1
    32    590      1
    32    823      1
    33      6      1
    33    127      1
    33    171      1
    33    189      1
    33    415      1
    33    482      1
    34      3      1
    34     49      1
    34     63      1
    34     76      1
    34    633      1
    35      2      1
    35     45      1
    35    269      1
    36      2      1
    36     56      1
    36     83      1
    36    332      1
    37     32      1
    37     72      1
    37    109      1
    37    649      1
    38      3      1
    38     84      1
    38     85      1
    39      4      1
    39    111      1
    39    135      1
    39    680      1
    39    833      1
    40     17      1
    40    128      1
    40    222      1
    40    303      1
    41     32      1
    41    582      1
    41    761      1
    42     13      1
    42    405      1
    42    506      1
    42    601      1
    43     24      1
    43    139      1
    43    305      1
    44      0      1
    44     81      1
    44    106      1
    44    160      1
    44    316      1
    44    418      1
    44    488      1
    44    693      1
    45     35      1
    45     92      1
    45    104      1
    45    219      1
    46     19      1
    46    296      1
    46    561      1
    47     20      1
    47     78      1
    47     98      1
    47    526      1
    47    768      1
    48     12      1
    48    102      1
    48    338      1
    49     34      1
    49    121      1
    49    158      1
    49    212      1
    49    279      1
    49    366      1
    49    626      1
    50     27      1
    50    129      1
    50    190      1
    50    244      1
    51      0      1
    51     93      1
    51    105      1
    51    150      1
    52     14      1
    52     97      1
    52    241      1
    52    243      1
    52    257      1
    52    521      1
    53      3      1
    53    162      1
    53    164      1
    54     18      1
    54     94      1
    54    117      1
    54    155      1
    55      4      1
    55    228      1
    55    274      1
    56     36      1
    56    144      1
    57     24      1
    57     58      1
    57    282      1
    57    384      1
    57    667      1
    58     57      1
    58     71      1
    58    131      1
    58    232      1
    58    786      1
    59     32      1
    60     23      1
    60     61      1
    60    146      1
    60    176      1
    60    355      1
    61     60      1
    61    266      1
    62     27      1
    62    447      1
    62    571      1
    63     34      1
    63     64      1
    63     65      1
    63    141      1
    64     63      1
    64    349      1
    64    500      1
    65     63      1
    65    348      1
    65    383      1
    66     22      1
    66     73      1
    66    255      1
    66    412      1
    67     22      1
    67    483      1
    67    636      1
    68     19      1
    68    334      1
    68    454      1
    68    756      1
    69     27      1
    69    357      1
    69    820      1
    70     13      1
    70     99      1
    70    270      1
    71     58      1
    71     86      1
    71    263      1
    71    344      1
    71    572      1
    71    591      1
    71    741      1
    71    747      1
    72     37      1
    72    195      1
    72    275      1
    73     66      1
    73     96      1
    73    100      1
    73    474      1
    74     21      1
    74     87      1
    74    118      1
    74    202      1
    74    704      1
    75     23      1
    75    101      1
    75    119      1
    75    638      1
    76     34      1
    76    137      1
    77     10      1
    77    159      1
    77    537      1
    78     47      1
    78    140      1
    78    188      1
    78    545      1
    79     28      1
    79    286      1
    79    610      1
    79    898      1
    80     31      1
    80    107      1
    80    337      1
    80    805      1
    81     44      1
    81    251      1
    82     29      1
    82    363      1
    82    434      1
    83     36      1
    83     95      1
    84     38      1
    84    108      1
    84    556      1
    84    670      1
    84    815      1
    85     38      1
    85     88      1
    85    110      1
    85    177      1
    85    297      1
    85    315      1
    85    377      1
    85    406      1
    85    433      1
    85    471      1
    85    524      1
    86     71      1
    86    198      1
    87     74      1
    87    742      1
    88     85      1
    89     22      1
    89    249      1
    89    345      1
    90     26      1
    90    103      1
    90    122      1
    90    343      1
    91     26      1
    91    217      1
    91    293      1
    91    310      1
    92     45      1
    92    300      1
    92    593      1
    93     51      1
    93    265      1
    93    647      1
    94     54      1
    94    115      1
    94    235      1
    94    250      1
    94    329      1
    94    736      1
    95     83      1
    95    391      1
    95    527      1
    96     73      1
    96    166      1
    96    203      1
    96    240      1
    96    276      1
    97     52      1
    97    182      1
    97    317      1
    97    616      1
    98     47      1
    98    209      1
    98    313      1
    98    504      1
    99     70      1
    99    213      1
    99    321      1
   100     73      1
   100    386      1
   100    419      1
   101     75      1
   102     48      1
   102    532      1
   103     90      1
   103    116      1
   103    157      1
   103    193      1
   104     45      1
   104    546      1
   105     51      1
   105    136      1
   105    192      1
   105    221      1
   105    782      1
   106     44      1
   106    223      1
   106    586      1
   107     80      1
   107    180      1
   108     84      1
   109     37      1
   109    234      1
   110     85      1
   111     39      1
   111    215      1
   111    618      1
   112     22      1
   112    302      1
   112    534      1
   113      4      1
   113    138      1
   113    170      1
   113    335      1
   113    637      1
   114     18      1
   114    126      1
   114    248      1
   114    371      1
   115     94      1
   115    133      1
   115    208      1
   115    233      1
   115    855      1
   116    103      1
   117     54      1
   117    123      1
   117    206      1
   117    356      1
   117    632      1
   118     74      1
   119     75      1
   119    143      1
   120     29      1
   120    262      1
   121     49      1
   121    331      1
   122     90      1
   122    130      1
   122    148      1
   122    218      1
   123    117      1
   123    477      1
   124     15      1
   124    339      1
   125      1      1
   125    149      1
   126    114      1
   126    207      1
   126    288      1
   127     33      1
   127    230      1
   127    753      1
   128     40      1
   128    531      1
   129     50      1
   129    838      1
   130    122      1
   130    353      1
   131     58      1
   131    184      1
   131    214      1
   131    261      1
   132      4      1
   132    161      1
   132    165      1
   133    115      1
   133    470      1
   133    813      1
   134      8      1
   134    169      1
   134    173      1
   134    328      1
   134    515      1
   135     39      1
   135    152      1
   135    399      1
   136    105      1
   136    252      1
   136    342      1
   136    802      1
   137     76      1
   137    367      1
   137    444      1
   138    113      1
   138    211      1
   138    762      1
   139     43      1
   139    174      1
   139    653      1
   140     78      1
   140    147      1
   141     63      1
   142     17      1
   142    226      1
   142    600      1
   143    119      1
   144     56      1
   144    476      1
   145     20      1
   145    295      1
   145    663      1
   146     60      1
   146    450      1
   146    459      1
   147    140      1
   148    122      1
   148    154      1
   148    204      1
   148    677      1
   149    125      1
   149    441      1
   150     51      1
   150    507      1
   151      5      1
   152    135      1
   152    323      1
   152    380      1
   153      9      1
   153    186      1
   153    187      1
   153    191      1
   153    246      1
   153    446      1
   154    148      1
   155     54      1
   155    327      1
   155    533      1
   155    598      1
   155    746      1
   156      5      1
   156    227      1
   157    103      1
   157    304      1
   158     49      1
   158    775      1
   159     77      1
   159    179      1
   159    258      1
   160     44      1
   160    163      1
   161    132      1
   161    199      1
   162     53      1
   162    205      1
   162    489      1
   162    867      1
   163    160      1
   163    291      1
   163    611      1
   164     53      1
   165    132      1
   165    382      1
   166     96      1
   166    181      1
   166    290      1
   166    437      1
   167      3      1
   167    368      1
   167    821      1
   168     24      1
   168    172      1
   168    210      1
   168    510      1
   169    134      1
   169    347      1
   169    575      1
   169    720      1
   170    113      1
   170    299      1
   171     33      1
   172    168      1
   172    645      1
   172    672      1
   173    134      1
   173    358      1
   174    139      1
   174    298      1
   175     30      1
   175    352      1
   176     60      1
   176    229      1
   176    306      1
   176    592      1
   177     85      1
   177    573      1
   178     16      1
   178    424      1
   178    494      1
   178    540      1
   178    621      1
   178    624      1
   178    852      1
   179    159      1
   180    107      1
   180    196      1
   180    225      1
   180    254      1
   180    372      1
   181    166      1
   181    712      1
   182     97      1
   182    185      1
   182    278      1
   182    779      1
   183     23      1
   183    893      1
   184    131      1
   185    182      1
   185    359      1
   185    467      1
   186    153      1
   186    396      1
   187    153      1
   187    280      1
   188     78      1
   189     33      1
   189    197      1
   189    256      1
   189    634      1
   190     50      1
   190    273      1
   191    153      1
   191    333      1
   191    554      1
   191    644      1
   192    105      1
   192    529      1
   193    103      1
   193    264      1
   194     27      1
   194    239      1
   194    825      1
   195     72      1
   196    180      1
   196    231      1
   196    392      1
   197    189      1
   197    238      1
   197    629      1
   197    688      1
   198     86      1
   198    242      1
   199    161      1
   200     13      1
   200    639      1
   201     16      1
   201    661      1
   202     74      1
   203     96      1
   203    220      1
   203    307      1
   203    388      1
   203    407      1
   203    542      1
   204    148      1
   205    162      1
   205    281      1
   205    309      1
   205    341      1
   206    117      1
   207    126      1
   207    579      1
   207    659      1
   208    115      1
   208    721      1
   209     98      1
   209    528      1
   210    168      1
   210    272      1
   210    565      1
   211    138      1
   211    224      1
   212     49      1
   212    236      1
   212    267      1
   212    311      1
   212    606      1
   212    681      1
   213     99      1
   214    131      1
   214    277      1
   214    431      1
   214    865      1
   215    111      1
   215    271      1
   215    847      1
   216     28      1
   216    411      1
   216    884      1
   217     91      1
   218    122      1
   218    553      1
   219     45      1
   219    440      1
   220    203      1
   221    105      1
   221    485      1
   221    525      1
   222     40      1
   223    106      1
   223    520      1
   223    551      1
   224    211      1
   225    180      1
   225    373      1
   226    142      1
   226    420      1
   227    156      1
   227    400      1
   227    609      1
   227    683      1
   228     55      1
   228    416      1
   229    176      1
   230    127      1
   231    196      1
   232     58      1
   232    360      1
   232    402      1
   232    899      1
   233    115      1
   234    109      1
   235     94      1
   235    417      1
   236    212      1
   237     17      1
   237    318      1
   237    320      1
   237    336      1
   237    455      1
   238    197      1
   238    580      1
   239    194      1
   239    247      1
   239    374      1
   240     96      1
   240    409      1
   241     52      1
   241    859      1
   242    198      1
   242    615      1
   243     52      1
   243    260      1
   243    292      1
   243    421      1
   243    869      1
   244     50      1
   244    253      1
   244    603      1
   245     18      1
   246    153      1
   246    425      1
   247    239      1
   248    114      1
   249     89      1
   249    781      1
   250     94      1
   250    387      1
   250    481      1
   251     81      1
   251    428      1
   251    463      1
   252    136      1
   253    244      1
   253    259      1
   253    287      1
   253    301      1
   254    180      1
   254    285      1
   254    294      1
   254    622      1
   255     66      1
   256    189      1
   256    705      1
   257     52      1
   258    159      1
   258    314      1
   258    702      1
   258    722      1
   259    253      1
   259    361      1
   260    243      1
   260    737      1
   260    807      1
   260    849      1
   260    866      1
   261    131      1
   261    890      1
   262    120      1
   262    429      1
   262    487      1
   262    676      1
   262    797      1
   262    878      1
   263     71      1
   264    193      1
   265     93      1
   265    625      1
   266     61      1
   266    468      1
   266    492      1
   267    212      1
   267    283      1
   267    873      1
   268      8      1
   268    694      1
   268    784      1
   269     35      1
   269    473      1
   269    589      1
   269    856      1
   270     70      1
   271    215      1
   271    628      1
   271    654      1
   271    662      1
   272    210      1
   273    190      1
   274     55      1
   275     72      1
   275    475      1
   276     96      1
   277    214      1
   278    182      1
   278    284      1
   278    404      1
   279     49      1
   280    187      1
   280    464      1
   281    205      1
   281    883      1
   282     57      1
   282    472      1
   282    716      1
   283    267      1
   284    278      1
   284    478      1
   285    254      1
   286     79      1
   287    253      1
   287    617      1
   287    652      1
   288    126      1
   289     30      1
   289    319      1
   289    322      1
   289    543      1
   290    166      1
   290    340      1
   291    163      1
   291    651      1
   292    243      1
   292    324      1
   292    330      1
   292    365      1
   292    708      1
   293     91      1
   293    690      1
   294    254      1
   295    145      1
   296     46      1
   296    501      1
   297     85      1
   297    776      1
   298    174      1
   298    456      1
   299    170      1
   299    480      1
   299    508      1
   300     92      1
   301    253      1
   301    448      1
   302    112      1
   302    449      1
   302    503      1
   302    766      1
   302    803      1
   303     40      1
   303    479      1
   303    726      1
   304    157      1
   304    513      1
   305     43      1
   305    362      1
   306    176      1
   306    810      1
   307    203      1
   307    773      1
   308     13      1
   308    497      1
   309    205      1
   310     91      1
   311    212      1
   311    389      1
   311    452      1
   311    777      1
   312      2      1
   312    413      1
   313     98      1
   313    378      1
   314    258      1
   315     85      1
   315    530      1
   315    678      1
   316     44      1
   317     97      1
   317    535      1
   317    748      1
   318    237      1
   318    538      1
   318    574      1
   318    707      1
   319    289      1
   319    539      1
   319    818      1
   320    237      1
   321     99      1
   321    860      1
   322    289      1
   322    834      1
   323    152      1
   323    326      1
   323    350      1
   323    656      1
   324    292      1
   324    875      1
   325      0      1
   325    509      1
   325    631      1
   325    715      1
   326    323      1
   326    381      1
   326    505      1
   326    804      1
   327    155      1
   328    134      1
   328    512      1
   329     94      1
   330    292      1
   330    430      1
   331    121      1
   331    422      1
   332     36      1
   332    451      1
   332    559      1
   332    597      1
   333    191      1
   333    398      1
   333    588      1
   333    658      1
   333    790      1
   334     68      1
   335    113      1
   335    522      1
   336    237      1
   336    346      1
   336    729      1
   337     80      1
   337    673      1
   338     48      1
   338    445      1
   338    642      1
   338    824      1
   339    124      1
   339    379      1
   340    290      1
   340    453      1
   341    205      1
   341    547      1
   342    136      1
   342    668      1
   343     90      1
   343    562      1
   344     71      1
   344    370      1
   345     89      1
   345    892      1
   346    336      1
   346    403      1
   346    519      1
   346    801      1
   347    169      1
   347    783      1
   348     65      1
   349     64      1
   349    465      1
   350    323      1
   351      4      1
   351    432      1
   352    175      1
   352    466      1
   353    130      1
   354      5      1
   354    439      1
   355     60      1
   356    117      1
   357     69      1
   358    173      1
   358    414      1
   359    185      1
   359    808      1
   360    232      1
   360    664      1
   361    259      1
   361    401      1
   362    305      1
   362    397      1
   362    567      1
   363     82      1
   363    772      1
   364     11      1
   364    423      1
   365    292      1
   365    457      1
   366     49      1
   366    868      1
   367    137      1
   368    167      1
   368    675      1
   369     15      1
   370    344      1
   371    114      1
   372    180      1
   372    436      1
   373    225      1
   374    239      1
   374    495      1
   375     31      1
   375    376      1
   376    375      1
   377     85      1
   377    788      1
   378    313      1
   379    339      1
   379    599      1
   380    152      1
   381    326      1
   381    442      1
   381    462      1
   381    752      1
   382    165      1
   383     65      1
   383    427      1
   383    858      1
   384     57      1
   384    385      1
   384    709      1
   385    384      1
   385    732      1
   386    100      1
   386    800      1
   387    250      1
   387    660      1
   387    770      1
   388    203      1
   388    666      1
   389    311      1
   389    461      1
   389    548      1
   389    696      1
   390     14      1
   390    809      1
   390    812      1
   391     95      1
   391    435      1
   392    196      1
   392    438      1
   393     27      1
   393    595      1
   394      3      1
   395      7      1
   396    186      1
   397    362      1
   397    698      1
   398    333      1
   399    135      1
   399    714      1
   399    760      1
   399    881      1
   399    887      1
   400    227      1
   401    361      1
   402    232      1
   402    426      1
   403    346      1
   404    278      1
   404    484      1
   404    496      1
   405     42      1
   405    841      1
   406     85      1
   406    583      1
   406    740      1
   407    203      1
   407    719      1
   408     24      1
   409    240      1
   409    516      1
   409    620      1
   410      3      1
   411    216      1
   411    498      1
   411    791      1
   412     66      1
   412    578      1
   413    312      1
   414    358      1
   414    569      1
   415     33      1
   416    228      1
   417    235      1
   417    613      1
   418     44      1
   418    650      1
   419    100      1
   419    514      1
   420    226      1
   420    731      1
   421    243      1
   422    331      1
   423    364      1
   424    178      1
   425    246      1
   425    743      1
   426    402      1
   426    744      1
   427    383      1
   427    819      1
   428    251      1
   428    685      1
   429    262      1
   430    330      1
   431    214      1
   431    460      1
   431    854      1
   432    351      1
   432    557      1
   433     85      1
   433    733      1
   434     82      1
   435    391      1
   435    560      1
   436    372      1
   436    648      1
   437    166      1
   438    392      1
   439    354      1
   439    518      1
   439    541      1
   439    836      1
   440    219      1
   440    711      1
   441    149      1
   442    381      1
   442    493      1
   443     22      1
   444    137      1
   444    816      1
   444    848      1
   445    338      1
   446    153      1
   446    458      1
   447     62      1
   448    301      1
   449    302      1
   449    555      1
   450    146      1
   450    577      1
   451    332      1
   451    725      1
   452    311      1
   452    469      1
   453    340      1
   454     68      1
   454    584      1
   455    237      1
   455    635      1
   456    298      1
   456    689      1
   457    365      1
   457    751      1
   458    446      1
   458    703      1
   459    146      1
   460    431      1
   461    389      1
   462    381      1
   463    251      1
   464    280      1
   465    349      1
   465    763      1
   466    352      1
   466    491      1
   467    185      1
   467    604      1
   468    266      1
   469    452      1
   470    133      1
   470    879      1
   471     85      1
   471    870      1
   472    282      1
   473    269      1
   474     73      1
   475    275      1
   475    612      1
   476    144      1
   476    643      1
   477    123      1
   478    284      1
   479    303      1
   480    299      1
   481    250      1
   481    655      1
   481    896      1
   482     33      1
   483     67      1
   484    404      1
   484    550      1
   484    581      1
   485    221      1
   486     22      1
   487    262      1
   488     44      1
   489    162      1
   490     29      1
   491    466      1
   491    895      1
   492    266      1
   493    442      1
   494    178      1
   494    774      1
   495    374      1
   496    404      1
   497    308      1
   498    411      1
   498    614      1
   499     18      1
   499    727      1
   500     64      1
   500    771      1
   501    296      1
   501    605      1
   501    608      1
   502     10      1
   502    544      1
   502    568      1
   503    302      1
   504     98      1
   504    657      1
   505    326      1
   506     42      1
   507    150      1
   508    299      1
   508    511      1
   509    325      1
   510    168      1
   510    607      1
   511    508      1
   512    328      1
   513    304      1
   513    558      1
   513    585      1
   514    419      1
   514    517      1
   515    134      1
   515    829      1
   516    409      1
   516    552      1
   517    514      1
   517    523      1
   518    439      1
   518    718      1
   518    882      1
   519    346      1
   519    749      1
   520    223      1
   520    822      1
   521     52      1
   521    665      1
   521    758      1
   522    335      1
   522    619      1
   523    517      1
   523    563      1
   524     85      1
   525    221      1
   525    734      1
   525    897      1
   526     47      1
   526    695      1
   527     95      1
   528    209      1
   529    192      1
   529    811      1
   530    315      1
   531    128      1
   531    817      1
   532    102      1
   532    671      1
   533    155      1
   533    570      1
   534    112      1
   534    564      1
   534    686      1
   535    317      1
   536     25      1
   536    630      1
   537     77      1
   537    827      1
   538    318      1
   539    319      1
   539    735      1
   539    864      1
   540    178      1
   540    566      1
   540    682      1
   540    757      1
   541    439      1
   541    710      1
   542    203      1
   542    576      1
   543    289      1
   544    502      1
   544    764      1
   545     78      1
   546    104      1
   547    341      1
   548    389      1
   549     15      1
   550    484      1
   551    223      1
   552    516      1
   553    218      1
   553    730      1
   554    191      1
   554    700      1
   555    449      1
   556     84      1
   557    432      1
   557    699      1
   558    513      1
   559    332      1
   559    745      1
   560    435      1
   561     46      1
   562    343      1
   562    872      1
   563    523      1
   564    534      1
   565    210      1
   566    540      1
   567    362      1
   568    502      1
   568    640      1
   568    692      1
   568    839      1
   569    414      1
   569    594      1
   569    891      1
   570    533      1
   571     62      1
   572     71      1
   573    177      1
   574    318      1
   574    596      1
   574    880      1
   575    169      1
   576    542      1
   577    450      1
   578    412      1
   578    798      1
   579    207      1
   580    238      1
   581    484      1
   582     41      1
   583    406      1
   583    874      1
   584    454      1
   584    755      1
   585    513      1
   585    587      1
   586    106      1
   587    585      1
   588    333      1
   588    851      1
   589    269      1
   590     32      1
   591     71      1
   592    176      1
   593     92      1
   594    569      1
   595    393      1
   595    602      1
   596    574      1
   597    332      1
   597    627      1
   597    728      1
   598    155      1
   598    842      1
   599    379      1
   600    142      1
   601     42      1
   601    785      1
   601    843      1
   602    595      1
   603    244      1
   604    467      1
   605    501      1
   606    212      1
   607    510      1
   608    501      1
   609    227      1
   610     79      1
   611    163      1
   612    475      1
   612    623      1
   613    417      1
   614    498      1
   615    242      1
   616     97      1
   617    287      1
   617    641      1
   618    111      1
   619    522      1
   620    409      1
   621    178      1
   622    254      1
   623    612      1
   624    178      1
   625    265      1
   626     49      1
   626    877      1
   627    597      1
   628    271      1
   629    197      1
   630    536      1
   630    754      1
   631    325      1
   631    888      1
   632    117      1
   633     34      1
   633    862      1
   634    189      1
   635    455      1
   636     67      1
   637    113      1
   638     75      1
   639    200      1
   640    568      1
   641    617      1
   641    684      1
   642    338      1
   643    476      1
   643    706      1
   644    191      1
   644    674      1
   645    172      1
   645    886      1
   646     22      1
   646    796      1
   647     93      1
   648    436      1
   649     37      1
   650    418      1
   650    724      1
   651    291      1
   652    287      1
   652    830      1
   653    139      1
   654    271      1
   654    844      1
   655    481      1
   656    323      1
   656    787      1
   657    504      1
   658    333      1
   658    701      1
   659    207      1
   659    669      1
   660    387      1
   661    201      1
   662    271      1
   663    145      1
   663    697      1
   664    360      1
   665    521      1
   666    388      1
   667     57      1
   668    342      1
   668    857      1
   669    659      1
   669    679      1
   670     84      1
   671    532      1
   672    172      1
   673    337      1
   674    644      1
   675    368      1
   676    262      1
   677    148      1
   678    315      1
   679    669      1
   680     39      1
   681    212      1
   682    540      1
   682    687      1
   683    227      1
   684    641      1
   685    428      1
   685    861      1
   686    534      1
   686    840      1
   687    682      1
   688    197      1
   688    739      1
   689    456      1
   689    778      1
   690    293      1
   690    767      1
   691      5      1
   692    568      1
   692    717      1
   693     44      1
   694    268      1
   695    526      1
   696    389      1
   697    663      1
   698    397      1
   698    814      1
   698    845      1
   699    557      1
   700    554      1
   700    795      1
   701    658      1
   702    258      1
   703    458      1
   704     74      1
   704    792      1
   705    256      1
   705    769      1
   705    799      1
   706    643      1
   707    318      1
   708    292      1
   709    384      1
   710    541      1
   711    440      1
   712    181      1
   713      2      1
   714    399      1
   715    325      1
   715    853      1
   716    282      1
   717    692      1
   718    518      1
   718    889      1
   719    407      1
   720    169      1
   721    208      1
   722    258      1
   723      5      1
   724    650      1
   724    780      1
   725    451      1
   726    303      1
   726    863      1
   727    499      1
   728    597      1
   728    759      1
   728    871      1
   729    336      1
   730    553      1
   731    420      1
   732    385      1
   733    433      1
   733    765      1
   734    525      1
   735    539      1
   735    806      1
   736     94      1
   737    260      1
   738      0      1
   738    850      1
   739    688      1
   740    406      1
   741     71      1
   742     87      1
   743    425      1
   744    426      1
   745    559      1
   746    155      1
   746    789      1
   747     71      1
   748    317      1
   749    519      1
   750     27      1
   751    457      1
   752    381      1
   753    127      1
   754    630      1
   755    584      1
   756     68      1
   757    540      1
   758    521      1
   759    728      1
   760    399      1
   761     41      1
   762    138      1
   763    465      1
   764    544      1
   764    876      1
   765    733      1
   766    302      1
   767    690      1
   768     47      1
   769    705      1
   770    387      1
   771    500      1
   772    363      1
   773    307      1
   774    494      1
   775    158      1
   775    831      1
   776    297      1
   777    311      1
   777    828      1
   778    689      1
   779    182      1
   780    724      1
   781    249      1
   782    105      1
   783    347      1
   783    832      1
   784    268      1
   785    601      1
   785    826      1
   786     58      1
   787    656      1
   788    377      1
   789    746      1
   790    333      1
   791    411      1
   792    704      1
   793     14      1
   794     15      1
   795    700      1
   796    646      1
   797    262      1
   798    578      1
   799    705      1
   800    386      1
   801    346      1
   802    136      1
   803    302      1
   804    326      1
   805     80      1
   806    735      1
   807    260      1
   808    359      1
   809    390      1
   809    885      1
   810    306      1
   811    529      1
   812    390      1
   813    133      1
   813    835      1
   814    698      1
   815     84      1
   816    444      1
   817    531      1
   818    319      1
   819    427      1
   820     69      1
   821    167      1
   822    520      1
   823     32      1
   824    338      1
   825    194      1
   826    785      1
   827    537      1
   828    777      1
   829    515      1
   830    652      1
   831    775      1
   832    783      1
   833     39      1
   834    322      1
   835    813      1
   836    439      1
   837      5      1
   838    129      1
   839    568      1
   840    686      1
   841    405      1
   842    598      1
   843    601      1
   844    654      1
   845    698      1
   846     25      1
   847    215      1
   848    444      1
   849    260      1
   850    738      1
   851    588      1
   852    178      1
   853    715      1
   854    431      1
   855    115      1
   856    269      1
   857    668      1
   858    383      1
   859    241      1
   860    321      1
   861    685      1
   862    633      1
   863    726      1
   864    539      1
   865    214      1
   866    260      1
   867    162      1
   868    366      1
   869    243      1
   870    471      1
   871    728      1
   872    562      1
   873    267      1
   874    583      1
   875    324      1
   876    764      1
   877    626      1
   878    262      1
   879    470      1
   880    574      1
   881    399      1
   882    518      1
   883    281      1
   884    216      1
   885    809      1
   886    645      1
   887    399      1
   888    631      1
   889    718      1
   890    261      1
   891    569      1
   892    345      1
   892    894      1
   893    183      1
   894    892      1
   895    491      1
   896    481      1
   897    525      1
   898     79      1
   899    232      1
