COORD_X_Y 50
 0.333217 0.0635912
 0.810266  0.338426
  1.15102  0.938247
 0.816651   1.15252
  2.31609  0.148077
  2.87323   1.72656
  1.92336   1.41231
  2.28047  0.235047
  1.47405   1.96907
  1.36188  0.455701
0.0106171   2.86713
 0.675659  0.921812
  2.52808   1.75144
  2.12528   1.46111
  1.29117   2.69926
  1.66818   2.18532
  2.23295   2.42654
  2.46189   1.10774
  2.27619   1.29978
  2.99451    2.9436
  1.29148  0.923895
 0.173036  0.465389
  2.25841 0.0358477
  1.09897   1.06881
  2.37556   1.92675
 0.377597  0.309961
  1.00935  0.605637
  2.83132   0.52645
  1.24428   2.53955
 0.835346   2.88152
 0.169592 0.0203474
  1.13854  0.600475
 0.584516  0.351557
 0.561712  0.615899
  1.27125   2.57493
  1.77077   2.22538
 0.551721   1.43236
  2.76986   2.48083
  1.23125   2.20801
  1.59033    1.8839
  1.33571  0.136962
 0.896971   2.46849
 0.974398    2.2708
  1.14479  0.760223
 0.261102 0.0835797
 0.506471   2.97042
0.0655793   2.10752
 0.986918   2.83076
  2.22687   1.22005
 0.720587   2.29206
LINKS_SOURCE_DESTINATION_DISTANCE 98
     0      1      1
     0     28      1
     1      0      1
     1      2      1
     1      8      1
     1     15      1
     2      1      1
     2      3      1
     2     10      1
     3      2      1
     3      4      1
     3      5      1
     3     37      1
     4      3      1
     4      6      1
     4     13      1
     4     14      1
     4     35      1
     5      3      1
     5      7      1
     5     32      1
     6      4      1
     7      5      1
     7      9      1
     7     12      1
     7     24      1
     7     26      1
     8      1      1
     8     20      1
     9      7      1
    10      2      1
    10     11      1
    11     10      1
    11     21      1
    11     22      1
    11     45      1
    12      7      1
    12     23      1
    13      4      1
    13     16      1
    13     33      1
    14      4      1
    14     43      1
    15      1      1
    15     17      1
    15     25      1
    16     13      1
    16     18      1
    16     34      1
    17     15      1
    17     31      1
    18     16      1
    18     19      1
    19     18      1
    19     29      1
    20      8      1
    20     44      1
    21     11      1
    22     11      1
    23     12      1
    24      7      1
    25     15      1
    25     27      1
    25     36      1
    25     49      1
    26      7      1
    26     30      1
    26     46      1
    27     25      1
    28      0      1
    28     39      1
    29     19      1
    30     26      1
    30     47      1
    31     17      1
    32      5      1
    33     13      1
    34     16      1
    34     38      1
    34     41      1
    35      4      1
    36     25      1
    37      3      1
    38     34      1
    39     28      1
    39     40      1
    40     39      1
    41     34      1
    41     42      1
    42     41      1
    43     14      1
    43     48      1
    44     20      1
    45     11      1
    46     26      1
    47     30      1
    48     43      1
    49     25      1
