COORD_X_Y 150
  1.30164   1.34765
  2.77912  0.586925
   2.2933  0.655789
  2.25447   1.73543
  2.17558  0.632111
   1.0992  0.662869
 0.629516   2.82557
  1.08013   2.32933
 0.816008   2.27891
  1.64027   1.63998
  1.15228   2.52463
  1.39776   0.55221
  0.90982    1.0125
  1.10622  0.118768
 0.481954   0.66595
 0.335269   1.94385
  2.67225  0.746405
0.0886075   2.24609
  1.68215   2.64763
  2.03078   1.65324
 0.384157  0.949617
 0.341122  0.226104
  2.01272   1.38516
  2.88733  0.499269
 0.551779   2.87209
  1.63206   2.88127
 0.888904   1.39411
  1.72873  0.860284
   1.7131  0.603261
  2.87829  0.877297
  2.72142  0.239001
  2.59147  0.168325
  1.98394   1.78363
   1.1586  0.930201
 0.193799   2.96719
 0.371657   1.03542
  1.63738   2.13898
  2.46804   1.40667
  2.27873  0.798212
 0.383943 0.0134447
  1.00695   2.98389
  2.46198  0.213062
  2.23839   2.57831
  1.00773   2.69481
  2.25241   1.16076
  2.85006   1.90992
  1.21311   2.99899
  2.67467   2.96494
  1.80951   2.84718
  2.86291  0.927276
  1.24049   1.71136
  1.11932  0.893318
  1.23995 0.0921808
  2.62152  0.218807
  2.71023   2.43168
  1.23023   2.06651
  1.34544   1.31124
 0.973931   2.30966
  2.74411   2.46264
  1.42719   1.23515
 0.410036   1.75715
 0.329429   1.86618
 0.193759   1.42455
 0.694482   1.46374
 0.404758  0.248283
0.0134981   2.59311
 0.578966  0.621027
 0.411701   1.67329
  1.18351  0.853292
  1.40641  0.552594
  2.01734   2.02416
 0.468211   2.75175
 0.262878   2.25166
  2.55797   1.03398
  2.90051   2.14309
 0.511183   1.13395
  0.24683   1.20763
  2.70672    2.2534
  2.73737   1.43588
 0.765462   2.07855
  2.18765   1.30472
  1.17497  0.882563
   1.9937    2.3877
 0.842039   1.19958
   2.5089   1.74211
  2.16742   1.93967
  1.27308  0.110367
  2.56317   2.06688
 0.519116  0.496445
  1.71029   1.76957
 0.404663   2.20888
  0.67892   2.33557
  2.81566   1.40343
0.0731893   2.88787
  1.71865    1.3848
  1.18715   2.03264
 0.823273   1.40035
   2.9081  0.237554
  2.32719   1.55946
 0.854885  0.193927
  2.97271  0.653624
  1.94046   1.39216
  1.53973   2.94094
  2.22865   2.43315
  1.50267   0.58548
  1.00342   1.72353
  1.26946   2.33672
  1.17802  0.794892
  2.12801   1.19663
  2.99001  0.727589
 0.365756   1.25662
 0.642113   2.64632
  2.52327   1.55556
  1.05483  0.857305
 0.562073   1.44865
  2.72468   2.89082
  2.69205   1.92116
  1.67624  0.211806
  2.31728  0.636397
 0.158202  0.104175
  2.51451   1.20817
 0.938814  0.893644
   2.2595   2.24098
  2.58583   2.83686
  1.21925  0.959948
 0.406763   2.93749
 0.640184  0.683427
 0.856601   1.47986
  1.44733   2.94046
  2.75349  0.887033
   1.1764   2.99716
  2.25982   2.04011
 0.592041   1.37456
 0.171812   2.72284
 0.885932   2.61038
  1.19387   0.11365
  1.77826   2.02735
  0.88822   2.54475
  2.04239  0.826844
 0.375938   1.78128
  1.86701   1.96678
 0.467883  0.850821
  2.09589   1.09635
  1.55144   1.93097
  1.26411   1.86147
 0.872699   2.21695
  2.94813    2.2173
 0.910747  0.292046
 0.154417   1.81658
 0.948453  0.976116
LINKS_SOURCE_DESTINATION_DISTANCE 298
     0      1      1
     0      6      1
     0      8      1
     0     52      1
     1      0      1
     1      2      1
     1      3      1
     1      4      1
     1      7      1
     1     66      1
     1     85      1
     2      1      1
     3      1      1
     3     10      1
     3     17      1
     3    104      1
     3    105      1
     4      1      1
     4      5      1
     4     12      1
     4     42      1
     4     61      1
     4     68      1
     4     77      1
     5      4      1
     5     20      1
     5     24      1
     5     37      1
     5     83      1
     5    117      1
     5    132      1
     5    148      1
     6      0      1
     6      9      1
     6     21      1
     6     35      1
     6     60      1
     6     91      1
     7      1      1
     7     31      1
     8      0      1
     8     11      1
     8     53      1
     8     72      1
     8    100      1
     9      6      1
     9     25      1
     9    129      1
     9    145      1
    10      3      1
    10     65      1
    10     75      1
    11      8      1
    11     19      1
    11     28      1
    11     29      1
    11     36      1
    11     38      1
    11     46      1
    11     54      1
    11     87      1
    11    125      1
    12      4      1
    12     13      1
    12     34      1
    13     12      1
    13     14      1
    13     15      1
    13     32      1
    14     13      1
    14     18      1
    14     22      1
    14     39      1
    14    112      1
    15     13      1
    15     16      1
    16     15      1
    16     27      1
    16     55      1
    16     59      1
    16     82      1
    16     84      1
    17      3      1
    17    127      1
    18     14      1
    18     45      1
    19     11      1
    20      5      1
    20     23      1
    20     26      1
    21      6      1
    21    121      1
    22     14      1
    22     58      1
    23     20      1
    23    149      1
    24      5      1
    25      9      1
    25     40      1
    25     69      1
    26     20      1
    26     99      1
    26    103      1
    26    111      1
    26    138      1
    27     16      1
    27     47      1
    27     73      1
    28     11      1
    29     11      1
    29     30      1
    29     56      1
    30     29      1
    30     92      1
    30    109      1
    31      7      1
    31     62      1
    32     13      1
    32     33      1
    32     81      1
    32    143      1
    33     32      1
    33    101      1
    34     12      1
    34    123      1
    35      6      1
    35     43      1
    35     51      1
    35    106      1
    36     11      1
    37      5      1
    37     63      1
    38     11      1
    38     41      1
    39     14      1
    39     44      1
    40     25      1
    41     38      1
    41     48      1
    41     57      1
    42      4      1
    42     50      1
    42     64      1
    43     35      1
    43     78      1
    44     39      1
    44     88      1
    45     18      1
    45     49      1
    46     11      1
    46     67      1
    47     27      1
    47     79      1
    47    108      1
    47    141      1
    47    142      1
    48     41      1
    49     45      1
    50     42      1
    51     35      1
    52      0      1
    53      8      1
    53    133      1
    54     11      1
    55     16      1
    55     93      1
    55     96      1
    56     29      1
    56     74      1
    57     41      1
    57     95      1
    58     22      1
    58     70      1
    58     71      1
    58     97      1
    59     16      1
    59    118      1
    60      6      1
    61      4      1
    62     31      1
    63     37      1
    64     42      1
    65     10      1
    66      1      1
    66     86      1
    66    136      1
    66    140      1
    67     46      1
    67     76      1
    67    124      1
    67    126      1
    68      4      1
    69     25      1
    69    113      1
    70     58      1
    70    116      1
    70    131      1
    71     58      1
    72      8      1
    73     27      1
    74     56      1
    75     10      1
    76     67      1
    77      4      1
    77    115      1
    77    144      1
    78     43      1
    79     47      1
    79     80      1
    79    122      1
    80     79      1
    80    130      1
    81     32      1
    81    102      1
    81    110      1
    81    114      1
    82     16      1
    82    147      1
    83      5      1
    83     89      1
    84     16      1
    85      1      1
    85    135      1
    86     66      1
    86     90      1
    87     11      1
    87     94      1
    88     44      1
    89     83      1
    89    120      1
    90     86      1
    90    139      1
    91      6      1
    92     30      1
    92    134      1
    92    146      1
    93     55      1
    93     98      1
    94     87      1
    95     57      1
    96     55      1
    97     58      1
    98     93      1
    99     26      1
    99    107      1
   100      8      1
   101     33      1
   102     81      1
   103     26      1
   104      3      1
   105      3      1
   106     35      1
   107     99      1
   108     47      1
   109     30      1
   110     81      1
   110    119      1
   111     26      1
   112     14      1
   113     69      1
   113    128      1
   113    137      1
   114     81      1
   115     77      1
   116     70      1
   117      5      1
   118     59      1
   119    110      1
   120     89      1
   121     21      1
   122     79      1
   123     34      1
   124     67      1
   125     11      1
   126     67      1
   127     17      1
   128    113      1
   129      9      1
   130     80      1
   131     70      1
   132      5      1
   133     53      1
   134     92      1
   135     85      1
   136     66      1
   137    113      1
   138     26      1
   139     90      1
   140     66      1
   141     47      1
   142     47      1
   143     32      1
   144     77      1
   145      9      1
   146     92      1
   147     82      1
   148      5      1
   149     23      1
