COORD_X_Y 700
  1.68187  0.940366
 0.218515  0.640211
  2.44472   1.33812
  2.76657  0.473481
  1.79363   1.55253
  2.58281  0.268997
  2.16009    1.1537
  2.30543  0.882014
  1.10053   2.76906
  1.68087   2.11397
 0.651153   2.41741
  2.02238   2.28314
 0.977045   1.19883
 0.475229   2.99695
 0.133556   2.74273
  1.56311    2.4263
  2.44713   1.98268
  2.60462   2.25358
  1.54874   0.67349
  1.56189  0.387127
  0.79229   1.09878
  1.05379   2.90283
  1.24639   2.62634
  2.27032   1.47313
  1.24798   1.84544
  2.55246   1.10837
  2.77002  0.672312
  1.73849   2.87084
   2.6454    2.7983
  1.06536  0.886539
 0.346699   1.12124
  2.56551  0.334459
  1.05018   2.66609
  1.27893   2.70383
  0.55633   2.38086
 0.435577  0.825595
  0.22132   1.78017
  2.32502  0.598425
  2.17959  0.288737
  2.31403   1.55859
 0.803099   2.96684
  2.99915   1.13098
0.0468073    2.8503
 0.763541  0.563362
 0.299785   0.27154
  2.01024   2.29653
 0.589631   2.93492
  2.20846  0.267877
 0.718189   2.09359
  1.90539  0.272818
 0.736416  0.434582
  2.79901   2.48482
  1.34147    2.7236
  2.62632   2.54154
   1.6054  0.119621
  1.96997   1.82542
 0.622218   2.40549
 0.143588  0.479805
 0.801427   1.37996
  0.91233  0.699226
 0.621138   2.60552
  1.44296  0.463417
 0.623518   1.86221
  2.97054   2.28164
  2.60665   2.12036
 0.365446   1.63024
 0.514555  0.767307
 0.874986   0.68069
 0.889359   1.74359
  1.43327   2.38067
 0.790042   2.65027
  1.93052  0.353332
  1.61905   2.28741
0.0738624   1.15137
  1.92786    1.0153
 0.385205   2.29897
 0.982201  0.606878
  2.24956   2.47226
 0.230429   0.80018
  1.05444   2.69812
 0.627207   2.65798
  1.90319  0.289486
 0.728015   2.63389
  2.00078   2.38778
  1.97542  0.398449
  2.98221   2.26458
  1.99323  0.373586
 0.218276   1.72115
0.0572369  0.546552
  2.18847   0.79147
  1.14083   2.02971
  1.35823  0.124586
  2.41215  0.558632
  2.39374  0.606995
  2.88798  0.434642
  1.05229   2.95174
  1.53493 0.0699468
  1.33433   2.63989
  2.28678  0.616761
  1.08709  0.978658
  1.26438    1.8936
  1.36051   2.04509
 0.481174  0.354746
  1.63553  0.642986
 0.804779   2.89386
 0.574349  0.614265
  1.20335  0.506136
  2.97237  0.789676
  1.02208   2.89488
  1.18387  0.631081
 0.419712    1.1985
 0.292314  0.225705
  2.55442    2.2362
  1.65332    1.9899
  2.08149    1.1471
  2.98083   1.29063
  1.62005   2.38551
 0.125482   2.46896
  1.00241   1.60044
  1.50896   2.39182
  1.94571   1.19215
  2.47849   1.45569
  2.67808  0.613857
  1.53958   2.66183
0.0899896  0.963551
0.0639221   1.76067
0.0999824   2.36107
  2.18725  0.672318
 0.380912   2.73199
0.0465151   1.41939
  1.79047  0.383513
  2.93773  0.489678
  2.09268   2.24319
 0.885744   1.22293
  1.36497   2.59467
  2.33689   2.68517
 0.131451    1.5772
 0.604838   1.90256
0.0298458   2.72536
  2.33142    2.9953
  1.66827   1.58069
 0.242353   2.53974
  1.38763  0.159534
  0.40139  0.442313
  1.26187   1.71081
  2.01611   2.26202
 0.899449 0.0135377
  1.20242   2.65496
 0.247329    1.4247
  2.03928 0.0970003
  2.09885   1.15142
  1.10124   1.03308
  1.61325   2.22981
  1.35725   2.67533
  1.47921  0.487571
 0.697704   2.55231
  1.37819   1.43472
 0.941455   1.84438
  2.78825   2.54054
 0.589541    2.2526
   2.3175   1.83216
  1.97425   1.93146
 0.196361  0.135084
  2.56156    1.8391
  2.66441   1.35722
 0.805529  0.646171
   1.1974  0.483269
  2.76032   1.98973
  2.21828   1.75257
 0.329394   1.64598
  1.10306   0.41982
 0.468467  0.604362
 0.532731   1.73875
 0.163173  0.932038
 0.571631   0.14751
  1.15118  0.409776
  2.95914   2.56199
  1.84638   1.81429
  1.98904   1.61405
  0.49303  0.590388
  2.17999  0.364022
  0.71406   1.70373
  1.71137   2.61765
  0.98849     1.232
  2.18977  0.236172
  1.00196   1.98558
  2.28458   1.44851
 0.818046  0.803369
 0.368032    2.3412
 0.463452  0.367784
  1.89618 0.0373628
0.0128506    2.8323
  2.06335   2.23877
  2.11894 0.0563136
  1.82399   1.18112
  1.54371   1.64007
  1.15188  0.993838
   2.0262   2.79016
 0.347052   2.80705
0.0968831   2.56252
  1.70782  0.225551
  2.02565   2.23027
  1.78668   1.49167
  1.39589   2.24214
  2.11302   1.16311
   1.5976    1.0616
  1.78078   2.30456
  2.50799 0.0379049
  1.66838   2.04257
 0.545321   2.54366
  1.68424    2.6624
  1.16708    1.6279
 0.140527  0.419317
 0.744282  0.682787
 0.349559   1.40273
 0.854428 0.0733603
   2.7041   2.21683
  0.38877   2.58142
 0.795831   2.15314
  0.14837   1.24301
 0.572058   2.02703
  2.14325  0.841407
  1.69716   2.35035
  2.68478 0.0743955
  2.53964   1.63829
  2.05172   2.00142
  2.46354   2.81046
   1.9356   2.90081
 0.715806     2.824
  2.63765   1.35186
  0.90955    2.8864
  2.12593   2.98321
  2.25202   2.59398
  2.84122  0.151294
  2.74996   2.91666
  1.01523  0.193228
   2.7453  0.590093
  1.68264   2.71777
  0.64416  0.186519
  2.56497   2.43566
  2.79123   2.12074
 0.625043  0.937202
  2.23379   2.06057
  1.67134   1.98007
  2.27103    2.7996
  1.51211   2.54586
  2.12153  0.926354
 0.902103    1.5035
 0.391649   1.32578
  1.89626    2.3917
  2.11685  0.379076
  2.70608   1.20482
   2.9293   1.93078
  1.52178  0.597674
 0.209009   1.32981
  1.88604  0.804443
  2.45754   1.29438
   2.3932   2.48386
  2.13835  0.298227
  1.22207   2.82154
  1.50746   2.59278
  1.22895   2.67256
  1.71448   2.54907
  1.83568  0.878208
  1.48373  0.647024
 0.858666  0.386982
  2.99381  0.841448
  2.18826   1.36726
   2.4153  0.724966
 0.150494   2.08221
  1.39989    2.4655
  2.98479   0.52879
  2.51629   1.34546
   2.3067  0.371977
 0.417656  0.516396
  2.87641   2.30164
   1.8437  0.935965
  1.42412  0.859166
 0.649456   2.05959
 0.668369  0.102779
  1.76419  0.559622
  2.18069    1.3714
  1.14502  0.204261
 0.771448   2.31315
   0.5325  0.609334
  2.26729   0.78064
  2.79316  0.550994
 0.428602    1.6462
  1.10202   2.26368
  2.13742   1.88106
  1.52287   2.30387
  1.59122   1.90946
 0.866133   1.08034
  1.98729   1.05016
 0.701205   0.24199
 0.254931    2.3226
0.0940026  0.639657
  2.22135   2.51386
 0.606031 0.0385319
  1.43475   2.32096
  1.46678  0.434307
  1.26228   2.23453
  2.08563   1.09329
  2.36471  0.697507
  2.00217   1.69013
 0.857878   1.96774
  1.02172  0.661155
 0.954263   2.75736
  2.38342   2.87512
 0.676138   2.60919
  1.58618  0.102325
  2.11837    2.4096
    2.137   2.34407
  1.30371  0.458782
 0.318081   2.78191
  2.10205  0.693391
 0.730934   2.13117
  1.67817   1.16884
  1.44284   1.21524
0.0709936   2.68176
  1.72456  0.202863
 0.337635   2.35371
  2.78158   2.92806
  2.67488  0.369107
  1.18997  0.812887
  2.24064  0.132486
  1.25289   0.24469
 0.972554   2.53187
  1.95227  0.725386
 0.396377   1.94563
  2.21471   1.06159
  1.49514    2.2954
 0.930979   1.55324
0.0900148   2.85509
0.0334488   2.66678
0.0262297  0.703115
  1.93338   2.26841
  2.50759   2.50772
  1.08773   2.61189
  1.00001  0.267971
0.0155803  0.102608
  2.50694    2.4485
 0.057482   1.54639
  1.31393   2.06222
  1.67801   2.57708
  2.54467  0.907902
  1.65411   1.21526
  2.42708  0.585113
  2.30444  0.548254
 0.645421   2.35177
  1.11203   1.78661
  1.14767  0.673274
 0.179459   1.01128
  2.33514  0.356521
  2.43897   1.64337
0.0550105  0.308709
  1.91621  0.170836
  1.85371   1.26453
  2.42077    1.3917
  2.89997   2.39412
 0.315326   0.80356
  0.32458   1.63972
  2.73186    1.6296
 0.511581   2.14633
  1.79527  0.989413
  1.83977   2.61473
 0.305086   2.82898
  1.07141  0.284493
   2.6285   1.03721
  2.24813   1.71663
  1.96002   1.76687
 0.284536  0.899392
  1.23035    1.7288
 0.142748   1.33066
  1.34996   1.65289
  1.38274   1.80811
  2.02544  0.964307
 0.522246   2.25357
0.0271602  0.953876
  2.93363    2.3915
  2.74207   2.23411
 0.463826  0.332654
   1.7244   2.23516
  1.92293   1.11837
  1.88858   1.22195
  1.76361    1.8931
  1.49595   1.10247
 0.700242   2.59357
 0.614274   2.32714
  1.39244  0.891886
 0.645338   2.22398
  0.17031  0.516647
  1.42503  0.469719
  2.21411   2.97942
  2.20979   1.13965
  1.57586   2.35235
 0.560884  0.268237
 0.339273 0.0701657
  1.28717   2.55288
  2.63651  0.516368
  1.80812   2.25019
   1.3489    1.7323
 0.311498  0.468729
  1.60515 0.0774984
  2.50056   2.11936
 0.505858  0.824444
  1.48368    1.2505
 0.446857   2.18172
 0.752955  0.277216
 0.661518   1.66056
  2.88146   1.86038
 0.950362  0.652646
  2.28361  0.290755
  1.96153  0.582493
  1.49253  0.565388
 0.599861   1.19436
  1.17902   2.45468
 0.481094  0.813553
  2.24452  0.849157
 0.611807    1.6458
  1.27381   1.68489
  1.05175  0.680549
  1.10037  0.483661
  1.99305   1.05305
 0.149606    1.0126
 0.622956   2.99325
 0.500084   2.06235
  1.34421   2.00731
 0.644703  0.853362
 0.959576  0.240734
  2.77985  0.760183
 0.402421   1.94496
 0.320959   2.18273
 0.783714  0.811387
0.0183808  0.395689
  1.58188   0.98061
  1.09519   2.92304
 0.367883   1.11472
 0.888173   2.92063
  1.68814   0.84262
  2.82315   1.95301
 0.201322   2.89066
 0.638134   1.58229
 0.689347   1.44661
  2.39688   1.83931
 0.533426   0.91249
  1.82894  0.712192
 0.698703  0.526169
  1.58016   0.12871
 0.243577 0.00118464
  2.30572   1.10173
 0.146382   2.77961
 0.917983  0.308016
  1.57295   1.87301
0.0536234   1.91896
 0.140012   2.27418
 0.924309   2.50165
 0.422255 0.0495958
0.0863156   1.72304
  1.69966   2.77595
 0.121565   1.06905
  1.30448   2.09641
  2.52726   1.11043
   2.4605  0.387439
  1.78749  0.552691
 0.391929  0.937717
 0.753611  0.710942
   2.1634   2.07091
 0.570868   1.97948
  1.08202   2.23345
 0.091256   1.27654
 0.728476   2.93656
  1.55307   2.72571
0.0915364   1.42325
  2.32418   2.29842
  2.62108   2.77255
 0.509287    2.0673
  2.82792   2.20058
 0.644617   0.47093
 0.141095   1.88906
 0.896737   2.63917
  2.27819   1.83342
   1.1966   2.08995
  2.50117 0.00963612
 0.614531  0.601755
  1.37768   1.36163
  2.27945   1.39539
  2.24005  0.114707
  1.89921  0.125058
  1.81628   2.77977
  2.09032  0.830566
  1.73222   1.60194
  1.91714  0.789202
  2.00602   1.31711
  2.98339  0.706009
 0.996944  0.360225
  1.57459   1.07355
  2.44376   1.40375
 0.723039   2.12556
0.0745214   2.80201
  2.93119  0.286472
  1.74204   1.22268
  1.31608   1.94887
 0.749405  0.209178
 0.794381   2.71487
  2.13605   2.77222
  0.35294  0.314347
  1.62529   1.41912
 0.707562   1.49369
  1.30917  0.175037
 0.645057   1.93828
  2.43301   2.71846
 0.430186  0.465533
 0.551941  0.425327
  1.13555   2.33234
  1.85603   1.31731
  1.45705   1.01319
  1.52737  0.391476
  2.31214   1.56688
  1.47721   2.97254
  2.71866   2.47363
  1.67583  0.175483
  1.63863   1.57221
 0.259287   2.05825
  1.70051   1.48256
  1.25967    0.4003
 0.203791   0.31696
 0.252522  0.588394
  2.72757  0.241784
  1.96098   2.21477
  2.92509   1.09427
  1.67649   1.90072
 0.223961   1.60488
  2.25732   1.05544
  1.97237   2.14211
   0.6619   2.19607
  1.79253  0.792865
  1.85512   1.35312
  1.79461   2.96459
  1.59992   2.84811
  1.24859   2.30751
  1.45817  0.967016
  1.73535   2.65542
  2.83962   1.78672
  1.28935  0.385661
 0.587222   2.92469
  1.18618   2.85293
 0.754593   2.60998
  2.15403   2.50909
 0.280446   2.04273
  2.58523  0.413055
  1.54965   1.05701
  1.77937   1.98348
 0.181455   2.74842
  2.79745   2.15374
  2.30239   2.55522
 0.681218   1.06862
  2.54042   2.97747
 0.809507   2.55051
   1.5903  0.198167
  1.05019  0.736251
  2.08981   2.59929
  2.08602  0.439301
 0.516752  0.844834
  2.05884   2.15963
0.0247985   1.72492
  2.52762   1.19347
  2.88296   2.48759
 0.573278  0.164794
 0.708507   1.55035
 0.517107  0.182947
 0.984179   1.23183
  2.94123   1.64229
  1.52857   2.80034
  1.64265   2.17411
  1.38543   2.45875
  0.88553    1.6218
  2.38763   1.38857
 0.161808   2.93859
 0.599297  0.189007
  2.56189  0.506558
   1.1985   1.14664
  2.30069   2.36675
  1.98244   2.64484
  1.44905  0.462007
   2.4388  0.741407
  2.42209    1.7466
  1.85042   2.56192
   1.7669   2.50276
  2.37537   0.80655
  1.97014  0.362192
  1.99881  0.820554
  0.27368   0.28453
  2.13314  0.313089
 0.705935   1.57662
 0.995287  0.968661
  2.20701   1.72758
  2.12082   2.25844
 0.707437   2.04354
  2.62766    1.1541
  2.14666   1.61382
  2.46457   1.83502
   1.9866   1.72685
  2.55017  0.744066
 0.166934   1.33955
  2.00578   1.37871
  2.21861   2.41946
  2.28635   2.74762
  2.01219    1.7128
 0.288356   2.64726
  1.95945  0.256835
  1.06963  0.266795
  2.47255   2.52431
  2.20433  0.191559
  0.32527   1.26922
  2.18459   2.04462
  2.37828   1.67354
  2.30524   2.94159
 0.694906   1.77432
 0.199328 0.00109435
 0.647456   1.15022
  2.42842  0.274726
   2.9528  0.365312
  2.56079   1.33417
  1.16736  0.605709
   2.3285    1.7373
 0.745728   2.78793
  1.55273  0.616936
  1.31443   1.05197
  2.10893   1.49655
  2.87064   2.19912
 0.271796   2.37049
  1.54098   2.91175
   2.5235  0.892877
  1.16067   1.21429
  0.46984   1.91358
  2.59838  0.527129
  0.29224   2.76904
  2.88554  0.594303
  2.50143   1.59649
    2.941   2.91189
   2.1573   1.73373
  2.48558 0.0313566
  2.77924   1.73969
 0.910481 0.0849232
   1.2905    1.3656
  1.82211  0.333373
   1.9247   1.36595
 0.438108    2.3302
  1.08261   2.91337
 0.011947    2.5236
 0.889658    1.1688
 0.530111   1.00286
  2.10769   1.99665
  2.32836  0.253335
  1.25988   1.11875
  1.89713    1.2934
  2.51288   1.54792
 0.151485   2.31601
  2.33481   1.84128
 0.738548   2.68553
   1.2126   1.77603
  2.01219  0.794018
  2.64865   2.97007
 0.361723   1.52551
  1.47022  0.399431
  2.14494  0.662851
  1.20027  0.344675
  1.34828  0.785047
 0.712378  0.101837
  2.59044  0.996647
 0.808627   1.78487
  1.23017   1.04495
   2.3838    2.3221
  2.15983    2.0085
  2.48909   1.29891
  2.38338  0.398241
  0.64503   2.82033
 0.395933   0.47456
  2.78369   1.37491
  2.56981  0.714263
 0.864247   2.48236
0.0213244   2.38417
  2.84404   1.34778
  1.76703   1.32318
   1.2461   2.64753
 0.960495   0.84659
  2.38152   2.75805
 0.641362   1.90493
  2.50869   1.52969
  1.87815   1.04042
  2.59693  0.949619
  2.13422   1.77603
  2.41632   2.02235
  1.54565     1.121
0.0904408  0.878491
  1.35137   1.23741
  2.17072   2.39007
  1.68095   1.77107
  1.81869  0.641851
LINKS_SOURCE_DESTINATION_DISTANCE 1398
     0      1      1
     0      5      1
     0     96      1
     0    133      1
     1      0      1
     1      2      1
     1      6      1
     1     19      1
     1     30      1
     1     36      1
     1     75      1
     1    105      1
     1    123      1
     2      1      1
     2      3      1
     2     10      1
     2     18      1
     2     21      1
     2    141      1
     2    222      1
     2    427      1
     3      2      1
     3      4      1
     3     22      1
     3     28      1
     3     66      1
     3    101      1
     3    124      1
     4      3      1
     4      7      1
     4     50      1
     4     82      1
     4    146      1
     4    241      1
     5      0      1
     5     26      1
     5     31      1
     5     35      1
     5     71      1
     5    206      1
     5    518      1
     6      1      1
     6     15      1
     6     33      1
     6     54      1
     6     80      1
     6    104      1
     6    120      1
     6    171      1
     6    324      1
     6    657      1
     7      4      1
     7      8      1
     7      9      1
     7    217      1
     7    506      1
     8      7      1
     8     12      1
     8     38      1
     8    589      1
     8    602      1
     9      7      1
     9     11      1
     9     17      1
     9     48      1
     9    132      1
    10      2      1
    10     25      1
    10    134      1
    10    198      1
    10    537      1
    10    675      1
    11      9      1
    11     13      1
    11     14      1
    11     53      1
    11     60      1
    11    308      1
    11    594      1
    11    646      1
    12      8      1
    12     49      1
    12     98      1
    12    183      1
    13     11      1
    13     41      1
    13     47      1
    13    114      1
    13    231      1
    13    265      1
    14     11      1
    14     16      1
    14     29      1
    14    153      1
    14    690      1
    15      6      1
    15     39      1
    15    237      1
    15    641      1
    16     14      1
    16     23      1
    16     52      1
    16     55      1
    17      9      1
    17     86      1
    17    482      1
    18      2      1
    18     20      1
    18     27      1
    18     42      1
    18    254      1
    18    467      1
    19      1      1
    19     24      1
    19     62      1
    19     94      1
    19    429      1
    20     18      1
    20     43      1
    20    172      1
    20    291      1
    21      2      1
    21     32      1
    21     37      1
    21    315      1
    21    508      1
    21    530      1
    21    603      1
    22      3      1
    22     44      1
    22     56      1
    22     69      1
    22     78      1
    22    187      1
    22    352      1
    23     16      1
    23    579      1
    24     19      1
    24     34      1
    24     64      1
    24    498      1
    25     10      1
    25     68      1
    25     76      1
    25    102      1
    25    490      1
    25    565      1
    26      5      1
    26    449      1
    26    511      1
    27     18      1
    27     70      1
    27     97      1
    27    221      1
    28      3      1
    28     40      1
    28    314      1
    28    321      1
    29     14      1
    29    131      1
    29    213      1
    30      1      1
    30    232      1
    31      5      1
    32     21      1
    32    227      1
    33      6      1
    34     24      1
    34    660      1
    35      5      1
    35     46      1
    35    223      1
    35    256      1
    35    569      1
    36      1      1
    36    436      1
    36    622      1
    36    653      1
    37     21      1
    37    428      1
    38      8      1
    38    103      1
    38    147      1
    38    362      1
    39     15      1
    39     90      1
    39    115      1
    40     28      1
    40     51      1
    40    113      1
    40    611      1
    41     13      1
    41     93      1
    41    438      1
    41    444      1
    41    688      1
    42     18      1
    42    185      1
    42    398      1
    42    404      1
    42    431      1
    42    461      1
    43     20      1
    43     45      1
    43     67      1
    43    344      1
    44     22      1
    44     57      1
    44     74      1
    44    204      1
    44    521      1
    44    522      1
    44    551      1
    45     43      1
    46     35      1
    46     63      1
    46    174      1
    47     13      1
    47    299      1
    47    448      1
    48      9      1
    48     59      1
    48     84      1
    48    107      1
    48    167      1
    48    182      1
    48    253      1
    48    348      1
    48    545      1
    49     12      1
    49    316      1
    50      4      1
    50    126      1
    50    464      1
    51     40      1
    51    119      1
    52     16      1
    52     91      1
    53     11      1
    53    334      1
    54      6      1
    54    175      1
    54    294      1
    55     16      1
    55    252      1
    55    454      1
    56     22      1
    56     58      1
    56     65      1
    56    303      1
    56    527      1
    57     44      1
    57     79      1
    57     87      1
    57     92      1
    58     56      1
    58    219      1
    58    270      1
    58    387      1
    58    623      1
    59     48      1
    59    111      1
    60     11      1
    60     61      1
    60    106      1
    60    234      1
    60    505      1
    61     60      1
    61     83      1
    61    136      1
    61    162      1
    61    179      1
    61    216      1
    61    349      1
    62     19      1
    62     73      1
    62    226      1
    62    272      1
    62    402      1
    63     46      1
    63    118      1
    63    246      1
    63    247      1
    64     24      1
    64     99      1
    64    188      1
    64    614      1
    65     56      1
    65    150      1
    65    581      1
    65    638      1
    66      3      1
    66     77      1
    66    191      1
    66    433      1
    66    598      1
    67     43      1
    67    453      1
    68     25      1
    68    613      1
    69     22      1
    69    411      1
    70     27      1
    70    139      1
    71      5      1
    71     72      1
    71    148      1
    72     71      1
    72    555      1
    73     62      1
    73     88      1
    73     95      1
    73    137      1
    73    161      1
    73    205      1
    73    452      1
    74     44      1
    74    140      1
    74    228      1
    75      1      1
    76     25      1
    76    406      1
    77     66      1
    77    317      1
    78     22      1
    78    421      1
    79     57      1
    79    289      1
    79    636      1
    79    693      1
    80      6      1
    80     81      1
    80    186      1
    80    332      1
    80    590      1
    81     80      1
    81     85      1
    81    100      1
    81    193      1
    81    245      1
    81    282      1
    82      4      1
    82    492      1
    83     61      1
    83    177      1
    83    236      1
    84     48      1
    84    210      1
    84    305      1
    84    528      1
    85     81      1
    85     89      1
    85    121      1
    85    181      1
    85    184      1
    85    212      1
    85    218      1
    86     17      1
    86    413      1
    87     57      1
    88     73      1
    88    166      1
    89     85      1
    89    130      1
    89    163      1
    89    312      1
    89    679      1
    90     39      1
    90    637      1
    91     52      1
    91    169      1
    92     57      1
    92    168      1
    92    354      1
    92    477      1
    93     41      1
    93    117      1
    93    287      1
    93    471      1
    94     19      1
    94    355      1
    94    494      1
    95     73      1
    96      0      1
    96    207      1
    96    306      1
    96    648      1
    97     27      1
    97    127      1
    97    135      1
    97    155      1
    97    313      1
    97    439      1
    97    584      1
    98     12      1
    98    112      1
    98    156      1
    99     64      1
    99    149      1
    99    671      1
   100     81      1
   100    108      1
   101      3      1
   101    422      1
   102     25      1
   102    116      1
   102    170      1
   102    192      1
   102    370      1
   103     38      1
   103    125      1
   103    128      1
   103    145      1
   103    280      1
   103    340      1
   103    647      1
   104      6      1
   104    109      1
   104    337      1
   104    400      1
   105      1      1
   105    142      1
   105    151      1
   106     60      1
   106    255      1
   106    543      1
   106    557      1
   106    599      1
   107     48      1
   107    110      1
   107    158      1
   107    220      1
   107    383      1
   107    460      1
   107    561      1
   108    100      1
   108    122      1
   108    269      1
   108    409      1
   109    104      1
   109    258      1
   110    107      1
   110    178      1
   111     59      1
   111    380      1
   112     98      1
   112    271      1
   112    329      1
   113     40      1
   114     13      1
   115     39      1
   115    410      1
   116    102      1
   117     93      1
   117    250      1
   118     63      1
   118    214      1
   119     51      1
   119    129      1
   119    388      1
   119    513      1
   120      6      1
   120    189      1
   120    230      1
   121     85      1
   121    173      1
   121    215      1
   121    278      1
   121    284      1
   121    489      1
   121    496      1
   122    108      1
   122    160      1
   122    547      1
   123      1      1
   124      3      1
   124    500      1
   124    554      1
   125    103      1
   125    138      1
   125    196      1
   125    651      1
   126     50      1
   127     97      1
   127    248      1
   127    356      1
   128    103      1
   128    144      1
   128    154      1
   128    290      1
   128    501      1
   128    510      1
   129    119      1
   129    458      1
   129    681      1
   130     89      1
   130    199      1
   130    286      1
   130    475      1
   131     29      1
   131    390      1
   132      9      1
   133      0      1
   134     10      1
   134    322      1
   135     97      1
   136     61      1
   136    201      1
   136    208      1
   136    379      1
   136    652      1
   136    654      1
   136    674      1
   137     73      1
   137    143      1
   137    197      1
   138    125      1
   138    298      1
   139     70      1
   139    235      1
   139    441      1
   139    562      1
   140     74      1
   140    176      1
   140    384      1
   140    615      1
   141      2      1
   142    105      1
   142    582      1
   143    137      1
   143    240      1
   143    242      1
   143    420      1
   144    128      1
   144    159      1
   145    103      1
   145    180      1
   145    261      1
   145    268      1
   145    473      1
   146      4      1
   146    152      1
   147     38      1
   147    481      1
   148     71      1
   148    331      1
   149     99      1
   149    157      1
   150     65      1
   150    164      1
   150    202      1
   150    203      1
   151    105      1
   151    165      1
   151    209      1
   151    225      1
   151    249      1
   151    262      1
   152    146      1
   152    238      1
   152    600      1
   153     14      1
   154    128      1
   154    372      1
   154    472      1
   154    583      1
   155     97      1
   155    491      1
   156     98      1
   156    318      1
   156    378      1
   157    149      1
   158    107      1
   158    301      1
   159    144      1
   159    363      1
   160    122      1
   161     73      1
   161    194      1
   161    346      1
   161    627      1
   162     61      1
   162    659      1
   163     89      1
   163    697      1
   164    150      1
   164    277      1
   164    302      1
   165    151      1
   165    244      1
   165    649      1
   166     88      1
   166    560      1
   167     48      1
   168     92      1
   169     91      1
   170    102      1
   171      6      1
   172     20      1
   172    295      1
   173    121      1
   173    335      1
   173    484      1
   174     46      1
   174    211      1
   174    621      1
   175     54      1
   175    369      1
   176    140      1
   176    233      1
   176    297      1
   176    580      1
   176    677      1
   177     83      1
   178    110      1
   178    609      1
   179     61      1
   179    342      1
   180    145      1
   181     85      1
   181    514      1
   181    634      1
   182     48      1
   183     12      1
   184     85      1
   184    243      1
   184    497      1
   185     42      1
   185    195      1
   186     80      1
   186    293      1
   186    367      1
   187     22      1
   188     64      1
   188    309      1
   189    120      1
   189    190      1
   189    251      1
   189    323      1
   189    474      1
   190    189      1
   191     66      1
   191    466      1
   192    102      1
   192    296      1
   192    424      1
   193     81      1
   194    161      1
   194    200      1
   194    267      1
   195    185      1
   195    310      1
   195    353      1
   195    361      1
   196    125      1
   196    574      1
   197    137      1
   197    274      1
   198     10      1
   198    347      1
   198    607      1
   199    130      1
   200    194      1
   200    624      1
   201    136      1
   201    632      1
   201    699      1
   202    150      1
   202    327      1
   202    374      1
   202    396      1
   203    150      1
   204     44      1
   204    266      1
   204    350      1
   205     73      1
   206      5      1
   207     96      1
   208    136      1
   208    341      1
   209    151      1
   209    307      1
   209    336      1
   210     84      1
   210    319      1
   211    174      1
   212     85      1
   212    425      1
   213     29      1
   213    408      1
   214    118      1
   215    121      1
   215    224      1
   215    445      1
   215    542      1
   216     61      1
   216    260      1
   217      7      1
   217    229      1
   218     85      1
   218    275      1
   218    311      1
   218    405      1
   219     58      1
   219    488      1
   219    499      1
   220    107      1
   221     27      1
   221    239      1
   221    593      1
   222      2      1
   222    366      1
   223     35      1
   224    215      1
   225    151      1
   225    571      1
   226     62      1
   227     32      1
   227    533      1
   228     74      1
   228    320      1
   228    381      1
   229    217      1
   230    120      1
   230    566      1
   231     13      1
   231    670      1
   232     30      1
   233    176      1
   233    343      1
   234     60      1
   234    596      1
   235    139      1
   235    385      1
   235    432      1
   236     83      1
   236    279      1
   237     15      1
   237    678      1
   238    152      1
   238    389      1
   239    221      1
   239    326      1
   240    143      1
   240    288      1
   241      4      1
   241    532      1
   241    680      1
   242    143      1
   242    360      1
   242    419      1
   242    440      1
   243    184      1
   243    264      1
   243    415      1
   243    544      1
   244    165      1
   244    283      1
   244    368      1
   245     81      1
   246     63      1
   247     63      1
   248    127      1
   248    259      1
   248    403      1
   249    151      1
   249    345      1
   250    117      1
   250    273      1
   251    189      1
   251    257      1
   251    276      1
   251    338      1
   251    567      1
   252     55      1
   252    292      1
   253     48      1
   253    373      1
   253    386      1
   253    541      1
   253    550      1
   254     18      1
   254    564      1
   255    106      1
   255    365      1
   256     35      1
   256    377      1
   256    520      1
   257    251      1
   257    263      1
   258    109      1
   258    393      1
   258    495      1
   259    248      1
   259    540      1
   260    216      1
   260    330      1
   261    145      1
   261    357      1
   261    470      1
   262    151      1
   263    257      1
   264    243      1
   264    304      1
   264    626      1
   265     13      1
   265    426      1
   266    204      1
   267    194      1
   267    281      1
   267    462      1
   267    468      1
   268    145      1
   268    285      1
   269    108      1
   269    625      1
   270     58      1
   270    459      1
   270    463      1
   271    112      1
   271    333      1
   271    351      1
   271    435      1
   272     62      1
   272    325      1
   273    250      1
   274    197      1
   275    218      1
   276    251      1
   276    517      1
   276    695      1
   277    164      1
   278    121      1
   278    479      1
   278    519      1
   279    236      1
   280    103      1
   280    430      1
   280    691      1
   281    267      1
   282     81      1
   283    244      1
   283    339      1
   283    392      1
   283    399      1
   283    401      1
   283    686      1
   284    121      1
   284    416      1
   285    268      1
   286    130      1
   286    371      1
   287     93      1
   288    240      1
   288    493      1
   289     79      1
   290    128      1
   290    375      1
   291     20      1
   292    252      1
   292    629      1
   293    186      1
   293    457      1
   294     54      1
   294    515      1
   295    172      1
   295    597      1
   296    192      1
   296    300      1
   296    394      1
   297    176      1
   298    138      1
   299     47      1
   299    443      1
   299    487      1
   300    296      1
   301    158      1
   302    164      1
   302    548      1
   303     56      1
   304    264      1
   304    328      1
   305     84      1
   305    563      1
   306     96      1
   307    209      1
   308     11      1
   309    188      1
   309    358      1
   310    195      1
   311    218      1
   311    437      1
   312     89      1
   313     97      1
   314     28      1
   314    650      1
   315     21      1
   316     49      1
   317     77      1
   318    156      1
   319    210      1
   320    228      1
   320    523      1
   320    658      1
   321     28      1
   321    698      1
   322    134      1
   322    382      1
   323    189      1
   323    359      1
   323    414      1
   324      6      1
   325    272      1
   325    469      1
   326    239      1
   327    202      1
   328    304      1
   329    112      1
   329    417      1
   330    260      1
   330    526      1
   331    148      1
   332     80      1
   333    271      1
   334     53      1
   334    397      1
   334    418      1
   335    173      1
   336    209      1
   336    608      1
   337    104      1
   337    619      1
   338    251      1
   338    407      1
   338    667      1
   339    283      1
   340    103      1
   341    208      1
   342    179      1
   343    233      1
   344     43      1
   345    249      1
   346    161      1
   347    198      1
   348     48      1
   348    446      1
   348    592      1
   349     61      1
   349    486      1
   350    204      1
   351    271      1
   351    601      1
   351    666      1
   352     22      1
   352    588      1
   353    195      1
   353    685      1
   354     92      1
   355     94      1
   356    127      1
   357    261      1
   358    309      1
   359    323      1
   359    556      1
   360    242      1
   361    195      1
   361    364      1
   361    376      1
   362     38      1
   363    159      1
   363    395      1
   363    553      1
   364    361      1
   365    255      1
   366    222      1
   366    549      1
   367    186      1
   368    244      1
   368    507      1
   369    175      1
   370    102      1
   371    286      1
   371    465      1
   372    154      1
   373    253      1
   373    672      1
   374    202      1
   374    696      1
   375    290      1
   376    361      1
   377    256      1
   378    156      1
   379    136      1
   380    111      1
   381    228      1
   381    606      1
   382    322      1
   383    107      1
   384    140      1
   385    235      1
   385    391      1
   386    253      1
   386    412      1
   387     58      1
   388    119      1
   388    552      1
   389    238      1
   389    423      1
   390    131      1
   391    385      1
   391    476      1
   392    283      1
   392    434      1
   393    258      1
   394    296      1
   394    534      1
   395    363      1
   395    485      1
   395    529      1
   396    202      1
   396    504      1
   396    595      1
   397    334      1
   397    669      1
   398     42      1
   399    283      1
   400    104      1
   401    283      1
   402     62      1
   403    248      1
   403    512      1
   404     42      1
   404    455      1
   405    218      1
   406     76      1
   407    338      1
   407    639      1
   408    213      1
   408    586      1
   408    591      1
   408    618      1
   409    108      1
   410    115      1
   411     69      1
   412    386      1
   413     86      1
   414    323      1
   414    539      1
   415    243      1
   415    692      1
   416    284      1
   416    456      1
   416    558      1
   417    329      1
   418    334      1
   419    242      1
   419    478      1
   420    143      1
   420    665      1
   421     78      1
   422    101      1
   422    572      1
   423    389      1
   424    192      1
   424    546      1
   425    212      1
   425    450      1
   426    265      1
   427      2      1
   427    656      1
   428     37      1
   429     19      1
   430    280      1
   430    451      1
   431     42      1
   432    235      1
   433     66      1
   433    605      1
   434    392      1
   434    442      1
   434    447      1
   434    664      1
   435    271      1
   436     36      1
   437    311      1
   438     41      1
   439     97      1
   440    242      1
   440    642      1
   441    139      1
   441    570      1
   442    434      1
   443    299      1
   444     41      1
   445    215      1
   446    348      1
   447    434      1
   448     47      1
   449     26      1
   450    425      1
   450    635      1
   451    430      1
   452     73      1
   453     67      1
   454     55      1
   455    404      1
   455    483      1
   456    416      1
   457    293      1
   458    129      1
   459    270      1
   459    616      1
   460    107      1
   460    655      1
   461     42      1
   461    538      1
   461    577      1
   462    267      1
   462    643      1
   463    270      1
   464     50      1
   465    371      1
   466    191      1
   466    525      1
   467     18      1
   468    267      1
   468    480      1
   469    325      1
   470    261      1
   470    516      1
   471     93      1
   471    559      1
   472    154      1
   473    145      1
   474    189      1
   475    130      1
   476    391      1
   477     92      1
   478    419      1
   479    278      1
   479    503      1
   479    509      1
   480    468      1
   481    147      1
   482     17      1
   483    455      1
   483    535      1
   483    573      1
   484    173      1
   485    395      1
   485    502      1
   485    531      1
   486    349      1
   487    299      1
   488    219      1
   489    121      1
   490     25      1
   491    155      1
   492     82      1
   493    288      1
   494     94      1
   495    258      1
   495    644      1
   496    121      1
   496    633      1
   497    184      1
   498     24      1
   499    219      1
   500    124      1
   501    128      1
   502    485      1
   503    479      1
   504    396      1
   504    620      1
   505     60      1
   506      7      1
   507    368      1
   507    604      1
   508     21      1
   508    575      1
   509    479      1
   509    682      1
   510    128      1
   510    524      1
   510    536      1
   511     26      1
   511    576      1
   512    403      1
   513    119      1
   514    181      1
   515    294      1
   516    470      1
   517    276      1
   517    578      1
   517    585      1
   518      5      1
   519    278      1
   520    256      1
   521     44      1
   522     44      1
   523    320      1
   524    510      1
   525    466      1
   526    330      1
   527     56      1
   527    631      1
   528     84      1
   529    395      1
   530     21      1
   531    485      1
   531    683      1
   532    241      1
   533    227      1
   534    394      1
   535    483      1
   536    510      1
   536    612      1
   537     10      1
   538    461      1
   539    414      1
   540    259      1
   541    253      1
   542    215      1
   543    106      1
   544    243      1
   545     48      1
   546    424      1
   547    122      1
   548    302      1
   549    366      1
   550    253      1
   551     44      1
   552    388      1
   552    676      1
   553    363      1
   554    124      1
   554    617      1
   555     72      1
   556    359      1
   557    106      1
   558    416      1
   559    471      1
   560    166      1
   560    568      1
   561    107      1
   562    139      1
   563    305      1
   564    254      1
   565     25      1
   566    230      1
   567    251      1
   568    560      1
   569     35      1
   570    441      1
   570    587      1
   571    225      1
   572    422      1
   573    483      1
   573    628      1
   574    196      1
   575    508      1
   576    511      1
   577    461      1
   578    517      1
   579     23      1
   580    176      1
   580    694      1
   581     65      1
   582    142      1
   583    154      1
   584     97      1
   584    610      1
   585    517      1
   585    661      1
   586    408      1
   587    570      1
   587    645      1
   588    352      1
   588    662      1
   589      8      1
   590     80      1
   591    408      1
   592    348      1
   593    221      1
   594     11      1
   595    396      1
   596    234      1
   597    295      1
   598     66      1
   599    106      1
   600    152      1
   601    351      1
   601    673      1
   602      8      1
   603     21      1
   604    507      1
   605    433      1
   606    381      1
   607    198      1
   608    336      1
   609    178      1
   610    584      1
   611     40      1
   612    536      1
   613     68      1
   613    668      1
   614     64      1
   615    140      1
   616    459      1
   617    554      1
   617    640      1
   618    408      1
   619    337      1
   620    504      1
   621    174      1
   621    684      1
   622     36      1
   623     58      1
   624    200      1
   625    269      1
   625    630      1
   626    264      1
   627    161      1
   628    573      1
   629    292      1
   630    625      1
   631    527      1
   632    201      1
   633    496      1
   634    181      1
   635    450      1
   636     79      1
   637     90      1
   638     65      1
   639    407      1
   640    617      1
   641     15      1
   641    687      1
   642    440      1
   643    462      1
   644    495      1
   645    587      1
   646     11      1
   647    103      1
   648     96      1
   649    165      1
   650    314      1
   651    125      1
   652    136      1
   653     36      1
   654    136      1
   655    460      1
   656    427      1
   657      6      1
   658    320      1
   659    162      1
   660     34      1
   660    663      1
   661    585      1
   662    588      1
   663    660      1
   664    434      1
   665    420      1
   666    351      1
   667    338      1
   668    613      1
   669    397      1
   670    231      1
   671     99      1
   672    373      1
   672    689      1
   673    601      1
   674    136      1
   675     10      1
   676    552      1
   677    176      1
   678    237      1
   679     89      1
   680    241      1
   681    129      1
   682    509      1
   683    531      1
   684    621      1
   685    353      1
   686    283      1
   687    641      1
   688     41      1
   689    672      1
   690     14      1
   691    280      1
   692    415      1
   693     79      1
   694    580      1
   695    276      1
   696    374      1
   697    163      1
   698    321      1
   699    201      1
