COORD_X_Y 200
   1.3064   1.11347
  1.34006   1.62913
 0.202383   2.48586
 0.465008   1.93409
 0.192557   1.06047
  2.06201    0.4673
   2.8922  0.847466
  2.07912  0.664335
  1.99841  0.468248
 0.773296   2.63585
  2.09486   1.53501
  1.83815  0.486418
 0.511673   2.25978
 0.707223   2.18847
  1.09915  0.825162
  1.40385    1.5638
   2.2673   2.74073
 0.129428  0.016278
  1.49828  0.784153
0.0203813   2.36713
  1.81746   2.10574
 0.353999    1.1241
  1.33013   2.63142
  2.43876   0.13625
  0.22727  0.746662
  2.25356   1.58098
  2.31422 0.0882787
  2.63571   2.86666
  2.08233   2.97784
   1.2666  0.889479
  2.05121  0.330719
  2.71612   2.19604
  1.34395  0.300093
 0.705638   2.34936
  2.24622  0.354468
  2.89305  0.335087
  2.19353   1.41171
  1.41487 0.0568581
  2.82209   2.95606
 0.854547   1.48161
  2.09479   1.79602
  1.66278   1.82029
  0.58302  0.790924
  1.39588  0.451459
  2.43894   1.04953
  1.16437    2.3199
  1.49397   0.52468
 0.428043  0.547015
    0.788   1.32326
  1.48841  0.359784
 0.318298    2.5475
  2.27672   2.30359
  2.86214   1.56947
 0.459513 0.0129633
  1.16532  0.301997
 0.543937   1.11619
  2.19204   1.78272
 0.582992   2.75188
 0.293212   2.61547
  2.29834  0.285589
 0.272181   2.18698
 0.744429   1.68518
 0.737588  0.503114
  2.83618   1.61346
  2.05876   2.70868
  2.53869  0.543038
 0.759935   0.40183
0.0775673  0.218758
  1.54248   2.08144
  2.60568  0.196659
  1.75379    2.6248
 0.319081  0.618198
  1.63444   2.01959
  1.78743 0.00502245
  2.72113   2.60564
0.0942707   2.14845
  2.23014   1.92366
  1.99651   2.17909
 0.820091   2.34027
0.0421432  0.517009
 0.285341    1.8497
  1.09922   1.62013
 0.261579   1.61906
  2.05018    2.9926
 0.997398  0.116136
  1.03658    2.7442
  1.09912   1.99584
  1.04294   2.81784
0.0494439   2.40105
  1.52227  0.969022
  0.24696    0.1397
  1.35559  0.577451
  1.04856   2.34689
 0.988816  0.941801
 0.175564   0.22919
  2.45049  0.546783
  1.71457    2.6486
  1.96902    1.0207
   2.2057   2.51311
   2.2927   1.91427
  2.78415   1.42639
 0.352254  0.860898
  1.30583   1.74632
  1.13712   2.25625
  2.24094  0.088538
  2.52246  0.425932
  1.26963  0.289447
  1.02961   2.90358
  2.46488   2.58673
 0.698165   2.34495
  1.53771   2.76031
  1.38438  0.526524
   2.9214   2.83527
   1.7243   1.17203
 0.200246   1.55626
  1.66519   2.04362
  2.78981    1.9472
  2.07797  0.491974
  1.38343   1.29051
 0.268848  0.393114
   1.4321   1.63412
  2.48958   2.15032
  2.26762   2.91968
  2.16642   1.06289
  2.59364   1.44421
 0.302247  0.287292
  2.18847   2.45347
  1.39484   2.64757
  0.07497  0.983336
  1.08784   2.25438
 0.840236   2.28828
  2.13736  0.962881
  2.36126   1.40262
  1.34327  0.349179
  1.26771  0.989049
  1.64924    1.4895
   1.9183  0.288762
  1.60649  0.361597
  2.71721   1.45338
0.00104169   1.58558
  2.82335   1.02581
   2.6781   1.69835
  2.17764   2.60837
 0.324014   1.55109
  1.57069   1.24845
  1.38299   2.62391
  1.25993  0.954776
  2.49355   2.62327
  2.52855   2.48351
  2.02407   1.15246
 0.869257   1.02858
 0.858694   2.43559
  1.41952  0.606573
  2.29409   1.90272
  1.30777   2.81499
  1.39785   1.11822
  2.08734   2.13305
 0.783586   1.31311
  2.04634   2.84611
 0.921365   2.33442
 0.965743    2.1434
  1.17148   1.81386
 0.903612   2.28058
0.0671061   1.22786
  2.00052   1.26585
  1.64642   1.43695
  2.92065  0.597793
 0.564764    2.1829
  1.87322  0.790344
 0.372424   2.52395
  2.23305  0.577497
  2.20333  0.454599
  2.16626   2.98796
 0.299405   2.50543
 0.707972 0.0620732
  1.03544  0.803242
  1.57128   1.95336
  2.19779  0.219743
 0.281845   2.73099
  1.60259  0.689024
  2.90604  0.581526
 0.101891  0.425497
 0.190181 0.0825982
 0.732547   1.13428
 0.479427   2.24754
  1.56495   2.10805
  1.26452  0.331969
0.0246303   1.63596
 0.697975   2.13611
  1.30445   2.60973
  1.04917   0.72025
 0.578167 0.0855488
  2.94217   1.73481
  2.80036   1.35392
 0.681899   2.93199
  1.70688  0.637196
 0.785448  0.204722
  1.33491   2.58452
  2.50678    1.1658
 0.159304   2.14254
LINKS_SOURCE_DESTINATION_DISTANCE 398
     0      1      1
     0      3      1
     0     27      1
     0     35      1
     0     61      1
     0     86      1
     1      0      1
     1      2      1
     1     12      1
     1    103      1
     2      1      1
     2      4      1
     2      5      1
     2     17      1
     2     23      1
     2     34      1
     2     45      1
     2     62      1
     2    101      1
     2    105      1
     2    167      1
     3      0      1
     3      9      1
     3     33      1
     4      2      1
     4      6      1
     4     10      1
     4     47      1
     4     80      1
     4    110      1
     5      2      1
     5      7      1
     5     16      1
     5     21      1
     5     37      1
     5     71      1
     6      4      1
     6     29      1
     6     51      1
     6     72      1
     7      5      1
     7      8      1
     7    134      1
     7    153      1
     8      7      1
     8     19      1
     8     40      1
     8     54      1
     9      3      1
     9     28      1
    10      4      1
    10     11      1
    10     14      1
    10     24      1
    10    127      1
    11     10      1
    11     44      1
    12      1      1
    12     13      1
    12     85      1
    12    179      1
    13     12      1
    13     31      1
    13     95      1
    14     10      1
    14     15      1
    14     38      1
    15     14      1
    15     18      1
    15     25      1
    15     67      1
    16      5      1
    16     20      1
    16     30      1
    16    109      1
    17      2      1
    17     73      1
    17    152      1
    18     15      1
    18     92      1
    19      8      1
    19     48      1
    19    117      1
    20     16      1
    20     22      1
    20    104      1
    20    106      1
    21      5      1
    21    102      1
    21    122      1
    22     20      1
    22     32      1
    23      2      1
    23     60      1
    24     10      1
    24     26      1
    24    163      1
    25     15      1
    25     52      1
    25     83      1
    25     91      1
    25    172      1
    25    184      1
    26     24      1
    26    199      1
    27      0      1
    27     41      1
    27     78      1
    27    136      1
    27    182      1
    28      9      1
    28     66      1
    29      6      1
    29     87      1
    29    135      1
    30     16      1
    30     65      1
    31     13      1
    31     64      1
    31     96      1
    32     22      1
    33      3      1
    34      2      1
    34     98      1
    35      0      1
    35     36      1
    35     53      1
    36     35      1
    36     39      1
    36    120      1
    36    168      1
    37      5      1
    37     76      1
    37     88      1
    38     14      1
    38     46      1
    39     36      1
    39     43      1
    39    139      1
    39    171      1
    40      8      1
    40     42      1
    40     59      1
    41     27      1
    42     40      1
    42    128      1
    42    145      1
    43     39      1
    43    112      1
    44     11      1
    44     79      1
    44     82      1
    44    126      1
    45      2      1
    45     49      1
    45     50      1
    45     57      1
    45     68      1
    45     84      1
    45    195      1
    46     38      1
    46    166      1
    47      4      1
    48     19      1
    48     56      1
    48     70      1
    48    176      1
    49     45      1
    49    121      1
    50     45      1
    51      6      1
    51     63      1
    51     69      1
    52     25      1
    52    115      1
    52    194      1
    52    198      1
    53     35      1
    53     55      1
    54      8      1
    55     53      1
    56     48      1
    57     45      1
    57     58      1
    57    100      1
    57    150      1
    58     57      1
    58    108      1
    58    137      1
    58    170      1
    59     40      1
    59     74      1
    59     89      1
    60     23      1
    60    142      1
    61      0      1
    61    133      1
    62      2      1
    63     51      1
    63    177      1
    63    191      1
    64     31      1
    64    116      1
    65     30      1
    65     77      1
    66     28      1
    66    155      1
    67     15      1
    67     75      1
    67     94      1
    67     97      1
    68     45      1
    69     51      1
    70     48      1
    70    119      1
    70    181      1
    71      5      1
    71    143      1
    71    193      1
    72      6      1
    72    183      1
    73     17      1
    74     59      1
    74     81      1
    75     67      1
    76     37      1
    77     65      1
    77    124      1
    77    178      1
    78     27      1
    79     44      1
    80      4      1
    80     93      1
    80    125      1
    80    130      1
    80    197      1
    81     74      1
    81     99      1
    81    159      1
    82     44      1
    83     25      1
    83    118      1
    83    123      1
    83    175      1
    84     45      1
    85     12      1
    86      0      1
    86    180      1
    87     29      1
    87    111      1
    88     37      1
    88     90      1
    88    107      1
    88    190      1
    89     59      1
    90     88      1
    90    140      1
    91     25      1
    92     18      1
    92    131      1
    92    148      1
    92    160      1
    92    162      1
    93     80      1
    93    151      1
    94     67      1
    95     13      1
    96     31      1
    97     67      1
    97    164      1
    98     34      1
    99     81      1
    99    138      1
   100     57      1
   101      2      1
   101    114      1
   101    186      1
   102     21      1
   103      1      1
   104     20      1
   105      2      1
   106     20      1
   107     88      1
   107    144      1
   107    154      1
   108     58      1
   109     16      1
   110      4      1
   111     87      1
   111    113      1
   112     43      1
   112    165      1
   113    111      1
   114    101      1
   114    129      1
   115     52      1
   115    146      1
   116     64      1
   116    147      1
   117     19      1
   118     83      1
   119     70      1
   120     36      1
   120    192      1
   121     49      1
   121    187      1
   122     21      1
   122    132      1
   123     83      1
   124     77      1
   125     80      1
   125    158      1
   126     44      1
   126    156      1
   127     10      1
   128     42      1
   129    114      1
   130     80      1
   131     92      1
   131    149      1
   132    122      1
   132    141      1
   133     61      1
   134      7      1
   135     29      1
   136     27      1
   137     58      1
   138     99      1
   139     39      1
   139    161      1
   139    188      1
   140     90      1
   141    132      1
   142     60      1
   143     71      1
   144    107      1
   145     42      1
   146    115      1
   147    116      1
   148     92      1
   148    157      1
   148    196      1
   149    131      1
   149    174      1
   150     57      1
   151     93      1
   152     17      1
   153      7      1
   154    107      1
   155     66      1
   156    126      1
   157    148      1
   157    173      1
   158    125      1
   159     81      1
   160     92      1
   161    139      1
   162     92      1
   163     24      1
   164     97      1
   165    112      1
   166     46      1
   167      2      1
   168     36      1
   168    169      1
   168    185      1
   169    168      1
   170     58      1
   171     39      1
   172     25      1
   172    189      1
   173    157      1
   174    149      1
   175     83      1
   176     48      1
   177     63      1
   178     77      1
   179     12      1
   180     86      1
   181     70      1
   182     27      1
   183     72      1
   184     25      1
   185    168      1
   186    101      1
   187    121      1
   188    139      1
   189    172      1
   190     88      1
   191     63      1
   192    120      1
   193     71      1
   194     52      1
   195     45      1
   196    148      1
   197     80      1
   198     52      1
   199     26      1
