COORD_X_Y 15
 0.511082  0.916624
  1.84583   1.44429
   2.9481   1.13141
  2.46522   2.37287
  1.32217   1.75996
  2.13905   1.45451
  2.92973   2.55342
  2.53659   1.25245
 0.784459  0.396457
 0.950643    2.4617
  2.73587  0.527846
 0.345915   1.11112
 0.800158   2.67564
  2.51841   1.21215
  2.53818  0.636914
LINKS_SOURCE_DESTINATION_DISTANCE 28
     0      1      1
     1      0      1
     1      2      1
     1      3      1
     1     11      1
     1     12      1
     2      1      1
     2      4      1
     2      6      1
     3      1      1
     3      5      1
     3      9      1
     4      2      1
     5      3      1
     5      8      1
     5     14      1
     6      2      1
     6      7      1
     6     10      1
     7      6      1
     8      5      1
     9      3      1
    10      6      1
    10     13      1
    11      1      1
    12      1      1
    13     10      1
    14      5      1
