COORD_X_Y 150
   2.6372   2.89667
  1.73887  0.541868
  1.85705   2.15685
  0.28736   2.73167
  1.69761   1.63376
  1.45924   2.91086
  2.88897   1.23142
  2.27754   1.04191
  1.11445   2.29416
  1.32193  0.603743
  1.80688   1.59935
0.0440755  0.943156
  2.30066  0.985892
  0.63163  0.117283
  1.44114  0.930508
  1.09315   1.63342
    0.911 0.0609288
  2.76362    1.4119
  1.42526  0.664737
 0.342265   1.21102
  1.18481   1.40283
0.0936649   2.33703
  1.86881  0.253485
 0.239959  0.169565
  1.81449  0.383885
 0.895166  0.148603
  2.80704   1.78977
  1.42123   1.79223
 0.197712   2.42247
 0.715165  0.826181
0.0270477   1.54593
  1.96657   1.41797
  1.94599   1.35916
  1.59764   2.16159
  1.32111   2.55398
 0.952154   2.34838
  2.54126  0.441242
  1.53036    1.8404
 0.347088  0.824413
  1.10183   2.09472
  1.04423   2.88898
  2.96165   2.04655
  2.00193  0.025092
  1.94673   2.10395
  2.14432   2.74442
 0.812614   2.23209
  1.97116   0.47336
  2.29888   2.12082
  2.02195   2.98498
  2.06037   2.26635
  2.63205  0.016389
 0.664915   1.06678
  2.66553  0.483917
 0.396029   2.63785
   1.7725   2.44018
  2.67928   2.41449
  2.57079   2.68484
    2.431   1.69347
  1.24263   2.64184
   1.8302   2.71679
  1.51983   2.97387
  1.91671   2.28304
  1.72293   0.76059
  1.28421   0.10345
 0.574548  0.486173
 0.739479   2.06859
 0.889503   2.88966
  2.41905   1.21543
 0.807151  0.854735
  1.80103   1.41307
 0.860997   2.92617
  1.34874   2.00022
  2.81791  0.928828
 0.666032    2.5395
  1.70785   2.27524
  2.03561   1.06578
  2.67997   2.56662
0.0582974 0.00495332
 0.153339 0.0645049
  2.96074   1.42536
  0.55111   1.33603
  2.35161   1.77268
  1.30469   2.18637
  1.53858   1.18306
  2.17267   2.69955
  1.72937   2.15026
  1.63562   2.38478
 0.279487   1.37501
 0.164323   2.04774
  2.58657   2.57539
 0.868325   2.23157
   2.0139   0.62545
  1.16432   2.41754
0.0294945  0.776386
 0.782565  0.261476
   2.9713   2.89265
  2.34752   2.65156
 0.760799   1.82537
   0.9887   1.03603
  1.47157   1.18918
  1.98647  0.529567
  2.17452   1.68108
  2.46712   1.01913
  0.57904  0.574046
  1.85217   1.86066
  1.45255  0.242088
  1.74296   2.44385
  1.93959   2.85042
 0.239745  0.942029
  2.68594   1.37134
  1.56567   2.59148
  1.30225   1.07127
  1.39113   1.76738
  1.61796   0.28492
  1.28758   0.57546
   0.3618   1.15324
  2.80587    2.0158
  1.71837   1.64487
 0.777617   2.42875
  1.40187   1.23429
  2.43195   2.63667
0.0111357  0.410843
  1.65036   1.52589
  2.41218   2.61371
   1.7744  0.709856
  2.01666   2.77681
  2.59107   1.87414
 0.705579  0.785939
  2.11009  0.187449
   2.3442  0.419949
  1.58459   1.00673
  1.62497  0.214827
  2.24995  0.892138
  2.27941   2.06088
  1.87451   1.86341
0.0434446   2.71762
0.0719655   1.27477
 0.503361  0.410734
  1.64056   2.08473
   1.0379    0.6649
  1.22424   1.55444
 0.225987   1.37412
 0.550336  0.680582
  1.88689   2.74732
 0.303271  0.375025
   1.7168  0.894587
 0.203219   1.62289
 0.278879  0.528956
 0.844831 0.00676938
 0.698717   1.17131
LINKS_SOURCE_DESTINATION_DISTANCE 298
     0      1      1
     0     20      1
     0     53      1
     0     94      1
     1      0      1
     1      2      1
     1      3      1
     2      1      1
     2      5      1
     2      9      1
     2     16      1
     2     19      1
     3      1      1
     3      4      1
     3     12      1
     3    113      1
     3    148      1
     4      3      1
     4      7      1
     4     32      1
     5      2      1
     5      6      1
     5     10      1
     5     17      1
     5     29      1
     5     89      1
     5     92      1
     6      5      1
     6      8      1
     6     11      1
     6     25      1
     7      4      1
     7     18      1
     7     63      1
     8      6      1
     8     26      1
     8     39      1
     8     44      1
     8     56      1
     9      2      1
     9     15      1
     9     36      1
     9     62      1
     9     76      1
    10      5      1
    10     13      1
    11      6      1
    11     74      1
    12      3      1
    12     23      1
    12     24      1
    12     27      1
    12     68      1
    12    116      1
    13     10      1
    13     14      1
    13    110      1
    14     13      1
    14     22      1
    15      9      1
    15     91      1
    16      2      1
    16    114      1
    16    126      1
    17      5      1
    17     28      1
    17    100      1
    18      7      1
    18     67      1
    18    121      1
    18    135      1
    19      2      1
    19     21      1
    19    149      1
    20      0      1
    20     33      1
    20     93      1
    21     19      1
    21     58      1
    21     71      1
    22     14      1
    22     52      1
    22     88      1
    23     12      1
    23     65      1
    24     12      1
    24     51      1
    24    138      1
    25      6      1
    25     42      1
    26      8      1
    26     31      1
    26     43      1
    26     45      1
    26     57      1
    26     84      1
    26    102      1
    27     12      1
    27     34      1
    27     41      1
    27     46      1
    28     17      1
    28     37      1
    29      5      1
    29     30      1
    29     69      1
    29     85      1
    29    122      1
    30     29      1
    31     26      1
    31     35      1
    32      4      1
    32     48      1
    32     50      1
    33     20      1
    34     27      1
    34     38      1
    35     31      1
    36      9      1
    36     54      1
    36    118      1
    37     28      1
    37     40      1
    38     34      1
    38     47      1
    39      8      1
    39    119      1
    39    136      1
    40     37      1
    40     72      1
    41     27      1
    41     49      1
    41     64      1
    42     25      1
    42     99      1
    42    115      1
    43     26      1
    43     81      1
    44      8      1
    44     59      1
    44     95      1
    45     26      1
    45     78      1
    45    125      1
    46     27      1
    47     38      1
    47     60      1
    47     61      1
    48     32      1
    48    117      1
    49     41      1
    50     32      1
    50     55      1
    50     82      1
    51     24      1
    51     80      1
    51     96      1
    52     22      1
    52     97      1
    53      0      1
    54     36      1
    54     75      1
    54    105      1
    54    143      1
    55     50      1
    56      8      1
    56    142      1
    57     26      1
    58     21      1
    58    112      1
    59     44      1
    59     70      1
    59    120      1
    60     47      1
    61     47      1
    62      9      1
    63      7      1
    63    107      1
    64     41      1
    65     23      1
    65     66      1
    65     73      1
    65     79      1
    65    134      1
    66     65      1
    66    139      1
    67     18      1
    67    109      1
    68     12      1
    69     29      1
    70     59      1
    71     21      1
    71    130      1
    72     40      1
    73     65      1
    74     11      1
    74     77      1
    75     54      1
    76      9      1
    76     86      1
    77     74      1
    78     45      1
    78     90      1
    78    104      1
    79     65      1
    80     51      1
    81     43      1
    81     87      1
    82     50      1
    82     83      1
    83     82      1
    84     26      1
    85     29      1
    85    103      1
    85    111      1
    86     76      1
    86    124      1
    86    140      1
    87     81      1
    87     98      1
    88     22      1
    89      5      1
    89    129      1
    90     78      1
    91     15      1
    92      5      1
    93     20      1
    94      0      1
    94    106      1
    95     44      1
    96     51      1
    97     52      1
    98     87      1
    99     42      1
    99    101      1
   100     17      1
   100    108      1
   101     99      1
   102     26      1
   103     85      1
   104     78      1
   104    133      1
   105     54      1
   106     94      1
   107     63      1
   108    100      1
   109     67      1
   110     13      1
   111     85      1
   111    144      1
   112     58      1
   113      3      1
   114     16      1
   114    123      1
   115     42      1
   115    137      1
   115    141      1
   116     12      1
   116    128      1
   117     48      1
   118     36      1
   118    131      1
   119     39      1
   119    127      1
   120     59      1
   120    146      1
   121     18      1
   122     29      1
   123    114      1
   124     86      1
   125     45      1
   126     16      1
   127    119      1
   128    116      1
   128    132      1
   129     89      1
   130     71      1
   131    118      1
   132    128      1
   133    104      1
   134     65      1
   135     18      1
   136     39      1
   137    115      1
   138     24      1
   139     66      1
   139    145      1
   140     86      1
   140    147      1
   141    115      1
   142     56      1
   143     54      1
   144    111      1
   145    139      1
   146    120      1
   147    140      1
   148      3      1
   149     19      1
