COORD_X_Y 25
 0.709397   2.96115
  2.91741   2.66432
 0.164596  0.688697
  2.90451  0.491527
  2.64283  0.510609
  1.05447  0.186473
  1.59756   1.47616
 0.201168  0.671105
 0.784882  0.742519
  1.14425   2.69744
  1.19901   1.05078
   2.2405  0.741797
 0.197559   2.43586
 0.864216  0.837641
 0.648588  0.128566
  2.30254   1.76032
  2.43193  0.789713
  0.90968   1.88502
 0.873287  0.212205
  1.47811  0.997127
  2.20641    2.9277
  2.05533    1.5324
  2.07914   1.55367
  1.46064   0.46911
  2.81683  0.468736
LINKS_SOURCE_DESTINATION_DISTANCE 48
     0      1      1
     0      2      1
     0      5      1
     0     20      1
     1      0      1
     1      3      1
     1      4      1
     1      7      1
     1     10      1
     2      0      1
     2      8      1
     2     11      1
     2     15      1
     3      1      1
     4      1      1
     4     14      1
     4     19      1
     5      0      1
     5      6      1
     5     17      1
     5     18      1
     6      5      1
     6     22      1
     7      1      1
     7      9      1
     7     13      1
     8      2      1
     8     24      1
     9      7      1
     9     12      1
    10      1      1
    11      2      1
    12      9      1
    13      7      1
    14      4      1
    14     16      1
    14     21      1
    15      2      1
    15     23      1
    16     14      1
    17      5      1
    18      5      1
    19      4      1
    20      0      1
    21     14      1
    22      6      1
    23     15      1
    24      8      1
