COORD_X_Y 800
  1.98882  0.727827
 0.108028   1.17475
 0.737764   2.65902
   1.7452  0.341593
  2.93475   1.52782
  2.03812   2.97315
  1.15342   1.21714
   1.8134   2.30531
 0.882294   2.56269
 0.501708   0.79787
  1.98489 0.0112128
 0.168342   1.01436
  1.35555  0.484082
  1.66556   1.58894
 0.132755   2.52502
  2.23236  0.748378
  1.86346  0.104972
  2.04851  0.604639
  2.35973    2.7635
  2.96866  0.631171
  1.32004   2.71788
 0.572487   2.80458
   2.1129  0.651398
 0.159922  0.459903
  1.71085  0.388548
  2.46772  0.792755
  1.60904   2.35553
 0.334114  0.901908
 0.101952   2.63976
  2.92661   2.37968
 0.773931   1.38476
  1.43086   2.95723
  1.40954   2.90105
 0.338969  0.704709
  1.25006    1.5257
  1.04694   2.23833
   2.0474  0.823328
  0.32242   2.01352
 0.234088    1.0302
 0.242948  0.806643
  1.33322  0.529745
   1.4015    2.6202
 0.294692   1.23574
  1.57351  0.490518
  1.35216   1.59493
  2.51685   1.77093
  2.00674  0.415886
  2.78857   1.90218
  1.93023  0.793983
  1.66638    1.9833
 0.560084  0.302699
  1.69311   1.75452
 0.107063   1.71984
  1.95791   2.37486
   1.2919  0.214349
  1.01328   1.20226
  2.54845   2.27523
  1.41043    2.1759
  2.47756  0.104112
  1.27182   2.21594
  2.20808    2.0028
  2.42655  0.130648
 0.168409  0.798919
  2.46153   2.12519
 0.997429   1.22481
 0.658945   0.37837
  2.87932   1.30718
  2.34111  0.530018
   2.4589   1.71519
  1.91048   1.60389
  0.19083   1.26057
  2.40399   1.66234
  1.78618   1.80928
  2.28786   2.58163
  1.67013  0.318315
  1.41193   1.56043
 0.381151   1.75627
 0.121453   2.37052
  1.76297   0.96464
  1.01686  0.568385
  2.51412  0.248161
 0.565313  0.969167
  1.71861  0.246686
 0.135814   2.00137
0.0827397    1.8086
  1.11781   2.51648
  1.81022   1.04774
  2.10809   0.63011
  2.99379    1.4242
  2.70807   1.79455
 0.680852   1.55722
  1.84836   2.33363
 0.316236  0.135288
  1.32135   2.31482
  1.13288  0.958638
 0.978699  0.863189
 0.467019    2.5316
 0.680764   1.60176
 0.367386   2.17828
  2.71757   1.14684
  1.65414   1.46785
  2.93389   1.10706
  2.14524   2.30774
  1.65444   1.09644
  1.45833   2.29655
  1.95419   2.50071
 0.057286  0.537315
   2.1909   1.80866
 0.966278   1.82054
  2.05919   1.96694
 0.993291   2.32837
  2.44561   2.76919
  2.05284 0.0430285
  2.96405  0.328604
  1.22272   2.79619
  2.55007  0.258677
  2.88136  0.416516
0.00681415   2.14498
  1.65813   2.64784
  0.89816   1.00769
  2.48277   1.95803
  1.59445  0.468148
 0.152557    2.2308
  1.86919   1.21898
 0.568697  0.691102
  2.01894   2.57562
  1.30943   2.78083
  1.64048  0.158598
 0.839226   1.57007
  1.40327  0.250849
  2.30256  0.258456
  1.97113   1.92229
  1.11292  0.115341
  1.44948  0.808945
  2.91441  0.966507
  2.37828  0.678151
  2.24174   2.65118
 0.286441  0.200839
 0.383683   1.76074
  2.93673   1.89464
  0.29643  0.181514
  1.70094   0.50482
 0.580229   0.17025
  1.59643   2.17602
0.0966231   2.48318
  2.72923  0.972061
 0.143314   0.46773
  2.41583   2.12969
  1.37236  0.458171
  2.30166   2.68865
  1.43432    1.8404
  2.70731   1.86892
  1.84362   2.18699
  2.03612   2.68577
  1.89185   1.25948
  2.51587   1.01995
  2.70037   1.96153
  2.44111  0.883916
  1.50909   2.90618
  2.74073   1.02033
 0.127206  0.157206
 0.366373   1.34277
  2.99647   1.56591
  1.99141   2.40058
  2.06398  0.693806
   2.0123  0.380522
 0.302037   1.73779
0.0618053   2.62712
  1.96544   2.35234
   2.6273   2.59004
 0.297356   2.13612
  1.74181   2.98055
 0.898806   2.31089
  2.25207  0.432495
 0.978111   2.59688
   1.9284  0.228928
  1.00834  0.225645
 0.276379  0.259417
  2.97163  0.862503
  2.93223   2.51923
   1.5174   1.74215
  1.52153  0.323584
 0.344924  0.539555
 0.144471  0.167159
  1.34975  0.788448
  2.20848   1.19987
   2.4434   2.89355
  2.90542  0.206679
  2.24291   1.19229
  2.12346   2.26407
  1.43634  0.741711
  1.57211   2.73362
  2.30167  0.547992
  2.56993  0.690272
 0.810226   1.38897
  2.99661  0.138462
  2.54448 0.00395133
  1.84663   2.13633
  1.07165   2.86379
  2.78691   2.56562
  1.11948   1.59874
  2.86147   0.70275
  2.87284   1.38734
  2.68738   2.10897
  1.85656  0.899794
  2.38094   2.98617
  1.91416   1.09635
  2.44737  0.789655
  2.77559   1.25626
  1.67741   2.30875
0.0507328  0.419705
 0.221889  0.969963
   1.6416   1.78164
  1.90588   1.47514
  0.61776   2.52111
  2.23346   1.63197
  2.69916    1.6461
  2.84724   0.92683
 0.650942   1.63608
  2.87521  0.951277
   2.4758   2.53935
 0.500717  0.201724
  2.58598  0.183603
0.0336029   1.82849
  1.70381  0.109345
  1.42945  0.449024
  0.38271  0.953221
 0.691154   2.77473
  2.63741   1.54864
 0.328565   2.25661
   1.4732  0.733983
  2.25578  0.239571
  2.03707   1.51064
  2.38509   2.54691
  1.04477 0.0257224
 0.404626   1.90289
  0.11453  0.180166
  1.20189   2.35764
  2.87698  0.181894
  2.65409 0.0923583
  2.77038   2.15768
  1.56267   2.92327
  1.20472   2.34337
  2.74945  0.651379
 0.697782  0.307072
  1.26832  0.574764
 0.756329  0.278061
  1.17812   1.10159
  1.97342  0.103977
  1.96386  0.143532
  1.97625  0.777913
  1.73316  0.589671
  2.26084   2.33061
  2.56145  0.674449
  2.66204   1.72821
  2.32293   2.78866
0.0890612   1.83244
 0.919892   2.22149
 0.462874   1.62183
 0.428695  0.626974
 0.108248  0.218685
 0.862965  0.987481
  2.84564   0.36516
  1.54548  0.464924
 0.046466   1.68746
  2.27333  0.862498
 0.908351   1.93224
  1.69584   2.02658
 0.516802   1.47378
   1.1384   1.90477
  2.17695  0.152618
  2.42375  0.356972
 0.914905   1.43658
  1.95338   1.92445
  1.78341   1.19878
 0.415901   2.28333
  1.47062   1.31247
  1.21838   2.59306
 0.487166   1.11776
  2.36322  0.381138
  1.51916  0.466363
 0.116791   2.33427
   2.2475   2.37944
   2.7584  0.596102
  2.41988   2.83803
 0.125809   2.03358
  2.17677    1.5239
  0.62608   2.81811
 0.722749   2.61779
  1.67529  0.739738
  2.48511   2.58618
  1.78194   1.47252
  2.09085  0.840078
  2.74165   0.82964
  1.02501   1.45841
  1.25857   1.79633
 0.561003   2.82086
  2.36618   1.15907
  1.67977   2.09479
 0.927536   2.66354
  2.87788   2.23505
  2.37728   2.53796
  2.41823   2.05338
   2.2729   2.65811
  0.26384 0.0701899
0.0395683  0.481309
 0.974516   2.18106
 0.143422   2.92044
  1.34822  0.640833
 0.220191  0.127796
  2.17516   2.31522
   1.0309   1.28196
 0.452304  0.924756
  2.58141  0.211214
  1.98217   2.45798
  2.23687  0.146891
  1.53392  0.310598
  2.96651  0.392526
  1.61957   1.58973
 0.681074  0.945204
  2.22383   1.62525
  2.27603   2.36116
  2.22874   2.38378
  1.19756   2.05071
   2.3184   2.48558
   1.7997  0.426583
  1.58585   1.06974
 0.887993  0.400299
  1.88491   2.91706
  2.86201  0.419125
  1.09736   2.55637
 0.333584 0.0263892
  0.96838    1.9369
 0.390072  0.187354
  2.37979   0.24284
  1.27204  0.379605
 0.668688   1.31788
  2.57489   1.62146
  2.53991   1.96717
 0.784894   2.52548
  2.50552  0.521355
 0.825855   2.87152
   2.9658   1.47343
 0.757494   1.39479
   1.1497  0.956885
  1.44968   2.39684
  1.75616  0.863086
  1.35756  0.294329
  1.85094   2.75869
  1.52439   1.88244
  2.74456   2.72804
   1.2089   2.92823
 0.835504   2.08318
  1.46345   1.27477
  2.84403  0.760669
  0.52642 0.0646815
 0.870681   2.05416
  1.45357   1.88527
  0.29247   0.70017
  1.73614  0.859967
 0.513516   2.85683
 0.423174  0.196585
  2.26945    1.4688
  1.01225   2.17323
  2.35684  0.278007
  1.16399 0.00853339
 0.776584   1.95783
   1.3371   2.08437
  2.76095  0.827591
  1.07279   0.45133
 0.981431    1.1381
  1.45361   2.87662
  1.53872   2.62086
 0.317899   2.15918
   2.3381  0.607208
 0.934818  0.525824
 0.632774  0.879897
  1.37759 0.0477991
  1.25135   2.35271
  1.49724   1.51541
  1.38395   2.73868
  1.76566  0.796332
  2.01488   1.77897
  2.09512  0.645467
  1.65821   2.43346
  1.85659   0.39482
  1.66716  0.812903
  2.97685   2.20035
  2.46458   2.06265
 0.836897   2.33401
  1.26252   1.80147
  2.41777 0.0855322
   2.9723  0.111769
  1.00024   0.93684
 0.254117  0.831791
  1.07806   1.59177
  2.97118  0.772885
   1.5134   2.65985
 0.219871   2.13357
  1.90827   0.71361
  2.73809   1.70947
 0.331969   2.40573
  2.39605   2.81706
  1.26966   1.01675
0.0632481   2.04892
 0.896525   2.35258
  1.17009   1.75403
  2.70524   1.95893
 0.293024   2.18166
 0.314703  0.211079
   0.8249  0.184861
  2.43696  0.335403
  1.99124   2.07686
0.0930859 0.00415776
 0.915585   1.34154
 0.225837   1.06416
  1.96886  0.143855
 0.833197   2.99432
  2.38307   2.75266
  2.38079   2.32024
  1.47238  0.259785
  1.82654  0.828645
0.0221351  0.362953
 0.470648  0.766834
  2.67292  0.723075
  2.26562   2.16422
 0.896576  0.468723
0.0049399   1.64939
  1.18606   1.04279
  1.17311  0.754728
  1.04162  0.443222
 0.544791  0.951774
  2.12075   1.72384
  1.39224   1.03506
  1.80493  0.566182
  2.29275   1.28719
  2.12474   2.49141
  1.20141    1.4931
  2.36382   1.75529
 0.146382   1.12633
 0.381916    2.6535
  1.73822 0.0629788
  2.19235   2.35302
  1.84473  0.963905
 0.970191  0.267324
  2.70146   1.41464
 0.696754  0.973902
 0.876997   1.11026
   1.9504   1.03307
  2.45232  0.231764
  1.72521   1.12976
  1.22499   2.53941
  2.54898  0.366791
 0.567164  0.315733
  2.95136   2.10705
 0.389866   1.08727
 0.981079  0.028878
 0.216392   1.07806
  2.84542  0.511547
  1.30149    2.2656
  1.85769   1.10091
  2.41382   1.68878
  2.70628   2.19353
  2.01315   2.43641
  1.40114   2.42763
  1.72593   1.55914
 0.713512   2.64177
  1.12164  0.865465
  1.53977  0.404195
  2.38303   2.31877
 0.888802   2.18545
  2.79311  0.896179
0.0871511   2.81178
   2.8295  0.384436
   2.4416   1.55801
  1.93359   2.54257
  2.38985   2.42696
0.0397404  0.862181
  1.25804  0.830494
 0.669497   1.24539
  1.05048  0.569729
 0.428079   2.42298
 0.980375   1.43291
  1.40446   2.38733
  2.92226  0.567185
  2.56002  0.890539
    0.477   1.86921
  1.44771  0.903145
  2.17176   2.37816
  2.42704   1.46952
  2.78213  0.321378
  1.87792    1.9809
  1.52299   1.76217
  2.97745   2.90107
  2.37374  0.600946
  1.88487   1.31963
 0.976965   1.65648
  1.49893   2.81142
0.0284217  0.467653
 0.841502   2.70651
  2.99664  0.447504
  2.12139   1.42854
  1.11885  0.316582
 0.533573 0.0603535
  2.33401   2.91454
  2.84282     2.114
  1.85876  0.777581
0.0302074   2.06476
 0.952775 0.00092895
 0.860832    1.5693
 0.458946    1.9834
   1.5221  0.503058
 0.760583   1.68904
  2.14356   1.47465
   2.3847   2.70258
  1.73632  0.441752
   2.2796   2.76326
 0.872145   2.12011
  1.21845  0.323611
  2.14727   2.59665
 0.244269  0.511253
0.0887377  0.390155
  1.23813  0.888348
  1.86008  0.663547
  2.77278   1.28011
  1.75937   1.97602
 0.503729   1.71837
   2.1263  0.558843
  1.60071    1.7584
    1.056   2.16288
  2.24129  0.268574
  1.38133   2.24105
  1.35893   2.79904
  1.92137 0.0961266
  1.07469 0.0760926
  1.12951   1.57155
 0.705031   1.41965
   2.4785 0.0551511
  2.63377  0.821163
 0.255846   0.16921
  2.58336   1.73308
  1.74331   1.92983
   2.6437   2.01898
  1.64086  0.503419
  2.92047  0.106916
 0.505611   2.11877
  2.48579   1.15448
  1.00214   1.35642
 0.291937 0.0902322
 0.918709  0.853236
  2.02598   2.33562
  2.46274 0.0127303
  2.76211   2.78218
  1.28171    2.4071
 0.840879   2.50914
  1.88527  0.428519
 0.955059   1.21245
  1.53881  0.436179
 0.937893   2.23164
  1.61083  0.783837
 0.364015  0.640669
  2.46697   2.41323
  2.60935   2.15086
  2.78794   1.67182
  1.09814  0.616766
  1.94995  0.201746
  2.82474  0.288471
 0.677754   1.80852
  2.63833  0.687497
  1.49696   2.41314
0.0231099  0.600927
  0.14339  0.554046
 0.157013   2.87848
 0.223756    2.9948
 0.513606  0.484073
  1.35558  0.233129
 0.741786 0.0992053
  1.02136   1.34506
  1.07635   2.85552
  1.21873   1.46127
  1.58037  0.482706
 0.419966  0.852628
 0.760786   1.12493
   2.6293   0.11028
  1.27869  0.609829
  2.72183   2.34451
 0.900872   2.01793
  2.60959   1.49535
  1.81894    2.9941
  2.45557   1.17248
  1.18343   1.33272
  2.65548   1.18381
  2.65249   1.23421
  1.74852  0.172503
 0.778754     1.769
  1.66963  0.578314
   2.2424   1.72748
  2.41914   2.91432
 0.197372   2.41529
  1.69004   1.78701
  2.39273   2.71685
 0.599948   1.79064
0.0797795   1.76705
 0.823988  0.237975
  2.91777   2.76436
  2.86541   2.93948
 0.925722  0.915631
  1.95386   1.95829
  2.72387   2.48783
  1.56449  0.702518
  1.83812  0.393675
  2.81493    1.7285
 0.597103   1.06961
 0.171535    1.5253
 0.363853  0.713021
  1.14357   2.66429
  2.34645  0.191255
 0.430598   2.55521
 0.363339   1.93082
  2.58054   2.91097
 0.152169   1.64015
  1.98968   2.42096
  1.60638  0.671239
   1.8053   0.61739
  1.48765   1.06269
  2.70242  0.186966
  2.56679   2.24402
   2.7771   2.32497
  1.13558   2.25297
 0.130578   2.47879
  1.80792   2.48691
  0.48556   2.76497
 0.912941   1.89147
  1.44557   2.68111
 0.196218   2.15969
0.0801338  0.902584
  1.44979  0.340977
  0.82949  0.317327
   2.9698   1.25062
  1.90853   1.42857
  1.84324  0.436829
 0.398468  0.301172
  1.04308     1.568
 0.945529   1.33893
  1.62614  0.975691
  1.49967   2.09304
  2.09725   1.92482
 0.359244   1.82725
 0.673428    2.4913
  1.38202   1.66658
 0.253336   2.54832
  1.70517   2.59419
 0.567155  0.786944
  1.86289    2.5363
  1.22364   2.96593
 0.814514   1.78537
 0.057264   2.55984
  1.06915   2.86439
    1.461  0.521346
  2.29996  0.497483
 0.685408   2.93394
  1.16441   1.50845
  1.93136   2.97093
  2.26756   2.23381
  2.03298   2.76411
0.0200704   1.42461
  2.04121  0.647244
  2.06149   2.20829
  1.42915    2.2952
 0.612466   0.98161
  2.27803    2.2897
  1.70885   2.87041
  1.31716   1.84397
 0.263026   2.81831
  1.21454   2.64541
  2.61028   2.02292
 0.995927   0.63299
 0.121772  0.152217
  1.56715  0.945385
  2.96543 0.0178371
  1.45032   1.61982
  1.13038   2.01758
  1.90368   1.62095
   1.5167   2.55338
 0.961994  0.121017
  2.80097   1.48356
  2.71515   2.64412
  1.24474   1.96316
  1.52376    2.4084
  1.02112   2.99906
0.0889845   2.43875
  2.26388   2.11831
  1.17851  0.309642
  1.51256    2.3476
 0.222154  0.908279
  1.65368  0.161957
  2.45443  0.831585
  1.99635  0.400343
 0.450661  0.691013
  2.83123   2.94042
 0.048642   2.98922
 0.043266  0.788903
  1.32855   1.73232
 0.568626   2.15967
  2.46464  0.498604
 0.821906   2.54631
 0.738042   0.98711
0.0466446   2.57901
  2.17759   1.65649
  1.90507   2.48628
 0.142571  0.215848
 0.112868  0.734253
 0.366776 0.0384848
   1.1318  0.461249
 0.822123   2.43912
  1.37589   2.96405
  1.58637   1.77433
0.0659273  0.725049
   1.4792    2.9197
  1.31642  0.169569
  1.88681   1.87187
 0.792852   2.88846
 0.781482   2.48374
   2.3457   1.71084
0.0683344    2.4235
  1.74578   2.34276
  2.08945  0.817042
   2.9164 0.0890566
  1.19467   1.82182
 0.294055   1.60249
  1.03785   2.23291
  2.53403  0.315621
  2.42892   2.73662
 0.887674   1.39968
  1.34184   1.38299
  0.20333   2.06145
 0.432973   1.38551
  2.59354   2.80257
  1.07424 0.0149412
  0.97922   2.21063
0.0696855   1.58284
0.0266352   1.93448
 0.199237  0.626717
  1.78951  0.800562
  2.57144   1.94951
  2.17408   2.79637
  2.78755   1.85658
  1.14187   1.17491
  1.01445   1.16892
  1.74027   2.40956
 0.420867   2.34207
  1.72445   2.43286
  2.32871   1.46087
  2.13444    2.7511
0.0685491   1.68875
 0.674877  0.421983
 0.621408   0.73042
 0.694303   1.30118
 0.176263   2.32554
 0.785892    1.1966
  1.14077   2.61739
 0.914699  0.197191
 0.976159   2.19367
   2.7496   2.34037
 0.206557   1.73268
 0.210769   1.01603
  1.67712   1.28774
  1.09997   2.57762
   2.1418   2.51595
 0.563488 0.0397464
 0.599077   1.19068
 0.849072  0.719682
  1.60184   1.95649
  2.48623   1.19964
   2.3141  0.626369
  2.97172   2.65481
  1.39899  0.170017
  1.88389  0.502124
  1.44318   1.83164
  1.22386  0.347882
  1.00369    2.6383
 0.276893   2.65328
 0.325313   2.00506
  2.48363  0.410549
  2.83062   2.84509
 0.790328  0.197486
0.0400257   2.52576
 0.580458   2.08958
 0.178015 0.0740713
 0.565807    2.0459
0.00699144   1.18815
 0.710823  0.373239
  2.17927   1.25596
 0.565553    2.2031
 0.482581  0.869461
  1.60251  0.647188
  2.68691   0.23543
  1.44861   1.14384
  0.33228   1.94622
 0.930687   2.58455
LINKS_SOURCE_DESTINATION_DISTANCE 1598
     0      1      1
     0      2      1
     0      6      1
     0     12      1
     0     51      1
     0     77      1
     0    161      1
     0    179      1
     0    495      1
     1      0      1
     1      3      1
     1      8      1
     1      9      1
     1     13      1
     1     14      1
     1     38      1
     1     57      1
     1     66      1
     1     96      1
     1    119      1
     1    136      1
     1    139      1
     1    256      1
     1    349      1
     1    430      1
     2      0      1
     2      5      1
     2     25      1
     2     61      1
     2     85      1
     2    116      1
     2    140      1
     2    330      1
     3      1      1
     3      4      1
     3     59      1
     3    268      1
     4      3      1
     4     15      1
     4     21      1
     4     82      1
     4    395      1
     4    542      1
     5      2      1
     5    115      1
     5    122      1
     5    316      1
     6      0      1
     6      7      1
     6     18      1
     6     28      1
     6     47      1
     6    314      1
     6    614      1
     7      6      1
     7     10      1
     7     44      1
     7     87      1
     7    454      1
     7    545      1
     7    620      1
     8      1      1
     8     29      1
     8     39      1
     8     70      1
     8    296      1
     8    397      1
     9      1      1
     9     19      1
     9     31      1
     9     41      1
     9    342      1
     9    393      1
     9    450      1
    10      7      1
    10     11      1
    10     16      1
    10    127      1
    11     10      1
    11    104      1
    11    193      1
    11    605      1
    12      0      1
    12     33      1
    13      1      1
    13     30      1
    14      1      1
    14     17      1
    14     23      1
    14     27      1
    14    142      1
    15      4      1
    15     20      1
    15     32      1
    15     76      1
    15     78      1
    16     10      1
    16     37      1
    16    163      1
    16    235      1
    16    265      1
    16    334      1
    16    462      1
    16    602      1
    17     14      1
    17     22      1
    17     34      1
    17    219      1
    17    313      1
    17    365      1
    17    673      1
    17    710      1
    18      6      1
    18    151      1
    18    294      1
    18    453      1
    18    539      1
    18    570      1
    19      9      1
    20     15      1
    21      4      1
    21     60      1
    21    166      1
    21    387      1
    21    434      1
    22     17      1
    22     24      1
    22     36      1
    22     65      1
    22    120      1
    22    236      1
    22    288      1
    22    290      1
    23     14      1
    23    146      1
    23    173      1
    24     22      1
    24    246      1
    24    332      1
    25      2      1
    25     26      1
    25    189      1
    25    333      1
    26     25      1
    26     69      1
    26    132      1
    27     14      1
    27     79      1
    27    188      1
    27    200      1
    27    729      1
    28      6      1
    28     89      1
    28    192      1
    28    318      1
    28    607      1
    28    787      1
    29      8      1
    29     53      1
    29    103      1
    30     13      1
    30     35      1
    30     49      1
    30     62      1
    30     72      1
    30    291      1
    30    752      1
    31      9      1
    31     55      1
    31     56      1
    31    141      1
    32     15      1
    32     45      1
    32    118      1
    32    215      1
    32    510      1
    33     12      1
    33     40      1
    33    196      1
    33    212      1
    33    464      1
    34     17      1
    34    144      1
    35     30      1
    35     43      1
    35     74      1
    35     92      1
    35    270      1
    35    368      1
    35    423      1
    36     22      1
    36     73      1
    36    156      1
    36    182      1
    37     16      1
    37     80      1
    37    276      1
    37    543      1
    38      1      1
    38     63      1
    38     83      1
    38    466      1
    39      8      1
    39     90      1
    39    109      1
    39    176      1
    39    225      1
    39    340      1
    39    373      1
    39    475      1
    40     33      1
    40    234      1
    40    346      1
    41      9      1
    41     42      1
    41     81      1
    41    137      1
    41    491      1
    41    604      1
    41    781      1
    42     41      1
    42    158      1
    42    239      1
    42    357      1
    42    544      1
    42    582      1
    43     35      1
    43     46      1
    43    164      1
    43    358      1
    43    720      1
    44      7      1
    44     71      1
    44     88      1
    44    748      1
    45     32      1
    45     50      1
    46     43      1
    46     48      1
    46     52      1
    46    420      1
    47      6      1
    47     54      1
    47     97      1
    48     46      1
    48    165      1
    48    664      1
    49     30      1
    50     45      1
    51      0      1
    51    130      1
    51    131      1
    51    224      1
    51    247      1
    51    452      1
    52     46      1
    52     58      1
    52     64      1
    52    709      1
    53     29      1
    53    102      1
    53    111      1
    54     47      1
    55     31      1
    55     99      1
    55    260      1
    56     31      1
    56    107      1
    56    152      1
    57      1      1
    57     75      1
    57    517      1
    57    619      1
    58     52      1
    58     67      1
    58     84      1
    59      3      1
    59    210      1
    59    529      1
    59    599      1
    60     21      1
    60    134      1
    60    153      1
    60    272      1
    61      2      1
    61    159      1
    62     30      1
    62    169      1
    62    612      1
    62    663      1
    63     38      1
    63    640      1
    63    746      1
    64     52      1
    64     68      1
    64     95      1
    64    149      1
    65     22      1
    65    180      1
    66      1      1
    66    396      1
    66    707      1
    67     58      1
    67     93      1
    67    198      1
    67    541      1
    68     64      1
    68     94      1
    68    608      1
    69     26      1
    69    283      1
    69    649      1
    69    794      1
    70      8      1
    70     86      1
    70    232      1
    70    555      1
    71     44      1
    71     98      1
    71    500      1
    72     30      1
    72    435      1
    73     36      1
    73    784      1
    74     35      1
    74    101      1
    74    436      1
    75     57      1
    75     91      1
    75    238      1
    76     15      1
    76    167      1
    76    651      1
    77      0      1
    77    482      1
    78     15      1
    78    113      1
    78    133      1
    78    168      1
    78    171      1
    79     27      1
    79    105      1
    79    123      1
    79    261      1
    79    321      1
    79    338      1
    80     37      1
    80    157      1
    80    301      1
    80    768      1
    81     41      1
    82      4      1
    83     38      1
    83    126      1
    83    145      1
    83    262      1
    84     58      1
    84    110      1
    84    245      1
    84    441      1
    85      2      1
    85    128      1
    85    282      1
    85    739      1
    85    791      1
    86     70      1
    86    315      1
    87      7      1
    87    150      1
    87    655      1
    87    737      1
    88     44      1
    88    155      1
    88    343      1
    89     28      1
    89    253      1
    90     39      1
    90    345      1
    90    559      1
    91     75      1
    91    100      1
    91    108      1
    92     35      1
    92    129      1
    93     67      1
    93    418      1
    93    470      1
    94     68      1
    94    243      1
    94    437      1
    94    536      1
    94    700      1
    95     64      1
    96      1      1
    96    125      1
    96    172      1
    96    623      1
    96    661      1
    97     47      1
    97    547      1
    97    701      1
    98     71      1
    98    218      1
    98    258      1
    98    765      1
    99     55      1
    99    206      1
    99    252      1
    99    323      1
    99    509      1
    99    703      1
   100     91      1
   100    154      1
   100    170      1
   101     74      1
   101    114      1
   101    749      1
   102     53      1
   102    226      1
   102    237      1
   102    370      1
   102    433      1
   102    722      1
   103     29      1
   103    213      1
   103    339      1
   103    624      1
   104     11      1
   104    106      1
   104    117      1
   104    231      1
   104    377      1
   105     79      1
   106    104      1
   106    160      1
   106    404      1
   106    585      1
   107     56      1
   107    205      1
   107    788      1
   108     91      1
   108    112      1
   109     39      1
   109    162      1
   109    255      1
   110     84      1
   110    222      1
   110    492      1
   111     53      1
   111    143      1
   111    587      1
   111    588      1
   112    108      1
   112    195      1
   112    778      1
   113     78      1
   114    101      1
   115      5      1
   115    194      1
   115    263      1
   116      2      1
   116    124      1
   117    104      1
   117    216      1
   118     32      1
   118    375      1
   119      1      1
   119    138      1
   119    443      1
   120     22      1
   120    121      1
   120    135      1
   120    187      1
   120    344      1
   121    120      1
   121    248      1
   121    367      1
   122      5      1
   122    478      1
   122    568      1
   123     79      1
   124    116      1
   125     96      1
   126     83      1
   126    185      1
   127     10      1
   128     85      1
   128    178      1
   128    374      1
   128    595      1
   129     92      1
   129    593      1
   130     51      1
   130    438      1
   130    445      1
   131     51      1
   132     26      1
   132    202      1
   132    760      1
   133     78      1
   134     60      1
   135    120      1
   135    174      1
   135    359      1
   135    429      1
   136      1      1
   136    244      1
   136    552      1
   137     41      1
   138    119      1
   138    277      1
   139      1      1
   139    306      1
   140      2      1
   140    148      1
   140    574      1
   140    742      1
   141     31      1
   141    279      1
   141    684      1
   142     14      1
   142    490      1
   142    519      1
   142    732      1
   143    111      1
   143    147      1
   144     34      1
   144    177      1
   144    440      1
   144    538      1
   145     83      1
   145    240      1
   145    501      1
   146     23      1
   146    184      1
   146    741      1
   146    763      1
   147    143      1
   148    140      1
   148    326      1
   148    364      1
   148    592      1
   149     64      1
   149    354      1
   149    405      1
   149    414      1
   149    487      1
   149    494      1
   150     87      1
   151     18      1
   152     56      1
   153     60      1
   153    362      1
   153    662      1
   154    100      1
   154    611      1
   155     88      1
   155    208      1
   155    217      1
   155    242      1
   155    348      1
   156     36      1
   157     80      1
   157    351      1
   157    394      1
   157    451      1
   158     42      1
   158    300      1
   158    361      1
   158    521      1
   159     61      1
   159    211      1
   160    106      1
   160    203      1
   160    485      1
   161      0      1
   161    186      1
   161    259      1
   162    109      1
   162    565      1
   163     16      1
   163    181      1
   163    241      1
   163    372      1
   163    390      1
   163    682      1
   164     43      1
   164    175      1
   164    691      1
   165     48      1
   165    221      1
   166     21      1
   166    191      1
   166    446      1
   167     76      1
   167    199      1
   167    274      1
   168     78      1
   168    415      1
   169     62      1
   169    214      1
   169    264      1
   169    531      1
   169    616      1
   170    100      1
   171     78      1
   171    190      1
   172     96      1
   172    299      1
   172    465      1
   172    553      1
   173     23      1
   174    135      1
   174    183      1
   174    307      1
   174    774      1
   175    164      1
   175    398      1
   175    457      1
   175    730      1
   175    759      1
   176     39      1
   176    424      1
   177    144      1
   177    352      1
   177    693      1
   178    128      1
   178    356      1
   179      0      1
   179    230      1
   179    380      1
   179    493      1
   180     65      1
   180    498      1
   180    597      1
   180    639      1
   181    163      1
   181    758      1
   182     36      1
   182    201      1
   182    369      1
   183    174      1
   184    146      1
   184    229      1
   184    679      1
   185    126      1
   185    786      1
   186    161      1
   186    207      1
   187    120      1
   187    584      1
   188     27      1
   188    303      1
   189     25      1
   189    650      1
   189    657      1
   190    171      1
   190    197      1
   190    381      1
   191    166      1
   191    204      1
   191    772      1
   192     28      1
   192    223      1
   193     11      1
   193    389      1
   194    115      1
   194    228      1
   194    486      1
   195    112      1
   195    292      1
   195    738      1
   196     33      1
   197    190      1
   197    249      1
   197    428      1
   198     67      1
   199    167      1
   199    779      1
   200     27      1
   200    209      1
   200    275      1
   200    297      1
   201    182      1
   202    132      1
   202    233      1
   203    160      1
   203    250      1
   203    311      1
   204    191      1
   204    426      1
   204    439      1
   205    107      1
   205    254      1
   205    515      1
   205    563      1
   206     99      1
   206    302      1
   206    733      1
   207    186      1
   207    284      1
   207    417      1
   208    155      1
   208    269      1
   208    278      1
   209    200      1
   209    503      1
   210     59      1
   210    227      1
   211    159      1
   211    325      1
   211    484      1
   211    562      1
   212     33      1
   212    281      1
   212    322      1
   212    444      1
   213    103      1
   214    169      1
   214    220      1
   214    629      1
   215     32      1
   215    336      1
   215    384      1
   215    683      1
   216    117      1
   216    335      1
   217    155      1
   217    797      1
   218     98      1
   219     17      1
   219    533      1
   220    214      1
   220    267      1
   220    675      1
   221    165      1
   222    110      1
   222    537      1
   223    192      1
   223    520      1
   223    653      1
   224     51      1
   225     39      1
   225    293      1
   225    320      1
   226    102      1
   226    366      1
   227    210      1
   227    411      1
   227    780      1
   228    194      1
   228    271      1
   229    184      1
   229    422      1
   230    179      1
   231    104      1
   231    273      1
   231    407      1
   232     70      1
   232    572      1
   233    202      1
   234     40      1
   234    280      1
   234    310      1
   234    383      1
   235     16      1
   235    304      1
   236     22      1
   236    447      1
   237    102      1
   238     75      1
   239     42      1
   239    286      1
   239    312      1
   239    427      1
   240    145      1
   240    257      1
   240    601      1
   241    163      1
   242    155      1
   242    502      1
   242    569      1
   243     94      1
   243    337      1
   243    413      1
   244    136      1
   244    674      1
   245     84      1
   245    266      1
   246     24      1
   246    421      1
   247     51      1
   247    327      1
   247    341      1
   247    659      1
   248    121      1
   248    251      1
   248    704      1
   249    197      1
   250    203      1
   250    499      1
   251    248      1
   251    468      1
   252     99      1
   252    694      1
   253     89      1
   253    382      1
   254    205      1
   255    109      1
   255    379      1
   256      1      1
   256    385      1
   257    240      1
   257    298      1
   258     98      1
   258    507      1
   259    161      1
   260     55      1
   260    715      1
   261     79      1
   262     83      1
   263    115      1
   264    169      1
   264    419      1
   265     16      1
   265    319      1
   266    245      1
   266    723      1
   267    220      1
   267    479      1
   268      3      1
   269    208      1
   269    324      1
   270     35      1
   270    285      1
   270    388      1
   270    505      1
   271    228      1
   272     60      1
   272    523      1
   273    231      1
   274    167      1
   275    200      1
   275    287      1
   275    289      1
   275    594      1
   276     37      1
   276    309      1
   276    513      1
   277    138      1
   278    208      1
   278    350      1
   279    141      1
   279    705      1
   280    234      1
   280    295      1
   280    548      1
   281    212      1
   281    328      1
   281    371      1
   282     85      1
   282    392      1
   282    474      1
   283     69      1
   283    716      1
   284    207      1
   285    270      1
   285    399      1
   286    239      1
   286    331      1
   286    360      1
   286    416      1
   287    275      1
   288     22      1
   288    347      1
   288    409      1
   288    456      1
   289    275      1
   289    408      1
   290     22      1
   290    688      1
   291     30      1
   292    195      1
   292    754      1
   293    225      1
   293    516      1
   294     18      1
   294    577      1
   295    280      1
   295    638      1
   296      8      1
   296    305      1
   296    308      1
   296    355      1
   296    586      1
   297    200      1
   298    257      1
   299    172      1
   299    575      1
   299    590      1
   300    158      1
   301     80      1
   301    353      1
   302    206      1
   302    642      1
   303    188      1
   303    329      1
   304    235      1
   305    296      1
   306    139      1
   306    317      1
   306    376      1
   307    174      1
   308    296      1
   309    276      1
   310    234      1
   310    496      1
   310    632      1
   311    203      1
   311    618      1
   312    239      1
   313     17      1
   313    403      1
   314      6      1
   314    412      1
   315     86      1
   315    508      1
   315    764      1
   315    773      1
   316      5      1
   316    725      1
   317    306      1
   317    391      1
   318     28      1
   319    265      1
   320    225      1
   321     79      1
   322    212      1
   323     99      1
   324    269      1
   325    211      1
   325    480      1
   326    148      1
   327    247      1
   327    431      1
   327    622      1
   328    281      1
   329    303      1
   329    718      1
   330      2      1
   330    471      1
   331    286      1
   331    667      1
   332     24      1
   332    460      1
   332    580      1
   333     25      1
   334     16      1
   335    216      1
   335    386      1
   336    215      1
   337    243      1
   338     79      1
   338    458      1
   338    463      1
   338    526      1
   339    103      1
   339    524      1
   340     39      1
   341    247      1
   342      9      1
   343     88      1
   343    473      1
   344    120      1
   344    558      1
   345     90      1
   345    685      1
   346     40      1
   346    534      1
   347    288      1
   348    155      1
   348    578      1
   349      1      1
   350    278      1
   351    157      1
   352    177      1
   353    301      1
   353    476      1
   353    506      1
   354    149      1
   354    432      1
   354    518      1
   354    713      1
   355    296      1
   356    178      1
   357     42      1
   357    514      1
   357    596      1
   357    783      1
   358     43      1
   358    363      1
   358    699      1
   359    135      1
   360    286      1
   361    158      1
   361    378      1
   361    511      1
   361    656      1
   361    669      1
   361    776      1
   362    153      1
   362    442      1
   363    358      1
   364    148      1
   364    728      1
   365     17      1
   365    573      1
   365    598      1
   366    226      1
   366    402      1
   367    121      1
   367    489      1
   367    708      1
   368     35      1
   369    182      1
   369    724      1
   369    793      1
   370    102      1
   370    401      1
   371    281      1
   371    648      1
   372    163      1
   372    467      1
   372    566      1
   372    627      1
   372    670      1
   372    727      1
   373     39      1
   373    554      1
   374    128      1
   374    400      1
   374    410      1
   374    665      1
   375    118      1
   376    306      1
   377    104      1
   377    448      1
   377    472      1
   378    361      1
   378    504      1
   378    561      1
   379    255      1
   379    740      1
   380    179      1
   381    190      1
   382    253      1
   382    449      1
   383    234      1
   384    215      1
   385    256      1
   386    335      1
   386    461      1
   386    668      1
   387     21      1
   387    761      1
   388    270      1
   389    193      1
   390    163      1
   391    317      1
   391    497      1
   392    282      1
   392    615      1
   393      9      1
   394    157      1
   395      4      1
   396     66      1
   397      8      1
   398    175      1
   399    285      1
   399    406      1
   399    747      1
   400    374      1
   401    370      1
   402    366      1
   403    313      1
   403    696      1
   404    106      1
   404    550      1
   405    149      1
   405    686      1
   406    399      1
   406    581      1
   407    231      1
   407    717      1
   407    769      1
   408    289      1
   409    288      1
   409    652      1
   409    743      1
   410    374      1
   411    227      1
   412    314      1
   413    243      1
   414    149      1
   414    540      1
   415    168      1
   415    637      1
   416    286      1
   417    207      1
   417    690      1
   418     93      1
   419    264      1
   419    671      1
   419    771      1
   420     46      1
   420    564      1
   420    621      1
   421    246      1
   421    681      1
   422    229      1
   422    571      1
   423     35      1
   423    477      1
   423    522      1
   424    176      1
   424    425      1
   425    424      1
   425    469      1
   425    645      1
   426    204      1
   427    239      1
   427    646      1
   428    197      1
   428    481      1
   429    135      1
   429    488      1
   429    576      1
   430      1      1
   431    327      1
   431    654      1
   432    354      1
   432    680      1
   433    102      1
   434     21      1
   435     72      1
   435    579      1
   436     74      1
   437     94      1
   437    734      1
   438    130      1
   439    204      1
   440    144      1
   441     84      1
   442    362      1
   442    527      1
   443    119      1
   444    212      1
   444    697      1
   445    130      1
   445    483      1
   446    166      1
   446    546      1
   447    236      1
   448    377      1
   448    455      1
   449    382      1
   449    698      1
   450      9      1
   450    530      1
   450    792      1
   451    157      1
   451    551      1
   451    660      1
   451    736      1
   452     51      1
   452    567      1
   452    630      1
   453     18      1
   453    459      1
   453    549      1
   454      7      1
   455    448      1
   456    288      1
   456    525      1
   456    755      1
   457    175      1
   457    689      1
   458    338      1
   459    453      1
   460    332      1
   461    386      1
   461    613      1
   462     16      1
   463    338      1
   463    677      1
   464     33      1
   465    172      1
   466     38      1
   467    372      1
   468    251      1
   469    425      1
   470     93      1
   470    678      1
   471    330      1
   471    796      1
   472    377      1
   473    343      1
   474    282      1
   474    647      1
   475     39      1
   475    711      1
   476    353      1
   477    423      1
   477    589      1
   478    122      1
   479    267      1
   479    528      1
   480    325      1
   481    428      1
   482     77      1
   482    750      1
   483    445      1
   483    512      1
   484    211      1
   485    160      1
   486    194      1
   486    583      1
   486    706      1
   487    149      1
   488    429      1
   488    556      1
   489    367      1
   489    634      1
   490    142      1
   491     41      1
   492    110      1
   493    179      1
   494    149      1
   495      0      1
   496    310      1
   496    557      1
   497    391      1
   497    532      1
   498    180      1
   499    250      1
   500     71      1
   501    145      1
   502    242      1
   502    785      1
   503    209      1
   504    378      1
   504    560      1
   504    635      1
   505    270      1
   505    631      1
   506    353      1
   507    258      1
   507    641      1
   508    315      1
   509     99      1
   510     32      1
   511    361      1
   512    483      1
   513    276      1
   513    767      1
   514    357      1
   514    731      1
   515    205      1
   516    293      1
   517     57      1
   517    535      1
   518    354      1
   519    142      1
   519    789      1
   520    223      1
   521    158      1
   522    423      1
   523    272      1
   524    339      1
   525    456      1
   526    338      1
   527    442      1
   528    479      1
   529     59      1
   530    450      1
   530    714      1
   531    169      1
   532    497      1
   532    644      1
   533    219      1
   534    346      1
   535    517      1
   536     94      1
   537    222      1
   537    712      1
   538    144      1
   539     18      1
   540    414      1
   540    658      1
   541     67      1
   542      4      1
   543     37      1
   544     42      1
   545      7      1
   545    676      1
   546    446      1
   546    756      1
   547     97      1
   548    280      1
   548    702      1
   549    453      1
   550    404      1
   551    451      1
   551    672      1
   552    136      1
   553    172      1
   554    373      1
   554    603      1
   555     70      1
   556    488      1
   557    496      1
   558    344      1
   558    636      1
   559     90      1
   559    606      1
   560    504      1
   560    625      1
   561    378      1
   562    211      1
   563    205      1
   564    420      1
   565    162      1
   566    372      1
   566    643      1
   567    452      1
   568    122      1
   568    633      1
   569    242      1
   570     18      1
   570    753      1
   571    422      1
   572    232      1
   572    591      1
   572    600      1
   573    365      1
   574    140      1
   574    770      1
   575    299      1
   576    429      1
   577    294      1
   577    762      1
   578    348      1
   579    435      1
   580    332      1
   581    406      1
   581    617      1
   582     42      1
   583    486      1
   584    187      1
   585    106      1
   586    296      1
   586    628      1
   587    111      1
   587    610      1
   588    111      1
   588    751      1
   589    477      1
   589    609      1
   589    726      1
   590    299      1
   591    572      1
   592    148      1
   592    766      1
   593    129      1
   594    275      1
   595    128      1
   595    719      1
   596    357      1
   597    180      1
   598    365      1
   599     59      1
   600    572      1
   600    745      1
   601    240      1
   602     16      1
   603    554      1
   604     41      1
   605     11      1
   606    559      1
   607     28      1
   608     68      1
   609    589      1
   610    587      1
   610    626      1
   611    154      1
   612     62      1
   613    461      1
   614      6      1
   615    392      1
   616    169      1
   617    581      1
   618    311      1
   619     57      1
   620      7      1
   621    420      1
   622    327      1
   623     96      1
   624    103      1
   625    560      1
   626    610      1
   627    372      1
   628    586      1
   629    214      1
   630    452      1
   630    687      1
   630    695      1
   631    505      1
   632    310      1
   633    568      1
   634    489      1
   635    504      1
   636    558      1
   637    415      1
   638    295      1
   639    180      1
   640     63      1
   641    507      1
   642    302      1
   643    566      1
   644    532      1
   644    757      1
   645    425      1
   646    427      1
   647    474      1
   648    371      1
   649     69      1
   650    189      1
   651     76      1
   652    409      1
   653    223      1
   653    798      1
   654    431      1
   655     87      1
   656    361      1
   657    189      1
   658    540      1
   659    247      1
   660    451      1
   661     96      1
   662    153      1
   662    692      1
   663     62      1
   664     48      1
   665    374      1
   665    666      1
   666    665      1
   667    331      1
   667    735      1
   668    386      1
   669    361      1
   670    372      1
   671    419      1
   672    551      1
   673     17      1
   674    244      1
   675    220      1
   676    545      1
   676    790      1
   677    463      1
   678    470      1
   679    184      1
   680    432      1
   681    421      1
   682    163      1
   683    215      1
   684    141      1
   685    345      1
   686    405      1
   687    630      1
   688    290      1
   689    457      1
   690    417      1
   690    777      1
   691    164      1
   692    662      1
   693    177      1
   694    252      1
   695    630      1
   696    403      1
   697    444      1
   698    449      1
   699    358      1
   699    721      1
   700     94      1
   701     97      1
   702    548      1
   703     99      1
   704    248      1
   705    279      1
   706    486      1
   707     66      1
   708    367      1
   709     52      1
   710     17      1
   711    475      1
   712    537      1
   713    354      1
   714    530      1
   715    260      1
   716    283      1
   717    407      1
   718    329      1
   719    595      1
   720     43      1
   721    699      1
   721    744      1
   722    102      1
   723    266      1
   724    369      1
   725    316      1
   726    589      1
   727    372      1
   728    364      1
   729     27      1
   730    175      1
   731    514      1
   732    142      1
   733    206      1
   734    437      1
   735    667      1
   736    451      1
   737     87      1
   738    195      1
   739     85      1
   740    379      1
   741    146      1
   742    140      1
   742    775      1
   743    409      1
   744    721      1
   745    600      1
   746     63      1
   746    782      1
   747    399      1
   748     44      1
   749    101      1
   750    482      1
   751    588      1
   751    799      1
   752     30      1
   753    570      1
   754    292      1
   755    456      1
   756    546      1
   757    644      1
   758    181      1
   759    175      1
   760    132      1
   761    387      1
   762    577      1
   763    146      1
   764    315      1
   765     98      1
   766    592      1
   767    513      1
   768     80      1
   769    407      1
   770    574      1
   771    419      1
   772    191      1
   773    315      1
   774    174      1
   775    742      1
   776    361      1
   777    690      1
   778    112      1
   779    199      1
   780    227      1
   781     41      1
   782    746      1
   782    795      1
   783    357      1
   784     73      1
   785    502      1
   786    185      1
   787     28      1
   788    107      1
   789    519      1
   790    676      1
   791     85      1
   792    450      1
   793    369      1
   794     69      1
   795    782      1
   796    471      1
   797    217      1
   798    653      1
   799    751      1
