COORD_X_Y 15
 0.166148   2.98573
  1.07185   1.06347
  1.79777    2.6762
  1.03317   1.60446
  2.53092   1.25327
 0.750717   2.80029
 0.280313    1.5593
  1.46473   1.45385
   1.3802   1.21712
 0.341936  0.337989
  1.57191  0.434506
 0.133872   1.71624
  1.58262   1.41333
 0.155928   2.73358
  2.43627   2.09221
LINKS_SOURCE_DESTINATION_DISTANCE 28
     0      1      1
     0      2      1
     0      5      1
     0      8      1
     0     12      1
     1      0      1
     1      3      1
     1      7      1
     2      0      1
     2      9      1
     2     13      1
     3      1      1
     3      4      1
     3      6      1
     4      3      1
     5      0      1
     6      3      1
     6     11      1
     7      1      1
     8      0      1
     8     10      1
     8     14      1
     9      2      1
    10      8      1
    11      6      1
    12      0      1
    13      2      1
    14      8      1
