COORD_X_Y 600
  2.14798  0.426055
  1.26407  0.888244
  2.58152   2.18788
  2.62455  0.233618
  1.17564   1.86197
  1.72101  0.350944
  2.61265   2.32399
 0.607345   1.62675
  2.25767   2.55758
  1.73019   1.23066
 0.609127  0.758646
  1.40025  0.633623
  1.46745   1.32197
  2.25637  0.479496
  1.09535   2.79207
 0.505222   2.45802
  2.47163  0.284628
 0.461416   2.51353
  2.93382   1.30422
  2.26444   2.90995
  2.43343   1.92036
  1.90483   1.55884
 0.203342   2.70288
 0.769734  0.471454
  2.17649   2.44319
  1.27137   1.70845
  1.22889   2.53926
  1.95051   2.22522
  2.68113 0.0737519
 0.545433  0.586139
 0.983498   1.45734
  2.44991    2.9946
  2.68488   2.26431
  1.39451   2.16143
 0.985436   1.11673
 0.149903   1.31989
 0.487531  0.416993
  2.02623  0.781739
  1.29215  0.762961
  1.16787   1.36846
  1.19535  0.808992
 0.605543   1.21325
  1.67112   1.52692
 0.671931   1.65205
  1.24046  0.192426
  1.07218  0.276414
  1.21324   1.10638
 0.796936   1.23386
 0.107622   2.58214
  1.01328   2.30414
 0.125375   1.50541
 0.677884   2.95677
  1.22651   2.18503
  2.12336  0.663015
  1.50081  0.717716
  2.24424   1.29004
 0.994432   1.06503
  1.66757   2.69211
 0.200242  0.590252
  1.35499   2.79647
  1.69621   2.88019
  2.44293   1.15617
   1.3126    1.2415
 0.825469    1.9087
  1.40371   1.82761
  1.34291   2.86423
  2.71724  0.421274
   2.0015   0.65372
  2.19923  0.517286
0.0771123    1.5859
  2.54735   2.94655
  2.35893   1.19272
  2.82899  0.833925
 0.540049   2.71504
  1.15263   1.32951
 0.354056   2.85184
  2.51714  0.195445
  2.04259  0.983961
  1.60875   0.96276
  1.78577   1.73033
 0.175813  0.786657
 0.262405   2.97315
  1.63802   2.56917
 0.285882   2.54536
  2.79014  0.397267
  2.52215  0.422668
  1.31174   1.09859
  2.54091  0.712275
  2.39317   2.43258
0.000633158   2.07061
  1.70839  0.630724
  2.06079   2.79729
  2.91689   1.68366
 0.575782  0.569946
  1.49175  0.985037
  1.49745   1.74939
 0.196245    2.5462
   2.5877   2.83553
   1.2566   0.29036
  2.64234   2.16831
   2.2822   2.99826
   1.9583   2.74551
  2.23674   1.48271
  1.42786   1.62482
 0.414069  0.820981
 0.787843   1.29786
 0.122762  0.361824
 0.675869  0.324319
  2.38211  0.816056
  2.89079   1.79046
  0.29211   1.86173
  1.50527  0.344071
  2.65758   2.92111
 0.821561   1.48986
  2.80719   0.70942
  1.38183  0.441134
  0.35632   2.10434
  2.81875   2.37464
  1.16797   2.83083
  2.72293   1.59258
  1.33995   1.82594
  2.73266  0.105839
 0.167495 0.0229137
 0.848998  0.313259
 0.721237  0.452428
   2.3124   1.65085
  1.06345  0.153608
  1.65659    2.1669
 0.259871   1.15806
 0.308644   0.53238
  1.07916  0.025461
  2.01934   2.13347
 0.756321   1.28057
  2.41297   2.54909
 0.413111    1.2628
 0.448885   2.06624
 0.422537   2.70128
   2.4882   2.20732
  1.78896   2.49552
   1.5715   2.54888
  2.21489   2.39654
 0.760872  0.104289
 0.648336   2.24368
  2.79679  0.805976
  1.53423   1.95051
  1.74092    2.5898
  1.39061   1.33818
   2.7143   1.28993
  1.71651   1.55706
  1.63211   2.65137
  2.02844  0.377666
 0.204978   2.04456
   1.6909   1.76165
  2.15289   1.96171
  1.43676   1.50561
  1.18696   2.08025
 0.482015   1.38085
  0.29866   2.39457
  1.92726   2.15233
  1.95588   1.87145
  1.19196   2.07861
  2.98455   2.88835
  1.34021   2.57236
   2.1895  0.430639
 0.289924   2.78564
   2.8437  0.915685
  2.95245  0.903208
 0.264906   2.55511
 0.407764   0.80171
  2.67404  0.813615
  2.08402   1.54143
  2.03859   2.94504
  1.78355    2.9171
  1.91089   2.39822
   2.9008   2.77167
0.0760894   2.62257
 0.960492  0.876164
 0.114338   1.64878
  2.07575   2.47188
  2.16227  0.442857
   1.1476   2.57308
  2.19274   1.92182
  2.27273   2.25924
  2.02026   1.83267
  1.30608   1.61529
  2.39861  0.618779
 0.454281  0.588713
  2.50758  0.562382
  1.39152  0.713663
  2.10676  0.677794
 0.328977   1.72831
  1.81884      2.33
  0.26982  0.545344
  2.20936    1.1428
  2.25478   2.28019
  2.76309  0.417537
  1.97804   2.73887
 0.766687    2.4643
   2.3537  0.444906
 0.753592   1.29746
  0.72019   2.69185
  1.00693  0.593186
  2.56617 0.0240748
 0.715957  0.483865
  2.57281    1.7788
   2.6394   1.43516
 0.435702   2.16564
  1.65497   1.21271
  2.30591  0.304711
   1.7392  0.574555
 0.771277   1.63462
  2.04024   1.18123
  1.34122   1.95255
 0.203122   2.97373
 0.267783   2.82812
  2.60247   1.29792
  1.94537   1.22123
 0.500527   2.98994
  1.39441   1.75904
  2.74305 0.0477076
 0.900295 0.0648972
 0.387973   1.74224
    1.178   1.57851
  0.61118  0.688856
  1.47906   2.24113
 0.705866   2.25139
 0.855629   2.53493
 0.950697   1.68295
   1.5829  0.954408
  1.78647   1.62663
    2.267   1.74494
0.0815734  0.434737
  2.34387   2.54022
 0.906932   1.15002
  2.80204   1.36124
  2.26759   1.60373
 0.792033  0.821365
 0.254789   0.54297
  2.65314  0.399978
   1.7217   2.29534
  1.51058   2.11531
 0.627182   1.18007
  1.95028   2.18197
 0.585498   2.06837
  1.34384   1.95604
  1.33773   2.12043
  1.78691  0.725575
  2.35512   2.57418
 0.856486   1.28321
  2.95482   2.91289
0.00459592   1.12298
 0.880563  0.967625
  2.08109  0.823038
 0.422666   2.40968
  2.46387  0.718187
  2.15617  0.684688
 0.981861   1.49633
  2.43118   1.84179
 0.504084   2.02587
  2.15613   2.60905
  2.91716   1.65604
 0.375555  0.549404
 0.200972   1.65841
  2.55996   2.36981
 0.310998   1.47851
  1.27536   1.17796
  2.28508   2.16409
 0.197336   2.67843
  1.20523   1.45432
  1.40018   1.42021
  1.27132  0.958303
  1.42172   1.37309
  2.19424    1.4749
   2.1719   2.24904
   1.8567   1.89819
 0.186269  0.168527
 0.911093  0.972288
  1.62658   2.91243
  1.47112   2.72917
  1.19885   1.62555
  1.95386   1.86269
 0.753308   2.58274
  2.52486  0.664035
0.0575605   1.10263
 0.455412  0.279932
  2.46741  0.979879
0.0631034   2.83137
  1.81131  0.655039
 0.557365   0.89093
  2.62946   2.92068
 0.954608   2.86544
  1.41727   2.98082
  1.04299   1.95467
  2.45312   1.44893
   2.6436   2.77817
  2.73722  0.220071
  0.95094   1.60525
 0.584674   2.73472
  2.11064   2.55145
 0.568234    1.4006
  2.79303   2.12163
  1.28982   2.76237
 0.850859   1.38832
 0.973754  0.882654
  2.71939   2.50509
  2.01383   1.84335
  1.83997  0.652383
 0.927067   1.01943
  1.40825   1.96624
 0.711613  0.631481
  1.26915   1.15055
  1.62819    1.1676
 0.521108  0.651646
   2.9125   1.65941
  2.88979   1.16067
  2.36478   1.53695
  2.32115   0.47109
  2.23179   1.59524
  2.12237   2.74385
 0.778989   1.09814
  1.58413   1.83504
 0.244777   1.24911
  2.80625   2.95142
  0.58988   2.94405
  1.99155    1.9438
  1.51771   1.72429
  1.28483  0.390641
 0.379575  0.363915
  1.23857   1.46034
  2.69341   2.61791
  2.11923   1.67069
0.0576941   2.62014
0.0298861  0.272592
 0.102988   1.18768
  1.46501   1.45164
   1.0671   1.80829
   2.0145   2.78901
 0.978089   2.20757
  2.97624   2.80643
 0.493003 0.0831854
  1.99052   1.07049
  1.35266   2.48132
  1.83649   1.66225
  2.74851   1.20927
  1.73919   1.47092
   1.4052  0.814593
  2.55675   0.41538
0.0475918   2.57264
  2.85434  0.131614
   2.9013   1.02466
  2.54589  0.641399
  2.15746   2.05741
  1.84895   1.61392
 0.206824   2.63559
  2.04953  0.813333
 0.549531  0.135235
  2.02911   2.61087
 0.879784   2.66822
 0.322453   1.72008
  2.16028   2.37656
  2.30582   1.26337
 0.418996  0.276217
  1.94992  0.565656
 0.475528  0.903326
  1.96774  0.435056
  2.14974    1.2732
  2.41289  0.952104
  1.77076   1.58239
  1.31915   2.58922
  1.74472   2.20667
  1.95499  0.194094
  2.47322   1.93515
  1.61162   1.28849
  2.47348  0.233543
 0.554961  0.459534
 0.514312    2.4023
  1.88769    1.5716
 0.856954   2.32706
  2.55061  0.242453
  1.61857   1.46479
 0.547816  0.991541
 0.314965  0.907663
  1.41073   1.19565
  2.40912  0.758504
  2.58947   1.92923
 0.108389   2.25836
  1.77744  0.682833
  2.67842   2.62619
  1.90091   1.24753
  1.84282    2.0858
 0.522393  0.178593
   2.8794  0.228336
 0.267206   2.91529
 0.413853   2.03459
  0.67446   1.58729
  1.86505  0.579116
  2.83122   1.98183
  2.98185   1.92758
  2.34908   1.43576
  1.04327   2.69734
  0.82166   1.68607
  1.78627    2.4268
 0.438095  0.813614
  1.22758   1.06911
  1.21938  0.732826
 0.118579   1.70547
 0.766582   1.69614
  1.80532   1.12033
0.00611096   2.86249
 0.527072   2.25312
 0.303385   1.26832
  1.45946   2.58975
  2.38837   1.88007
 0.982988   2.97461
  2.72676   2.55942
0.0642363   0.15905
  2.48616   2.86273
  2.31083  0.978397
  2.18258  0.145179
  2.58414  0.320891
  1.05751  0.479469
  2.78649   2.79007
 0.124837 0.0453251
  2.02925  0.259421
 0.225915   1.52864
    1.238   1.15096
 0.753747   1.06264
0.0310747  0.310403
  2.58449   1.12909
  1.24395   2.88423
 0.268655  0.557865
 0.133933   2.81331
 0.939439   1.89659
  1.84898   2.59803
   2.3437   2.94062
   2.0442   2.46336
0.0408901   2.99967
  1.51161   1.65364
 0.813459 0.0781718
 0.028787   2.30724
  2.23343   1.14567
  2.25139   2.68514
 0.404373  0.969865
  1.87678   1.07726
  1.02568   2.20251
  1.96082   0.31756
  2.06765  0.721676
 0.287215   2.06466
 0.232752  0.603059
 0.954034   2.07924
  2.91396  0.806979
  2.48233    0.7084
  1.96116    1.0453
 0.767058   2.69627
  2.75859  0.931142
  1.44686   2.56645
  2.20613   2.16376
 0.457713  0.518576
   2.2921  0.162403
  0.20979   1.28244
  2.78171   1.09293
   2.6906   2.38348
 0.207145     0.495
  1.31042   1.33362
  1.23097   2.67673
  2.74037   2.06035
  1.52086   1.80689
  1.09356    2.9016
  2.41706   1.42404
  1.78373   2.55685
  2.12214   1.64488
  1.11331  0.949122
 0.475871   2.03295
  0.82115    2.2487
  1.31605 0.0726523
 0.144916   1.28488
 0.968778  0.669637
  1.51644   1.74338
  2.27834 0.0711473
 0.366763   1.73592
 0.646117 0.0588712
  0.86217   2.80927
 0.363164   2.58783
  1.85617   2.07006
 0.581638   2.57746
 0.966181  0.736664
  0.70911   2.63616
  2.82808   1.91851
  2.14095   2.94146
  2.28495  0.181341
  2.63266  0.156193
  1.64189   1.31379
  1.96594   1.32161
  1.21209   2.17665
  1.86609   2.99707
  2.18489   2.16837
 0.892954   2.32895
  1.86057   1.82602
  2.27947   2.98207
  2.20846  0.144893
   1.1871   1.10653
 0.524778   1.32039
0.0959859 0.0850325
  2.23304   2.60671
  2.36323  0.303894
  1.44596   2.71702
  0.11212    2.6468
 0.994941   2.49499
  2.25819   1.58123
  2.88469   1.17384
  1.21908   2.26155
 0.512266    2.5781
  2.80393   2.09929
  1.01191   2.97533
   1.5154  0.444609
 0.413815   1.69238
  1.54111   1.45498
 0.175226  0.406486
  1.88768   2.84641
  1.53631  0.275444
 0.306515   2.59013
  1.19105   2.44245
  2.18759   2.21679
  2.82666   2.27341
  1.18279   1.79357
 0.357204   1.75231
   1.8681   1.64484
  2.02325   1.74465
  1.29501  0.648183
  2.90025  0.192506
 0.977695   2.68924
 0.318472   2.17212
  1.69104   2.85927
  2.16576   1.29313
  0.21031   1.43827
  1.85825   2.56332
 0.517699   2.63932
  2.30213   1.50578
  2.24112 0.0841792
  2.15767   2.06085
  1.22199  0.896947
  2.53171  0.421606
 0.128044  0.975571
  2.04279   1.13955
  2.75039  0.978432
 0.610699   2.33235
  1.67923   2.41142
  2.67283    1.6856
   1.3924  0.282567
 0.772628  0.666117
  2.56405  0.886964
 0.180576   2.16732
  0.80539  0.983481
 0.629965  0.267912
  1.73236    2.1461
   2.1516       0.3
 0.414251    2.4681
  1.28674   2.08755
  1.77591  0.457618
  2.00103   2.88744
  1.77069  0.222511
 0.186753   0.70985
 0.169754   1.32429
  1.68765   2.86536
  1.20686  0.288776
  1.46767   1.34438
 0.350842   0.20006
 0.426937  0.158296
 0.958428   2.59828
  1.87123   1.06429
  1.16408   2.36234
  2.01287  0.953617
 0.561153   1.71332
  2.61872    2.2724
   1.8597   1.32144
 0.559969   1.48426
  0.86054   1.66358
  2.39067   1.77276
  1.11644   2.40646
   1.3628   1.34903
  2.60247   1.95277
  2.12004   1.19076
  1.69764   2.26637
 0.991924   2.77601
 0.833173  0.584235
 0.167454   1.77859
  2.49209   1.41321
  1.54513  0.778834
 0.824585    1.3688
 0.956789  0.924372
0.0717452   2.91205
  2.94138   1.91613
  2.12764  0.998395
  2.85736     1.579
  2.96203   2.20433
  1.75444   2.65476
 0.714778  0.523656
  1.58312     0.326
  2.63877   2.71853
 0.926103   2.35471
LINKS_SOURCE_DESTINATION_DISTANCE 1198
     0      1      1
     0     43      1
     0     54      1
     0    117      1
     0    290      1
     0    321      1
     1      0      1
     1      2      1
     1      6      1
     1      9      1
     1     20      1
     1    118      1
     1    220      1
     1    256      1
     1    271      1
     2      1      1
     2      3      1
     2      4      1
     2    115      1
     3      2      1
     3      5      1
     3     16      1
     3     92      1
     4      2      1
     4      7      1
     4      8      1
     4     12      1
     5      3      1
     5     19      1
     6      1      1
     6     10      1
     6     36      1
     6     42      1
     7      4      1
     7     23      1
     8      4      1
     8     21      1
     8     74      1
     8     79      1
     8    460      1
     9      1      1
     9     11      1
     9     14      1
     9     18      1
     9     24      1
     9     34      1
     9     51      1
    10      6      1
    10     40      1
    11      9      1
    11     13      1
    11     38      1
    11     57      1
    11     82      1
    11    165      1
    11    310      1
    12      4      1
    12     22      1
    12     27      1
    12     53      1
    12     87      1
    13     11      1
    13     15      1
    13     33      1
    13    159      1
    13    175      1
    14      9      1
    14    109      1
    14    146      1
    14    179      1
    14    305      1
    14    447      1
    15     13      1
    15     48      1
    15    393      1
    16      3      1
    16     17      1
    16     32      1
    17     16      1
    17     31      1
    17     50      1
    17     61      1
    17     90      1
    17    102      1
    18      9      1
    18    156      1
    18    225      1
    19      5      1
    19     29      1
    19     98      1
    19    254      1
    20      1      1
    20     26      1
    20    379      1
    20    516      1
    20    520      1
    21      8      1
    21     28      1
    21    111      1
    21    166      1
    22     12      1
    22     35      1
    22    475      1
    23      7      1
    23     30      1
    23     63      1
    23    120      1
    24      9      1
    24     25      1
    24     39      1
    24     59      1
    25     24      1
    25    149      1
    25    185      1
    25    260      1
    25    261      1
    25    304      1
    26     20      1
    26    273      1
    27     12      1
    27     55      1
    27     86      1
    27    303      1
    27    542      1
    28     21      1
    28     76      1
    28    101      1
    28    202      1
    28    211      1
    28    480      1
    29     19      1
    29     45      1
    29     71      1
    29    128      1
    29    140      1
    29    239      1
    29    536      1
    30     23      1
    30     44      1
    30    355      1
    31     17      1
    31     96      1
    31    181      1
    31    330      1
    31    351      1
    32     16      1
    32    193      1
    32    299      1
    33     13      1
    33     37      1
    33    183      1
    33    221      1
    33    578      1
    34      9      1
    35     22      1
    35    209      1
    35    488      1
    36      6      1
    36    279      1
    37     33      1
    37    106      1
    37    230      1
    37    593      1
    38     11      1
    38     46      1
    38     62      1
    38    124      1
    38    410      1
    39     24      1
    40     10      1
    40     41      1
    40     52      1
    40     70      1
    40    103      1
    40    199      1
    40    373      1
    41     40      1
    41     89      1
    41    116      1
    41    387      1
    42      6      1
    42     58      1
    42     85      1
    42     93      1
    42    253      1
    43      0      1
    43     47      1
    43     66      1
    43    251      1
    44     30      1
    44     73      1
    44    107      1
    44    164      1
    44    190      1
    44    342      1
    44    505      1
    45     29      1
    45     60      1
    45    131      1
    45    154      1
    45    172      1
    46     38      1
    46     64      1
    46    139      1
    46    269      1
    47     43      1
    47     49      1
    47     83      1
    47     94      1
    47     97      1
    47    126      1
    47    235      1
    48     15      1
    48    132      1
    48    266      1
    49     47      1
    49    177      1
    50     17      1
    50     56      1
    50     68      1
    51      9      1
    51     81      1
    51     88      1
    51    194      1
    51    222      1
    52     40      1
    52     75      1
    53     12      1
    54      0      1
    54     99      1
    54    597      1
    55     27      1
    55     72      1
    55    114      1
    56     50      1
    56     65      1
    56    104      1
    56    264      1
    57     11      1
    57    108      1
    57    121      1
    57    311      1
    58     42      1
    58    122      1
    59     24      1
    59    112      1
    60     45      1
    60    100      1
    60    300      1
    61     17      1
    62     38      1
    62     80      1
    62    350      1
    62    456      1
    63     23      1
    63     67      1
    63    178      1
    63    384      1
    63    392      1
    63    423      1
    64     46      1
    65     56      1
    65     69      1
    65    391      1
    65    431      1
    66     43      1
    66     77      1
    66     78      1
    66    136      1
    66    205      1
    66    405      1
    66    409      1
    67     63      1
    67    182      1
    67    206      1
    67    378      1
    67    527      1
    68     50      1
    69     65      1
    70     40      1
    70     95      1
    70    130      1
    70    262      1
    70    283      1
    71     29      1
    71    312      1
    72     55      1
    72    191      1
    72    369      1
    73     44      1
    73     91      1
    73    334      1
    73    398      1
    74      8      1
    74    147      1
    75     52      1
    75    214      1
    76     28      1
    77     66      1
    77    161      1
    78     66      1
    78    377      1
    79      8      1
    79    148      1
    79    171      1
    80     62      1
    80    127      1
    80    145      1
    80    155      1
    81     51      1
    81    141      1
    81    208      1
    81    427      1
    82     11      1
    82    105      1
    82    123      1
    82    142      1
    83     47      1
    83     84      1
    83    272      1
    83    404      1
    83    526      1
    84     83      1
    85     42      1
    85    228      1
    85    359      1
    86     27      1
    86    380      1
    86    383      1
    87     12      1
    87    129      1
    87    250      1
    87    281      1
    88     51      1
    88    484      1
    88    513      1
    89     41      1
    90     17      1
    90    184      1
    90    227      1
    91     73      1
    91    180      1
    92      3      1
    92    365      1
    92    434      1
    93     42      1
    93    110      1
    94     47      1
    94    430      1
    94    544      1
    95     70      1
    95    201      1
    95    406      1
    96     31      1
    96    125      1
    96    562      1
    97     47      1
    97    248      1
    98     19      1
    98    157      1
    98    168      1
    99     54      1
   100     60      1
   100    113      1
   100    278      1
   101     28      1
   102     17      1
   102    196      1
   102    258      1
   102    563      1
   103     40      1
   103    252      1
   104     56      1
   104    144      1
   105     82      1
   105    307      1
   106     37      1
   107     44      1
   108     57      1
   108    327      1
   108    530      1
   108    560      1
   109     14      1
   110     93      1
   111     21      1
   111    187      1
   111    345      1
   111    357      1
   112     59      1
   112    158      1
   112    169      1
   113    100      1
   113    413      1
   114     55      1
   114    176      1
   114    295      1
   115      2      1
   115    212      1
   116     41      1
   116    143      1
   117      0      1
   117    119      1
   117    133      1
   117    317      1
   118      1      1
   118    192      1
   118    236      1
   118    280      1
   119    117      1
   119    138      1
   119    153      1
   119    289      1
   119    361      1
   120     23      1
   120    566      1
   121     57      1
   121    255      1
   121    522      1
   122     58      1
   122    151      1
   122    339      1
   122    477      1
   122    590      1
   123     82      1
   123    150      1
   123    294      1
   123    442      1
   124     38      1
   124    134      1
   125     96      1
   125    243      1
   126     47      1
   126    326      1
   127     80      1
   127    135      1
   128     29      1
   128    137      1
   128    162      1
   128    268      1
   129     87      1
   130     70      1
   130    152      1
   131     45      1
   131    232      1
   132     48      1
   133    117      1
   133    244      1
   133    346      1
   134    124      1
   134    347      1
   135    127      1
   135    207      1
   135    322      1
   135    374      1
   135    577      1
   136     66      1
   136    231      1
   136    267      1
   136    591      1
   137    128      1
   137    414      1
   137    525      1
   138    119      1
   138    389      1
   138    498      1
   139     46      1
   139    170      1
   139    454      1
   139    573      1
   140     29      1
   140    364      1
   141     81      1
   141    160      1
   141    163      1
   141    241      1
   142     82      1
   142    247      1
   142    482      1
   143    116      1
   144    104      1
   144    270      1
   145     80      1
   146     14      1
   147     74      1
   147    320      1
   147    535      1
   148     79      1
   148    331      1
   148    439      1
   149     25      1
   150    123      1
   150    186      1
   150    529      1
   151    122      1
   151    195      1
   151    301      1
   151    352      1
   151    569      1
   152    130      1
   152    314      1
   153    119      1
   153    323      1
   154     45      1
   154    219      1
   154    433      1
   155     80      1
   155    197      1
   156     18      1
   156    237      1
   156    478      1
   157     98      1
   158    112      1
   158    216      1
   158    217      1
   158    276      1
   158    476      1
   158    509      1
   159     13      1
   159    174      1
   159    204      1
   159    234      1
   160    141      1
   160    189      1
   160    238      1
   161     77      1
   161    343      1
   162    128      1
   163    141      1
   163    337      1
   164     44      1
   164    167      1
   164    468      1
   165     11      1
   165    218      1
   165    575      1
   166     21      1
   166    173      1
   167    164      1
   167    358      1
   168     98      1
   168    370      1
   168    403      1
   169    112      1
   169    188      1
   169    296      1
   170    139      1
   171     79      1
   171    532      1
   172     45      1
   172    394      1
   173    166      1
   174    159      1
   174    399      1
   174    587      1
   175     13      1
   175    203      1
   175    213      1
   175    240      1
   175    284      1
   176    114      1
   176    215      1
   177     49      1
   177    335      1
   177    388      1
   178     63      1
   179     14      1
   179    472      1
   179    497      1
   180     91      1
   181     31      1
   182     67      1
   182    293      1
   183     33      1
   183    200      1
   183    223      1
   183    245      1
   183    534      1
   184     90      1
   184    354      1
   185     25      1
   185    198      1
   185    551      1
   186    150      1
   186    425      1
   187    111      1
   187    375      1
   188    169      1
   188    246      1
   188    263      1
   188    313      1
   189    160      1
   189    302      1
   189    349      1
   190     44      1
   191     72      1
   191    474      1
   191    504      1
   192    118      1
   192    210      1
   193     32      1
   194     51      1
   194    362      1
   194    555      1
   195    151      1
   195    428      1
   195    556      1
   196    102      1
   197    155      1
   197    461      1
   198    185      1
   199     40      1
   199    259      1
   199    277      1
   199    318      1
   200    183      1
   200    376      1
   201     95      1
   202     28      1
   202    592      1
   203    175      1
   203    257      1
   203    415      1
   203    495      1
   203    579      1
   204    159      1
   204    224      1
   205     66      1
   205    242      1
   205    319      1
   205    385      1
   206     67      1
   206    229      1
   206    291      1
   207    135      1
   208     81      1
   209     35      1
   210    192      1
   211     28      1
   211    249      1
   211    309      1
   211    367      1
   212    115      1
   212    565      1
   213    175      1
   213    226      1
   213    308      1
   214     75      1
   214    233      1
   215    176      1
   215    453      1
   215    583      1
   216    158      1
   217    158      1
   217    564      1
   218    165      1
   219    154      1
   219    411      1
   220      1      1
   220    306      1
   221     33      1
   222     51      1
   222    510      1
   222    585      1
   223    183      1
   224    204      1
   224    572      1
   225     18      1
   226    213      1
   226    543      1
   227     90      1
   228     85      1
   228    494      1
   229    206      1
   229    285      1
   229    329      1
   230     37      1
   230    353      1
   230    422      1
   231    136      1
   232    131      1
   232    332      1
   232    333      1
   233    214      1
   233    265      1
   234    159      1
   234    429      1
   235     47      1
   235    275      1
   235    412      1
   235    438      1
   236    118      1
   237    156      1
   238    160      1
   238    287      1
   238    538      1
   239     29      1
   240    175      1
   240    441      1
   240    512      1
   240    528      1
   241    141      1
   241    360      1
   242    205      1
   242    401      1
   243    125      1
   244    133      1
   244    491      1
   245    183      1
   246    188      1
   247    142      1
   248     97      1
   249    211      1
   249    547      1
   250     87      1
   250    419      1
   250    550      1
   250    553      1
   251     43      1
   251    440      1
   252    103      1
   252    436      1
   253     42      1
   253    340      1
   253    455      1
   254     19      1
   255    121      1
   256      1      1
   256    450      1
   256    518      1
   257    203      1
   257    499      1
   258    102      1
   258    324      1
   258    328      1
   258    344      1
   259    199      1
   259    282      1
   259    292      1
   259    366      1
   260     25      1
   260    298      1
   261     25      1
   262     70      1
   262    407      1
   262    552      1
   263    188      1
   264     56      1
   264    584      1
   265    233      1
   265    288      1
   266     48      1
   267    136      1
   268    128      1
   268    274      1
   269     46      1
   269    426      1
   270    144      1
   270    586      1
   271      1      1
   271    316      1
   271    524      1
   272     83      1
   273     26      1
   274    268      1
   275    235      1
   276    158      1
   277    199      1
   277    443      1
   278    100      1
   278    511      1
   279     36      1
   279    386      1
   279    396      1
   280    118      1
   280    286      1
   280    416      1
   280    466      1
   281     87      1
   282    259      1
   282    514      1
   283     70      1
   283    485      1
   284    175      1
   285    229      1
   286    280      1
   286    297      1
   287    238      1
   288    265      1
   288    521      1
   289    119      1
   289    519      1
   290      0      1
   290    445      1
   291    206      1
   291    348      1
   291    420      1
   291    449      1
   292    259      1
   292    540      1
   293    182      1
   293    325      1
   294    123      1
   295    114      1
   295    372      1
   296    169      1
   297    286      1
   298    260      1
   298    315      1
   299     32      1
   299    490      1
   300     60      1
   300    437      1
   301    151      1
   301    390      1
   302    189      1
   302    446      1
   303     27      1
   304     25      1
   305     14      1
   305    336      1
   306    220      1
   307    105      1
   308    213      1
   309    211      1
   309    382      1
   310     11      1
   311     57      1
   311    408      1
   312     71      1
   312    594      1
   313    188      1
   314    152      1
   315    298      1
   316    271      1
   316    483      1
   317    117      1
   317    421      1
   318    199      1
   319    205      1
   319    341      1
   320    147      1
   320    356      1
   320    561      1
   321      0      1
   321    464      1
   321    580      1
   322    135      1
   322    338      1
   322    568      1
   323    153      1
   323    397      1
   323    507      1
   323    589      1
   324    258      1
   324    459      1
   325    293      1
   326    126      1
   326    371      1
   327    108      1
   327    363      1
   327    537      1
   328    258      1
   328    501      1
   329    229      1
   330     31      1
   331    148      1
   331    469      1
   332    232      1
   333    232      1
   333    541      1
   334     73      1
   334    531      1
   335    177      1
   336    305      1
   336    545      1
   337    163      1
   337    517      1
   338    322      1
   339    122      1
   340    253      1
   340    395      1
   341    319      1
   341    470      1
   342     44      1
   343    161      1
   343    368      1
   344    258      1
   344    381      1
   345    111      1
   346    133      1
   346    418      1
   346    502      1
   347    134      1
   348    291      1
   349    189      1
   350     62      1
   351     31      1
   351    559      1
   352    151      1
   353    230      1
   354    184      1
   355     30      1
   356    320      1
   357    111      1
   357    400      1
   357    467      1
   358    167      1
   359     85      1
   360    241      1
   361    119      1
   362    194      1
   362    402      1
   362    432      1
   362    448      1
   362    465      1
   362    473      1
   363    327      1
   363    486      1
   364    140      1
   365     92      1
   365    471      1
   366    259      1
   367    211      1
   368    343      1
   368    444      1
   369     72      1
   370    168      1
   370    417      1
   371    326      1
   372    295      1
   373     40      1
   374    135      1
   375    187      1
   376    200      1
   377     78      1
   378     67      1
   379     20      1
   380     86      1
   381    344      1
   381    581      1
   382    309      1
   383     86      1
   384     63      1
   385    205      1
   386    279      1
   387     41      1
   388    177      1
   389    138      1
   390    301      1
   391     65      1
   391    558      1
   392     63      1
   393     15      1
   394    172      1
   395    340      1
   395    458      1
   395    515      1
   396    279      1
   397    323      1
   398     73      1
   399    174      1
   400    357      1
   401    242      1
   401    424      1
   402    362      1
   403    168      1
   403    487      1
   404     83      1
   405     66      1
   405    503      1
   406     95      1
   407    262      1
   407    508      1
   408    311      1
   408    599      1
   409     66      1
   410     38      1
   410    435      1
   411    219      1
   412    235      1
   412    596      1
   413    113      1
   413    492      1
   414    137      1
   415    203      1
   416    280      1
   416    481      1
   417    370      1
   417    523      1
   418    346      1
   418    549      1
   418    598      1
   419    250      1
   420    291      1
   421    317      1
   421    451      1
   422    230      1
   422    452      1
   423     63      1
   424    401      1
   424    588      1
   425    186      1
   426    269      1
   427     81      1
   427    571      1
   428    195      1
   429    234      1
   430     94      1
   430    462      1
   431     65      1
   432    362      1
   433    154      1
   434     92      1
   434    533      1
   435    410      1
   436    252      1
   437    300      1
   438    235      1
   439    148      1
   440    251      1
   440    539      1
   441    240      1
   442    123      1
   443    277      1
   444    368      1
   445    290      1
   446    302      1
   447     14      1
   448    362      1
   449    291      1
   449    457      1
   450    256      1
   451    421      1
   451    463      1
   452    422      1
   453    215      1
   454    139      1
   455    253      1
   456     62      1
   457    449      1
   457    493      1
   458    395      1
   459    324      1
   459    548      1
   460      8      1
   460    489      1
   461    197      1
   461    574      1
   462    430      1
   463    451      1
   464    321      1
   465    362      1
   465    546      1
   466    280      1
   467    357      1
   468    164      1
   468    496      1
   468    576      1
   469    331      1
   469    479      1
   470    341      1
   471    365      1
   472    179      1
   473    362      1
   474    191      1
   475     22      1
   476    158      1
   477    122      1
   478    156      1
   479    469      1
   480     28      1
   480    554      1
   481    416      1
   482    142      1
   483    316      1
   484     88      1
   484    500      1
   485    283      1
   486    363      1
   487    403      1
   487    582      1
   488     35      1
   489    460      1
   490    299      1
   491    244      1
   492    413      1
   493    457      1
   494    228      1
   495    203      1
   496    468      1
   497    179      1
   498    138      1
   499    257      1
   500    484      1
   501    328      1
   502    346      1
   502    506      1
   503    405      1
   504    191      1
   505     44      1
   506    502      1
   507    323      1
   508    407      1
   509    158      1
   510    222      1
   511    278      1
   512    240      1
   513     88      1
   514    282      1
   515    395      1
   516     20      1
   517    337      1
   518    256      1
   519    289      1
   520     20      1
   521    288      1
   522    121      1
   522    557      1
   523    417      1
   524    271      1
   525    137      1
   526     83      1
   527     67      1
   528    240      1
   529    150      1
   530    108      1
   531    334      1
   532    171      1
   533    434      1
   534    183      1
   535    147      1
   536     29      1
   537    327      1
   538    238      1
   539    440      1
   540    292      1
   541    333      1
   542     27      1
   543    226      1
   544     94      1
   545    336      1
   546    465      1
   547    249      1
   547    595      1
   548    459      1
   549    418      1
   550    250      1
   551    185      1
   552    262      1
   553    250      1
   554    480      1
   555    194      1
   556    195      1
   557    522      1
   558    391      1
   559    351      1
   560    108      1
   561    320      1
   562     96      1
   562    567      1
   563    102      1
   564    217      1
   565    212      1
   566    120      1
   567    562      1
   568    322      1
   569    151      1
   569    570      1
   570    569      1
   571    427      1
   572    224      1
   573    139      1
   574    461      1
   575    165      1
   576    468      1
   577    135      1
   578     33      1
   579    203      1
   580    321      1
   581    381      1
   582    487      1
   583    215      1
   584    264      1
   585    222      1
   586    270      1
   587    174      1
   588    424      1
   589    323      1
   590    122      1
   591    136      1
   592    202      1
   593     37      1
   594    312      1
   595    547      1
   596    412      1
   597     54      1
   598    418      1
   599    408      1
