COORD_X_Y 15
 0.296614   2.33639
  1.73415   2.27881
 0.075763   2.53993
 0.245358 0.0534899
  1.15288   1.77164
  1.33913  0.794226
  2.83915  0.131498
   1.2494   2.18265
  1.91771   1.95375
  2.65559 0.0616485
  2.02978   1.01927
  2.67969  0.157408
  2.37684  0.107894
 0.759114   2.72042
0.0559973   2.34524
LINKS_SOURCE_DESTINATION_DISTANCE 28
     0      1      1
     1      0      1
     1      2      1
     1      3      1
     1      4      1
     1      6      1
     1      8      1
     1     10      1
     1     14      1
     2      1      1
     2      5      1
     3      1      1
     4      1      1
     5      2      1
     5     12      1
     6      1      1
     6      7      1
     7      6      1
     7      9      1
     7     11      1
     8      1      1
     9      7      1
     9     13      1
    10      1      1
    11      7      1
    12      5      1
    13      9      1
    14      1      1
