COORD_X_Y 65
  1.33319  0.992238
 0.617335  0.664821
  0.15311   2.83623
  2.93483   2.47155
  1.27254    2.6514
  2.51924   2.18751
  0.81506   0.69099
  2.56719     2.363
  0.81207   2.05553
 0.834827    2.4869
  1.75199   2.24849
  1.81767   1.79572
 0.762014  0.451931
  2.47726  0.926952
  1.58103   1.15939
 0.350108    2.0486
  2.87763  0.591583
 0.824486    1.7004
 0.401599  0.263301
  1.66893   0.30947
  1.50614    1.7122
 0.400838   1.27573
 0.257093  0.130081
  2.95752   2.76938
  2.28282   2.54761
  2.43944   1.68378
   1.1969   2.06031
   1.0061   2.29677
  1.13118   2.49565
 0.648118  0.513878
   2.2065   2.51241
  2.82264   1.99916
 0.642755   2.21276
 0.794786   2.92324
  2.84362  0.857507
  1.35332   2.36197
  1.16324   1.01651
  0.62899  0.716572
  2.17434  0.999502
 0.510776   1.10245
 0.545442   2.23573
  1.21175   2.33191
 0.142504  0.905104
  1.34369   2.98031
  1.12469  0.318296
   2.5272  0.589164
 0.263851  0.698527
  1.58733  0.928158
  2.11618  0.473003
  2.32285   2.38331
  1.99433   2.96117
  2.55549  0.844955
   1.9383   1.43385
  2.19812   2.16704
  1.61168    1.2366
 0.666538   2.33179
  1.32864  0.110656
   1.6097   1.11683
 0.782388   2.94205
0.0194839   1.01805
 0.950258  0.423278
  1.47492   2.61035
 0.455882   2.28562
   1.0117   2.90514
 0.422196   2.99182
LINKS_SOURCE_DESTINATION_DISTANCE 128
     0      1      1
     0      4      1
     0      6      1
     0     17      1
     0     34      1
     0     49      1
     1      0      1
     1      2      1
     1      3      1
     1      5      1
     1     22      1
     1     27      1
     1     28      1
     1     30      1
     1     32      1
     2      1      1
     2     13      1
     3      1      1
     4      0      1
     4      7      1
     4     10      1
     4     11      1
     4     12      1
     4     15      1
     5      1      1
     6      0      1
     6      8      1
     6     14      1
     6     41      1
     6     48      1
     7      4      1
     7      9      1
     7     18      1
     7     42      1
     8      6      1
     8     16      1
     8     19      1
     8     21      1
     9      7      1
     9     25      1
     9     62      1
    10      4      1
    10     24      1
    10     31      1
    11      4      1
    11     29      1
    11     58      1
    12      4      1
    12     53      1
    13      2      1
    13     23      1
    13     64      1
    14      6      1
    14     47      1
    15      4      1
    15     20      1
    15     55      1
    16      8      1
    17      0      1
    17     45      1
    18      7      1
    19      8      1
    20     15      1
    21      8      1
    21     51      1
    22      1      1
    23     13      1
    23     63      1
    24     10      1
    24     43      1
    25      9      1
    25     26      1
    25     50      1
    26     25      1
    27      1      1
    27     35      1
    27     37      1
    28      1      1
    28     36      1
    28     44      1
    29     11      1
    29     33      1
    29     56      1
    30      1      1
    31     10      1
    32      1      1
    33     29      1
    34      0      1
    35     27      1
    35     38      1
    35     52      1
    36     28      1
    36     39      1
    36     40      1
    37     27      1
    38     35      1
    38     46      1
    39     36      1
    40     36      1
    41      6      1
    42      7      1
    43     24      1
    44     28      1
    44     59      1
    44     60      1
    45     17      1
    46     38      1
    47     14      1
    48      6      1
    48     57      1
    49      0      1
    50     25      1
    51     21      1
    52     35      1
    53     12      1
    53     54      1
    54     53      1
    55     15      1
    55     61      1
    56     29      1
    57     48      1
    58     11      1
    59     44      1
    60     44      1
    61     55      1
    62      9      1
    63     23      1
    64     13      1
