COORD_X_Y 400
  2.52707  0.823068
  1.14824   1.86266
  2.25372  0.978929
  0.46603   2.86121
  2.81651   0.11485
 0.511644   2.15111
  1.98194    1.3165
  2.02768  0.520769
  1.95613   0.44253
  2.26511  0.226435
 0.227657   2.45124
  1.28576  0.816633
 0.299698  0.631528
 0.804136   1.96166
  0.97224   2.74656
  1.78828   2.55467
  1.61116   2.84879
   1.3024    1.3951
  1.28059   1.22374
  1.15879   1.66861
 0.971857   1.26983
  1.08278   1.56206
  0.50964   1.05494
  1.57595   1.04234
 0.606817   2.06338
  1.96636   1.43927
 0.304821   1.81329
 0.703385    2.9221
 0.782042   2.45123
 0.423417   2.91984
  2.32192   1.23098
 0.584394 0.0849861
  1.16446   2.10043
  2.60685  0.377761
  1.20271   2.37528
  2.67296  0.581332
  2.48932   1.31982
  2.04587   0.84579
  2.21444   2.26566
 0.350095   1.99005
  1.49902   2.64536
  2.63017 0.0175417
  2.21418   2.73897
  1.69021   2.34214
 0.352868 0.0922573
  1.90162   1.76652
0.0148192  0.914908
 0.382826   2.87947
 0.995434   2.98771
  2.54796  0.458483
 0.398078  0.649273
 0.517753   2.26781
  2.65337   2.26935
  1.29812   2.67107
  1.06806   2.67785
  2.49093   2.33272
  1.08215  0.111972
  1.32569   1.39224
  2.76791  0.812053
  2.03292   2.15628
 0.439937   2.24129
 0.461513  0.050992
  2.49833   2.98045
  2.28616  0.475633
 0.633609   0.99841
 0.158061   0.68306
  1.43216  0.211629
  2.57498  0.151376
 0.793548   2.75297
  2.30503   0.78463
  2.53281   2.79263
  2.07825   2.18727
  2.85587   2.67116
 0.576332    1.9399
  1.84933   0.47357
  2.51944   1.43923
  2.01761   1.56805
 0.996162     2.126
 0.117755   2.34794
  2.18689  0.907873
   2.7209 0.0566864
  1.93325   1.30572
  2.14811   1.20689
  1.40423   2.98053
 0.838314   2.74449
 0.901248   1.36344
  1.78912   2.21501
  2.24659   1.01877
 0.701916   1.26471
0.0720419  0.417744
  1.34972  0.887691
  2.27075   1.17579
  1.41679   2.94354
  1.79077   1.33704
  1.01836   2.55591
  2.67494  0.232441
 0.650143   1.01202
  1.06758   2.94233
   2.0544   0.17125
 0.698242   1.43421
  2.26733   2.43307
  2.68473   1.63799
  0.32217   2.96805
 0.768586   2.37397
  1.69764   2.14091
  2.81576   2.18253
  2.91327   1.19531
  1.70083   2.72655
  2.00727   2.02625
 0.929731  0.395103
  2.85815   1.24901
  2.56364   1.04546
  1.00898 0.0265177
 0.269624    2.6949
 0.562829   2.79441
  1.51973  0.231807
  2.68057   2.21901
  1.92231    1.8622
  2.97727   1.40719
 0.734197    2.8022
 0.639034   1.56791
  1.03777 0.0915511
  1.15302   1.86425
 0.406908   2.19976
 0.354117  0.697774
0.0328912   1.05688
 0.671188   1.55107
 0.916727   2.14856
  1.18199  0.464418
  2.97929   2.82035
  2.44193  0.805065
  0.78066   0.93631
   2.4236    0.4112
  2.19406   2.46665
  2.93215   1.27063
    2.371   2.40464
 0.135667   1.77274
  1.42503  0.247262
   1.2777   2.71579
  1.05715   2.19313
  2.28618   2.93725
  2.07241  0.345487
  1.42163   1.85344
  2.03531   0.34561
  2.12713   1.28593
  2.71145   2.41911
  1.58552 0.0475044
    1.787  0.123429
  1.84497   2.55342
  2.46458   1.92195
 0.515027   1.67883
0.0334644   0.72132
  1.14279   0.71276
  2.54045  0.843387
  2.26677   2.76864
 0.131529   1.12695
  1.95275   2.89389
  2.57928   2.30353
 0.591218  0.644642
   2.0068   1.78528
  1.37322   2.00383
  2.62992   1.03963
 0.738104  0.950462
 0.700351   1.84613
  1.75778   2.07043
 0.555852  0.431359
  2.35632  0.771752
 0.441963   2.51271
0.0550751   2.72884
  2.36375  0.581681
 0.576751  0.971484
 0.609554    1.9302
 0.557639   2.70439
   2.3746   2.26056
  2.21175   2.09404
  1.58934   1.46889
  0.12328   2.32941
 0.966207   1.58888
 0.443233   1.82006
  0.37798   1.42012
 0.750897 0.0491086
  1.26026  0.856415
  0.34198   2.12573
 0.557202   2.57575
 0.792354   2.16751
  2.81625   1.30152
  1.31675   2.31227
  1.87184  0.630343
   2.8569   1.74824
  1.98912   2.58919
  2.55511   2.26243
  1.30954   2.79279
  1.74333   2.86045
  1.71668   2.81905
  1.28355   1.72815
 0.863713   2.77814
0.0379467  0.837787
 0.131023   1.35817
  2.14189  0.798436
 0.458763   2.55331
  2.55152   1.76166
 0.575739   2.30163
  0.71204   1.01469
  1.38828   2.29637
   0.3192   2.45329
  1.56113  0.136351
  2.43205   1.15444
  1.52601   1.09291
 0.121521   2.34574
  1.43529  0.556552
  2.67715   0.72308
  1.36407  0.491657
  1.15361   1.13349
  2.75641   1.41776
 0.204627 0.0792759
  1.27995   2.80817
0.0267505  0.098736
  2.80128  0.609364
 0.226528  0.543866
  1.35189   2.27386
  2.98047   2.22024
  0.67719   1.92534
   1.2102   1.61246
   2.1768   2.89163
 0.574542   1.66559
  1.64565  0.854258
  1.60739   2.46278
 0.433647   0.46479
 0.143987     2.151
  1.32303   2.70299
  2.08095   2.02338
  2.73608    2.4613
  1.90538   2.68645
 0.401834   1.42321
  1.93883   2.96851
 0.622625    1.7866
 0.118338   2.58779
  1.01393    2.9746
  1.60624   2.35264
    2.913   0.65294
 0.940823   1.36941
 0.880091  0.351884
  1.67861  0.191396
   2.7537 0.0678517
  1.91558  0.313412
 0.946425 0.0244035
    1.286   2.89498
  2.19098   2.01738
 0.887303   0.47446
 0.179418  0.586314
  1.14674  0.159272
   1.7557  0.772487
 0.882764    2.6008
  1.37391   0.38185
  1.00225   1.85891
  2.82475  0.325031
  1.26309   1.47944
  1.62583   1.30054
  1.84347   2.67302
  2.68693  0.270452
  2.53141  0.398887
  1.49646   2.56523
  1.05757  0.691934
 0.300443   1.59436
  1.81646   2.00604
  2.13956   1.21487
  1.76638   2.58219
   0.3334   1.02301
   1.7239  0.770131
  1.20264   1.71906
  2.75951   1.14251
  1.42796   1.62349
  2.81067   1.68671
   2.9361   1.93326
  1.78946    1.1558
  1.36809  0.987672
 0.600709   1.31235
  2.09317   2.06355
 0.442406  0.912639
  1.94294   2.11478
 0.165647   2.70384
  1.70306   2.80422
  1.15255   2.61539
  2.13883  0.612635
 0.360864  0.542884
 0.956391   1.30671
 0.812498  0.269166
  2.75548  0.509044
  1.18544 0.0228688
 0.849988   0.38103
  1.78711  0.523184
  2.59948   2.66548
   2.0608   1.41437
  1.81479   0.41599
  2.94044   1.38273
0.0691052   2.61705
 0.104656   1.14305
  1.46701   2.95718
   1.5205  0.180056
  1.61618   1.08032
0.0538917  0.694178
  1.21578   2.49598
  1.79532  0.852143
  1.77047   1.11897
   1.1091  0.829771
   2.7861  0.830227
  0.26732   1.42657
 0.855815   0.56049
  2.00158   2.77839
  2.36484   1.37358
 0.153074 0.0245863
 0.694916  0.798673
 0.405583   1.38013
   2.4154   1.49828
  2.22064   2.56622
  2.43175   2.98616
 0.381381   1.65069
  1.03892   1.90637
     2.25   2.11554
  1.07452   1.74894
  2.54266   2.67179
  2.33943   1.64078
  2.09493   2.63652
  1.33371  0.960011
  1.38724   2.46131
  1.63498  0.618162
  2.29864   2.82991
  1.64792   1.85327
  1.70792   0.14864
  2.69513   2.60741
 0.996413   2.31674
  2.86662   2.04521
 0.887455   1.68002
 0.874203   1.40743
  1.03189   2.54601
  1.81618    2.8704
 0.924332  0.571447
  2.80845   2.40952
 0.422799   1.13499
0.00301006   1.54328
 0.686721  0.412903
  1.52149   0.73377
  2.05766  0.233195
  2.67906   1.39795
 0.122626   1.22285
 0.148254   2.73594
  1.35863   1.86047
  2.05113  0.252103
  2.62706  0.298771
 0.485334   1.70193
  1.31232   2.41684
0.0387175  0.594761
  1.78418   1.09242
  1.44998  0.503485
 0.699285  0.170243
 0.767712   2.48826
  2.08735   1.54332
 0.819567   2.11568
  1.18038  0.123261
  1.34731   2.38044
 0.535631   2.06392
 0.301219   1.79421
 0.931361  0.750914
   1.3868   2.09384
   2.0262   1.04684
  2.88242  0.977651
  2.69505   1.28189
  1.81893   2.17384
  1.13519   1.34017
  1.80516   2.43692
 0.098845  0.435593
 0.427001  0.959805
   2.1666   1.29896
  2.16917   2.11182
  1.37753   2.90658
  1.05604   2.55102
  1.31817   2.62765
  2.02558   2.85985
 0.252399  0.610079
 0.824885    1.1326
  2.57653 0.0405052
  1.70818  0.609925
  1.54603  0.282161
  1.59692   2.79331
  1.72438 0.0384249
 0.485529    2.8744
  2.19373  0.417328
 0.054359    2.0101
  2.98149   1.37659
  1.20293   2.77537
  1.50302   1.35103
  1.89072 0.0150282
 0.565298   1.36506
  1.95173  0.788754
  2.72394   1.16407
  2.75601   2.40919
 0.224781   1.42717
 0.772301   1.17666
  2.26007   2.37526
  1.67203   1.76588
LINKS_SOURCE_DESTINATION_DISTANCE 798
     0      1      1
     0      6      1
     0      8      1
     0     16      1
     0     23      1
     1      0      1
     1      2      1
     1     66      1
     1    144      1
     2      1      1
     2      3      1
     2     22      1
     2     26      1
     2    185      1
     2    222      1
     3      2      1
     3      4      1
     3      5      1
     3      9      1
     3     10      1
     3     11      1
     3     12      1
     3     74      1
     3    134      1
     3    206      1
     3    394      1
     4      3      1
     4      7      1
     5      3      1
     5     28      1
     5     41      1
     5    262      1
     5    287      1
     6      0      1
     6     13      1
     6     19      1
     6    111      1
     7      4      1
     7     51      1
     7     68      1
     7    239      1
     8      0      1
     8     25      1
     8    198      1
     8    266      1
     9      3      1
     9     14      1
     9     21      1
     9     55      1
     9     82      1
     9    101      1
     9    213      1
    10      3      1
    10     17      1
    10     27      1
    11      3      1
    11    154      1
    12      3      1
    12     15      1
    12     34      1
    12     53      1
    12    108      1
    12    175      1
    12    215      1
    12    390      1
    13      6      1
    13     86      1
    13    133      1
    13    317      1
    14      9      1
    14     18      1
    14     32      1
    14    216      1
    15     12      1
    15     58      1
    15     91      1
    16      0      1
    16     29      1
    16     79      1
    16     80      1
    17     10      1
    17    121      1
    17    350      1
    18     14      1
    18     20      1
    19      6      1
    19    177      1
    19    199      1
    19    208      1
    20     18      1
    20     30      1
    20     56      1
    20     60      1
    20     71      1
    20     85      1
    20    124      1
    20    127      1
    21      9      1
    21    227      1
    21    243      1
    22      2      1
    22     95      1
    22    327      1
    23      0      1
    23     24      1
    23     40      1
    24     23      1
    24     35      1
    24     54      1
    24    157      1
    25      8      1
    25     36      1
    25     37      1
    25     57      1
    25    221      1
    26      2      1
    26     45      1
    26    119      1
    27     10      1
    27     42      1
    27     50      1
    27    102      1
    27    179      1
    27    235      1
    28      5      1
    28    184      1
    29     16      1
    29     84      1
    30     20      1
    30     31      1
    30     52      1
    30     97      1
    30    106      1
    31     30      1
    31     39      1
    31     44      1
    31     87      1
    32     14      1
    32     33      1
    32     62      1
    32     70      1
    32    192      1
    32    232      1
    33     32      1
    33     78      1
    33    203      1
    33    270      1
    33    282      1
    34     12      1
    34     49      1
    34    131      1
    35     24      1
    35     46      1
    36     25      1
    36     38      1
    36     65      1
    36     76      1
    37     25      1
    37    301      1
    37    307      1
    38     36      1
    38     75      1
    39     31      1
    39    347      1
    40     23      1
    40     47      1
    40    332      1
    40    386      1
    41      5      1
    41     43      1
    41     94      1
    41    135      1
    41    261      1
    42     27      1
    42    247      1
    42    311      1
    43     41      1
    43     48      1
    43    117      1
    44     31      1
    45     26      1
    45     61      1
    46     35      1
    46    164      1
    47     40      1
    47     67      1
    47    105      1
    47    149      1
    47    197      1
    48     43      1
    48     59      1
    48    100      1
    49     34      1
    49    339      1
    50     27      1
    50     93      1
    50    186      1
    51      7      1
    51     63      1
    51    147      1
    51    323      1
    52     30      1
    52    246      1
    52    388      1
    53     12      1
    53     73      1
    53    167      1
    53    211      1
    54     24      1
    55      9      1
    55    113      1
    55    130      1
    55    176      1
    56     20      1
    56     81      1
    56     88      1
    57     25      1
    57     92      1
    57    305      1
    57    362      1
    58     15      1
    58    182      1
    59     48      1
    59    103      1
    60     20      1
    60     69      1
    60    126      1
    60    173      1
    61     45      1
    61    268      1
    62     32      1
    62     64      1
    62     83      1
    62    228      1
    63     51      1
    63    116      1
    63    188      1
    64     62      1
    65     36      1
    65     72      1
    65     96      1
    65    104      1
    65    153      1
    66      1      1
    66    172      1
    66    212      1
    66    226      1
    66    342      1
    67     47      1
    68      7      1
    68    195      1
    68    369      1
    69     60      1
    69     99      1
    69    326      1
    70     32      1
    70     90      1
    70     98      1
    71     20      1
    71    160      1
    71    210      1
    71    219      1
    72     65      1
    72    148      1
    72    170      1
    72    217      1
    72    360      1
    73     53      1
    73    156      1
    74      3      1
    74    137      1
    74    202      1
    74    393      1
    75     38      1
    75     77      1
    75    150      1
    76     36      1
    77     75      1
    78     33      1
    78     89      1
    78    110      1
    78    196      1
    79     16      1
    80     16      1
    80    107      1
    81     56      1
    81    168      1
    82      9      1
    82    271      1
    83     62      1
    83    114      1
    83    190      1
    84     29      1
    84    366      1
    85     20      1
    85    335      1
    86     13      1
    87     31      1
    87    151      1
    87    163      1
    87    259      1
    87    260      1
    88     56      1
    89     78      1
    89    162      1
    89    375      1
    90     70      1
    90    368      1
    91     15      1
    91    152      1
    92     57      1
    92    120      1
    92    143      1
    92    274      1
    93     50      1
    93    112      1
    93    330      1
    94     41      1
    95     22      1
    95    334      1
    95    361      1
    96     65      1
    96    171      1
    96    189      1
    96    200      1
    97     30      1
    98     70      1
    99     69      1
    99    122      1
    99    264      1
   100     48      1
   101      9      1
   101    118      1
   102     27      1
   102    181      1
   102    218      1
   103     59      1
   104     65      1
   105     47      1
   105    267      1
   106     30      1
   106    297      1
   107     80      1
   108     12      1
   108    109      1
   108    229      1
   108    290      1
   108    322      1
   109    108      1
   110     78      1
   110    309      1
   110    338      1
   111      6      1
   111    115      1
   111    201      1
   111    273      1
   112     93      1
   112    145      1
   113     55      1
   113    161      1
   114     83      1
   115    111      1
   115    237      1
   115    355      1
   115    370      1
   116     63      1
   116    140      1
   116    265      1
   117     43      1
   117    123      1
   117    183      1
   118    101      1
   118    333      1
   119     26      1
   119    399      1
   120     92      1
   120    132      1
   120    142      1
   120    165      1
   120    303      1
   121     17      1
   122     99      1
   123    117      1
   123    125      1
   124     20      1
   124    136      1
   124    158      1
   124    174      1
   124    205      1
   125    123      1
   125    128      1
   125    129      1
   126     60      1
   127     20      1
   127    141      1
   127    363      1
   128    125      1
   129    125      1
   129    138      1
   129    169      1
   130     55      1
   130    233      1
   130    395      1
   131     34      1
   131    337      1
   132    120      1
   133     13      1
   133    139      1
   133    146      1
   133    178      1
   133    248      1
   134      3      1
   135     41      1
   135    155      1
   136    124      1
   136    314      1
   136    325      1
   137     74      1
   138    129      1
   139    133      1
   139    272      1
   140    116      1
   140    358      1
   141    127      1
   142    120      1
   142    159      1
   142    254      1
   143     92      1
   143    180      1
   144      1      1
   144    204      1
   145    112      1
   146    133      1
   147     51      1
   147    284      1
   147    344      1
   148     72      1
   149     47      1
   150     75      1
   150    256      1
   151     87      1
   151    193      1
   152     91      1
   153     65      1
   153    191      1
   153    313      1
   154     11      1
   154    194      1
   155    135      1
   156     73      1
   157     24      1
   157    223      1
   158    124      1
   159    142      1
   160     71      1
   161    113      1
   162     89      1
   163     87      1
   163    166      1
   163    187      1
   163    376      1
   164     46      1
   165    120      1
   166    163      1
   166    224      1
   167     53      1
   168     81      1
   169    129      1
   169    240      1
   169    346      1
   170     72      1
   170    296      1
   170    300      1
   170    304      1
   171     96      1
   171    244      1
   171    249      1
   171    379      1
   172     66      1
   173     60      1
   174    124      1
   174    225      1
   175     12      1
   176     55      1
   176    289      1
   177     19      1
   178    133      1
   179     27      1
   179    253      1
   180    143      1
   180    258      1
   181    102      1
   181    315      1
   182     58      1
   183    117      1
   184     28      1
   185      2      1
   185    385      1
   186     50      1
   186    207      1
   187    163      1
   188     63      1
   188    242      1
   189     96      1
   189    277      1
   189    349      1
   189    367      1
   190     83      1
   190    286      1
   190    328      1
   191    153      1
   192     32      1
   193    151      1
   193    220      1
   194    154      1
   194    336      1
   194    343      1
   195     68      1
   195    340      1
   196     78      1
   197     47      1
   198      8      1
   198    383      1
   199     19      1
   199    230      1
   199    250      1
   200     96      1
   201    111      1
   201    341      1
   202     74      1
   203     33      1
   204    144      1
   204    209      1
   204    234      1
   204    245      1
   205    124      1
   205    353      1
   206      3      1
   206    214      1
   207    186      1
   208     19      1
   208    238      1
   208    306      1
   209    204      1
   210     71      1
   210    283      1
   211     53      1
   211    295      1
   212     66      1
   213      9      1
   213    252      1
   214    206      1
   215     12      1
   216     14      1
   217     72      1
   218    102      1
   219     71      1
   220    193      1
   220    320      1
   221     25      1
   221    231      1
   221    236      1
   221    291      1
   221    319      1
   221    396      1
   222      2      1
   222    251      1
   222    257      1
   223    157      1
   224    166      1
   225    174      1
   225    356      1
   226     66      1
   226    345      1
   227     21      1
   228     62      1
   228    241      1
   229    108      1
   230    199      1
   230    382      1
   231    221      1
   232     32      1
   233    130      1
   234    204      1
   234    299      1
   235     27      1
   235    269      1
   235    374      1
   235    398      1
   236    221      1
   236    278      1
   237    115      1
   238    208      1
   239      7      1
   239    276      1
   240    169      1
   240    281      1
   241    228      1
   241    308      1
   242    188      1
   242    310      1
   243     21      1
   243    255      1
   244    171      1
   245    204      1
   245    293      1
   246     52      1
   246    351      1
   247     42      1
   247    288      1
   248    133      1
   248    263      1
   248    373      1
   249    171      1
   250    199      1
   251    222      1
   252    213      1
   252    279      1
   253    179      1
   253    377      1
   254    142      1
   254    357      1
   255    243      1
   255    391      1
   256    150      1
   256    316      1
   256    378      1
   257    222      1
   258    180      1
   259     87      1
   260     87      1
   261     41      1
   262      5      1
   263    248      1
   264     99      1
   264    285      1
   264    292      1
   265    116      1
   265    331      1
   266      8      1
   266    275      1
   267    105      1
   268     61      1
   268    294      1
   268    312      1
   269    235      1
   270     33      1
   271     82      1
   272    139      1
   273    111      1
   273    321      1
   274     92      1
   274    280      1
   274    384      1
   275    266      1
   275    372      1
   276    239      1
   276    302      1
   277    189      1
   277    318      1
   278    236      1
   279    252      1
   280    274      1
   280    348      1
   281    240      1
   281    324      1
   282     33      1
   283    210      1
   284    147      1
   285    264      1
   286    190      1
   287      5      1
   288    247      1
   289    176      1
   289    364      1
   290    108      1
   291    221      1
   292    264      1
   293    245      1
   294    268      1
   294    387      1
   295    211      1
   295    298      1
   296    170      1
   297    106      1
   297    365      1
   298    295      1
   299    234      1
   299    354      1
   300    170      1
   301     37      1
   302    276      1
   303    120      1
   303    352      1
   304    170      1
   304    380      1
   305     57      1
   306    208      1
   307     37      1
   308    241      1
   309    110      1
   310    242      1
   311     42      1
   312    268      1
   313    153      1
   314    136      1
   315    181      1
   316    256      1
   316    397      1
   317     13      1
   318    277      1
   319    221      1
   319    381      1
   320    220      1
   320    329      1
   321    273      1
   322    108      1
   323     51      1
   324    281      1
   325    136      1
   326     69      1
   327     22      1
   328    190      1
   329    320      1
   330     93      1
   331    265      1
   332     40      1
   333    118      1
   333    359      1
   334     95      1
   335     85      1
   336    194      1
   337    131      1
   338    110      1
   339     49      1
   340    195      1
   341    201      1
   342     66      1
   343    194      1
   344    147      1
   345    226      1
   346    169      1
   347     39      1
   348    280      1
   349    189      1
   349    389      1
   350     17      1
   351    246      1
   352    303      1
   353    205      1
   354    299      1
   355    115      1
   356    225      1
   356    392      1
   357    254      1
   358    140      1
   359    333      1
   360     72      1
   361     95      1
   362     57      1
   363    127      1
   364    289      1
   365    297      1
   366     84      1
   367    189      1
   368     90      1
   369     68      1
   370    115      1
   370    371      1
   371    370      1
   372    275      1
   373    248      1
   374    235      1
   375     89      1
   376    163      1
   377    253      1
   378    256      1
   379    171      1
   380    304      1
   381    319      1
   382    230      1
   383    198      1
   384    274      1
   385    185      1
   386     40      1
   387    294      1
   388     52      1
   389    349      1
   390     12      1
   391    255      1
   392    356      1
   393     74      1
   394      3      1
   395    130      1
   396    221      1
   397    316      1
   398    235      1
   399    119      1
