COORD_X_Y 500
  1.71419   1.84726
  1.50789   1.23035
  1.04604   0.29178
 0.813212   2.72746
 0.692607   2.21135
  2.93353   1.82623
  2.61921   2.97819
  2.04032   2.34412
  0.23809   1.74913
  1.47938  0.343774
 0.543318  0.532668
 0.700987   1.82546
  2.39761   1.10501
  1.72842   1.88423
   2.1946   2.18653
  1.10598   1.98944
 0.722022   1.09005
  1.71805   1.72683
  2.06937    2.6179
  1.51963  0.163955
 0.480171  0.248382
 0.200203   2.55622
  0.99503  0.629729
 0.273387   1.44508
  1.35773   2.19682
  1.96894   2.33716
  1.18314  0.808678
  1.39842      1.62
   1.2416   2.08718
    1.001   2.83661
 0.386146   2.09703
   1.0855  0.654942
  1.07724   1.51902
   2.7754    1.0845
  2.81124    2.6613
  2.86581   2.08826
  2.14969    1.5492
  1.81885   1.14671
  1.85215  0.864525
  2.78586  0.380884
 0.371225   2.90927
  1.75609   2.10516
 0.886946     1.777
0.0477693   0.86016
0.0407085   1.34814
 0.795175 0.0645474
 0.738593   2.58497
  2.44854   1.38754
  2.86576   1.96639
  2.29059   1.18919
 0.838018   0.93029
  1.83145   2.08324
 0.199814  0.731718
  1.92623   2.64231
  1.72534  0.189277
  2.19313  0.993642
  2.87364   1.68075
 0.031585   1.34176
 0.836131   1.75539
   1.0625   2.53975
  0.27002  0.257305
0.0677308   1.86108
 0.126896   1.96695
 0.627179   2.37893
  2.92062   2.66504
  1.92962   2.82181
  2.27886   1.43334
  2.41584   1.60368
  2.24455   2.88211
 0.760598   2.10535
 0.793548   1.20752
  1.03288   1.92154
  2.64613  0.905711
 0.593395    2.3415
  1.30472  0.213617
  2.74792   1.40641
  2.67828  0.304751
  2.03171   1.32637
 0.482395  0.245985
  2.12035   2.46878
  1.75412  0.342229
  1.10202   1.21977
  2.45857  0.127293
  1.25068   2.19896
  1.82223   1.36783
  1.91381    1.6792
   1.2281   1.91148
  2.09271  0.114923
  2.75476  0.194339
  2.14088   1.26351
  1.84749   2.80594
  2.92451   2.02713
  2.50861   1.60068
0.0891603   1.81863
  2.20506  0.665702
  1.11038    2.1446
  1.23778   2.72192
 0.753041  0.978113
 0.376238    1.6987
  1.78895 0.0474912
  2.12078  0.719986
  2.92805    2.5272
 0.268721   1.43087
  2.97353   1.24424
 0.914407   1.58997
  2.95158   2.26798
  1.35213   1.62857
   1.6925   2.43865
  2.32424   2.02323
  2.69725   1.38539
  2.74333   2.34507
  2.39173  0.928163
  1.55546  0.973588
  2.08621  0.834866
  1.20825   2.57943
  1.13951   2.71404
  2.17672   2.71602
  2.28769  0.839943
  2.91767   1.74788
 0.774317  0.615539
 0.194174   2.83682
  1.83069   2.71873
  1.13512   0.93969
  1.31624  0.738369
  0.39099   1.36693
   2.5558    1.7097
  2.39189   2.78287
  1.13363   1.49598
  1.98753   2.60819
0.00447936  0.857165
 0.625069   1.41423
  1.45058  0.434266
 0.606992   1.52025
0.00807135  0.636257
  2.68754   0.56616
  2.81753  0.148978
  2.39493  0.623284
  2.08408   2.53902
   1.2773   2.65046
  2.10585   2.56946
  1.88592   1.87563
  1.31967   2.29395
  1.93101   2.82839
  2.92224    2.5536
  1.73453  0.716589
  1.65733  0.527759
  2.20885  0.662524
  1.26294 0.0275402
  1.32169   1.04285
  1.41506   1.64858
   1.1969   1.09461
  1.45433   1.43632
   1.8251 0.00747097
  2.40851   2.41707
  2.71344   1.93207
 0.311572   1.12524
  1.86278  0.274627
  1.50487   2.62391
 0.400167   1.82092
  2.36673 0.0433564
 0.410151   2.67426
 0.586057   2.43603
  2.17092  0.275882
 0.327702  0.115753
 0.569199   1.46832
 0.313583   2.77585
  2.81075  0.568246
  1.85401   2.36931
  2.66243   2.08282
  1.13489   1.54799
 0.886952   2.78829
  1.22499  0.405133
 0.294423   1.86826
 0.965673   1.32176
  2.24087    2.9539
 0.501604   1.35904
 0.366764   1.41252
  2.96072   2.80745
  2.78438   2.06232
  2.49978   1.80356
   2.3409   1.40221
  2.31592 0.0829956
  2.61397  0.651679
  1.36009   1.27961
  2.45258  0.228506
  1.65264  0.260973
 0.631701  0.446387
 0.790754  0.925693
  1.92176  0.438237
  1.05187   1.79448
 0.558123   0.78142
  1.45688   2.64507
 0.753158  0.322763
 0.909534   2.84282
 0.907034  0.672721
 0.539146  0.829447
  2.92632   2.69858
  1.78892   2.64404
  1.93922  0.265253
  2.48649  0.305556
 0.783899   2.64544
  1.21206  0.234669
 0.777464  0.816878
   2.5058  0.777513
  2.91401  0.410318
 0.969159 0.0499607
 0.479818   1.30447
  2.22554   2.20595
 0.238349   0.70287
  2.33966  0.569495
  2.84493   2.43373
   2.0327   2.78286
 0.687342   1.64963
  1.24753  0.564879
   1.0148  0.693656
  2.47938  0.249775
  2.75101   2.16814
  1.89018  0.207787
  2.12401   2.08585
  2.85276   2.10341
  2.06188   1.19661
 0.452623   1.03676
  2.63084  0.707763
  1.63002   1.82795
  1.91018    1.4717
  2.73372   2.53548
    2.321 0.0144321
  1.49003  0.713868
 0.870875  0.861312
  1.67196   2.79092
  1.62848   1.41302
 0.456222  0.639535
  1.23706  0.166772
  2.79071   2.82851
  0.32358   2.28548
  1.96078  0.365513
  2.90982   1.15516
 0.124894   2.88458
  1.44476 0.0118795
  2.53856   1.26739
 0.762645   2.74641
  1.13641   0.66507
 0.417862    1.2736
 0.949891    2.2103
  2.86594   1.44149
  1.31154  0.744207
 0.623661   2.65728
   2.4075   2.93785
  1.35883    1.7235
  1.25918   2.95523
  2.33912 0.0556843
  2.86794   2.14872
  2.63145   1.72471
  1.91628   1.69928
  1.22501  0.702164
  2.28123   2.80265
  1.32427    2.1353
 0.914729  0.260488
  2.31936   2.54286
  0.58216  0.921178
  1.28179   2.15659
  2.11481   2.73801
  2.21244  0.972321
  2.08019   1.13373
  1.30113   2.98791
  2.35956  0.469706
 0.564569  0.866212
  1.70415   2.36034
  2.43328  0.184006
 0.372807    1.8879
 0.362186   2.07892
   2.6352  0.846832
 0.481683   1.15218
0.0831382   1.52015
  2.63445   2.79444
  2.17376   2.32454
  2.67171   2.15512
  1.43056  0.629761
  2.90325   1.23511
  2.92133   2.47477
  2.91669   2.24426
 0.248846   1.64753
 0.150778    1.2219
  1.59675   2.93157
  2.05498   1.31297
  1.12972  0.278275
  2.65141  0.571421
  1.59534   2.97576
  1.67315   1.51185
  2.98442    2.8053
 0.601358  0.459736
  2.57363   2.46656
    0.478   1.11414
 0.722249   1.64069
   1.9058    2.9464
  1.25831   1.01317
 0.142166   2.85346
  2.68441  0.261793
  2.68596   1.48387
 0.112836  0.888195
  2.72995   2.19856
  1.39475   2.82585
0.0513666    1.8017
   2.6944  0.241142
  1.33988  0.963161
  2.75337  0.310056
  2.94648   1.69891
  2.74435  0.650154
  1.58944  0.926497
  2.68796   1.28475
   1.5246   1.04901
 0.901307   1.05558
  1.38475  0.265483
  2.24369  0.577442
 0.369464   1.24949
 0.863459   2.58811
  2.74836   0.43709
  2.26696  0.175649
 0.808278   1.01057
   2.5148  0.950776
  1.08489   1.03768
   2.7918   1.51875
  2.89147   1.27508
  1.66789  0.207832
   2.3778   1.85257
  2.36676  0.436324
  1.25287   0.88462
  1.51304   1.66723
0.0516558   2.92651
  1.32003   1.00472
   1.2135   2.96643
  2.14298   1.29764
 0.819187   2.16554
  2.17842   1.36098
  2.04876   0.19897
    1.081   2.15973
 0.571115  0.976107
 0.531495  0.102646
 0.260619   2.62638
  2.24334   1.92439
  2.07422   2.24848
 0.691799  0.683934
 0.855058  0.302369
  1.74911  0.068707
 0.548342  0.211366
  1.02564  0.824832
 0.383092  0.689861
  1.37523  0.688969
  2.70418    2.7021
 0.546903  0.136541
  2.26893  0.338015
  2.90101   2.33826
  2.45154   1.52919
  2.86364   2.76343
  2.80524  0.873172
  1.06754   1.62993
 0.499586    2.1677
 0.718055   2.44845
  1.74315   1.00503
  1.19319   1.09352
  1.89293    1.1219
 0.976734 0.00330716
 0.338623   2.96245
  1.43862   1.17789
 0.924397  0.984694
  1.64982   1.62944
  1.21961   1.03713
  1.97777 0.0575161
  2.75336   1.62727
 0.064743  0.512065
  1.50706  0.809531
  1.06688   2.88388
    1.333  0.633734
  2.30172  0.375794
  2.89765  0.934123
  2.54358   1.74612
  1.17105   2.02702
  1.00398  0.639161
0.0136008   1.45671
  2.43611   2.07177
  2.20917   1.75193
 0.968677   2.03222
  0.54065  0.741753
  2.95799   1.38116
 0.861274   2.36483
  2.94727   1.37629
  2.45269   2.04136
 0.173595  0.657903
 0.818626   2.89366
 0.537558  0.653633
  1.89224  0.162434
  2.88326   2.97926
  1.95178   1.60979
 0.348083   2.85992
  2.81907   2.68956
  2.01441   2.37544
   2.7573  0.620338
  0.19499   2.37307
  1.66936   2.93745
0.0790929   2.29716
  2.26079   2.92992
  2.89302   1.40965
 0.691124   2.70476
  2.44668  0.538566
 0.349296   1.49883
  1.43287   2.63151
   1.4074   1.65485
  1.48566   1.51736
  2.85895   2.35533
  1.23712   2.46406
 0.864189   1.63378
 0.249015  0.514843
 0.331248    1.1426
 0.885579   2.86635
  1.34306   2.77948
  2.47321  0.575181
 0.744121 0.0841266
  2.69549   1.90949
  1.71701   2.87055
  2.71561  0.564334
 0.399068   1.81098
  1.48104  0.577628
  1.19853  0.652826
 0.653943    2.0039
  2.15852  0.379308
  2.63621   1.41369
  2.83207  0.319242
  2.66963   1.59455
 0.590505   2.35335
  2.08287   2.89564
  1.28808   2.95314
  1.77648   2.34009
  1.04506   2.78901
0.00819537   2.03449
 0.486945   2.38795
 0.237308  0.225278
 0.388027   1.89936
 0.509602   2.75229
  2.34347   1.73971
  1.66247 0.0549366
  1.79919  0.388801
  2.04665   1.64765
  1.77702   1.69017
  1.01809   2.84214
  2.49407  0.877014
   2.5365   2.80136
  1.33474    1.9999
  2.62086   2.70474
 0.898786   2.22743
  1.51684   1.47902
 0.910677   2.30819
  2.08464   1.33489
  1.89183  0.582386
 0.841216   1.30829
   2.9248   1.17317
  2.36304  0.965704
  1.97146  0.207255
 0.068212  0.782157
  2.85547  0.907661
  1.24068   1.51883
  2.45446  0.560836
 0.484954   1.47163
  1.17732   2.95542
 0.522725   2.80218
  2.11425  0.982486
  2.69572  0.161356
 0.854988  0.491302
  2.31157  0.228173
  1.11134   1.06171
 0.658135   2.00605
  0.17815   1.37582
  1.88259   1.19506
  1.18743   2.17931
  1.94219   2.43434
  2.40968   2.89284
 0.935765  0.487285
  2.91002    1.6434
  2.08233   2.40362
  1.61091   2.96136
  2.95743   0.49035
  2.33397   2.02801
  1.01033 0.0733405
 0.387981  0.141267
   1.0872   2.37085
 0.177545   1.56539
  2.66369  0.520365
  2.74843   2.76811
  2.63815   2.85072
 0.928122  0.248277
 0.341074  0.358463
   1.2878    2.0528
  2.12828   1.37223
 0.437897   2.56571
  1.90662  0.376196
   2.5678   2.36091
  2.40277   1.17806
0.0903666  0.269342
 0.747951    2.1605
 0.127535  0.410756
 0.636951   2.56164
LINKS_SOURCE_DESTINATION_DISTANCE 998
     0      1      1
     0      2      1
     0      4      1
     0      6      1
     0      8      1
     0     29      1
     0     41      1
     0     76      1
     0    170      1
     0    188      1
     0    325      1
     1      0      1
     1      3      1
     1     11      1
     1     15      1
     1     89      1
     1    215      1
     2      0      1
     2     34      1
     2    114      1
     2    128      1
     2    299      1
     2    392      1
     2    394      1
     2    402      1
     3      1      1
     3     31      1
     3    239      1
     3    275      1
     4      0      1
     4      5      1
     4      7      1
     4    225      1
     4    383      1
     5      4      1
     5     56      1
     5     57      1
     5    251      1
     5    294      1
     6      0      1
     6     18      1
     6     37      1
     6     50      1
     6     59      1
     7      4      1
     7     10      1
     7     22      1
     7     61      1
     7    264      1
     7    290      1
     7    326      1
     8      0      1
     8      9      1
     8     12      1
     8     14      1
     8     27      1
     8    126      1
     8    171      1
     8    223      1
     8    253      1
     8    338      1
     9      8      1
     9     13      1
     9     40      1
     9    494      1
    10      7      1
    10    160      1
    11      1      1
    11     21      1
    11     25      1
    11     35      1
    11     46      1
    11     63      1
    11     95      1
    12      8      1
    12     78      1
    12    156      1
    12    371      1
    13      9      1
    13     44      1
    13     51      1
    13     53      1
    13    137      1
    13    196      1
    14      8      1
    14     16      1
    14     48      1
    14    249      1
    15      1      1
    15     47      1
    15    229      1
    15    431      1
    16     14      1
    16     17      1
    16     49      1
    16     93      1
    16    184      1
    17     16      1
    17     20      1
    17     28      1
    17     33      1
    17     65      1
    17     80      1
    17     85      1
    17    135      1
    17    200      1
    17    210      1
    18      6      1
    18     19      1
    18     26      1
    18     32      1
    18     64      1
    18    105      1
    18    133      1
    19     18      1
    19     39      1
    19     82      1
    19    112      1
    19    204      1
    19    309      1
    20     17      1
    20     24      1
    21     11      1
    21     71      1
    21    185      1
    21    340      1
    22      7      1
    22     23      1
    23     22      1
    23     43      1
    24     20      1
    24    103      1
    25     11      1
    25    174      1
    26     18      1
    26     54      1
    26    145      1
    26    231      1
    26    302      1
    27      8      1
    27    101      1
    27    102      1
    27    169      1
    27    219      1
    27    255      1
    27    478      1
    28     17      1
    28     38      1
    28     86      1
    28    167      1
    28    194      1
    28    456      1
    29      0      1
    29     30      1
    29     42      1
    29    106      1
    29    201      1
    30     29      1
    31      3      1
    31     58      1
    31    351      1
    32     18      1
    32    320      1
    33     17      1
    34      2      1
    34    130      1
    35     11      1
    35     36      1
    35    132      1
    36     35      1
    36     45      1
    36     98      1
    36    203      1
    36    232      1
    36    406      1
    36    481      1
    37      6      1
    37     62      1
    38     28      1
    38    491      1
    39     19      1
    39     68      1
    39     97      1
    39    490      1
    40      9      1
    40     66      1
    40     77      1
    40    192      1
    41      0      1
    41     55      1
    41     67      1
    41    148      1
    42     29      1
    42     60      1
    42    155      1
    42    181      1
    42    280      1
    43     23      1
    43    119      1
    43    123      1
    43    488      1
    44     13      1
    44     75      1
    45     36      1
    45    434      1
    45    442      1
    46     11      1
    46     91      1
    46    448      1
    47     15      1
    47     74      1
    48     14      1
    48     52      1
    48    129      1
    48    157      1
    48    366      1
    48    450      1
    49     16      1
    50      6      1
    50     84      1
    51     13      1
    51     73      1
    52     48      1
    52    161      1
    53     13      1
    54     26      1
    54    198      1
    54    368      1
    55     41      1
    55    234      1
    55    284      1
    56      5      1
    56     72      1
    56     83      1
    56    298      1
    56    374      1
    57      5      1
    57     87      1
    57    214      1
    57    235      1
    57    304      1
    57    408      1
    58     31      1
    58    330      1
    59      6      1
    59    140      1
    59    213      1
    59    248      1
    60     42      1
    60    376      1
    61      7      1
    61    121      1
    61    486      1
    62     37      1
    62    100      1
    62    144      1
    63     11      1
    63    162      1
    64     18      1
    64     70      1
    64    109      1
    64    124      1
    65     17      1
    65     69      1
    65     94      1
    65    118      1
    65    122      1
    65    230      1
    66     40      1
    66    139      1
    66    158      1
    67     41      1
    67    110      1
    67    180      1
    68     39      1
    68    220      1
    68    404      1
    69     65      1
    69    113      1
    69    127      1
    69    328      1
    70     64      1
    70    142      1
    70    354      1
    71     21      1
    72     56      1
    72    138      1
    73     51      1
    73     79      1
    73    347      1
    74     47      1
    74     99      1
    75     44      1
    75    243      1
    76      0      1
    76     90      1
    77     40      1
    77    190      1
    77    274      1
    78     12      1
    78    120      1
    78    197      1
    78    202      1
    79     73      1
    79     81      1
    79     96      1
    79    153      1
    79    241      1
    79    401      1
    80     17      1
    80    306      1
    80    316      1
    80    362      1
    81     79      1
    81     88      1
    81    378      1
    82     19      1
    82    150      1
    83     56      1
    83    117      1
    83    141      1
    83    182      1
    83    307      1
    83    343      1
    84     50      1
    85     17      1
    85    395      1
    86     28      1
    86    115      1
    86    177      1
    87     57      1
    87    227      1
    87    238      1
    87    380      1
    88     81      1
    89      1      1
    90     76      1
    90     92      1
    90    222      1
    91     46      1
    91    107      1
    91    154      1
    91    269      1
    92     90      1
    92    250      1
    93     16      1
    93    125      1
    93    159      1
    94     65      1
    94    189      1
    95     11      1
    95    485      1
    96     79      1
    96    108      1
    96    345      1
    97     39      1
    97    193      1
    98     36      1
    98    149      1
    98    247      1
    99     74      1
    99    389      1
   100     62      1
   100    136      1
   100    178      1
   100    217      1
   100    432      1
   101     27      1
   101    104      1
   101    111      1
   102     27      1
   102    292      1
   102    317      1
   103     24      1
   103    221      1
   103    273      1
   104    101      1
   104    360      1
   104    397      1
   104    447      1
   105     18      1
   105    163      1
   105    422      1
   106     29      1
   106    143      1
   107     91      1
   107    286      1
   108     96      1
   108    205      1
   108    346      1
   109     64      1
   109    116      1
   109    261      1
   110     67      1
   111    101      1
   111    168      1
   111    411      1
   112     19      1
   113     69      1
   113    272      1
   113    388      1
   114      2      1
   115     86      1
   115    134      1
   115    166      1
   115    172      1
   115    279      1
   116    109      1
   117     83      1
   117    246      1
   117    357      1
   117    480      1
   118     65      1
   118    146      1
   119     43      1
   120     78      1
   121     61      1
   121    233      1
   121    364      1
   122     65      1
   122    379      1
   123     43      1
   123    483      1
   124     64      1
   124    183      1
   125     93      1
   125    131      1
   126      8      1
   127     69      1
   127    393      1
   128      2      1
   129     48      1
   130     34      1
   130    147      1
   130    165      1
   130    218      1
   130    281      1
   130    353      1
   130    412      1
   131    125      1
   131    211      1
   131    258      1
   132     35      1
   132    173      1
   132    224      1
   133     18      1
   133    267      1
   133    467      1
   134    115      1
   134    334      1
   135     17      1
   136    100      1
   137     13      1
   137    256      1
   137    270      1
   138     72      1
   139     66      1
   139    186      1
   139    370      1
   140     59      1
   140    152      1
   140    240      1
   140    277      1
   141     83      1
   142     70      1
   142    237      1
   142    318      1
   143    106      1
   143    372      1
   144     62      1
   145     26      1
   145    151      1
   145    373      1
   146    118      1
   146    423      1
   146    426      1
   147    130      1
   148     41      1
   148    164      1
   148    449      1
   149     98      1
   149    254      1
   150     82      1
   150    356      1
   151    145      1
   152    140      1
   152    398      1
   153     79      1
   153    216      1
   154     91      1
   154    257      1
   154    259      1
   155     42      1
   155    242      1
   155    288      1
   156     12      1
   156    228      1
   156    342      1
   156    420      1
   157     48      1
   157    437      1
   158     66      1
   158    199      1
   158    206      1
   158    441      1
   159     93      1
   159    187      1
   159    209      1
   159    323      1
   160     10      1
   160    195      1
   160    308      1
   161     52      1
   161    176      1
   162     63      1
   162    175      1
   162    179      1
   162    271      1
   163    105      1
   164    148      1
   164    226      1
   165    130      1
   165    474      1
   166    115      1
   166    208      1
   166    262      1
   166    305      1
   167     28      1
   167    369      1
   168    111      1
   169     27      1
   169    446      1
   170      0      1
   171      8      1
   172    115      1
   173    132      1
   173    212      1
   173    244      1
   174     25      1
   174    386      1
   175    162      1
   175    444      1
   176    161      1
   176    458      1
   177     86      1
   178    100      1
   179    162      1
   179    407      1
   180     67      1
   181     42      1
   182     83      1
   182    191      1
   183    124      1
   184     16      1
   185     21      1
   186    139      1
   186    451      1
   187    159      1
   187    352      1
   188      0      1
   189     94      1
   190     77      1
   190    283      1
   190    457      1
   191    182      1
   192     40      1
   192    266      1
   192    297      1
   193     97      1
   193    349      1
   194     28      1
   194    333      1
   194    445      1
   195    160      1
   196     13      1
   197     78      1
   197    207      1
   198     54      1
   199    158      1
   199    260      1
   200     17      1
   201     29      1
   201    405      1
   202     78      1
   203     36      1
   204     19      1
   205    108      1
   205    263      1
   206    158      1
   206    291      1
   207    197      1
   208    166      1
   209    159      1
   209    339      1
   209    460      1
   210     17      1
   211    131      1
   211    252      1
   212    173      1
   212    410      1
   213     59      1
   214     57      1
   215      1      1
   216    153      1
   216    236      1
   216    265      1
   217    100      1
   217    466      1
   218    130      1
   218    296      1
   219     27      1
   220     68      1
   221    103      1
   221    312      1
   221    344      1
   222     90      1
   222    311      1
   222    492      1
   223      8      1
   223    424      1
   224    132      1
   225      4      1
   225    321      1
   226    164      1
   227     87      1
   227    268      1
   228    156      1
   228    282      1
   228    310      1
   228    348      1
   228    439      1
   229     15      1
   230     65      1
   231     26      1
   231    416      1
   231    465      1
   232     36      1
   232    331      1
   233    121      1
   234     55      1
   234    245      1
   235     57      1
   235    285      1
   236    216      1
   236    293      1
   237    142      1
   238     87      1
   239      3      1
   239    337      1
   240    140      1
   240    329      1
   241     79      1
   242    155      1
   243     75      1
   244    173      1
   244    278      1
   245    234      1
   245    433      1
   246    117      1
   247     98      1
   247    384      1
   248     59      1
   249     14      1
   250     92      1
   251      5      1
   252    211      1
   252    499      1
   253      8      1
   254    149      1
   255     27      1
   255    497      1
   256    137      1
   256    300      1
   257    154      1
   257    301      1
   258    131      1
   258    438      1
   259    154      1
   259    289      1
   260    199      1
   261    109      1
   261    322      1
   262    166      1
   262    336      1
   263    205      1
   263    377      1
   264      7      1
   264    477      1
   265    216      1
   265    314      1
   266    192      1
   267    133      1
   268    227      1
   268    324      1
   268    425      1
   269     91      1
   269    463      1
   270    137      1
   271    162      1
   271    295      1
   271    313      1
   272    113      1
   272    429      1
   273    103      1
   273    276      1
   274     77      1
   274    303      1
   274    399      1
   274    419      1
   275      3      1
   276    273      1
   277    140      1
   277    287      1
   277    315      1
   278    244      1
   279    115      1
   280     42      1
   281    130      1
   281    361      1
   281    469      1
   282    228      1
   282    454      1
   283    190      1
   283    327      1
   284     55      1
   285    235      1
   285    417      1
   286    107      1
   287    277      1
   288    155      1
   289    259      1
   289    487      1
   290      7      1
   291    206      1
   292    102      1
   293    236      1
   294      5      1
   294    319      1
   294    385      1
   295    271      1
   296    218      1
   297    192      1
   298     56      1
   298    381      1
   299      2      1
   299    400      1
   300    256      1
   301    257      1
   301    489      1
   302     26      1
   302    387      1
   303    274      1
   303    468      1
   304     57      1
   305    166      1
   306     80      1
   307     83      1
   308    160      1
   308    498      1
   309     19      1
   310    228      1
   310    484      1
   311    222      1
   311    335      1
   311    415      1
   312    221      1
   313    271      1
   314    265      1
   315    277      1
   316     80      1
   316    418      1
   316    470      1
   317    102      1
   318    142      1
   318    413      1
   319    294      1
   320     32      1
   320    365      1
   321    225      1
   322    261      1
   322    443      1
   323    159      1
   324    268      1
   325      0      1
   325    479      1
   326      7      1
   327    283      1
   327    391      1
   328     69      1
   328    332      1
   328    440      1
   329    240      1
   330     58      1
   331    232      1
   331    341      1
   331    367      1
   332    328      1
   333    194      1
   334    134      1
   335    311      1
   336    262      1
   337    239      1
   338      8      1
   339    209      1
   340     21      1
   341    331      1
   342    156      1
   342    355      1
   343     83      1
   343    461      1
   344    221      1
   345     96      1
   346    108      1
   347     73      1
   347    390      1
   348    228      1
   349    193      1
   349    350      1
   349    403      1
   349    455      1
   350    349      1
   351     31      1
   352    187      1
   353    130      1
   353    359      1
   354     70      1
   354    358      1
   355    342      1
   356    150      1
   357    117      1
   358    354      1
   358    363      1
   359    353      1
   360    104      1
   361    281      1
   362     80      1
   363    358      1
   363    375      1
   363    476      1
   364    121      1
   365    320      1
   365    382      1
   366     48      1
   366    427      1
   367    331      1
   368     54      1
   369    167      1
   369    471      1
   370    139      1
   371     12      1
   371    430      1
   372    143      1
   373    145      1
   374     56      1
   375    363      1
   376     60      1
   377    263      1
   377    396      1
   378     81      1
   378    409      1
   378    436      1
   379    122      1
   380     87      1
   380    453      1
   381    298      1
   381    482      1
   382    365      1
   383      4      1
   384    247      1
   385    294      1
   386    174      1
   387    302      1
   388    113      1
   388    495      1
   389     99      1
   390    347      1
   391    327      1
   392      2      1
   393    127      1
   394      2      1
   395     85      1
   396    377      1
   397    104      1
   398    152      1
   398    414      1
   399    274      1
   400    299      1
   401     79      1
   402      2      1
   403    349      1
   404     68      1
   405    201      1
   406     36      1
   407    179      1
   408     57      1
   409    378      1
   410    212      1
   410    428      1
   411    111      1
   412    130      1
   413    318      1
   414    398      1
   414    421      1
   415    311      1
   416    231      1
   416    464      1
   417    285      1
   418    316      1
   419    274      1
   420    156      1
   421    414      1
   422    105      1
   422    435      1
   423    146      1
   424    223      1
   425    268      1
   426    146      1
   427    366      1
   427    496      1
   428    410      1
   429    272      1
   430    371      1
   431     15      1
   432    100      1
   433    245      1
   433    462      1
   434     45      1
   435    422      1
   436    378      1
   437    157      1
   438    258      1
   439    228      1
   439    459      1
   439    475      1
   440    328      1
   441    158      1
   442     45      1
   443    322      1
   444    175      1
   445    194      1
   446    169      1
   446    452      1
   447    104      1
   447    493      1
   448     46      1
   449    148      1
   450     48      1
   451    186      1
   452    446      1
   453    380      1
   454    282      1
   455    349      1
   456     28      1
   457    190      1
   458    176      1
   459    439      1
   460    209      1
   460    473      1
   461    343      1
   462    433      1
   463    269      1
   464    416      1
   465    231      1
   466    217      1
   467    133      1
   468    303      1
   469    281      1
   469    472      1
   470    316      1
   471    369      1
   472    469      1
   473    460      1
   474    165      1
   475    439      1
   476    363      1
   477    264      1
   478     27      1
   479    325      1
   480    117      1
   481     36      1
   482    381      1
   483    123      1
   484    310      1
   485     95      1
   486     61      1
   487    289      1
   488     43      1
   489    301      1
   490     39      1
   491     38      1
   492    222      1
   493    447      1
   494      9      1
   495    388      1
   496    427      1
   497    255      1
   498    308      1
   499    252      1
