COORD_X_Y 250
  2.12336   2.23532
  1.84501   2.24897
  2.43969  0.497801
  2.85818   2.19026
  2.95055   1.62792
  2.15339   2.67708
 0.590776   0.79967
  2.75981  0.644428
  1.95279   2.94912
  2.48312   1.82466
  2.83427   1.49225
  1.13583   2.37683
  1.96459   1.33208
 0.201735   1.75388
  1.12199   2.51416
  2.94717   0.76497
  1.03834   1.69776
 0.912175  0.444272
  2.84489    2.4389
  1.61904   2.06711
  2.82048    1.7016
  1.40836   2.81473
  1.00903   1.41215
  1.48748   1.85616
  1.89121   1.04728
0.0763352   1.54983
  1.42808   2.90194
  1.80446   1.63074
 0.368246   1.64716
 0.787826   2.30696
  1.79079   2.75306
  2.89623  0.804093
 0.163135   0.59082
  2.34293   1.16069
 0.129381   2.81813
0.0316862   1.55879
  1.78121   2.17654
 0.667845    1.3659
 0.202603  0.736901
  2.72818   1.88627
 0.392368   2.13078
  2.61774  0.506305
 0.354109   2.68096
   2.7733   1.78573
   1.4457   1.12355
  2.44576   2.57218
   1.6084   2.74719
 0.850073  0.227898
  1.11055  0.977739
  2.65016   1.47541
 0.808474   1.39006
  1.39613  0.136283
 0.138054  0.955378
  2.74928   2.23218
  2.83663   2.69427
 0.612834   1.92915
 0.280845   2.45168
  1.39093   1.93527
  1.08347   1.78118
  1.50112   1.32143
  2.17729   1.22299
 0.804366  0.284252
  2.43453   2.32771
  1.90068  0.770753
  1.16375   2.11253
  2.14953   2.75408
  2.37312    1.7126
  1.45272  0.513414
  2.31085  0.556587
 0.191561   1.75621
  2.81936   2.67346
  1.34078   2.90156
  1.66664    2.0592
0.0618841   2.04917
 0.348545   1.30925
  1.79581  0.431285
  1.55906   2.22187
  1.82871   1.37672
    2.062    1.3681
  1.49439   1.90731
 0.283753    1.9772
  1.77979  0.780646
  2.78815  0.929605
  2.91256   2.69063
  2.34876   2.22225
 0.890579  0.825539
  2.64915   1.35536
  1.46331  0.304559
 0.229178    1.0927
  2.30813  0.137304
  1.96324   2.68025
 0.427799   1.34743
  2.28337   2.95403
  1.16865  0.126535
 0.973215   2.96132
  1.74457  0.183581
 0.547642  0.982717
  1.14962  0.952064
  0.18693   2.98866
0.00319357   1.39129
 0.905762   2.46052
   1.1249    1.8922
  2.06896  0.534633
 0.119407  0.787274
 0.994493   2.52283
  1.89001   1.25697
  2.10721  0.691671
 0.581718   1.39697
  1.42829   2.56189
 0.444541   2.65129
  1.30762   2.32702
  2.90414 0.0940706
  2.88429   2.04275
  2.09179   0.85124
  2.54536   0.30939
  1.62587  0.614553
  2.56384   2.60734
  1.63053  0.521878
  2.44457   0.36517
 0.963195  0.247344
  2.07614   2.62178
  2.58982   1.36691
0.0159325   2.26224
  2.38266   1.69597
  1.05324   2.95488
 0.561945   0.62192
 0.325663   1.35522
  2.44633   2.13634
  2.89265  0.690389
 0.231141   0.61764
 0.733606   1.88888
  0.75668 0.0627688
  2.88815   2.49369
  1.49442  0.456608
   0.1027   1.10894
  1.41439    2.0715
0.00339983   2.78951
  2.81919   2.48161
  2.28704   0.66906
  1.95534   2.85363
  2.74948   0.29359
  2.46294 0.0639799
  1.56202  0.114665
 0.418198   2.28345
 0.948046   2.65614
  1.48011   1.32003
 0.508247   1.81087
  2.72092   0.30708
  1.01183    0.7143
  2.35087    1.0404
 0.951198    2.8893
 0.341224   2.79099
 0.245716    1.0565
  2.58489   2.49298
  2.36562  0.556721
 0.968345   1.55693
  2.46447   1.45493
0.0495141   1.72823
  1.65039  0.370109
  2.79029  0.280887
  1.60824   1.76183
  2.71392   2.28626
  2.55866   1.16607
 0.706776  0.507171
  2.99424   2.98659
 0.457435   1.04447
  1.33235   1.09945
 0.575681   1.15863
 0.717721  0.377038
  1.17528   2.51118
  1.50627   2.26093
  1.40026   2.38429
  2.73021   2.43826
0.0856929   2.29547
 0.897307  0.540672
  2.77525  0.656904
 0.619771   2.92461
 0.697237  0.528978
  1.11304   2.41655
  1.55801  0.907808
  1.17172   1.47586
 0.828798   1.67546
  2.16625   1.19909
  1.91543  0.434466
  0.88994  0.330252
 0.794867  0.790683
 0.649139  0.421215
  2.00808   1.49537
 0.675091  0.437221
  1.74257   2.22999
  2.32881  0.850317
  2.28508   1.77944
  2.64386    1.7622
 0.968926   2.34664
  2.76012  0.825218
  1.09688  0.948006
 0.291827   1.27585
   1.4979   2.94322
  2.93493 0.0709488
0.0783191   2.39504
  0.96009   2.16091
 0.710126   2.54708
   0.2754   2.23845
  0.69289  0.144242
 0.571681  0.019115
  2.92594  0.896294
  2.75587    2.0809
  2.81764   1.55637
  0.63318   1.70674
  2.22482   1.81355
  1.62612    1.8725
  2.23845   2.30373
  1.43684   2.87972
  2.28518   1.22366
  1.74326   1.87523
 0.780492  0.338618
  2.14887   2.75698
  2.29918  0.873918
  2.62253  0.244313
  1.76316   2.67112
  1.87088   1.56278
  1.32685    2.1971
  1.09099  0.630999
 0.503933  0.285155
  1.01498    2.0265
  1.61266   2.23946
 0.646838   1.09618
  1.03181   2.60999
  2.31814   1.05876
   1.9592    1.7151
   1.3282   2.92168
 0.315713  0.484938
  1.24896   2.64484
  2.41186  0.096822
 0.368075  0.468694
   2.9603   2.30259
  1.25145   2.92343
  2.61721  0.260848
  2.98462   1.77753
  1.38935   1.63102
  1.77391   2.49994
  1.16017   2.24447
  1.78977  0.928134
 0.791851 0.0285089
 0.592063   2.25396
 0.590464   2.15467
 0.697329  0.875419
  2.19468  0.724999
  1.78231   1.15436
  2.82171   1.47072
LINKS_SOURCE_DESTINATION_DISTANCE 498
     0      1      1
     0      5      1
     0      7      1
     0     19      1
     0     20      1
     1      0      1
     1      2      1
     1      4      1
     1      9      1
     1     21      1
     1     30      1
     1     37      1
     1     54      1
     1    129      1
     1    134      1
     1    236      1
     2      1      1
     2      3      1
     2      6      1
     2     10      1
     2     18      1
     2     22      1
     2     27      1
     2     65      1
     3      2      1
     3     33      1
     3     57      1
     3     91      1
     3    131      1
     4      1      1
     4    138      1
     4    188      1
     5      0      1
     5     17      1
     5     26      1
     5     35      1
     5     48      1
     5     77      1
     6      2      1
     6      8      1
     6     14      1
     6     45      1
     7      0      1
     7     12      1
     7     15      1
     7    121      1
     8      6      1
     8     11      1
     8     88      1
     8    120      1
     9      1      1
     9     28      1
     9    122      1
     9    123      1
     9    193      1
    10      2      1
    10     16      1
    10     38      1
    11      8      1
    11     13      1
    11     25      1
    11     40      1
    12      7      1
    12     52      1
    12     76      1
    12    100      1
    13     11      1
    13     32      1
    14      6      1
    14     36      1
    14     43      1
    14     98      1
    14    176      1
    14    216      1
    15      7      1
    15    102      1
    15    212      1
    16     10      1
    17      5      1
    17     24      1
    17    137      1
    17    152      1
    17    239      1
    18      2      1
    18     51      1
    18     58      1
    18     61      1
    18     63      1
    19      0      1
    19     68      1
    20      0      1
    20    203      1
    21      1      1
    21     29      1
    21     39      1
    21     67      1
    21     94      1
    22      2      1
    22     23      1
    22     44      1
    23     22      1
    23    118      1
    23    150      1
    24     17      1
    24    180      1
    25     11      1
    25    190      1
    25    238      1
    26      5      1
    26     41      1
    26     84      1
    26    126      1
    27      2      1
    27    143      1
    28      9      1
    28     34      1
    28     46      1
    28     55      1
    28     62      1
    28    170      1
    29     21      1
    30      1      1
    30     31      1
    30     81      1
    30     87      1
    30    115      1
    30    210      1
    31     30      1
    31     86      1
    31    133      1
    32     13      1
    32     75      1
    32    167      1
    33      3      1
    34     28      1
    34     95      1
    35      5      1
    35     47      1
    35     78      1
    35    148      1
    36     14      1
    36    111      1
    36    136      1
    37      1      1
    37    196      1
    38     10      1
    38     50      1
    38     59      1
    39     21      1
    39     82      1
    40     11      1
    40     42      1
    40     90      1
    40    156      1
    41     26      1
    41     53      1
    41     80      1
    42     40      1
    42     85      1
    43     14      1
    43    144      1
    43    182      1
    44     22      1
    44     49      1
    44     71      1
    44     73      1
    45      6      1
    46     28      1
    46    141      1
    47     35      1
    47    107      1
    47    110      1
    48      5      1
    48     56      1
    48    140      1
    48    247      1
    49     44      1
    49    106      1
    50     38      1
    50    109      1
    51     18      1
    51     66      1
    52     12      1
    53     41      1
    53     64      1
    53     99      1
    54      1      1
    54    194      1
    55     28      1
    55     60      1
    55    108      1
    56     48      1
    57      3      1
    57     96      1
    58     18      1
    59     38      1
    59    119      1
    59    145      1
    59    181      1
    60     55      1
    61     18      1
    61     74      1
    61    186      1
    61    200      1
    62     28      1
    62     70      1
    62     72      1
    62    183      1
    63     18      1
    63    219      1
    64     53      1
    64    155      1
    65      2      1
    65    101      1
    65    231      1
    66     51      1
    66     69      1
    66    112      1
    66    189      1
    67     21      1
    67     79      1
    67    135      1
    68     19      1
    68    225      1
    69     66      1
    69    154      1
    69    165      1
    69    227      1
    70     62      1
    71     44      1
    72     62      1
    72    114      1
    72    234      1
    73     44      1
    73    166      1
    74     61      1
    74    197      1
    75     32      1
    75     93      1
    75    159      1
    75    199      1
    76     12      1
    76    103      1
    76    104      1
    77      5      1
    77    157      1
    77    232      1
    78     35      1
    79     67      1
    80     41      1
    80     83      1
    81     30      1
    81    105      1
    82     39      1
    83     80      1
    83     89      1
    83    198      1
    84     26      1
    85     42      1
    86     31      1
    87     30      1
    88      8      1
    88    211      1
    88    226      1
    89     83      1
    89    130      1
    89    147      1
    90     40      1
    91      3      1
    91     92      1
    92     91      1
    93     75      1
    94     21      1
    94    158      1
    94    178      1
    95     34      1
    95     97      1
    95    179      1
    96     57      1
    96    132      1
    97     95      1
    98     14      1
    99     53      1
    99    125      1
    99    223      1
    99    244      1
   100     12      1
   101     65      1
   102     15      1
   102    127      1
   102    173      1
   103     76      1
   104     76      1
   105     81      1
   106     49      1
   106    149      1
   107     47      1
   107    191      1
   108     55      1
   108    113      1
   108    206      1
   109     50      1
   109    117      1
   109    146      1
   109    177      1
   110     47      1
   110    161      1
   111     36      1
   112     66      1
   112    116      1
   112    124      1
   113    108      1
   113    246      1
   114     72      1
   114    153      1
   114    205      1
   115     30      1
   115    209      1
   116    112      1
   116    151      1
   117    109      1
   118     23      1
   118    214      1
   119     59      1
   120      8      1
   121      7      1
   121    169      1
   122      9      1
   122    142      1
   123      9      1
   124    112      1
   124    160      1
   124    242      1
   125     99      1
   125    128      1
   125    185      1
   126     26      1
   126    139      1
   127    102      1
   127    184      1
   128    125      1
   129      1      1
   130     89      1
   130    162      1
   131      3      1
   131    217      1
   132     96      1
   133     31      1
   133    171      1
   133    220      1
   134      1      1
   135     67      1
   135    163      1
   136     36      1
   137     17      1
   137    228      1
   138      4      1
   138    187      1
   139    126      1
   140     48      1
   141     46      1
   141    229      1
   142    122      1
   143     27      1
   144     43      1
   145     59      1
   145    168      1
   145    202      1
   146    109      1
   146    218      1
   147     89      1
   148     35      1
   149    106      1
   149    208      1
   150     23      1
   151    116      1
   152     17      1
   152    204      1
   153    114      1
   153    213      1
   154     69      1
   155     64      1
   156     40      1
   156    164      1
   156    172      1
   156    195      1
   157     77      1
   158     94      1
   159     75      1
   160    124      1
   161    110      1
   162    130      1
   162    192      1
   163    135      1
   163    175      1
   164    156      1
   164    207      1
   165     69      1
   166     73      1
   167     32      1
   167    222      1
   168    145      1
   169    121      1
   169    174      1
   169    201      1
   170     28      1
   171    133      1
   172    156      1
   173    102      1
   174    169      1
   175    163      1
   176     14      1
   177    109      1
   178     94      1
   179     95      1
   180     24      1
   180    230      1
   181     59      1
   182     43      1
   183     62      1
   184    127      1
   185    125      1
   185    215      1
   185    235      1
   186     61      1
   187    138      1
   188      4      1
   189     66      1
   190     25      1
   190    245      1
   191    107      1
   192    162      1
   193      9      1
   194     54      1
   195    156      1
   196     37      1
   197     74      1
   198     83      1
   199     75      1
   200     61      1
   201    169      1
   201    249      1
   202    145      1
   202    243      1
   203     20      1
   204    152      1
   204    248      1
   205    114      1
   205    221      1
   206    108      1
   207    164      1
   208    149      1
   209    115      1
   210     30      1
   210    224      1
   211     88      1
   212     15      1
   213    153      1
   214    118      1
   215    185      1
   216     14      1
   217    131      1
   218    146      1
   219     63      1
   219    233      1
   220    133      1
   221    205      1
   222    167      1
   223     99      1
   224    210      1
   225     68      1
   226     88      1
   227     69      1
   227    237      1
   228    137      1
   229    141      1
   230    180      1
   231     65      1
   231    240      1
   232     77      1
   233    219      1
   234     72      1
   235    185      1
   236      1      1
   237    227      1
   238     25      1
   239     17      1
   240    231      1
   240    241      1
   241    240      1
   242    124      1
   243    202      1
   244     99      1
   245    190      1
   246    113      1
   247     48      1
   248    204      1
   249    201      1
