COORD_X_Y 110
0.0268978  0.149291
 0.865606  0.621708
  2.49787  0.555425
  1.84373    1.4903
   2.7136  0.953979
  1.28816  0.511487
  1.22607  0.568983
  2.19269 0.0874675
  1.27766  0.449501
   1.2863  0.425626
 0.104482   2.17964
 0.972359   1.17873
  1.80969  0.929251
0.0971162  0.659589
  2.06837  0.671923
  1.95626   2.48065
  2.99615   2.37719
  1.00136   1.06663
  2.78386 0.0540606
   0.9162  0.442182
  1.36549   1.82374
  2.81217  0.785791
   0.7119    1.1416
 0.217104   2.90209
  2.55241   1.49571
  2.08209  0.659621
 0.808598   1.62217
  1.94647   2.45069
  1.43579   2.77457
 0.757756  0.128495
0.0180752   0.13782
  2.89235   1.44843
  1.31918   2.99853
  2.50647  0.267215
  2.37183   2.03987
  2.95374   1.63026
 0.764982   2.63749
   2.9652   2.99239
0.0360752  0.218449
  1.17012  0.373181
  2.61102  0.890563
  1.02986   2.43255
0.0471645      2.72
  1.96297   1.39043
 0.755099  0.250694
   2.7939   2.70356
   2.3733    2.7584
 0.588895   2.03272
 0.503291    1.3174
0.0810594  0.934854
 0.222371   2.12913
0.00512062    0.9133
 0.547482  0.480513
  1.40708   2.17136
 0.106091    2.3238
  2.06134  0.894898
   2.2798   2.09778
  1.96225   1.48909
  2.68749  0.369964
  0.13778   1.45283
 0.447259  0.026644
 0.117423  0.634724
  2.12776    0.9185
  2.31505   0.75372
0.0256942   1.95572
 0.884139  0.172562
  1.06302  0.264243
  2.82579  0.886063
  1.65042   0.12739
  1.11071  0.991357
  1.72064   1.42756
  2.72326  0.630546
  2.03278   1.73689
0.0310681  0.488553
 0.451981   2.29489
  0.46987   2.55082
0.0936601   1.88813
  2.44033   1.44284
  2.78935   1.19666
  1.05168   2.26155
  2.41347   1.00138
 0.907898  0.538626
  1.24273   1.63765
  2.01447   1.83289
  2.86668    2.3125
  1.60051   1.46798
 0.625731  0.902463
  0.49184  0.761869
 0.162458   1.34984
 0.253188   2.43024
  2.72199   2.20852
  0.25636   2.84458
  1.76243   2.43005
  2.91242   1.75281
  1.56267  0.215556
  1.81928   1.95982
 0.740678 0.0520991
  2.19813  0.489785
  1.55022   2.65657
  2.73972   2.92963
  1.65824  0.865097
  1.25771    1.1088
  1.27317  0.874887
  2.30179 0.0742007
 0.144362   1.03633
  1.60863    1.2626
  0.22442   2.96544
 0.420329   1.46629
 0.254749  0.649223
 0.949287   2.33284
LINKS_SOURCE_DESTINATION_DISTANCE 542
     0      1      1
     0      4      1
     0      5      1
     0      8      1
     0      9      1
     0     15      1
     0     16      1
     0     24      1
     0     26      1
     0     38      1
     0     45      1
     0     76      1
     1      0      1
     1      2      1
     1      7      1
     1     10      1
     1     12      1
     1     17      1
     1     22      1
     1     30      1
     1     38      1
     1     69      1
     1     85      1
     1     90      1
     2      1      1
     2      3      1
     2      4      1
     2      8      1
     2     11      1
     2     21      1
     2     23      1
     2     24      1
     2     31      1
     2     36      1
     2     45      1
     2     61      1
     2     72      1
     2     73      1
     3      2      1
     3      4      1
     3      5      1
     3      6      1
     3      7      1
     3      8      1
     3     10      1
     3     17      1
     3     28      1
     3     34      1
     3     41      1
     3     60      1
     3     69      1
     3     75      1
     4      0      1
     4      3      1
     4      2      1
     4      6      1
     4     15      1
     4     18      1
     4     29      1
     4     64      1
     4     77      1
     4     99      1
     5      0      1
     5      3      1
     5      6      1
     5      7      1
     5      9      1
     5     16      1
     5     18      1
     5     22      1
     5     34      1
     5     80      1
     5     93      1
     6      5      1
     6      4      1
     6      3      1
     6     13      1
     6     23      1
     6     28      1
     6     62      1
     7      1      1
     7      5      1
     7      3      1
     7     13      1
     7     19      1
     7     34      1
     7     37      1
     7     45      1
     7     52      1
     7     57      1
     7     83      1
     8      3      1
     8      2      1
     8      0      1
     8     26      1
     8     32      1
     8     49      1
     9      0      1
     9      5      1
     9     10      1
     9     11      1
     9     41      1
     9     89      1
    10      9      1
    10      3      1
    10      1      1
    10     12      1
    10     14      1
    10     58      1
    10     91      1
    11      9      1
    11      2      1
    11     13      1
    11     23      1
    11     86      1
    12      1      1
    12     10      1
    12     16      1
    12     20      1
    12     30      1
    12     35      1
    12     50      1
    12     98      1
    13      6      1
    13      7      1
    13     11      1
    13     14      1
    13     27      1
    13     52      1
    13     99      1
    14     10      1
    14     13      1
    14     15      1
    14     24      1
    14     35      1
    14     44      1
    14    102      1
    15      4      1
    15     14      1
    15      0      1
    15     27      1
    15     30      1
    16     12      1
    16      0      1
    16      5      1
    16     20      1
    16     43      1
    16     55      1
    16     58      1
    16     65      1
    16     68      1
    17      1      1
    17      3      1
    17     60      1
    17     70      1
    18      5      1
    18      4      1
    18     19      1
    18     42      1
    18     44      1
    18     78      1
    18     92      1
    18     95      1
    19      7      1
    19     18      1
    19     22      1
    19     25      1
    19     37      1
    19     42      1
    19     73      1
    20     16      1
    20     12      1
    20     21      1
    20     25      1
    20     38      1
    20     47      1
    20     54      1
    20    101      1
    21      2      1
    21     20      1
    21     26      1
    21     28      1
    21     33      1
    21     44      1
    21     51      1
    21     61      1
    21     84      1
    22      5      1
    22      1      1
    22     19      1
    22     40      1
    22     54      1
    22     82      1
    22     96      1
    23     11      1
    23      6      1
    23      2      1
    23     27      1
    23     39      1
    23     77      1
    24      2      1
    24     14      1
    24      0      1
    24     53      1
    24     97      1
    25     20      1
    25     19      1
    25     43      1
    25     64      1
    25    101      1
    26      0      1
    26      8      1
    26     21      1
    26     29      1
    26     33      1
    26     46      1
    26     66      1
    27     23      1
    27     15      1
    27     13      1
    27     47      1
    27     85      1
    27    103      1
    28     21      1
    28      3      1
    28      6      1
    28     32      1
    28    107      1
    29      4      1
    29     26      1
    29     31      1
    29     56      1
    30     15      1
    30      1      1
    30     12      1
    30     36      1
    30     94      1
    31     29      1
    31      2      1
    31     57      1
    31     59      1
    31     94      1
    32     28      1
    32      8      1
    33     21      1
    33     26      1
    33     35      1
    33     51      1
    33     55      1
    33     62      1
    33     78      1
    33     95      1
    34      7      1
    34      3      1
    34      5      1
    34     43      1
    34     48      1
    34     57      1
    35     12      1
    35     14      1
    35     33      1
    35     39      1
    35     40      1
    35     46      1
    35     63      1
    35     81      1
    35    109      1
    36     30      1
    36      2      1
    36     37      1
    36     81      1
    37     19      1
    37     36      1
    37      7      1
    37     48      1
    37     56      1
    37     83      1
    37    104      1
    38      0      1
    38     20      1
    38      1      1
    38     40      1
    38     79      1
    39     35      1
    39     23      1
    39     48      1
    39     52      1
    39     73      1
    39     76      1
    40     38      1
    40     35      1
    40     22      1
    40     49      1
    40     85      1
    41      3      1
    41      9      1
    41     46      1
    41     67      1
    41     90      1
    41     96      1
    41     97      1
    41    100      1
    42     19      1
    42     18      1
    42     65      1
    43     25      1
    43     34      1
    43     16      1
    43     49      1
    43     68      1
    43     71      1
    43     72      1
    43     92      1
    44     18      1
    44     14      1
    44     21      1
    44     50      1
    45      7      1
    45      2      1
    45      0      1
    45     59      1
    45    104      1
    46     35      1
    46     26      1
    46     41      1
    47     27      1
    47     20      1
    47     63      1
    47     71      1
    47     79      1
    47     86      1
    47     93      1
    48     34      1
    48     39      1
    48     37      1
    48     51      1
    48     69      1
    48     87      1
    49      8      1
    49     40      1
    49     43      1
    49     78      1
    50     12      1
    50     44      1
    50     53      1
    50     87      1
    51     48      1
    51     33      1
    51     21      1
    51     56      1
    51     67      1
    52     39      1
    52      7      1
    52     13      1
    53     50      1
    53     24      1
    53     83      1
    54     20      1
    54     22      1
    54     61      1
    54     70      1
    54     74      1
    55     33      1
    55     16      1
    55     77      1
    55    103      1
    56     51      1
    56     37      1
    56     29      1
    57     34      1
    57     31      1
    57      7      1
    58     16      1
    58     10      1
    58    106      1
    58    108      1
    59     31      1
    59     45      1
    59     76      1
    60     17      1
    60      3      1
    60     67      1
    61      2      1
    61     21      1
    61     54      1
    61     82      1
    61     90      1
    61     96      1
    62     33      1
    62      6      1
    62     65      1
    63     47      1
    63     35      1
    63     64      1
    63     66      1
    63     72      1
    63     88      1
    63    102      1
    64      4      1
    64     25      1
    64     63      1
    64     74      1
    65     16      1
    65     62      1
    65     42      1
    65     80      1
    65     81      1
    66     26      1
    66     63      1
    66     95      1
    67     51      1
    67     60      1
    67     41      1
    67     75      1
    68     43      1
    68     16      1
    68     88      1
    68     99      1
    69      3      1
    69      1      1
    69     48      1
    70     17      1
    70     54      1
    70     79      1
    71     43      1
    71     47      1
    71     98      1
    71    107      1
    72     63      1
    72      2      1
    72     43      1
    72    108      1
    72    109      1
    73      2      1
    73     19      1
    73     39      1
    73     91      1
    74     64      1
    74     54      1
    75     67      1
    75      3      1
    75     93      1
    75    105      1
    76      0      1
    76     39      1
    76     59      1
    76     89      1
    77     55      1
    77      4      1
    77     23      1
    77     82      1
    78     18      1
    78     49      1
    78     33      1
    78    101      1
    78    106      1
    79     47      1
    79     70      1
    79     38      1
    79     80      1
    80     79      1
    80      5      1
    80     65      1
    80     84      1
    81     36      1
    81     35      1
    81     65      1
    82     77      1
    82     22      1
    82     61      1
    83     37      1
    83     53      1
    83      7      1
    84     80      1
    84     21      1
    84    105      1
    85     27      1
    85      1      1
    85     40      1
    86     11      1
    86     47      1
    87     48      1
    87     50      1
    87    104      1
    88     63      1
    88     68      1
    89      9      1
    89     76      1
    90     41      1
    90      1      1
    90     61      1
    91     73      1
    91     10      1
    92     18      1
    92     43      1
    92     94      1
    92    100      1
    93     75      1
    93      5      1
    93     47      1
    94     30      1
    94     92      1
    94     31      1
    95     18      1
    95     33      1
    95     66      1
    95    102      1
    96     22      1
    96     41      1
    96     61      1
    97     41      1
    97     24      1
    98     71      1
    98     12      1
    99     13      1
    99      4      1
    99     68      1
   100     41      1
   100     92      1
   100    108      1
   101     20      1
   101     25      1
   101     78      1
   102     14      1
   102     63      1
   102     95      1
   103     55      1
   103     27      1
   104     87      1
   104     45      1
   104     37      1
   105     84      1
   105     75      1
   106     58      1
   106     78      1
   107     71      1
   107     28      1
   108     58      1
   108    100      1
   108     72      1
   109     35      1
   109     72      1
