COORD_X_Y 40
  1.49835  0.894797
 0.971227   2.05896
  2.24173   1.89581
 0.143034   1.94565
  1.37499   1.43757
  2.64498   2.38028
  1.28431   2.77061
  1.69079   1.69844
 0.735523  0.275897
 0.375837   1.16076
  1.82444  0.246217
  1.27991   2.08327
 0.760536  0.601317
  2.94534   2.05846
  2.27634   1.60756
  1.71395   2.15628
  2.89924   1.15622
 0.767033  0.892639
  1.37356  0.558955
 0.330728  0.308374
  2.16306   2.49678
  1.89129   2.33805
 0.384316  0.134765
  1.25161   2.54774
  2.72322   2.42592
0.0209454   2.08173
  2.45742   1.04798
  1.28291   2.87941
 0.266048   2.55437
 0.931437   1.32496
  2.83803   2.41402
  1.75077   2.24049
  1.66572  0.964255
 0.984976   1.08117
  1.68668   2.23054
   2.4855  0.415558
  2.48615  0.908886
  1.86235  0.733338
  1.69357   2.79002
  1.10911  0.918341
LINKS_SOURCE_DESTINATION_DISTANCE 78
     0      1      1
     1      0      1
     1      2      1
     1      3      1
     1      5      1
     1      6      1
     1      7      1
     1     31      1
     1     37      1
     2      1      1
     2     35      1
     3      1      1
     3      4      1
     3     15      1
     3     24      1
     3     30      1
     4      3      1
     4     33      1
     5      1      1
     5     20      1
     6      1      1
     6     11      1
     6     22      1
     7      1      1
     7      8      1
     8      7      1
     8      9      1
     8     39      1
     9      8      1
     9     10      1
     9     23      1
     9     27      1
    10      9      1
    10     13      1
    11      6      1
    11     12      1
    11     14      1
    11     32      1
    12     11      1
    12     18      1
    12     19      1
    13     10      1
    14     11      1
    14     16      1
    15      3      1
    15     21      1
    16     14      1
    16     17      1
    16     29      1
    17     16      1
    18     12      1
    18     25      1
    19     12      1
    20      5      1
    20     26      1
    21     15      1
    22      6      1
    23      9      1
    24      3      1
    24     36      1
    25     18      1
    26     20      1
    27      9      1
    27     28      1
    27     34      1
    28     27      1
    29     16      1
    30      3      1
    31      1      1
    32     11      1
    32     38      1
    33      4      1
    34     27      1
    35      2      1
    36     24      1
    37      1      1
    38     32      1
    39      8      1
