COORD_X_Y 800
  1.36015  0.268791
  1.01923   2.44682
  1.39791   1.29703
  2.52636   1.53872
  1.97159   1.31419
  2.98981  0.813025
   2.7897   2.71043
  2.35446   2.40247
 0.509057    2.5066
  1.22936    2.0697
 0.278833   2.38179
 0.584506   2.64685
   2.3879  0.905888
   2.3822  0.932247
  2.81468   1.13522
  2.75719   2.88375
 0.208948   1.79453
  1.34377   2.06558
 0.230957    1.4278
  1.36788   1.37156
0.0356998   2.13347
 0.996361   2.58979
 0.708404   2.98018
 0.262696   1.73183
  2.25428  0.909953
   1.3906   1.22066
   2.4229   1.43702
  2.72313   2.54655
  2.08602  0.176725
  2.74575  0.893425
  2.49153  0.919739
 0.737533   1.22587
 0.177936   1.58987
  2.11135   2.19009
  1.45901  0.325035
  1.43569   1.94096
 0.551608    1.6041
   2.8842  0.751503
 0.371125  0.129953
  2.32281   1.10048
  1.49164   2.06928
  1.50089  0.137252
  0.88648   1.14203
 0.333871  0.843876
  1.20067   1.18283
  1.94549    1.4606
 0.605577  0.425278
  1.94638  0.429138
 0.216102   2.04101
  2.75779   1.67688
 0.640549   1.96644
  2.90189    1.8599
  2.25828  0.187435
  1.97707    1.5204
  1.23859  0.511035
  2.47143   1.62299
 0.438593   2.40452
  1.84226   2.84066
 0.900309   2.45723
   1.6174   2.90477
  1.35986   2.07947
  2.74024   1.91957
  2.54554  0.163804
  2.37078    0.7045
  1.45079 0.00575892
  1.19042   1.77586
  1.65351   1.89293
  2.55022    0.1466
   1.8899  0.247008
  2.82593  0.608973
  2.59719   1.38844
 0.559567   1.77735
  2.20196    1.3034
  2.62952   2.48311
  1.31235   0.55394
  1.17374   2.77265
  2.92661   1.69378
  2.18624  0.124011
0.0755299    2.7514
  2.60539   2.64545
  1.31185   1.19973
0.0281174    2.2244
  1.05889  0.203039
  1.47888   1.29627
  1.99535  0.158028
 0.292803   1.96501
  1.79449   2.00343
  1.24517   2.20724
 0.597736    2.4984
0.0898175   1.96632
  2.50114  0.381332
  1.14505  0.385514
  2.66765  0.321978
  2.82558   2.32879
  1.00341   1.01996
   2.9811    1.8056
  2.63417   1.20469
   1.0268  0.872691
 0.340368   2.50796
 0.931623  0.625811
 0.437018   1.55973
  1.23478   2.88267
 0.220728  0.486771
  1.12982   2.78066
  1.59637   1.48798
 0.156349    1.1511
 0.614697   2.98213
  1.55254   2.14559
  2.55573  0.252157
 0.593832   1.02871
  1.03746   1.01638
  2.80785   1.93128
 0.782382   1.02738
 0.779933   1.43545
 0.837541   0.94095
  0.02553   2.37964
  2.79186   2.37178
 0.766624  0.200256
  1.91597   2.97136
  2.01368   2.12804
   2.3219   2.73479
  1.33389   2.49646
 0.587829  0.561512
 0.523955  0.194623
 0.572946  0.701514
  1.96689  0.143652
 0.118409   2.60668
  2.01765   1.92815
  1.89013   2.44139
  2.83319   1.39546
  1.37526 0.0343791
 0.898118  0.215031
  1.79541  0.810634
  1.81831  0.645165
 0.069301   2.06881
  2.98657   1.42651
  2.65991   2.10073
  0.80574  0.914123
  0.45315   2.08021
   2.1775  0.822331
 0.211786   2.73521
 0.587252   1.96682
  1.63223  0.743508
 0.032601    0.4955
  2.03791   2.18562
  1.09241 0.0246497
  1.04824   2.89683
 0.400102   2.19866
  1.35212   1.64199
  2.31425  0.595927
  2.64445   2.56527
  2.50945   2.36956
 0.656998   2.39101
  2.65492   2.29497
 0.520525   1.92891
  2.91095  0.532516
0.0614325  0.202447
  2.78332   2.32215
 0.137809   2.10482
 0.948196   2.19462
  2.02956  0.354603
   2.0013  0.387634
  2.84136   1.44246
 0.444103   2.01539
  1.14948   2.88121
  2.01621   1.36056
  1.09079   1.80128
  1.93976  0.644184
  2.58154   1.65379
 0.648356   2.10468
  2.35796   1.24203
 0.522103  0.307601
  2.47525  0.604374
  2.39218   2.64548
 0.430312   1.52197
  1.44266   2.33938
 0.164937  0.607048
0.0345939   1.30301
  2.25886   2.19462
  1.80246   2.45254
  1.69104   1.76917
  2.02185    2.5662
  2.86141  0.822228
 0.254316   2.32827
  2.15478  0.232545
  1.64704   2.58193
   1.0806   2.68685
 0.278777   2.16078
  2.19631   2.05304
   1.3446   2.67031
 0.707403   1.51008
  1.65415   2.38097
  1.77367   1.99831
  2.14907  0.326605
   1.3568  0.112738
  2.15285   2.60539
  1.20347   1.56731
 0.277665   1.75408
  1.73017   2.94679
  2.10251  0.193252
 0.941275   2.29689
 0.771802  0.320023
  2.63695   2.76417
  1.70628   1.13896
0.0279854  0.457817
   0.9439   2.29072
 0.476066   2.05838
  1.56526   1.45476
   2.4432  0.596889
 0.375141    2.3436
  1.34967    0.8019
 0.477325   2.96569
  1.64714   0.81096
 0.635413  0.265106
  2.33918  0.690058
  1.57513  0.410989
 0.896465   2.23332
  0.92479    2.2837
  1.68469   1.33041
  2.02647   1.66732
  1.71962   2.26465
  2.57996   1.46651
  1.85324  0.823595
  2.30139    1.4467
  1.24246   1.46946
 0.256941   1.44171
  0.83876   1.10364
  1.06824   1.53883
 0.249249   1.14289
  1.33323  0.748358
  1.76597  0.614841
  2.80654   1.26521
  2.74156   2.21625
  0.48783  0.940127
 0.430091   2.19182
 0.814734   2.28618
  2.53412  0.893194
  1.03847   1.05382
  2.21351    2.8718
   1.7302   2.06904
 0.871677   2.47025
  2.94325  0.686097
  1.45415   1.87167
  1.60856  0.332863
  1.58692 0.0100288
  2.86761   1.42983
  2.73251  0.101157
  0.43863   1.93446
 0.455489  0.669815
 0.815088   2.77209
  1.23382  0.538116
 0.801615   1.98506
  1.09704   1.01393
  2.05894 0.0457598
 0.745377   2.25415
  2.31711   2.49431
  2.59332   2.17135
 0.520041   2.67765
   2.5872  0.596249
  1.08674   2.77735
   1.5764   2.14842
  2.23503   2.42679
   1.3411  0.164412
  2.86956  0.430817
 0.822856    2.8713
   1.5456   2.09676
 0.764705  0.521611
  2.27432 0.0352224
  2.09024   2.48607
 0.377827   0.30567
  1.59382   1.37714
  2.12881  0.926265
  2.41012  0.294561
  2.34651  0.088517
0.0843365  0.962655
  1.90909  0.209391
  1.18152   2.32459
  2.60833   2.27828
  2.10034   2.66553
 0.463371   1.18081
 0.389359   1.82921
   2.8667  0.847074
 0.527854  0.309698
  2.80761  0.436266
  1.21455  0.548479
 0.391114   2.02504
  1.48217    1.7206
  2.28237   2.81903
 0.376794   2.40759
  1.56596   2.19453
  2.06439   1.53076
  1.02332   1.86113
 0.727881 0.0607591
 0.236365   0.61045
  2.77637   2.66407
 0.232473   1.73047
  2.13134   1.85276
  1.39272  0.791125
  1.55152  0.329117
 0.288911   1.81271
 0.599858   2.13579
  1.95927   1.55476
0.0772919   1.79437
 0.701936   1.91903
 0.662897   1.53059
  2.81908  0.512735
 0.643595  0.945441
   2.0321    2.9493
  1.63161  0.468181
  1.83132   1.32652
  0.24177   2.21838
  1.64573   1.77699
 0.909205   1.36425
 0.629282   1.09889
  1.71884  0.205383
 0.802483  0.382894
 0.239768   2.02498
 0.874013  0.979707
  1.47238   2.05949
   2.3355   2.42674
 0.144046  0.972994
  1.66797    2.0462
 0.116223   1.13775
  1.40627    1.3528
 0.371714   1.71713
  1.72927   1.36151
  2.89492  0.319773
  2.25747   2.47513
  1.53751  0.174848
  1.52001   2.59229
 0.472642   1.55494
 0.250678   1.52495
  2.28552   2.86812
  1.93891   1.21645
  2.65063   2.06426
  2.28275   2.30962
   1.9875   1.02574
 0.705526   1.14374
 0.348071 0.0570792
 0.606424  0.221141
  2.82411   1.90674
  1.31889   1.59686
 0.659426   2.87762
 0.200497   2.76243
  1.67172   1.69551
   2.4062   1.55541
  2.53794   2.35302
  2.19452   1.03631
 0.663417   2.78165
0.0662497  0.951824
  2.03961  0.667848
  1.01669   1.42811
  1.21844 0.0656565
  2.96288    1.3789
  1.23356   2.64518
  1.30608  0.446708
 0.624535    1.9518
 0.606855  0.416461
  1.73307   0.88658
 0.514582  0.438176
  2.43831   2.35766
 0.124902   1.90201
  2.46848   1.78654
  2.22867  0.744049
 0.461605   2.54399
  2.59948  0.714929
0.0447556 0.0823126
   1.9162  0.292358
  2.02432   1.75571
  1.38657  0.507686
   2.2049    2.6296
  2.52748   1.28677
   2.0695   2.05755
 0.791201 0.00152602
 0.373985  0.395295
 0.604327  0.644699
 0.337665   1.77787
0.0581185  0.579283
  2.57979   1.69658
  2.58254   2.09636
   2.8141  0.321016
 0.926379   2.44126
  1.40638  0.590548
 0.524207  0.639356
 0.635651  0.586108
 0.702784  0.956785
  1.37428   1.38984
 0.636714  0.608851
   1.6401 0.0561193
  0.25241  0.866839
 0.333934    2.6695
  1.69263  0.720013
  1.72608 0.0220541
  2.47151   2.71144
  1.63221    2.8026
  1.58747   1.71974
  0.34132   2.79404
 0.273235   1.25252
  0.11827   2.46531
 0.230878   2.13919
  2.49144  0.385827
  2.14008   1.80874
 0.198539   1.04121
0.0227943   2.01358
   0.5368   1.95784
 0.468503    2.4172
  2.13239   1.39768
0.0678362   1.32023
  2.69811   2.52223
  1.80332  0.610477
 0.942319  0.787866
  2.41263  0.329227
 0.609063   2.75946
  1.49744   1.66434
0.0591795   1.99309
  2.59888    1.6863
0.0193698   1.13518
  2.53951   1.82454
  0.39734   2.44694
 0.413852    2.7594
  1.06324   1.10048
  1.69553  0.190498
  2.82684   2.88172
  1.49691   1.72271
  1.77655   2.33896
  2.60354  0.797875
  1.77592   1.81085
  1.02098   1.21268
0.0891085   2.64488
  1.07799  0.539339
  2.01897   2.33055
  2.98908 0.0321524
  1.91115 0.0816715
  1.53462   1.51557
  1.12436  0.500304
 0.896674   2.22955
  2.02615  0.770417
 0.709814   2.00897
  2.73082   1.24466
  1.39277   2.48551
  0.64793   1.81861
  2.44673   2.49309
   1.6606   1.71642
  2.70638   1.54306
   2.8204   1.83667
 0.623234     0.259
 0.185149   1.07394
  1.78048   2.88183
  2.12664   1.61096
 0.034618   2.14446
  2.09743    2.2525
 0.806849   2.53634
  2.10904   2.15746
  2.21864   1.08632
  2.92013   2.98171
  1.71972  0.129011
  2.56398  0.419722
  2.84401   1.29382
  2.42506   2.74525
  2.34188  0.859156
 0.654599   1.18319
  1.43309   2.27703
  1.42978 0.0538169
  1.12229   2.99585
   1.9228  0.284873
  1.97975  0.708254
  0.12502   2.63672
   1.7351   1.91783
  2.51249  0.262941
  1.37054   1.29879
 0.798715   2.94982
 0.535436  0.607271
 0.361242   1.22504
  2.47084    1.7458
   2.3868 0.0627647
  2.87839  0.511604
  1.08161   2.33646
  2.31452  0.252466
  1.98786 0.0342331
 0.147949   2.98152
 0.533648   2.85018
  2.13986   0.60035
   2.9785   0.64857
  2.64371   1.24777
  2.93472   2.17746
  1.21948   1.36247
  1.63221   2.73063
  2.03821   1.28935
 0.918722   1.57634
  1.73552   2.58525
 0.839808   1.57092
  1.39399   2.20883
 0.402926   1.57794
  1.81622   1.82975
  1.33711  0.228592
 0.272531  0.947172
  2.65748   1.24984
 0.700208   2.10703
   1.0689   2.02353
  0.49664   1.79161
 0.618652   2.52197
  1.30996  0.883307
 0.912094 0.0223941
  2.62984   2.37588
  1.49308   1.68032
   1.4608    2.7333
   2.4653  0.992599
 0.989193  0.861504
  1.15376   1.04272
   1.7352   1.11079
  1.03793   2.83191
  2.10275   1.95509
  2.83351   1.78912
  1.42276   1.82401
  2.27926   2.84999
  0.60081    2.8763
0.0949751   2.21828
  1.84504   1.47746
 0.462266   2.55074
  1.51717   1.16085
  1.14124  0.644976
   1.4724   1.45205
 0.285588   2.02011
  1.01355  0.640963
  0.81543   2.93869
  2.18832  0.543444
 0.725529  0.215609
  1.60001  0.593369
  2.32644  0.305242
 0.707328    1.5505
  1.05934   2.87931
  1.46703  0.181414
  1.37952  0.942934
  1.53626   1.21843
  1.58056   1.50448
  1.81051   1.92182
 0.336198   1.93579
  2.98435 0.0364412
  2.05691   2.11659
  0.43603    2.8064
 0.418111    1.3834
  1.23571   2.21616
0.0358731   2.99684
 0.818495  0.983323
 0.145714  0.198219
   2.4054   2.17377
  1.15041   2.98624
 0.588362  0.401996
  2.54197   1.96084
 0.387223   1.59395
 0.897643  0.269475
 0.509451   2.87083
  2.17191   1.78523
  1.30371   2.03961
  2.24936   1.04057
  1.81849   1.84419
 0.227959   2.13815
  2.98204   2.03828
   2.3229   1.59582
  1.56055  0.487511
 0.535703  0.309764
  2.23174   2.29354
  2.37523   1.31882
 0.776676   2.55419
 0.968052   2.61982
  2.42444   1.82977
  1.96585   2.57968
  1.89224   2.25886
 0.339938   0.26736
 0.917996   1.05278
  1.89501  0.486953
 0.534623   2.67632
  1.73348   2.45277
  1.95423   2.90526
 0.708127  0.446475
  0.55214   2.02831
  0.27395   2.46376
 0.856573  0.485173
 0.888151  0.423269
  1.01327   1.92545
 0.395727   0.90468
  0.66075   2.27004
 0.294889   2.96925
 0.421841  0.739106
 0.293234  0.887736
 0.719411   2.90139
 0.345034   2.03034
  2.42425   1.10506
    1.334   2.16993
 0.819682  0.363625
 0.156479  0.961599
  2.33043   2.27411
  1.90357  0.773472
  1.53476  0.230544
 0.999521  0.238094
 0.216664   1.24374
  2.35289   0.54541
  1.85364   2.28715
 0.241905  0.588443
  1.94945     2.196
0.0244009  0.476004
 0.644334   1.43895
  2.96743   1.06762
  2.02019   1.73475
 0.725043   2.54566
   1.1892   2.58881
  2.08155   2.00344
  1.03981  0.884022
  2.16891   2.62336
  2.06657    1.4571
  2.73935   2.21809
 0.836092   1.13263
 0.233008  0.139822
  2.51109   2.85331
 0.905885   1.62364
  1.05619    2.0099
  2.86769   1.03834
  2.69558   1.96827
  1.02017  0.194471
   1.1392  0.417394
0.00538671   2.79442
  1.28585   1.10912
  2.50447   1.13743
  2.24043  0.785758
  1.78059 0.0423864
  1.31954  0.911099
  2.19701   1.19597
  1.43267   2.70843
  2.17058  0.954536
 0.150574  0.648163
  1.79642   1.21571
  2.93292   2.14497
  2.82557   2.18968
  1.19801   2.48482
 0.206351  0.731242
  2.29416   2.07708
 0.942519   1.92117
  2.09527   2.74814
  1.35492  0.928543
  1.96531   1.00135
  1.26087  0.935987
 0.291808   2.85391
 0.101601   1.13718
  1.02482    1.8605
  1.24587   2.06043
    2.351   2.23283
  1.77242  0.993764
 0.234889   2.52861
  1.18614   2.95465
  2.88541  0.976106
 0.393709  0.382768
  1.32754   2.38587
0.0249411   1.91455
  2.25488 0.0818723
  2.30876  0.765034
0.0707466 0.0394086
 0.758244   1.73483
  1.80261   2.63066
 0.824223  0.614854
 0.256697   2.72518
  2.44703   1.65758
 0.787108  0.729216
  2.81509  0.639511
 0.787895   2.14272
 0.672976   0.18979
  1.58849   2.67191
  2.83388   1.56448
 0.287493   1.37221
 0.929381   2.43644
 0.769252  0.812355
 0.659907  0.470182
  2.13079  0.993942
  2.49046   1.27935
0.00418201  0.491671
 0.238027   1.92863
 0.345806   2.26005
  0.33064   1.99168
  2.86215   1.68424
   1.2559   2.96986
  2.76732   2.19044
  2.14753   1.33674
 0.421057   2.98977
  1.88456  0.184604
  1.21925  0.505556
  1.14114   1.64978
  1.30126   2.52534
  1.48843   2.94385
 0.458996   2.51354
  2.60409   2.75824
 0.678697   2.68423
  2.66642   1.79363
  2.31348  0.435556
  2.79642  0.457909
 0.419353  0.654844
  2.47845   2.16354
  2.73298  0.543969
 0.527374  0.362211
  1.05022   0.76933
  0.91527   2.60231
 0.862142   2.68338
   2.1232   0.75624
 0.124534   1.45034
  2.00978   2.54042
  1.29098   1.07982
 0.386601 0.0244206
  2.48847  0.153466
  1.35671    2.6325
  1.79364   1.87741
  1.45715    1.4594
  1.04473   2.18467
  1.52363  0.797264
 0.809483   2.63295
  1.31912  0.632908
 0.451124   0.21134
  2.54215 0.0266819
  1.15971   1.25263
  2.53774  0.198549
  1.62176  0.636978
  2.10831  0.959994
 0.311331   2.11388
  2.25032   1.43805
  2.53316   2.50927
  2.49323  0.411093
  1.44005   2.26979
  1.37575   2.56026
 0.851559  0.142903
  1.63148   0.87766
  2.69584   1.57326
  2.73832    2.6476
  1.66071   2.34678
 0.692836  0.806865
 0.421597   1.11067
 0.544998   2.79486
  2.86816   1.35642
0.0406544  0.442443
  1.22562   1.68266
0.0270223   2.23542
  2.48714  0.841663
  1.34007   2.31286
 0.725185   1.55901
  1.09445   1.66674
  2.29163   2.46224
  1.25725 0.0687792
  2.92039  0.446806
0.0816996   2.63515
  2.26442  0.748818
 0.125336  0.366164
  2.48521    1.1207
 0.279049   2.54227
 0.810605   0.90296
   2.9092   1.55072
 0.723176   1.77701
 0.679747   2.37372
  2.88896   2.54866
  1.18421  0.864816
     2.84   1.24908
 0.772961   1.68973
  1.79585   2.65142
 0.564429   2.53464
  2.19966   2.09248
 0.723793  0.823577
  1.58873   1.62705
 0.287063  0.442365
  2.47738   2.24612
 0.482783   2.83391
 0.528541   1.98368
  1.68747   1.38058
  2.82996   2.76654
  2.93926   2.16651
 0.962358   2.30094
  1.28542   1.37649
  1.43474   2.01314
 0.558459   2.19616
  1.33238  0.179971
  2.69816   2.90699
  1.03361   2.08187
  2.26365  0.500851
  1.04193   1.47543
  2.54509   2.09015
 0.474522   2.89736
  2.95035   2.11998
  2.27336   1.30259
   2.8605   1.49963
 0.883098  0.866967
  1.82989   0.37275
 0.169606   2.19917
 0.700089  0.694526
 0.392612   1.20759
   0.6854  0.625693
 0.627526   2.93027
  1.13785   2.38213
0.0114142   2.16769
 0.616918   0.71312
  2.38862  0.501218
 0.201608   1.26332
  2.78763   1.93718
  2.79848   1.43178
 0.491152   1.91404
 0.791962   1.64995
  2.54527  0.644678
LINKS_SOURCE_DESTINATION_DISTANCE 1598
     0      1      1
     0      2      1
     0      3      1
     0     14      1
     0    106      1
     0    293      1
     0    335      1
     0    688      1
     1      0      1
     1      4      1
     1     11      1
     1     17      1
     1    373      1
     2      0      1
     2      5      1
     2      7      1
     2      9      1
     2     38      1
     2     71      1
     2    301      1
     3      0      1
     3     27      1
     3     35      1
     3     47      1
     4      1      1
     4      6      1
     4      8      1
     4     20      1
     4     31      1
     4     36      1
     4     77      1
     4     79      1
     4     99      1
     4    268      1
     5      2      1
     5     32      1
     5     69      1
     5    150      1
     5    199      1
     5    392      1
     6      4      1
     6     10      1
     6     12      1
     6     25      1
     6     40      1
     6    211      1
     6    245      1
     6    316      1
     6    440      1
     7      2      1
     7     37      1
     7    676      1
     8      4      1
     8     16      1
     8     21      1
     8     39      1
     8     78      1
     8    102      1
     9      2      1
     9     13      1
     9     57      1
    10      6      1
    10     43      1
    10    162      1
    10    371      1
    10    382      1
    10    544      1
    11      1      1
    11     19      1
    11     42      1
    11    115      1
    11    137      1
    11    409      1
    12      6      1
    12     44      1
    12     85      1
    12     91      1
    12    110      1
    12    122      1
    12    284      1
    13      9      1
    13     15      1
    13     30      1
    13     59      1
    13    118      1
    13    601      1
    14      0      1
    14     28      1
    15     13      1
    15     22      1
    15     75      1
    15    477      1
    16      8      1
    16     24      1
    16    141      1
    17      1      1
    17     18      1
    17    116      1
    17    314      1
    17    320      1
    18     17      1
    18     29      1
    18    703      1
    19     11      1
    19     66      1
    19    419      1
    20      4      1
    20     23      1
    20    136      1
    21      8      1
    21    190      1
    21    302      1
    22     15      1
    22     67      1
    22     73      1
    22     86      1
    22    131      1
    22    285      1
    23     20      1
    23     26      1
    23     46      1
    23    203      1
    23    241      1
    23    433      1
    24     16      1
    24    196      1
    24    346      1
    24    621      1
    25      6      1
    25     33      1
    25     49      1
    25    640      1
    26     23      1
    26    114      1
    26    145      1
    26    554      1
    27      3      1
    27     52      1
    27     70      1
    27    185      1
    27    207      1
    28     14      1
    28     50      1
    28     65      1
    28    225      1
    28    252      1
    28    627      1
    29     18      1
    29     51      1
    29     55      1
    29     56      1
    29    618      1
    30     13      1
    30     72      1
    30    104      1
    30    130      1
    30    172      1
    30    204      1
    30    374      1
    30    529      1
    31      4      1
    31     64      1
    31    132      1
    31    133      1
    31    595      1
    31    626      1
    32      5      1
    32     54      1
    32     68      1
    32    178      1
    33     25      1
    33     34      1
    33     41      1
    33     48      1
    33     81      1
    33    158      1
    33    232      1
    33    441      1
    33    657      1
    34     33      1
    34     90      1
    34    149      1
    34    233      1
    34    279      1
    34    383      1
    35      3      1
    35     83      1
    36      4      1
    36    100      1
    36    394      1
    37      7      1
    38      2      1
    38    767      1
    39      8      1
    39     45      1
    39     89      1
    39    173      1
    39    694      1
    39    788      1
    40      6      1
    40     60      1
    40    421      1
    40    596      1
    41     33      1
    41     80      1
    41    151      1
    41    562      1
    42     11      1
    42     58      1
    42    208      1
    42    446      1
    42    743      1
    43     10      1
    44     12      1
    44     87      1
    44    413      1
    45     39      1
    45     61      1
    45    397      1
    45    471      1
    46     23      1
    46     63      1
    46     93      1
    46    134      1
    46    459      1
    47      3      1
    47     92      1
    47    153      1
    48     33      1
    48     53      1
    48     74      1
    48    152      1
    48    168      1
    49     25      1
    49     84      1
    50     28      1
    50     62      1
    50    738      1
    51     29      1
    51    267      1
    52     27      1
    52    427      1
    52    520      1
    53     48      1
    53    331      1
    53    507      1
    54     32      1
    54    120      1
    54    352      1
    54    483      1
    54    514      1
    54    686      1
    55     29      1
    55    124      1
    55    138      1
    55    180      1
    55    237      1
    55    262      1
    55    684      1
    56     29      1
    56     76      1
    56    135      1
    57      9      1
    57    111      1
    58     42      1
    58    611      1
    58    630      1
    59     13      1
    59    164      1
    59    220      1
    60     40      1
    60    121      1
    60    353      1
    60    453      1
    61     45      1
    61    105      1
    61    123      1
    61    139      1
    61    269      1
    61    296      1
    61    434      1
    61    538      1
    62     50      1
    62    165      1
    62    219      1
    62    223      1
    62    281      1
    62    399      1
    63     46      1
    63    718      1
    64     31      1
    64     96      1
    65     28      1
    65    112      1
    65    280      1
    65    357      1
    65    366      1
    65    389      1
    66     19      1
    67     22      1
    68     32      1
    68     82      1
    68    748      1
    69      5      1
    69    127      1
    69    255      1
    69    309      1
    69    393      1
    69    404      1
    69    652      1
    70     27      1
    70    108      1
    70    510      1
    71      2      1
    71     98      1
    71    109      1
    71    113      1
    71    169      1
    72     30      1
    72    144      1
    72    473      1
    73     22      1
    74     48      1
    74     88      1
    74    643      1
    75     15      1
    75    125      1
    75    435      1
    75    478      1
    75    479      1
    76     56      1
    76    234      1
    77      4      1
    77    194      1
    78      8      1
    78     95      1
    78    101      1
    78    206      1
    78    240      1
    78    425      1
    79      4      1
    79     94      1
    79    170      1
    79    437      1
    79    490      1
    80     41      1
    80    322      1
    80    616      1
    81     33      1
    81    157      1
    81    766      1
    82     68      1
    82    238      1
    83     35      1
    83    159      1
    83    253      1
    83    295      1
    83    326      1
    83    702      1
    84     49      1
    84    359      1
    84    451      1
    85     12      1
    85    213      1
    85    542      1
    86     22      1
    86    166      1
    86    265      1
    87     44      1
    87    148      1
    87    388      1
    87    436      1
    88     74      1
    88    577      1
    88    610      1
    89     39      1
    89    117      1
    89    270      1
    89    546      1
    90     34      1
    90    175      1
    90    401      1
    91     12      1
    91    376      1
    92     47      1
    92    140      1
    92    146      1
    92    195      1
    92    275      1
    92    368      1
    92    500      1
    93     46      1
    93    147      1
    93    163      1
    93    226      1
    94     79      1
    95     78      1
    95    201      1
    95    235      1
    95    384      1
    95    442      1
    96     64      1
    96     97      1
    96    155      1
    96    216      1
    96    347      1
    96    503      1
    96    590      1
    97     96      1
    98     71      1
    98    107      1
    98    710      1
    99      4      1
    99    103      1
    99    215      1
    99    239      1
    99    512      1
    99    571      1
    99    665      1
   100     36      1
   101     78      1
   101    327      1
   102      8      1
   102    154      1
   102    365      1
   102    390      1
   103     99      1
   103    189      1
   103    214      1
   103    369      1
   103    378      1
   103    417      1
   103    716      1
   104     30      1
   104    119      1
   104    174      1
   104    424      1
   104    634      1
   105     61      1
   105    298      1
   105    432      1
   106      0      1
   106    360      1
   106    543      1
   106    646      1
   107     98      1
   107    218      1
   107    458      1
   107    541      1
   108     70      1
   109     71      1
   109    188      1
   109    764      1
   110     12      1
   110    171      1
   110    308      1
   110    364      1
   110    496      1
   111     57      1
   111    552      1
   112     65      1
   112    128      1
   112    291      1
   112    385      1
   112    423      1
   112    736      1
   113     71      1
   113    217      1
   113    229      1
   113    294      1
   113    387      1
   113    539      1
   114     26      1
   114    632      1
   114    726      1
   115     11      1
   115    278      1
   115    358      1
   116     17      1
   116    236      1
   116    617      1
   117     89      1
   117    186      1
   117    202      1
   118     13      1
   118    126      1
   118    247      1
   118    274      1
   119    104      1
   119    355      1
   119    668      1
   120     54      1
   121     60      1
   122     12      1
   122    277      1
   123     61      1
   123    177      1
   123    227      1
   123    264      1
   123    511      1
   124     55      1
   124    156      1
   124    209      1
   124    246      1
   124    395      1
   124    449      1
   125     75      1
   126    118      1
   126    129      1
   126    183      1
   126    263      1
   126    664      1
   126    776      1
   127     69      1
   128    112      1
   128    161      1
   128    467      1
   129    126      1
   129    422      1
   130     30      1
   130    633      1
   131     22      1
   131    176      1
   131    303      1
   131    333      1
   131    487      1
   132     31      1
   133     31      1
   134     46      1
   134    575      1
   135     56      1
   135    491      1
   136     20      1
   136    142      1
   136    391      1
   137     11      1
   137    143      1
   137    701      1
   138     55      1
   138    689      1
   139     61      1
   140     92      1
   141     16      1
   141    310      1
   141    530      1
   142    136      1
   142    179      1
   143    137      1
   144     72      1
   144    191      1
   144    198      1
   144    737      1
   145     26      1
   145    200      1
   146     92      1
   146    430      1
   147     93      1
   148     87      1
   148    193      1
   148    338      1
   148    793      1
   149     34      1
   149    221      1
   150      5      1
   150    160      1
   151     41      1
   152     48      1
   152    244      1
   152    677      1
   153     47      1
   153    329      1
   153    521      1
   154    102      1
   154    519      1
   154    609      1
   155     96      1
   155    272      1
   155    325      1
   156    124      1
   156    184      1
   157     81      1
   157    197      1
   158     33      1
   158    224      1
   158    248      1
   158    287      1
   159     83      1
   160    150      1
   160    167      1
   160    182      1
   160    276      1
   160    509      1
   161    128      1
   161    254      1
   161    687      1
   162     10      1
   162    312      1
   162    340      1
   163     93      1
   163    537      1
   164     59      1
   164    187      1
   164    258      1
   164    319      1
   165     62      1
   165    728      1
   166     86      1
   166    317      1
   166    508      1
   167    160      1
   168     48      1
   168    349      1
   169     71      1
   169    243      1
   169    457      1
   169    534      1
   170     79      1
   170    774      1
   171    110      1
   172     30      1
   172    613      1
   172    792      1
   173     39      1
   173    714      1
   173    720      1
   174    104      1
   174    518      1
   175     90      1
   175    348      1
   175    379      1
   175    762      1
   176    131      1
   176    323      1
   176    770      1
   177    123      1
   177    205      1
   177    578      1
   177    691      1
   178     32      1
   178    192      1
   179    142      1
   179    181      1
   180     55      1
   180    497      1
   181    179      1
   181    222      1
   181    228      1
   181    324      1
   181    351      1
   181    790      1
   182    160      1
   182    286      1
   182    313      1
   183    126      1
   183    210      1
   183    251      1
   184    156      1
   184    242      1
   184    318      1
   184    386      1
   185     27      1
   185    311      1
   185    396      1
   186    117      1
   186    582      1
   187    164      1
   188    109      1
   188    297      1
   188    697      1
   189    103      1
   189    260      1
   189    288      1
   190     21      1
   190    415      1
   190    645      1
   190    749      1
   191    144      1
   191    305      1
   192    178      1
   193    148      1
   193    719      1
   194     77      1
   194    289      1
   194    412      1
   194    754      1
   195     92      1
   196     24      1
   196    480      1
   196    522      1
   197    157      1
   197    306      1
   198    144      1
   199      5      1
   200    145      1
   200    250      1
   201     95      1
   202    117      1
   202    465      1
   203     23      1
   203    259      1
   203    414      1
   204     30      1
   204    407      1
   205    177      1
   205    337      1
   205    429      1
   205    603      1
   205    670      1
   206     78      1
   207     27      1
   207    212      1
   207    231      1
   207    492      1
   207    566      1
   208     42      1
   209    124      1
   209    304      1
   209    547      1
   210    183      1
   210    345      1
   210    493      1
   211      6      1
   211    797      1
   212    207      1
   212    450      1
   212    608      1
   213     85      1
   213    499      1
   214    103      1
   214    283      1
   215     99      1
   215    307      1
   215    528      1
   215    535      1
   216     96      1
   216    230      1
   216    266      1
   216    356      1
   216    361      1
   216    402      1
   217    113      1
   217    367      1
   218    107      1
   219     62      1
   220     59      1
   220    707      1
   220    724      1
   221    149      1
   221    256      1
   222    181      1
   222    426      1
   222    461      1
   222    470      1
   223     62      1
   223    342      1
   223    733      1
   224    158      1
   224    769      1
   225     28      1
   225    444      1
   226     93      1
   226    315      1
   226    363      1
   226    559      1
   227    123      1
   227    249      1
   227    460      1
   227    666      1
   228    181      1
   228    420      1
   228    565      1
   228    761      1
   229    113      1
   229    410      1
   230    216      1
   230    334      1
   231    207      1
   231    292      1
   231    350      1
   232     33      1
   233     34      1
   233    494      1
   234     76      1
   234    581      1
   235     95      1
   236    116      1
   236    282      1
   236    580      1
   237     55      1
   237    624      1
   237    672      1
   238     82      1
   238    482      1
   239     99      1
   240     78      1
   240    564      1
   241     23      1
   241    752      1
   242    184      1
   243    169      1
   243    372      1
   244    152      1
   244    273      1
   245      6      1
   245    405      1
   246    124      1
   246    576      1
   247    118      1
   247    741      1
   248    158      1
   249    227      1
   249    257      1
   249    271      1
   250    200      1
   250    498      1
   250    551      1
   250    644      1
   251    183      1
   251    650      1
   252     28      1
   252    261      1
   252    600      1
   252    721      1
   253     83      1
   254    161      1
   254    504      1
   255     69      1
   255    462      1
   256    221      1
   256    583      1
   257    249      1
   257    488      1
   258    164      1
   259    203      1
   259    328      1
   260    189      1
   261    252      1
   261    377      1
   261    481      1
   261    642      1
   261    763      1
   262     55      1
   262    799      1
   263    126      1
   264    123      1
   264    685      1
   265     86      1
   266    216      1
   267     51      1
   267    545      1
   267    629      1
   267    706      1
   268      4      1
   269     61      1
   269    299      1
   270     89      1
   270    485      1
   271    249      1
   272    155      1
   273    244      1
   273    344      1
   273    447      1
   273    597      1
   274    118      1
   275     92      1
   275    486      1
   276    160      1
   276    506      1
   276    727      1
   277    122      1
   277    330      1
   278    115      1
   279     34      1
   279    639      1
   280     65      1
   281     62      1
   281    587      1
   282    236      1
   283    214      1
   283    300      1
   284     12      1
   284    455      1
   285     22      1
   285    321      1
   286    182      1
   286    290      1
   287    158      1
   287    759      1
   288    189      1
   288    513      1
   289    194      1
   289    573      1
   289    656      1
   290    286      1
   291    112      1
   291    339      1
   291    380      1
   291    556      1
   292    231      1
   292    332      1
   293      0      1
   294    113      1
   294    354      1
   294    655      1
   295     83      1
   296     61      1
   296    628      1
   296    704      1
   297    188      1
   298    105      1
   299    269      1
   300    283      1
   301      2      1
   302     21      1
   302    527      1
   303    131      1
   304    209      1
   305    191      1
   306    197      1
   307    215      1
   308    110      1
   308    375      1
   309     69      1
   310    141      1
   311    185      1
   312    162      1
   313    182      1
   313    411      1
   314     17      1
   315    226      1
   316      6      1
   316    343      1
   317    166      1
   318    184      1
   318    531      1
   318    631      1
   318    734      1
   319    164      1
   319    336      1
   320     17      1
   320    418      1
   320    466      1
   320    622      1
   321    285      1
   322     80      1
   322    798      1
   323    176      1
   323    591      1
   324    181      1
   325    155      1
   325    751      1
   326     83      1
   326    362      1
   327    101      1
   328    259      1
   329    153      1
   329    722      1
   329    747      1
   330    277      1
   331     53      1
   331    502      1
   331    526      1
   332    292      1
   333    131      1
   334    230      1
   334    647      1
   334    682      1
   334    730      1
   335      0      1
   336    319      1
   336    406      1
   336    431      1
   337    205      1
   338    148      1
   339    291      1
   339    469      1
   339    515      1
   340    162      1
   340    341      1
   340    381      1
   341    340      1
   341    612      1
   342    223      1
   343    316      1
   344    273      1
   345    210      1
   345    370      1
   346     24      1
   346    438      1
   346    659      1
   347     96      1
   347    708      1
   348    175      1
   349    168      1
   350    231      1
   351    181      1
   352     54      1
   353     60      1
   353    517      1
   354    294      1
   354    732      1
   355    119      1
   355    780      1
   356    216      1
   356    403      1
   356    448      1
   357     65      1
   357    548      1
   358    115      1
   358    680      1
   359     84      1
   359    463      1
   360    106      1
   360    717      1
   361    216      1
   362    326      1
   362    445      1
   362    484      1
   363    226      1
   364    110      1
   364    489      1
   365    102      1
   366     65      1
   367    217      1
   367    588      1
   368     92      1
   369    103      1
   370    345      1
   371     10      1
   372    243      1
   372    602      1
   373      1      1
   373    593      1
   374     30      1
   374    468      1
   375    308      1
   376     91      1
   376    777      1
   377    261      1
   377    623      1
   378    103      1
   379    175      1
   380    291      1
   380    525      1
   380    739      1
   380    758      1
   380    794      1
   381    340      1
   382     10      1
   383     34      1
   383    474      1
   383    667      1
   384     95      1
   385    112      1
   385    400      1
   385    671      1
   386    184      1
   387    113      1
   388     87      1
   388    567      1
   388    585      1
   389     65      1
   389    416      1
   390    102      1
   391    136      1
   391    561      1
   392      5      1
   393     69      1
   393    464      1
   394     36      1
   394    540      1
   394    553      1
   395    124      1
   396    185      1
   396    398      1
   396    408      1
   397     45      1
   398    396      1
   399     62      1
   399    524      1
   399    785      1
   400    385      1
   401     90      1
   402    216      1
   403    356      1
   403    523      1
   404     69      1
   404    549      1
   404    570      1
   405    245      1
   406    336      1
   407    204      1
   408    396      1
   408    454      1
   408    779      1
   409     11      1
   409    592      1
   410    229      1
   410    563      1
   411    313      1
   411    472      1
   412    194      1
   413     44      1
   414    203      1
   415    190      1
   415    698      1
   416    389      1
   416    796      1
   417    103      1
   417    532      1
   417    574      1
   418    320      1
   418    452      1
   419     19      1
   419    428      1
   419    505      1
   420    228      1
   420    674      1
   421     40      1
   422    129      1
   422    558      1
   423    112      1
   424    104      1
   424    495      1
   425     78      1
   425    443      1
   426    222      1
   426    456      1
   427     52      1
   427    637      1
   428    419      1
   429    205      1
   430    146      1
   431    336      1
   432    105      1
   433     23      1
   434     61      1
   435     75      1
   436     87      1
   436    729      1
   437     79      1
   437    439      1
   437    516      1
   437    607      1
   437    663      1
   438    346      1
   439    437      1
   440      6      1
   440    572      1
   441     33      1
   442     95      1
   443    425      1
   443    619      1
   444    225      1
   445    362      1
   445    614      1
   446     42      1
   447    273      1
   448    356      1
   449    124      1
   449    641      1
   450    212      1
   450    638      1
   451     84      1
   451    635      1
   452    418      1
   453     60      1
   454    408      1
   455    284      1
   455    475      1
   456    426      1
   456    606      1
   456    778      1
   457    169      1
   458    107      1
   458    791      1
   459     46      1
   460    227      1
   461    222      1
   461    705      1
   462    255      1
   462    723      1
   463    359      1
   464    393      1
   464    589      1
   465    202      1
   466    320      1
   467    128      1
   468    374      1
   469    339      1
   470    222      1
   470    555      1
   471     45      1
   472    411      1
   472    476      1
   473     72      1
   474    383      1
   474    560      1
   475    455      1
   475    660      1
   476    472      1
   477     15      1
   477    713      1
   478     75      1
   479     75      1
   479    599      1
   480    196      1
   481    261      1
   482    238      1
   482    711      1
   483     54      1
   483    605      1
   484    362      1
   485    270      1
   486    275      1
   487    131      1
   487    536      1
   488    257      1
   489    364      1
   490     79      1
   490    620      1
   491    135      1
   491    501      1
   492    207      1
   492    658      1
   493    210      1
   494    233      1
   495    424      1
   496    110      1
   496    735      1
   497    180      1
   497    648      1
   497    755      1
   498    250      1
   498    681      1
   499    213      1
   500     92      1
   501    491      1
   501    615      1
   502    331      1
   503     96      1
   503    625      1
   503    654      1
   504    254      1
   504    683      1
   505    419      1
   505    533      1
   506    276      1
   507     53      1
   508    166      1
   509    160      1
   509    584      1
   510     70      1
   511    123      1
   511    568      1
   512     99      1
   513    288      1
   513    678      1
   513    692      1
   514     54      1
   515    339      1
   516    437      1
   517    353      1
   518    174      1
   519    154      1
   520     52      1
   521    153      1
   522    196      1
   523    403      1
   523    673      1
   524    399      1
   525    380      1
   526    331      1
   527    302      1
   527    653      1
   528    215      1
   528    569      1
   529     30      1
   529    586      1
   529    696      1
   530    141      1
   531    318      1
   532    417      1
   533    505      1
   534    169      1
   535    215      1
   535    550      1
   536    487      1
   536    690      1
   537    163      1
   537    636      1
   538     61      1
   539    113      1
   540    394      1
   541    107      1
   541    662      1
   541    789      1
   542     85      1
   543    106      1
   543    675      1
   543    784      1
   544     10      1
   544    781      1
   545    267      1
   546     89      1
   547    209      1
   548    357      1
   549    404      1
   549    557      1
   550    535      1
   551    250      1
   551    604      1
   552    111      1
   553    394      1
   553    695      1
   554     26      1
   555    470      1
   556    291      1
   556    598      1
   556    753      1
   557    549      1
   557    750      1
   558    422      1
   558    649      1
   558    740      1
   559    226      1
   560    474      1
   560    594      1
   560    782      1
   561    391      1
   561    731      1
   562     41      1
   562    783      1
   563    410      1
   564    240      1
   565    228      1
   566    207      1
   567    388      1
   568    511      1
   568    579      1
   569    528      1
   570    404      1
   570    775      1
   571     99      1
   572    440      1
   572    760      1
   573    289      1
   574    417      1
   575    134      1
   576    246      1
   577     88      1
   577    712      1
   577    768      1
   578    177      1
   579    568      1
   580    236      1
   581    234      1
   582    186      1
   582    744      1
   583    256      1
   584    509      1
   584    700      1
   585    388      1
   585    693      1
   586    529      1
   586    742      1
   587    281      1
   588    367      1
   588    661      1
   589    464      1
   589    651      1
   590     96      1
   591    323      1
   592    409      1
   593    373      1
   594    560      1
   595     31      1
   596     40      1
   597    273      1
   598    556      1
   599    479      1
   600    252      1
   600    795      1
   601     13      1
   602    372      1
   603    205      1
   604    551      1
   605    483      1
   605    771      1
   606    456      1
   607    437      1
   608    212      1
   609    154      1
   609    679      1
   610     88      1
   611     58      1
   612    341      1
   613    172      1
   614    445      1
   615    501      1
   616     80      1
   617    116      1
   618     29      1
   619    443      1
   620    490      1
   621     24      1
   622    320      1
   623    377      1
   624    237      1
   625    503      1
   626     31      1
   627     28      1
   628    296      1
   629    267      1
   629    757      1
   630     58      1
   631    318      1
   632    114      1
   633    130      1
   633    725      1
   634    104      1
   635    451      1
   636    537      1
   637    427      1
   638    450      1
   638    669      1
   638    715      1
   639    279      1
   640     25      1
   641    449      1
   642    261      1
   643     74      1
   644    250      1
   645    190      1
   646    106      1
   647    334      1
   648    497      1
   649    558      1
   650    251      1
   651    589      1
   652     69      1
   653    527      1
   653    746      1
   654    503      1
   655    294      1
   656    289      1
   657     33      1
   658    492      1
   659    346      1
   660    475      1
   660    709      1
   661    588      1
   662    541      1
   663    437      1
   664    126      1
   665     99      1
   665    699      1
   666    227      1
   667    383      1
   668    119      1
   669    638      1
   669    745      1
   670    205      1
   671    385      1
   672    237      1
   673    523      1
   674    420      1
   675    543      1
   676      7      1
   677    152      1
   678    513      1
   679    609      1
   680    358      1
   681    498      1
   681    772      1
   682    334      1
   683    504      1
   684     55      1
   685    264      1
   686     54      1
   687    161      1
   688      0      1
   689    138      1
   690    536      1
   691    177      1
   692    513      1
   693    585      1
   694     39      1
   695    553      1
   696    529      1
   697    188      1
   698    415      1
   699    665      1
   700    584      1
   701    137      1
   702     83      1
   703     18      1
   704    296      1
   705    461      1
   706    267      1
   707    220      1
   708    347      1
   709    660      1
   710     98      1
   711    482      1
   712    577      1
   713    477      1
   714    173      1
   715    638      1
   716    103      1
   717    360      1
   718     63      1
   719    193      1
   720    173      1
   721    252      1
   722    329      1
   723    462      1
   724    220      1
   725    633      1
   726    114      1
   726    787      1
   727    276      1
   728    165      1
   729    436      1
   729    756      1
   730    334      1
   730    773      1
   731    561      1
   732    354      1
   733    223      1
   734    318      1
   735    496      1
   735    786      1
   736    112      1
   737    144      1
   738     50      1
   739    380      1
   740    558      1
   741    247      1
   742    586      1
   743     42      1
   744    582      1
   745    669      1
   746    653      1
   747    329      1
   748     68      1
   749    190      1
   750    557      1
   751    325      1
   752    241      1
   753    556      1
   754    194      1
   755    497      1
   756    729      1
   757    629      1
   758    380      1
   759    287      1
   760    572      1
   761    228      1
   762    175      1
   763    261      1
   764    109      1
   764    765      1
   765    764      1
   766     81      1
   767     38      1
   768    577      1
   769    224      1
   770    176      1
   771    605      1
   772    681      1
   773    730      1
   774    170      1
   775    570      1
   776    126      1
   777    376      1
   778    456      1
   779    408      1
   780    355      1
   781    544      1
   782    560      1
   783    562      1
   784    543      1
   785    399      1
   786    735      1
   787    726      1
   788     39      1
   789    541      1
   790    181      1
   791    458      1
   792    172      1
   793    148      1
   794    380      1
   795    600      1
   796    416      1
   797    211      1
   798    322      1
   799    262      1
