COORD_X_Y 70
  1.55392   1.11299
 0.735723   2.28508
  2.17082  0.416706
 0.843179   1.63705
  2.75829  0.292555
  2.30493   2.28536
  2.25508   2.77302
  1.57918   2.28607
  2.86385   2.53364
  2.47469   1.12954
  1.91899  0.551633
  1.69073   1.25794
  1.81591   2.91073
  1.68858  0.320772
  1.77264   1.04436
 0.554097   2.48492
   1.7295   1.01752
  2.83727  0.849692
 0.693311   2.51844
 0.590012   2.83306
 0.326868   1.52675
  2.93988  0.959096
  2.94131   1.06434
 0.333894   1.91336
 0.567817  0.267578
  2.07794  0.161353
   2.5186   1.15529
  1.45616   1.51452
  2.73214   2.79847
   2.8888   1.38454
 0.761029   2.32552
  2.99814   1.15832
  2.16975   1.97105
  1.54316   2.01893
  1.81219   2.17037
  1.16257 0.0513816
  1.72617   1.56673
 0.607427  0.445079
 0.400148   1.46338
0.00947013   2.96425
  1.04759  0.426904
 0.067696   1.65251
 0.620058   2.14824
 0.507775   2.67734
  1.04947  0.848912
  1.19534   1.02535
  1.06459  0.993774
  2.11043   1.25328
 0.893318   2.74877
  1.12602  0.840899
 0.224164  0.528705
  1.18875  0.965882
 0.450117   1.89512
  1.10879   1.24094
  1.40921   1.24743
  1.19273   2.67765
  1.18089   1.04707
  1.82771 0.0529768
   2.8771   1.78381
 0.787729  0.304075
  2.56448  0.883299
 0.119679   2.84664
  2.35895   1.04853
 0.594779  0.637733
  2.15261   2.08257
  1.57276   1.03218
  1.71723   1.51571
 0.565681    2.7428
0.0189879   2.80343
  2.75034   1.66756
LINKS_SOURCE_DESTINATION_DISTANCE 138
     0      1      1
     0      2      1
     0      4      1
     0      6      1
     1      0      1
     1      5      1
     1      8      1
     1     64      1
     2      0      1
     2      3      1
     2      9      1
     2     19      1
     3      2      1
     3     10      1
     3     11      1
     3     29      1
     3     43      1
     4      0      1
     5      1      1
     5      7      1
     5     12      1
     5     13      1
     5     17      1
     5     28      1
     6      0      1
     7      5      1
     7     16      1
     8      1      1
     8     27      1
     8     54      1
     9      2      1
     9     35      1
     9     45      1
    10      3      1
    10     15      1
    10     18      1
    10     23      1
    10     37      1
    11      3      1
    11     14      1
    11     62      1
    12      5      1
    12     24      1
    12     31      1
    12     34      1
    12     61      1
    13      5      1
    13     41      1
    14     11      1
    15     10      1
    16      7      1
    16     30      1
    16     42      1
    17      5      1
    17     39      1
    18     10      1
    18     53      1
    18     63      1
    19      2      1
    19     20      1
    19     33      1
    20     19      1
    20     21      1
    20     58      1
    21     20      1
    21     22      1
    21     26      1
    22     21      1
    22     32      1
    22     38      1
    22     47      1
    23     10      1
    24     12      1
    24     25      1
    24     46      1
    24     56      1
    24     60      1
    25     24      1
    26     21      1
    27      8      1
    28      5      1
    29      3      1
    29     57      1
    30     16      1
    31     12      1
    31     36      1
    31     40      1
    31     48      1
    31     50      1
    32     22      1
    32     44      1
    33     19      1
    34     12      1
    35      9      1
    36     31      1
    36     49      1
    37     10      1
    38     22      1
    38     52      1
    38     55      1
    38     68      1
    39     17      1
    39     66      1
    40     31      1
    40     65      1
    41     13      1
    42     16      1
    43      3      1
    44     32      1
    45      9      1
    46     24      1
    47     22      1
    47     51      1
    48     31      1
    49     36      1
    49     67      1
    50     31      1
    51     47      1
    52     38      1
    53     18      1
    54      8      1
    55     38      1
    55     69      1
    56     24      1
    56     59      1
    57     29      1
    58     20      1
    59     56      1
    60     24      1
    61     12      1
    62     11      1
    63     18      1
    64      1      1
    65     40      1
    66     39      1
    67     49      1
    68     38      1
    69     55      1
