COORD_X_Y 65
  1.99903  0.915241
 0.344359  0.776367
  1.56981  0.978289
  1.97676   2.70209
 0.484008   1.14384
 0.259789  0.919335
  2.43597    1.0152
  2.94618  0.467667
 0.569783   2.23123
  1.13531   1.28565
  1.07086   1.66685
 0.592052  0.574091
  1.39646   2.93224
 0.156302  0.288337
 0.767042   2.53463
  1.23494   2.65842
  2.38521   0.71886
 0.897249  0.225636
  1.26844   2.01572
 0.261422   1.93655
  2.30774   2.31413
  2.72036 0.0563129
  2.90601   1.20062
  1.59324   2.94566
   1.7487   1.49896
 0.669031   1.61405
  2.61709  0.797964
  1.21959   0.53639
 0.603305   1.99138
 0.452992   1.81107
  2.63863   1.49995
  1.87073   1.21032
  2.11014  0.265372
  2.43388   2.71664
   1.5092   1.92948
  2.24912   2.25612
 0.316391   1.17609
  2.29519  0.128386
  2.99885   1.16569
0.0739504  0.489006
0.0852969   2.96326
 0.633802   1.57015
  1.19451   2.87179
 0.965498   1.29607
  1.37541 0.0512725
 0.459323   2.60442
 0.807995   2.32775
  1.14612 0.0660353
  1.57114  0.750602
   1.7092  0.347942
  2.82038   0.34735
 0.347652   2.06777
 0.115577   2.39367
   2.2987   1.03307
 0.768197  0.988642
  1.17758   1.14574
0.0839739  0.953661
   1.2171   2.69689
 0.521338  0.823364
  1.68766  0.592056
  2.01018  0.378132
  2.98381   1.41558
 0.772031   1.66633
 0.458896   1.69834
 0.708413  0.336045
LINKS_SOURCE_DESTINATION_DISTANCE 128
     0      1      1
     0      2      1
     0     16      1
     0     36      1
     1      0      1
     1     18      1
     1     42      1
     2      0      1
     2      3      1
     2      5      1
     2     26      1
     3      2      1
     3      4      1
     3      8      1
     3     19      1
     3     39      1
     4      3      1
     4     11      1
     4     43      1
     5      2      1
     5      6      1
     5      7      1
     5      9      1
     5     14      1
     5     17      1
     5     30      1
     5     54      1
     6      5      1
     6     10      1
     7      5      1
     7     33      1
     8      3      1
     9      5      1
     9     29      1
     9     34      1
     9     50      1
    10      6      1
    10     12      1
    10     28      1
    10     45      1
    11      4      1
    11     13      1
    11     23      1
    11     64      1
    12     10      1
    12     22      1
    12     24      1
    12     25      1
    13     11      1
    13     15      1
    14      5      1
    14     20      1
    14     57      1
    15     13      1
    15     49      1
    16      0      1
    16     46      1
    17      5      1
    18      1      1
    18     35      1
    19      3      1
    19     21      1
    19     27      1
    20     14      1
    21     19      1
    22     12      1
    23     11      1
    23     59      1
    24     12      1
    25     12      1
    26      2      1
    26     37      1
    27     19      1
    27     32      1
    28     10      1
    28     31      1
    29      9      1
    30      5      1
    30     47      1
    31     28      1
    32     27      1
    32     38      1
    32     56      1
    33      7      1
    33     40      1
    33     41      1
    34      9      1
    35     18      1
    36      0      1
    37     26      1
    38     32      1
    39      3      1
    39     51      1
    39     60      1
    40     33      1
    40     61      1
    41     33      1
    42      1      1
    42     44      1
    42     62      1
    43      4      1
    44     42      1
    45     10      1
    45     48      1
    45     53      1
    46     16      1
    47     30      1
    48     45      1
    49     15      1
    50      9      1
    51     39      1
    51     52      1
    52     51      1
    53     45      1
    53     58      1
    54      5      1
    54     55      1
    55     54      1
    56     32      1
    57     14      1
    57     63      1
    58     53      1
    59     23      1
    60     39      1
    61     40      1
    62     42      1
    63     57      1
    64     11      1
