COORD_X_Y 600
 0.347271  0.901615
  1.68531   1.74755
  1.48102   1.15218
 0.473297  0.990764
  2.87356  0.177482
  2.64178  0.951452
  2.67704     1.876
  1.59716   1.63527
0.0706027  0.542886
  1.50552   2.26856
 0.267543  0.398033
   1.0963   2.20406
  1.23965   2.38491
  2.19222   2.56263
  1.17359  0.917144
  2.59788   2.71518
   1.0893   2.42439
   2.5485   2.58136
  1.11368   2.55688
  1.36819   1.17984
  2.14248   2.48926
 0.901099   2.20397
  1.49051   1.84544
 0.673529  0.756882
  2.81868   1.35765
 0.874227  0.183224
  1.91839  0.197889
 0.501052   1.89442
  1.94247   2.97824
  1.43557   2.91826
  1.30333 0.0144752
  2.32431   2.73968
 0.952634   2.51017
  2.03633   1.81477
  1.43351  0.241309
  2.39038   2.57809
   1.5194   1.17641
  1.73855   2.88105
 0.858368 0.0187299
  2.66688  0.325676
  1.85574   1.44638
  1.52925  0.846805
  2.27381   1.89731
  2.22384   2.99704
0.0317386  0.698213
  1.26813   2.81216
 0.474784  0.309178
   2.5893  0.761179
   2.4707  0.337125
   2.4687    1.9627
  1.27204    2.4067
  2.33542   2.23913
   1.5772   1.13744
   2.5166   2.97182
 0.780493   1.13305
  1.91586   2.81485
 0.101785   0.38651
 0.335901  0.312999
  2.20923   0.10383
 0.123448   2.91181
   0.2803   2.54598
  2.99885   1.78829
  2.79881  0.149143
  2.81557   1.10122
  1.11596   2.48784
  1.83695   1.05981
  1.52054   1.59082
   1.5066  0.344642
  2.55188    2.5838
 0.408427   2.33008
  1.29342  0.921895
  2.44321   2.02635
  1.51085 0.0110286
 0.315029   2.39397
 0.234471   2.47956
  2.48742   2.52796
  1.71483   2.59003
  2.48384   2.33049
  2.39933   0.88626
   2.2755   2.40171
  1.42679   2.13414
  1.48357  0.577394
   1.5129  0.459105
  1.88116 0.0396205
0.0988256   2.71924
  1.54976   1.35994
  2.30211   2.79163
   2.1588   1.36396
  2.60606   2.32742
0.0262056   1.80767
  1.96177   2.53943
 0.253845  0.438922
 0.208698   1.93534
   2.2079   2.70755
  2.54147   1.08763
   2.6925   2.28588
  1.94968    1.3882
  2.51811   1.51499
 0.462649  0.322814
  1.63346   2.06916
   2.9199   1.60062
  0.29978  0.637813
 0.807336   1.54153
 0.177022    1.7984
 0.440705   2.10259
 0.382473    2.4387
 0.672004   2.56161
  1.52325   2.14763
 0.635281   2.57095
  2.05642   1.77632
   1.9342   1.36359
  2.14526  0.237928
   2.3486   1.54478
  2.95811   1.57619
  2.74499   2.93558
 0.768583   2.71139
 0.831462  0.338925
   1.4911   2.75163
  1.43309   2.53653
  0.27722  0.164313
  1.11498   2.35689
  1.69257   0.70319
  2.07088  0.705797
  2.72198   1.24333
 0.699524   2.44132
 0.697494   1.61593
 0.308178   2.70893
  1.92691  0.211214
  1.58234  0.114966
  2.50118   2.71247
  1.45693  0.411524
  1.83545  0.732346
  2.23711    0.7256
  1.36662 0.0651845
 0.493985    1.2602
  2.64736   1.46278
0.0395108   1.50461
 0.395903  0.112747
  2.63534   2.03173
  2.17912 0.00576867
  2.93774   1.35083
   1.0729  0.979162
  1.19013   2.98778
 0.710769    1.0672
0.0283048   2.29097
  2.78888   2.27704
  1.92799   1.89502
  1.07285   1.52334
 0.632158  0.314957
  2.29018   2.27194
  1.53348   1.31781
  1.71028  0.994528
  1.95681  0.162788
  0.68921  0.169915
 0.748594    2.7243
  2.96573   1.83203
  1.12181  0.302941
  1.44111    1.8923
   2.8346   1.21884
   1.5951   1.28345
  2.49886  0.297599
 0.886064   1.80527
  1.53245    1.4561
 0.777212 0.0960605
 0.435125   2.31101
  1.97388   1.85083
  2.41341  0.353349
 0.283028   2.56043
0.0830407  0.969959
  2.32554  0.603762
   2.3048   2.35617
  2.34799   1.98103
  2.85123   1.65936
 0.495346   1.63359
  1.57984  0.917276
 0.623738   2.64476
  2.33573   1.67588
  1.38994  0.519261
  1.33951  0.776748
  2.32766   2.47062
  2.04981 0.00399589
  2.64015   1.45392
  2.62452   1.08287
 0.848898   2.95504
  2.34235    2.8459
 0.910565   1.42704
 0.240588   1.93757
  0.96156  0.747131
  1.53816  0.556534
  1.38871  0.398315
  1.38165  0.261488
  0.20882  0.415174
  1.84745  0.283468
  1.62623   1.00808
  1.91429   2.43506
  1.35383   2.88722
  1.93332   2.07031
  2.45421   2.33526
  1.94981 0.0664036
  1.81327    1.7098
  1.74265   2.41873
  2.70378    2.2357
  2.37246   1.49391
  1.85296   2.61828
  1.82489  0.108307
  2.15722   2.11496
  1.04032  0.265661
 0.662937  0.514309
  2.96873  0.774466
  2.35985   1.29057
  1.68093   1.45859
  2.16562   2.32016
  0.76547   2.26961
  1.87203   2.02972
  2.56592  0.765938
  1.27084   1.63445
 0.213285   1.91209
  1.41908  0.305431
 0.987147  0.633883
   2.8409   1.14327
   1.3825   1.52906
 0.797442   2.16688
  2.85416   2.59223
 0.213068  0.364578
 0.635587   2.99948
 0.479329   1.15467
0.0689356   1.61924
  2.74259    1.5162
  2.17539  0.379631
  1.60403    1.3362
 0.479334  0.583187
 0.155099   2.11875
  1.22443   0.84535
  1.42315   1.17023
  1.78857   2.40192
  1.55199   2.65625
  2.96338   1.70021
   2.5824 0.0255971
 0.964837   1.75413
  1.55655   1.91062
 0.991123  0.484738
  2.75599   1.90636
  2.44445 0.0757125
 0.226396  0.723814
  2.76785  0.757182
  2.46044   1.41197
  1.39156   2.54521
  2.03899   2.72909
   2.2118   2.44439
   1.8688   1.51235
  1.65902   2.30969
  2.32003   2.07519
  1.45752  0.438117
 0.615154  0.343235
   2.0162  0.954828
  2.34428  0.085305
  1.89775  0.523876
 0.880439    1.0798
 0.624288  0.424881
  1.42298 0.0321883
 0.332447   2.79847
   2.3204  0.954318
  2.03015   2.39178
 0.593065   1.93051
0.00678011   2.25736
 0.490612  0.426682
  2.72665 0.0592152
  2.35164   2.03014
 0.561709  0.631684
  2.97031    2.2187
 0.495148  0.374888
  1.08757   1.57903
  1.75978   1.98157
  0.17355    2.3653
  0.25981   2.04982
  2.51592  0.295529
  1.90856   2.95973
  1.51321   2.87934
   1.7889   2.09658
 0.559622   2.97082
 0.511991    2.5698
  2.36063   2.58574
 0.359613  0.231883
  2.71552   2.95315
 0.454624  0.502956
  2.09131  0.976202
  2.63652  0.756683
  2.74838   1.51554
  1.67988  0.945912
  1.02045   2.66094
  2.16721   2.25559
  2.42024    2.5068
 0.121625    2.8427
  1.39205 0.0931464
  1.89168    1.2247
  1.57733  0.900433
  1.82559   1.29771
  2.37799  0.226101
  1.85148   1.42792
  1.69043   1.14659
  1.94448   2.02499
  2.80819    2.3651
 0.967967  0.339933
  2.33005  0.802501
  1.08671   1.00169
0.0588705    1.0099
  1.70948  0.182077
  1.37254   2.21197
  2.31795   2.65356
   2.3551  0.826009
  1.60847   2.86836
  1.40631   1.09416
  2.77107  0.957721
  2.32364    1.7403
 0.405443   1.43302
  2.25103   1.09501
  0.88195  0.695122
 0.767239   0.56011
  1.68707   2.31423
0.0993258    2.5864
 0.504243   1.70034
  2.51174     2.861
  2.36301  0.695172
  1.93901  0.183028
 0.538762 0.0580089
  2.39928  0.681709
0.0465863   2.17973
  2.40433 0.0163098
  1.31025   1.73645
  2.15729   1.73918
  2.89147   1.13434
  2.22454  0.651444
  2.19552    1.0693
  1.32757   1.68115
 0.746948   1.52007
  1.62702   1.05985
  1.25303   1.75927
 0.393748   2.93061
 0.932807    1.1157
  1.38232  0.920648
 0.476596   1.17264
  1.74096  0.178326
  1.71469   1.63919
  1.23478  0.278988
  2.49534  0.898123
  2.53672  0.174301
  1.89369   0.62687
  1.05714   2.85386
  2.53747   1.33791
   2.8803   1.76634
  1.21463    2.9367
  1.10457   2.93721
  2.25395  0.488988
  0.66407   2.26019
  2.95329  0.833773
  2.43457   2.54417
  1.71413   2.25048
 0.398308  0.189422
 0.422355  0.062342
  2.34181   2.12683
 0.834888   2.38642
   1.2791 0.0567171
 0.533669  0.242823
  1.57812   2.94029
  2.66907  0.886685
  1.20759   2.68031
 0.202229  0.156864
 0.742209    1.1398
 0.899509   2.07605
  1.17283  0.411006
0.0232615   2.67475
 0.440822   1.89363
   1.8058   1.17727
  1.85643   2.64333
 0.600235  0.602695
  2.08389   1.91954
 0.268716   2.16201
 0.128366   2.14806
  2.22684   1.75301
  1.43784   2.77756
 0.426965  0.257031
 0.812403   2.34205
  1.70055   2.75508
  2.68723   1.76783
  2.67022  0.397502
  2.50285   2.95021
  1.36836  0.397361
  2.34987 0.0498456
 0.129739 0.0602225
  1.20724   2.35478
  2.34701  0.692225
  1.78449  0.990197
   1.3899   2.25329
  1.93326   1.62244
  2.90672   1.10782
 0.194722 0.0334197
  1.46454    2.2666
  2.49591   1.57956
 0.731245   1.87717
  1.73185   1.97043
 0.255064   2.01449
 0.427221   1.48993
 0.656739   2.59053
  2.75542   1.17592
  1.71759   1.89174
  1.06391 0.0564285
  2.74309  0.310882
  1.80096  0.596679
  2.50504   2.24435
 0.248103    1.2662
  1.33203    2.7563
  1.48069  0.307409
  2.37475   2.41178
  2.67044   2.23381
  0.40181   1.88847
  2.82601    1.2588
  2.09632    1.2633
  1.23742   2.24926
  2.38624   2.65691
  2.93779    1.0652
  1.16346  0.751205
   2.9452  0.247438
  2.52971  0.549782
  1.62106   1.68676
  1.31173    1.0618
 0.479564  0.118609
 0.316629  0.732723
 0.739833   0.56697
  1.27491    1.7372
  0.30319   1.56712
  2.12054   1.18861
  2.92548   2.45898
  1.82543   2.78636
  2.83183    2.1708
  1.68048   1.40289
  2.70144   2.32361
 0.288031   2.19646
  1.04545   1.42412
  1.88048   1.90759
   1.4881 0.0431641
  1.88734  0.618531
 0.734488   2.86764
  0.69285   2.83529
  2.24038   1.37065
  2.21971  0.119629
 0.330688   2.43114
  1.15648   1.01712
   2.7053   1.95811
  2.88981  0.311817
  2.36597 0.0392678
  1.44997  0.453116
  2.03345  0.218761
  1.39087  0.518314
  1.88214   2.93273
 0.288192   1.68319
  2.01014   1.58614
  2.21795   2.52424
  2.07741   2.64274
 0.438064  0.217737
  1.91962  0.724679
  2.77489   2.03206
  1.19245  0.695639
  2.91464  0.474136
0.0201371   2.82472
  2.95823   2.82201
  2.91247   1.56302
  0.56061   2.82205
  1.21726   1.79073
  1.78972   2.64917
 0.787584  0.462812
  2.72364     2.627
  1.99722   2.98186
 0.800676  0.991093
  2.26862   2.06368
  1.33488   2.30947
 0.432454   2.54428
  1.92299   2.20435
  0.53826    2.4128
 0.604105   1.00568
 0.491515  0.556782
  1.79141 0.00533523
  1.10199   1.88927
 0.954738     1.989
  0.29893  0.609367
  2.72674  0.932501
  2.48087    2.5269
   1.3851    1.6863
  2.52012    2.1688
  1.79096   2.37156
  2.24315  0.329823
  0.45956   1.58508
  2.85211   2.98041
  2.00816  0.843848
 0.258217   2.57401
  0.90332   2.51993
   1.5034   1.73497
  1.86288  0.187313
  1.36736   1.30392
  1.83597  0.585408
  2.08345   1.26693
  1.47874   2.58064
  1.48152   2.38027
  1.41496   0.80828
  1.58894   1.21272
  2.64977   1.55784
  2.91717   2.84405
 0.750753  0.441211
  1.99528   1.92581
  0.81892   2.21097
  1.66109  0.685287
  1.49145   1.99441
  2.03681    2.5322
 0.607159   2.70372
  1.95179   2.27746
 0.977222  0.536745
 0.426811   2.44652
 0.968999  0.546174
  1.24874   2.70615
 0.725027   2.82058
  2.90769   1.44842
  2.44281   2.03917
 0.699905 0.0971505
   1.0353   0.64963
  1.09645   1.70784
 0.753646   2.69554
  1.48547   2.74258
  1.10225   2.97234
  2.91593  0.524778
   1.5729  0.753344
  2.88058  0.949933
  0.48439   1.37798
  2.69571   1.64628
  2.33983   1.45175
  1.74351   2.03581
  0.75748   0.85569
   2.4289   2.03215
 0.944416   0.27461
  1.63599  0.740869
 0.824105  0.701215
  2.20467   2.96918
  1.68932  0.369813
  2.61525   2.27859
 0.413762 0.0461397
  1.51475   1.84447
 0.863779  0.284161
  1.34362  0.620142
 0.143881   1.68755
 0.668857   2.89306
0.0776508   1.79102
 0.668493   1.06563
  1.20389  0.924921
  1.19006   2.17781
  1.88847  0.553606
    1.487  0.399821
  2.49511   2.97944
  1.74409   2.52214
  1.13537   2.51465
 0.382773   2.88612
  2.69205   1.30531
  2.58043   1.93596
 0.945097  0.700997
  0.66331   2.06298
  2.18818   2.32238
 0.914919  0.754019
  1.15768   1.85416
  1.84894   1.12712
  2.55133   2.42311
  1.91556  0.600663
 0.848633   1.29276
  1.40248   0.67036
  2.39816   1.52294
 0.837259   2.36337
  2.54562    1.5354
  1.95781   1.93556
0.0949592    1.6409
  1.71775   1.87118
  2.54322 0.0783277
  1.51967  0.536363
 0.741425   2.23091
  0.33626   2.57363
  2.81181   2.27645
  2.77155   2.27876
  1.57069   2.87703
 0.161216   2.85483
  1.91214  0.650138
 0.681841   2.34964
 0.245802 0.00194989
  1.17483   2.46394
 0.684601   2.75625
  1.95241  0.322656
  1.95467  0.811541
  1.94789   2.82032
  1.59952   1.29184
  2.65696   1.70463
  2.22203   2.48482
  1.28216  0.383494
  2.68916   2.42291
  0.17476  0.164667
  1.94524  0.245311
  2.64258   2.75316
LINKS_SOURCE_DESTINATION_DISTANCE 1198
     0      1      1
     0      2      1
     0      3      1
     0     85      1
     1      0      1
     1      4      1
     1      5      1
     1      9      1
     1     19      1
     1    101      1
     1    116      1
     1    128      1
     1    454      1
     2      0      1
     2      6      1
     2      7      1
     2      8      1
     2     15      1
     2     52      1
     3      0      1
     3     59      1
     3    256      1
     4      1      1
     4     10      1
     4     12      1
     4    231      1
     5      1      1
     5     93      1
     6      2      1
     6     11      1
     6     14      1
     6     35      1
     6     36      1
     6     79      1
     6    183      1
     6    315      1
     6    468      1
     7      2      1
     7     33      1
     8      2      1
     8     74      1
     8     81      1
     9      1      1
     9     13      1
     9     18      1
    10      4      1
    10     23      1
    10     49      1
    10     56      1
    10    394      1
    11      6      1
    11     29      1
    11     38      1
    11    170      1
    11    362      1
    12      4      1
    12     16      1
    12     31      1
    12     41      1
    12     83      1
    12    216      1
    12    527      1
    13      9      1
    13     17      1
    14      6      1
    14     34      1
    14     54      1
    15      2      1
    15     22      1
    15     26      1
    16     12      1
    16     21      1
    16     99      1
    16    200      1
    17     13      1
    17    360      1
    17    522      1
    18      9      1
    18     20      1
    18     24      1
    18     32      1
    18     48      1
    18     62      1
    18    141      1
    19      1      1
    19     27      1
    19     28      1
    19    403      1
    20     18      1
    20     25      1
    20     30      1
    20    157      1
    21     16      1
    21    115      1
    21    169      1
    21    395      1
    22     15      1
    22     40      1
    22     55      1
    22    125      1
    22    144      1
    23     10      1
    23     39      1
    23    120      1
    23    126      1
    23    165      1
    23    260      1
    24     18      1
    25     20      1
    25    510      1
    26     15      1
    26    378      1
    27     19      1
    27     50      1
    27     78      1
    27    104      1
    27    296      1
    27    560      1
    28     19      1
    28    418      1
    29     11      1
    29     53      1
    29    138      1
    29    286      1
    29    392      1
    30     20      1
    30     37      1
    30     68      1
    30     80      1
    31     12      1
    31     42      1
    31     45      1
    31    130      1
    31    475      1
    32     18      1
    32    252      1
    32    415      1
    33      7      1
    33     43      1
    33    110      1
    33    276      1
    33    423      1
    33    545      1
    34     14      1
    34     61      1
    34     66      1
    34     67      1
    34     70      1
    34    121      1
    34    336      1
    34    361      1
    35      6      1
    35    272      1
    36      6      1
    36    102      1
    36    274      1
    37     30      1
    37    147      1
    37    293      1
    37    416      1
    37    482      1
    38     11      1
    38     46      1
    39     23      1
    39     63      1
    39     65      1
    39    145      1
    40     22      1
    40     94      1
    40    129      1
    40    143      1
    40    187      1
    40    271      1
    41     12      1
    41     51      1
    41     69      1
    41    488      1
    42     31      1
    42     44      1
    42     57      1
    42     95      1
    42    107      1
    43     33      1
    43    257      1
    44     42      1
    44    103      1
    44    146      1
    44    278      1
    45     31      1
    45     47      1
    45     73      1
    45     77      1
    45    350      1
    46     38      1
    46    379      1
    47     45      1
    47    137      1
    47    552      1
    48     18      1
    48    221      1
    49     10      1
    49    176      1
    49    212      1
    49    463      1
    50     27      1
    50    175      1
    51     41      1
    51    108      1
    51    263      1
    51    546      1
    52      2      1
    52     60      1
    52    211      1
    53     29      1
    53    310      1
    54     14      1
    54     58      1
    54    198      1
    54    277      1
    54    580      1
    55     22      1
    55     72      1
    56     10      1
    56    197      1
    57     42      1
    57    180      1
    57    209      1
    57    229      1
    58     54      1
    58    106      1
    58    142      1
    58    148      1
    58    339      1
    59      3      1
    59     75      1
    59     86      1
    59    172      1
    59    288      1
    60     52      1
    60     64      1
    60    240      1
    61     34      1
    61    161      1
    61    383      1
    62     18      1
    62     88      1
    62    156      1
    62    432      1
    63     39      1
    63    342      1
    64     60      1
    64    127      1
    65     39      1
    65    224      1
    66     34      1
    66    118      1
    66    225      1
    66    255      1
    67     34      1
    67     71      1
    67    228      1
    68     30      1
    68    434      1
    69     41      1
    69    178      1
    69    413      1
    70     34      1
    70    122      1
    70    132      1
    70    351      1
    71     67      1
    71     89      1
    71     96      1
    71    179      1
    71    239      1
    71    420      1
    72     55      1
    72     76      1
    72    124      1
    73     45      1
    73    376      1
    73    458      1
    74      8      1
    74     82      1
    74    151      1
    74    374      1
    75     59      1
    75     87      1
    75    163      1
    76     72      1
    76    111      1
    77     45      1
    77     84      1
    77    555      1
    78     27      1
    78     90      1
    78    112      1
    79      6      1
    79    117      1
    79    307      1
    80     30      1
    80    119      1
    80    291      1
    80    425      1
    81      8      1
    81     97      1
    81    210      1
    81    429      1
    82     74      1
    82    207      1
    82    372      1
    82    550      1
    83     12      1
    83    227      1
    83    369      1
    83    543      1
    84     77      1
    84    149      1
    84    173      1
    84    182      1
    84    326      1
    84    525      1
    85      0      1
    85    155      1
    86     59      1
    86    105      1
    86    370      1
    87     75      1
    87    191      1
    87    323      1
    88     62      1
    88    261      1
    89     71      1
    89     91      1
    89     98      1
    89    223      1
    89    598      1
    90     78      1
    90    534      1
    91     89      1
    91     92      1
    92     91      1
    92    194      1
    93      5      1
    93    114      1
    93    343      1
    93    373      1
    94     40      1
    94    100      1
    94    218      1
    94    498      1
    95     42      1
    95    241      1
    96     71      1
    96    134      1
    96    435      1
    97     81      1
    98     89      1
    98    123      1
    98    205      1
    99     16      1
    99    201      1
    99    309      1
   100     94      1
   100    109      1
   100    234      1
   100    452      1
   101      1      1
   101    133      1
   101    566      1
   102     36      1
   102    135      1
   102    153      1
   103     44      1
   104     27      1
   104    113      1
   104    154      1
   104    189      1
   104    448      1
   105     86      1
   105    244      1
   105    267      1
   106     58      1
   107     42      1
   107    242      1
   108     51      1
   109    100      1
   109    167      1
   109    311      1
   109    559      1
   109    576      1
   110     33      1
   110    136      1
   110    529      1
   111     76      1
   111    150      1
   112     78      1
   112    232      1
   112    355      1
   113    104      1
   113    526      1
   114     93      1
   114    219      1
   115     21      1
   115    140      1
   115    312      1
   116      1      1
   116    461      1
   116    595      1
   117     79      1
   118     66      1
   118    233      1
   118    366      1
   118    587      1
   119     80      1
   119    245      1
   119    387      1
   120     23      1
   120    160      1
   121     34      1
   121    388      1
   121    508      1
   122     70      1
   122    188      1
   122    206      1
   122    215      1
   123     98      1
   123    247      1
   123    273      1
   124     72      1
   124    139      1
   124    490      1
   125     22      1
   126     23      1
   126    436      1
   127     64      1
   127    131      1
   127    531      1
   128      1      1
   128    168      1
   129     40      1
   129    184      1
   129    460      1
   130     31      1
   130    282      1
   130    325      1
   131    127      1
   132     70      1
   132    158      1
   133    101      1
   133    492      1
   134     96      1
   135    102      1
   136    110      1
   136    162      1
   136    270      1
   137     47      1
   137    159      1
   138     29      1
   139    124      1
   139    195      1
   140    115      1
   140    214      1
   140    314      1
   140    426      1
   140    516      1
   141     18      1
   141    433      1
   141    509      1
   141    584      1
   142     58      1
   142    226      1
   142    501      1
   143     40      1
   143    174      1
   143    204      1
   143    480      1
   144     22      1
   144    186      1
   144    324      1
   145     39      1
   145    246      1
   145    470      1
   145    493      1
   146     44      1
   147     37      1
   148     58      1
   148    152      1
   148    265      1
   148    294      1
   148    301      1
   149     84      1
   149    166      1
   150    111      1
   150    171      1
   150    483      1
   151     74      1
   151    177      1
   151    192      1
   152    148      1
   152    164      1
   152    251      1
   153    102      1
   153    181      1
   154    104      1
   154    299      1
   154    327      1
   155     85      1
   155    358      1
   155    596      1
   156     62      1
   157     20      1
   157    303      1
   158    132      1
   158    574      1
   159    137      1
   160    120      1
   160    222      1
   161     61      1
   162    136      1
   162    308      1
   162    338      1
   162    453      1
   162    477      1
   162    578      1
   163     75      1
   163    431      1
   163    446      1
   164    152      1
   164    185      1
   164    259      1
   165     23      1
   165    385      1
   165    462      1
   166    149      1
   166    220      1
   167    109      1
   168    128      1
   169     21      1
   170     11      1
   170    332      1
   170    502      1
   171    150      1
   171    359      1
   172     59      1
   172    202      1
   172    589      1
   173     84      1
   173    235      1
   173    393      1
   173    444      1
   173    513      1
   174    143      1
   174    349      1
   174    384      1
   175     50      1
   175    238      1
   176     49      1
   176    190      1
   176    236      1
   176    292      1
   177    151      1
   177    253      1
   178     69      1
   178    258      1
   179     71      1
   179    280      1
   180     57      1
   180    368      1
   181    153      1
   181    297      1
   182     84      1
   182    285      1
   183      6      1
   184    129      1
   184    364      1
   185    164      1
   186    144      1
   186    398      1
   187     40      1
   187    193      1
   187    208      1
   188    122      1
   189    104      1
   189    217      1
   190    176      1
   191     87      1
   191    317      1
   192    151      1
   192    203      1
   192    283      1
   192    447      1
   193    187      1
   194     92      1
   194    196      1
   194    518      1
   195    139      1
   195    199      1
   195    367      1
   195    396      1
   196    194      1
   196    302      1
   196    375      1
   197     56      1
   197    469      1
   197    582      1
   198     54      1
   198    411      1
   198    428      1
   198    457      1
   198    533      1
   199    195      1
   199    402      1
   200     16      1
   200    230      1
   200    389      1
   201     99      1
   202    172      1
   202    371      1
   203    192      1
   203    472      1
   204    143      1
   204    213      1
   204    340      1
   205     98      1
   205    275      1
   206    122      1
   207     82      1
   207    466      1
   207    524      1
   208    187      1
   208    254      1
   209     57      1
   209    352      1
   210     81      1
   210    249      1
   210    541      1
   211     52      1
   211    279      1
   211    295      1
   212     49      1
   213    204      1
   213    304      1
   214    140      1
   214    300      1
   215    122      1
   215    243      1
   215    382      1
   216     12      1
   217    189      1
   217    248      1
   218     94      1
   218    497      1
   218    554      1
   219    114      1
   220    166      1
   220    410      1
   221     48      1
   222    160      1
   222    334      1
   222    505      1
   223     89      1
   224     65      1
   224    237      1
   224    380      1
   224    437      1
   225     66      1
   225    430      1
   226    142      1
   227     83      1
   227    586      1
   228     67      1
   229     57      1
   230    200      1
   231      4      1
   232    112      1
   233    118      1
   234    100      1
   234    347      1
   235    173      1
   235    406      1
   236    176      1
   236    281      1
   236    319      1
   237    224      1
   238    175      1
   238    547      1
   238    577      1
   239     71      1
   239    549      1
   240     60      1
   240    345      1
   240    495      1
   240    520      1
   241     95      1
   242    107      1
   243    215      1
   244    105      1
   244    476      1
   245    119      1
   245    467      1
   245    573      1
   246    145      1
   246    331      1
   246    491      1
   247    123      1
   247    329      1
   248    217      1
   248    268      1
   249    210      1
   249    250      1
   249    264      1
   249    284      1
   249    316      1
   249    390      1
   250    249      1
   250    298      1
   251    152      1
   251    287      1
   252     32      1
   252    262      1
   253    177      1
   253    386      1
   253    401      1
   253    412      1
   253    507      1
   254    208      1
   254    313      1
   255     66      1
   255    306      1
   255    519      1
   256      3      1
   257     43      1
   257    269      1
   258    178      1
   259    164      1
   259    348      1
   260     23      1
   261     88      1
   261    391      1
   262    252      1
   262    407      1
   263     51      1
   264    249      1
   264    266      1
   264    305      1
   265    148      1
   265    539      1
   266    264      1
   266    451      1
   266    486      1
   267    105      1
   268    248      1
   269    257      1
   270    136      1
   270    594      1
   271     40      1
   271    405      1
   271    556      1
   272     35      1
   273    123      1
   273    330      1
   274     36      1
   275    205      1
   275    328      1
   276     33      1
   276    289      1
   276    290      1
   276    484      1
   276    572      1
   277     54      1
   277    445      1
   278     44      1
   278    443      1
   279    211      1
   280    179      1
   280    417      1
   280    421      1
   280    511      1
   281    236      1
   281    320      1
   281    341      1
   282    130      1
   282    322      1
   283    192      1
   284    249      1
   284    318      1
   284    535      1
   285    182      1
   285    357      1
   285    474      1
   286     29      1
   287    251      1
   288     59      1
   288    515      1
   289    276      1
   289    455      1
   290    276      1
   291     80      1
   292    176      1
   292    321      1
   293     37      1
   293    346      1
   293    363      1
   294    148      1
   294    438      1
   295    211      1
   295    333      1
   295    356      1
   296     27      1
   297    181      1
   297    408      1
   298    250      1
   299    154      1
   300    214      1
   301    148      1
   301    353      1
   301    414      1
   302    196      1
   303    157      1
   304    213      1
   304    471      1
   304    579      1
   305    264      1
   306    255      1
   307     79      1
   307    571      1
   308    162      1
   309     99      1
   309    422      1
   310     53      1
   310    344      1
   311    109      1
   311    409      1
   311    521      1
   311    590      1
   312    115      1
   313    254      1
   314    140      1
   315      6      1
   316    249      1
   316    337      1
   317    191      1
   317    424      1
   318    284      1
   319    236      1
   319    335      1
   320    281      1
   320    354      1
   321    292      1
   322    282      1
   323     87      1
   324    144      1
   325    130      1
   326     84      1
   327    154      1
   327    381      1
   327    449      1
   328    275      1
   329    247      1
   330    273      1
   330    427      1
   331    246      1
   332    170      1
   333    295      1
   334    222      1
   334    441      1
   335    319      1
   336     34      1
   336    499      1
   337    316      1
   338    162      1
   339     58      1
   340    204      1
   341    281      1
   342     63      1
   343     93      1
   344    310      1
   345    240      1
   346    293      1
   347    234      1
   348    259      1
   349    174      1
   349    399      1
   349    540      1
   350     45      1
   350    365      1
   351     70      1
   352    209      1
   353    301      1
   353    494      1
   354    320      1
   355    112      1
   356    295      1
   357    285      1
   358    155      1
   358    442      1
   358    464      1
   358    564      1
   359    171      1
   360     17      1
   360    397      1
   361     34      1
   361    473      1
   362     11      1
   363    293      1
   364    184      1
   365    350      1
   365    440      1
   365    479      1
   366    118      1
   367    195      1
   368    180      1
   368    377      1
   369     83      1
   369    400      1
   370     86      1
   370    575      1
   371    202      1
   372     82      1
   373     93      1
   373    489      1
   374     74      1
   374    481      1
   374    548      1
   375    196      1
   375    530      1
   375    592      1
   376     73      1
   377    368      1
   378     26      1
   378    562      1
   379     46      1
   380    224      1
   380    465      1
   381    327      1
   381    487      1
   382    215      1
   383     61      1
   384    174      1
   385    165      1
   385    570      1
   386    253      1
   386    459      1
   387    119      1
   388    121      1
   389    200      1
   390    249      1
   390    404      1
   390    517      1
   390    537      1
   391    261      1
   392     29      1
   393    173      1
   394     10      1
   394    496      1
   395     21      1
   395    563      1
   396    195      1
   397    360      1
   398    186      1
   399    349      1
   400    369      1
   401    253      1
   401    567      1
   402    199      1
   402    456      1
   403     19      1
   403    419      1
   403    439      1
   404    390      1
   405    271      1
   406    235      1
   407    262      1
   407    514      1
   408    297      1
   408    568      1
   409    311      1
   410    220      1
   410    597      1
   411    198      1
   412    253      1
   413     69      1
   414    301      1
   414    485      1
   415     32      1
   416     37      1
   417    280      1
   418     28      1
   419    403      1
   420     71      1
   421    280      1
   421    450      1
   422    309      1
   423     33      1
   424    317      1
   425     80      1
   426    140      1
   426    581      1
   427    330      1
   428    198      1
   429     81      1
   429    536      1
   430    225      1
   430    506      1
   430    523      1
   431    163      1
   432     62      1
   432    504      1
   433    141      1
   434     68      1
   435     96      1
   436    126      1
   437    224      1
   438    294      1
   439    403      1
   440    365      1
   441    334      1
   442    358      1
   442    512      1
   443    278      1
   444    173      1
   445    277      1
   445    542      1
   446    163      1
   447    192      1
   448    104      1
   449    327      1
   450    421      1
   451    266      1
   452    100      1
   453    162      1
   454      1      1
   455    289      1
   456    402      1
   457    198      1
   458     73      1
   459    386      1
   460    129      1
   461    116      1
   462    165      1
   462    553      1
   463     49      1
   463    558      1
   464    358      1
   465    380      1
   466    207      1
   467    245      1
   467    569      1
   468      6      1
   468    503      1
   469    197      1
   470    145      1
   471    304      1
   472    203      1
   473    361      1
   474    285      1
   474    478      1
   475     31      1
   476    244      1
   476    599      1
   477    162      1
   478    474      1
   478    557      1
   479    365      1
   480    143      1
   481    374      1
   482     37      1
   483    150      1
   483    544      1
   483    583      1
   483    585      1
   483    591      1
   484    276      1
   485    414      1
   486    266      1
   487    381      1
   488     41      1
   489    373      1
   490    124      1
   491    246      1
   492    133      1
   492    500      1
   493    145      1
   494    353      1
   495    240      1
   496    394      1
   497    218      1
   498     94      1
   499    336      1
   500    492      1
   501    142      1
   502    170      1
   503    468      1
   504    432      1
   505    222      1
   506    430      1
   506    551      1
   507    253      1
   508    121      1
   508    528      1
   509    141      1
   510     25      1
   511    280      1
   512    442      1
   513    173      1
   514    407      1
   515    288      1
   516    140      1
   517    390      1
   518    194      1
   518    538      1
   519    255      1
   520    240      1
   521    311      1
   522     17      1
   523    430      1
   524    207      1
   525     84      1
   526    113      1
   527     12      1
   527    532      1
   528    508      1
   529    110      1
   530    375      1
   531    127      1
   532    527      1
   533    198      1
   534     90      1
   535    284      1
   536    429      1
   537    390      1
   538    518      1
   539    265      1
   540    349      1
   541    210      1
   542    445      1
   543     83      1
   544    483      1
   545     33      1
   546     51      1
   547    238      1
   548    374      1
   549    239      1
   549    588      1
   550     82      1
   551    506      1
   552     47      1
   553    462      1
   554    218      1
   555     77      1
   556    271      1
   557    478      1
   557    561      1
   557    565      1
   558    463      1
   559    109      1
   560     27      1
   561    557      1
   562    378      1
   563    395      1
   564    358      1
   565    557      1
   566    101      1
   567    401      1
   568    408      1
   569    467      1
   569    593      1
   570    385      1
   571    307      1
   572    276      1
   573    245      1
   574    158      1
   575    370      1
   576    109      1
   577    238      1
   578    162      1
   579    304      1
   580     54      1
   581    426      1
   582    197      1
   583    483      1
   584    141      1
   585    483      1
   586    227      1
   587    118      1
   588    549      1
   589    172      1
   590    311      1
   591    483      1
   592    375      1
   593    569      1
   594    270      1
   595    116      1
   596    155      1
   597    410      1
   598     89      1
   599    476      1
