COORD_X_Y 900
  1.00823   1.52872
  1.23791   2.09947
  2.55879   2.53539
  1.61675  0.443855
  1.08942   2.20305
  1.01434  0.269921
  1.82202   2.54814
  1.71416   1.10167
 0.583318   2.10808
  2.00239   1.89611
0.0125322 0.0602449
 0.966771   2.04458
   2.9761 0.0762288
  1.04175  0.578433
  2.24912   2.42205
 0.826602   2.68567
   2.1541   1.23115
  2.00131  0.717669
 0.558753   2.64312
  1.28201  0.581715
  1.93532   1.24856
0.00409398  0.840841
  1.95357    0.2165
   1.7866   2.19009
 0.695925   2.09718
 0.548498  0.711068
 0.592766   2.63278
  2.04188  0.132896
  2.87244  0.954264
 0.208457  0.129747
  1.05799  0.942206
  2.24842  0.785285
  2.55354  0.641576
 0.697321  0.209292
 0.706828   2.16487
  1.05656    1.7259
  1.67922  0.805525
  1.47527   1.04971
  1.28152   1.37785
 0.124216   2.47428
 0.045604    1.7798
 0.468503   1.03301
  2.83116   1.92404
  2.49564   1.81672
   1.3301 0.0625404
 0.557512  0.338635
  1.10417   2.36897
  2.87962   2.90614
  1.95912   1.66815
 0.675034   1.60295
  2.89904   1.39392
  2.17693   1.56954
  2.83287    1.3124
  2.74433  0.229416
 0.367524   1.07688
  1.44164   1.17237
 0.668959   1.82838
  1.54168  0.850189
  1.95831  0.835395
  2.45474   2.64227
  1.03701  0.677993
  1.60572   2.62984
   1.5058   2.22039
  1.68973    1.3482
 0.233274   1.70268
 0.607896   2.21567
  2.79698  0.701452
    2.456   1.53932
   2.2984   2.27436
 0.124725  0.877362
  2.61091  0.577959
   2.4905  0.659329
  2.10272   1.49873
  2.91489   2.27683
  1.76547  0.963575
 0.322009   2.71448
  1.72021  0.524533
  2.89303  0.475458
 0.499643   2.80458
  1.97957   1.71393
  1.82592   1.79292
  2.92706   2.45267
  1.04803     2.914
  2.91914   2.99046
  1.61731  0.484287
  2.91688 0.0142825
  2.01316  0.406674
  2.28276 0.0750321
  1.33326   1.84949
 0.937699   1.95284
  1.71839   1.35578
 0.495315   1.27688
  0.86122  0.622975
 0.720909   1.19463
  2.45612   2.72681
   1.7219  0.847562
  1.66979   2.31547
 0.999197  0.593222
 0.135152   1.35512
  2.29523    1.7431
  2.39316   1.93455
0.00333063  0.848138
  2.73049  0.198327
 0.376785   0.50755
  2.74294  0.654064
  1.09134  0.459721
  2.19628   1.85696
  2.44683   2.64796
  1.96613   1.95405
  1.71169   2.42891
 0.377135  0.894571
  1.67312  0.800495
 0.225145   2.15819
 0.701845   1.54297
  2.43275   2.38964
 0.999989  0.719562
  1.62011  0.935577
 0.475801   1.77398
 0.991717   1.60686
0.0706768    1.0809
  1.86191  0.612305
    1.857  0.461883
  2.55521  0.169325
 0.889121   1.52132
   2.5625  0.841034
  2.82138  0.891236
  2.28357  0.477934
  2.90544   1.65007
  0.79792  0.331107
  1.41766   2.94467
  1.64451   1.52807
  1.00288   1.04286
  1.50628   1.60368
  1.49892  0.140756
  2.99301   0.13674
 0.177521  0.665801
  1.04919   2.63036
   2.7899   2.43971
  1.68902  0.968043
  1.01717  0.257285
   1.8948  0.851109
  1.35588   1.17621
  2.61055   1.24734
  2.09976   1.76352
  2.91005  0.615793
  2.96891   1.13436
  2.02329   1.34984
  2.11331    2.5639
  1.46809   2.40183
 0.406878   2.17286
  2.89099  0.805509
  2.33333   2.13969
 0.962904   1.94333
  2.81099  0.589742
 0.180083   2.87474
   1.5467  0.301498
 0.853654  0.838755
 0.281365   2.27796
  1.43181    1.1631
   2.6525 0.00851966
  2.05828  0.547214
  1.02953  0.703555
  1.07654     2.503
  1.01693   2.63802
  1.50783   1.13112
 0.488389  0.961544
  1.49256  0.685333
  1.42743   2.76046
   0.6457  0.354987
 0.444628  0.884843
  2.63683    2.1444
  1.19235   1.52435
 0.259198   1.48937
  2.06455  0.667782
  2.57555   0.70216
  1.04697  0.488695
  2.77029    1.3679
  1.90222  0.736081
  2.64059   1.19282
 0.662901    1.5331
 0.372641  0.669686
 0.473378    1.9943
  1.69058   2.05191
 0.159076   2.43022
  2.38429   2.14428
  2.05086   1.82557
 0.760845   2.52437
 0.735561   1.34584
0.0799431   2.54539
 0.352999   2.60225
  2.23615  0.781133
  2.19476   2.32459
  1.00947   1.86556
  1.34924   2.75176
  2.70951  0.533829
  1.33361   2.55328
   1.8952  0.966871
 0.638361  0.291787
  1.22328   2.26973
  1.28427   1.99709
 0.063197   2.35406
  0.55377   1.52252
  1.38196   1.70836
  1.93602   2.12911
   1.3603 0.0794303
 0.665103   2.87317
  1.44414   2.30642
  1.73723 0.0221474
  1.16616   1.21286
  2.48203   1.98321
  0.79173   1.57955
   2.9532   2.55898
  1.80464   2.31216
0.00962475   1.35813
  2.32824  0.182171
 0.968061    1.8659
  2.58053  0.854146
  1.81414   2.92654
 0.528921   1.33363
  2.21475   1.79562
  2.53101   1.48914
 0.293113    1.9944
  2.51182  0.686827
 0.380886    0.6141
  2.63149   1.02397
 0.305602 0.0515071
 0.456598   1.31664
  1.27773   2.69074
 0.220037   0.34938
  2.02715  0.134505
  1.52034 0.0188525
  2.37406   2.86264
 0.101198   1.45118
  1.83712  0.241324
 0.887821  0.965067
  1.67022    2.9743
  2.83569  0.403411
  2.66746   1.40181
  2.35925 0.0890333
  1.05362  0.738856
  0.83829   1.56161
  1.69273   1.96913
 0.360903    2.7461
  2.59001   2.92139
  2.04408   1.28853
  2.86272   1.89934
 0.111008   2.95527
  2.94005  0.319438
  1.88417   2.45375
  2.68399   1.15744
 0.357082 0.0760201
  1.62394  0.372782
 0.322208  0.379563
  0.35166  0.406889
  1.26728   2.62729
  2.05629  0.985669
  2.82778   2.51735
 0.862305  0.556663
 0.578332  0.166474
  1.63009  0.870298
 0.200571  0.137224
 0.528764    2.0149
 0.906276   2.00337
  1.58892   2.90303
  0.42846   1.92847
0.0951709   2.51015
  2.11782   1.87578
  0.21588   1.70021
  2.99594  0.968681
  2.38154  0.320742
 0.625771   2.25039
  2.31315   1.63139
  1.57379 0.0323742
  2.04499   2.34247
  1.21915   1.91072
  1.96432   1.85148
  1.44836   2.48496
  2.80374  0.117724
 0.129813  0.644202
  1.52153  0.184573
 0.835453  0.764287
 0.759472 0.0432601
 0.325001   1.41365
 0.564909   2.24958
  2.08529   1.84317
  1.54024  0.318544
  1.32901  0.113016
  1.23834   1.94586
  2.51454   2.95424
   1.8169   2.25263
  0.95148   1.43123
  1.93141  0.529658
 0.415346   1.90573
  1.33373   2.62564
  1.18702   1.51328
  2.03624   2.49915
  2.16928   2.82479
 0.450892   2.12808
   2.7437   1.91876
  2.24012  0.691809
  1.82125   2.61105
 0.821819   1.81772
 0.975344  0.434202
  1.79013   2.56237
  2.38675  0.945586
  2.46458  0.240009
  2.63298  0.883387
 0.607189   1.52856
  1.17274   2.58342
 0.376296    2.0034
 0.732128   1.36323
  2.37095   1.48166
  1.31276   1.59534
  2.50092  0.985617
 0.994115 0.00699033
   2.4442   1.02974
 0.675155  0.611494
   2.0143   2.40309
  2.05249   2.26868
  0.69192   2.18115
 0.177581  0.782018
  2.61183  0.812392
  1.63664   2.20724
  1.35493  0.697775
  2.85015 0.0815357
 0.924161   1.61087
  2.25095    2.4001
 0.629879   1.94755
  2.35773  0.485957
   1.4972  0.575494
 0.117731   2.21467
0.0197254   1.50275
  2.22172  0.734316
  1.06891  0.122532
  1.22473   2.26272
  2.10388   2.66206
  2.93983   1.43116
  2.44637  0.570863
  1.78939  0.036764
  2.69798   2.67899
 0.123793 0.0655774
 0.758486   2.51256
  1.71074   1.83782
  2.98554  0.276224
   1.6479    2.3624
  1.71403   2.65838
 0.718796  0.312536
  2.23465   1.33648
  1.40483   2.55115
 0.590165   1.14653
 0.838978   1.11553
  2.48422  0.749892
0.0991306    2.2264
  2.04555  0.316584
  2.57992   2.18113
 0.620645   1.17301
  2.91966   1.18879
  1.78786  0.810733
  2.31965   2.45136
  2.31801     1.936
 0.313543  0.230301
  1.04718   1.12344
 0.176006   1.44166
  2.82217  0.822123
  2.33884   1.25165
  2.34622   2.75354
  1.98865   2.46975
 0.406155  0.723793
  1.56815 0.0787901
  0.50098   2.24242
  1.50679   2.47364
  2.29876   2.07079
  2.30667    1.7643
  2.38483  0.318765
  1.72274   1.68013
 0.194263    2.8486
  0.35802  0.377739
 0.129615   2.53599
 0.304245   2.96537
  2.30538   1.24061
 0.358609   2.26494
  2.52276   0.11692
 0.372223  0.374399
  1.20098    1.3289
 0.150381     1.418
 0.326798   2.91641
  2.96361   1.23405
  1.91794  0.881041
 0.479575   1.01999
  1.72969   1.24783
  2.93396  0.668402
  1.84522   1.69394
 0.703939    0.2756
  2.06592  0.661779
  1.07378   1.29851
  1.37049   1.26827
 0.325539    2.8524
  1.42517  0.157148
  2.72245   2.49407
 0.822852   2.56328
  2.29995   2.55753
  2.03089   1.39539
 0.115136   1.09639
 0.873456  0.335695
 0.652922   2.25423
 0.288318  0.437223
  2.23693   2.57845
  2.11931   1.58657
  2.98061   1.78512
 0.363401  0.116173
 0.874409   2.96417
 0.577228   1.94686
 0.487953   2.30824
  2.61246  0.787044
 0.676761  0.909167
 0.507227   1.21532
  1.63983   2.49934
  1.18094  0.481769
 0.828082   2.80322
   1.7458   2.63546
 0.951164 0.0100197
  2.68917   1.41301
  2.16256     2.162
  2.81792  0.157628
 0.377755  0.460978
  2.27249   2.61405
  1.38868   2.50588
 0.167348  0.368227
  1.08504   2.68214
  2.17531   2.14014
  1.41733   2.00766
  1.67946     2.693
 0.822255  0.615909
  1.09672   1.19532
  1.64723  0.619882
  1.84254   1.93309
  1.36636  0.701797
 0.710379  0.879535
  2.14408   2.36296
0.0524734   1.88074
  2.20993   1.96947
  1.72661   1.79205
 0.865986  0.188422
 0.400043  0.636109
  1.73674   2.30806
  2.17984   1.57483
  0.07479   1.14745
  2.99375   2.00199
  1.52484  0.510326
 0.136253    2.6253
 0.714313  0.710764
  2.93523   2.88076
  0.68478  0.119093
  2.37642   2.18854
  1.63172   2.57847
  1.36419   2.82914
  2.55193   1.14049
  1.64184  0.690422
 0.579508  0.470515
  2.74806   1.18671
  2.54009   2.29746
  1.99973  0.367719
 0.822005   1.25691
  2.52666 0.0752308
  1.42552   1.76677
 0.981509   2.42352
  2.85838   1.07576
 0.245308   2.03928
  2.56828  0.701907
 0.822748   2.19946
  2.01582  0.830949
  2.54243   0.62106
   1.1219   2.03531
  1.84502  0.664427
  2.35287  0.309835
0.00265937  0.383576
  2.68585   2.13895
  0.15511   1.15335
  2.79479    1.7134
 0.890482   2.30517
  2.72229   1.11579
  2.79931   2.27071
  2.52041  0.750365
  1.92966   1.09401
 0.219425  0.124106
 0.571379  0.545463
 0.261761   1.70339
  2.59333  0.164627
  1.34904   2.88293
  2.06064   1.30055
  1.73419   2.10411
 0.184851   0.27935
  2.43108   1.77881
  2.68092  0.368629
  1.58314   2.09492
  2.08059   1.49209
  2.53997   1.57799
  1.52866  0.181653
  2.92945  0.926691
  2.48388  0.518573
   2.6095   2.91741
  1.62166  0.233089
  2.35807   2.38126
  1.58756   2.86828
  1.24836   2.72813
  1.32481   1.03987
  1.19555   2.36856
  2.17261  0.594384
 0.184513   2.07251
  1.79784   2.01096
  2.63361  0.594562
 0.265565  0.348692
  2.90912  0.290953
   1.9866  0.488195
 0.297391   2.86158
  1.74388  0.252098
  1.96776   1.73456
 0.630216   2.92151
  1.13774     2.485
  2.97892   1.91724
 0.910511  0.121976
  1.53902   2.07926
  1.46692    1.3064
 0.396802    2.1392
 0.883113   2.13016
  1.61928   2.77716
  2.56774   1.16033
  2.09584    2.4347
  1.28576   1.90347
 0.166847  0.661177
  1.92358  0.844572
 0.526079   2.68494
  2.85753   1.92252
  1.86677   0.23383
 0.961836  0.981173
 0.471727   1.06404
  1.97255  0.582254
  1.95024  0.773165
  2.21101  0.194197
   2.6015  0.146282
  2.69424  0.935836
 0.768485   1.99552
  2.56383  0.788002
  1.39257  0.793036
 0.819546   2.50451
  1.61872   2.64361
  2.89541   2.56682
 0.716941   2.95595
  1.78191   1.97219
0.0614489   2.28071
   0.9444  0.660828
  1.92076   1.70208
  2.82916   1.51009
  2.48427   2.27761
   1.9915    2.8766
  1.55754  0.119621
  0.72433   2.88984
  2.05951   1.41105
  2.23927  0.340878
  2.52575   0.90033
 0.249554   2.80278
  1.56412   2.11351
 0.924823  0.264062
 0.822651  0.821809
  2.47549   2.33276
  2.88221  0.538913
   1.8157   2.28151
  2.92275  0.696345
 0.592259   2.90613
  2.57952   2.71199
  2.00974    2.9867
  1.35974  0.379371
  0.52016   2.37023
  1.45594   2.52385
  2.78893  0.613081
 0.987198   1.88399
  1.80855   2.73583
  0.80975    1.8924
 0.423884  0.651878
 0.687614   2.61885
 0.743379   2.61014
  1.89822   1.47096
  1.93935   2.39883
  1.39347   2.50601
0.0729329  0.590085
  2.68967   2.70217
  2.36159  0.897173
   2.3853  0.256983
   1.5051     1.328
  1.00111   1.09046
 0.883003   2.86701
  1.77211   1.47849
  1.61485  0.727722
 0.551065  0.418073
  2.78394   2.96187
  2.83127  0.297917
  2.08598   2.73968
  2.42488   1.02755
  1.31943   2.58435
 0.267582   2.93658
 0.131418   2.18696
  2.09419  0.595144
  2.92028   1.04738
 0.775865 0.0879135
  1.97121   1.94893
  1.65774   1.70397
  1.87105    2.0687
  2.35116   2.02107
  2.66958   1.16507
 0.813059  0.641908
 0.317224  0.484884
0.0345755   1.95493
 0.400391   2.40187
 0.880345   1.03529
 0.394163   2.89003
  2.10928   2.22791
  2.11912  0.542631
 0.153188  0.665521
 0.873822    2.5635
   1.7232  0.914183
  1.42229   1.18172
   1.4219   2.05403
  1.32101  0.561387
  1.85515   1.20914
 0.182274   1.90646
  2.93631   1.80587
 0.722388  0.718535
 0.887802  0.569183
 0.948773  0.612725
  1.96791  0.186729
  2.61081   0.71921
  2.53741  0.440245
  2.68013   1.05515
  1.91869   2.42658
 0.230396 0.0866674
  2.77783   2.42829
  2.40675 0.0972759
 0.707769   2.66359
  2.03212   1.78455
  2.31116   2.28922
   2.5715   1.60773
 0.205394   1.13127
 0.179425  0.553989
  1.87378  0.683864
0.0232928    2.6552
  2.06515   1.04964
   1.7016    2.6668
  2.05898   2.00404
   1.3004  0.120662
  1.64607   1.94158
  1.46986   1.78276
 0.477847   2.62418
 0.247761    2.2322
  1.59818   1.41017
  0.11603   1.31253
0.0329995   2.80548
 0.928325  0.839185
 0.178073  0.399896
  2.27633  0.991578
 0.649273   0.25532
 0.895141   0.20994
 0.769364   2.79309
 0.697088    1.0604
 0.422179   2.06348
  1.79203  0.924903
  2.68343   2.61803
 0.507452   1.71395
  1.22537 0.0537583
  2.45679   0.61383
 0.883811   1.11155
  2.51254   1.31099
  1.03783   1.28523
  2.27714  0.799957
  1.53493   1.92034
   2.0276    1.1991
  2.60356   2.37348
  1.51656    2.2865
 0.394236   1.98127
  1.56999    0.8415
 0.666728   1.43768
 0.336855   2.90444
  1.65563   1.91416
  1.45907  0.936202
  1.36613  0.122968
    2.297   0.28306
  2.80751  0.598012
  1.55659   1.98533
 0.566238   1.16718
  1.66065  0.774876
 0.896402    1.9995
   1.8023  0.418091
  1.24539  0.051121
  2.95052   1.23362
  1.59851   2.13554
 0.271144   2.37842
  1.54388   2.74048
  1.61723    2.5208
  1.20439    1.8691
 0.456008  0.175126
 0.828248  0.243787
  1.56043   1.53681
  2.30904   1.31404
  2.79322   2.41757
 0.238067   1.54162
  2.67339  0.368924
 0.582717   2.88448
  2.52521   2.74012
  1.28585   2.13223
  1.46132   1.00522
  2.34139   2.35054
  1.01173   1.47171
  1.92615   1.10509
  1.07574   0.47733
  2.71203   2.69718
  0.42141    1.5907
 0.421219  0.553538
  2.39198  0.652896
 0.878021   1.86798
  2.77155  0.139538
 0.353021  0.297247
  2.71863   1.08722
  1.13638   1.66791
  1.22172   2.26505
  1.98155   1.52547
 0.377349    1.1069
  2.18181   1.14512
  1.31458  0.651057
  2.52928   2.09636
  1.72288   1.67858
    2.968  0.417055
 0.605107   2.83265
 0.500699   1.96019
   1.5365  0.133417
  1.04198   1.67166
  2.56319  0.024154
  2.27102   1.34038
 0.304106  0.853164
  2.36545  0.461818
 0.952327   0.55722
   2.6526   1.33107
 0.584497    2.9074
  1.74302   2.98303
  1.90177   1.39868
   1.1277  0.166697
 0.758021  0.703907
  2.29008 0.0940361
  2.46019   1.69543
  1.16866  0.301881
    2.491   1.37963
  2.78833  0.540236
  0.36984    1.8629
 0.677974   2.92934
0.0494591   0.55947
  1.79898   1.58195
  2.30476   1.37196
  2.30389   2.22658
 0.883119   1.02891
  2.96888   1.36156
  1.50806  0.836257
  1.25406   2.62203
 0.398852   1.64306
    1.835     1.457
  1.50238   1.61319
   2.5028   2.60115
 0.445992   1.05737
 0.199207  0.753587
  2.64339    0.8933
  2.35544   2.20097
 0.696826   2.95212
0.0690346  0.671594
 0.238084   1.37769
  1.12456   2.12681
   2.6089  0.985418
  1.60312   2.51537
  1.32885  0.143968
    1.924   0.43859
  1.18897   2.15266
 0.799839   2.82942
 0.109033   0.77881
  2.18595   2.80414
 0.089805   2.60296
  1.52856   1.93944
  2.52701  0.541705
 0.428346   1.07184
  2.37101   2.87533
  1.04875   2.20877
  1.91186   1.39137
   2.8932   1.89266
 0.985065   0.67593
 0.613954   1.37104
  2.69877   1.59197
  2.89304  0.744437
  1.88831    2.4349
 0.324512   2.09483
  2.63125   2.33418
  2.68171   2.50746
  0.72246    1.1804
 0.798755   1.47738
  1.46418   1.62464
 0.733164  0.621266
  2.98884   2.55853
 0.699827   1.54973
  1.13957   1.85553
 0.110749   1.48805
  0.54637   2.16962
 0.219898   2.84265
 0.716352    1.0413
 0.836378   2.07099
 0.718726   1.13858
 0.282879   1.74963
 0.572215   2.24372
  2.96814   2.51617
  2.40023   2.85963
   2.3328   1.30421
 0.169581   2.49867
  1.00808   2.83118
  1.19917  0.145357
 0.658065  0.904495
 0.500141  0.913244
  2.87999   1.98279
  1.11522   0.90036
 0.544704   1.49716
 0.550084   2.72024
 0.565485   2.28496
 0.521182   2.24671
 0.325306  0.409527
 0.299417   1.29373
  1.75219   2.45964
 0.118933   1.31542
  2.56457   1.37792
  2.80841   1.67282
 0.649588   2.13855
 0.388099  0.350018
  1.53646   1.53885
  2.08232   2.01529
  2.10909   1.70191
  1.83493   0.89166
  1.82991   1.51416
 0.367746 0.0122266
 0.144752   1.18811
 0.536041   1.24626
  1.29767  0.908379
  2.61769  0.214489
 0.398596    2.9548
  2.93373   2.63303
  2.11605   1.40197
  2.33415   1.50113
 0.564977  0.011758
 0.227356   1.17352
  2.04312  0.905008
0.00556601   2.38759
   1.0359   2.63769
  2.18886   2.73326
  1.41789    1.7887
  2.54943   1.23095
  1.97905   1.21542
  1.50073  0.731434
  2.47084  0.204665
 0.755939   0.88057
 0.934652  0.761458
 0.788968   2.42842
 0.629956   1.95891
  1.50693   2.29379
  1.43258  0.692399
  1.89816   1.47715
0.0602753   1.84541
  2.27408  0.608049
  1.24423   1.33224
  2.86423   2.24006
  1.97776   2.67357
  2.38884   2.97069
  2.47658   2.75471
0.0869198   1.74374
 0.913687   2.96341
 0.315122   1.39649
  2.94096   2.59256
  2.48938   2.29938
   2.0316  0.951845
 0.940314   2.24184
  1.58562   2.79163
 0.228425  0.819735
  1.12451   2.32987
   1.3546   2.99899
 0.455092   0.10076
  1.42417   1.41162
  2.37309    2.8762
 0.285998  0.730297
   1.1146   1.54416
  2.05729   1.48514
 0.147036   1.62144
  1.54138  0.797204
 0.211978   2.94094
   2.2981   1.09192
 0.716027    2.9846
  2.08616  0.873644
  1.23682   2.54378
 0.781694   2.47592
  2.84393  0.430368
 0.717786  0.381773
 0.125537  0.565913
LINKS_SOURCE_DESTINATION_DISTANCE 1798
     0      1      1
     0      2      1
     0      6      1
     0     12      1
     0     34      1
     0     40      1
     0    270      1
     1      0      1
     1      5      1
     1     21      1
     1     32      1
     1     67      1
     1    126      1
     1    275      1
     1    342      1
     1    585      1
     1    678      1
     2      0      1
     2      3      1
     2      7      1
     2     26      1
     2     36      1
     2    384      1
     2    615      1
     2    841      1
     3      2      1
     3      4      1
     3     10      1
     3     24      1
     3    122      1
     3    143      1
     3    169      1
     3    171      1
     4      3      1
     4     17      1
     4     47      1
     4     80      1
     4     89      1
     4    647      1
     5      1      1
     5     11      1
     5     23      1
     5    307      1
     5    367      1
     5    740      1
     6      0      1
     6      9      1
     6     14      1
     6     29      1
     6    496      1
     6    800      1
     6    882      1
     7      2      1
     7      8      1
     7     16      1
     7    418      1
     7    472      1
     7    741      1
     8      7      1
     8     15      1
     8     18      1
     8     95      1
     8    189      1
     8    201      1
     8    523      1
     9      6      1
     9     19      1
     9     48      1
     9     75      1
     9     97      1
    10      3      1
    10     13      1
    10     60      1
    10     87      1
    10    728      1
    10    821      1
    11      5      1
    11     44      1
    11     72      1
    11     73      1
    11    121      1
    11    266      1
    11    527      1
    11    597      1
    11    830      1
    12      0      1
    12     37      1
    12     41      1
    12     85      1
    12     96      1
    12    136      1
    12    164      1
    12    407      1
    12    468      1
    12    502      1
    13     10      1
    13     27      1
    14      6      1
    14     20      1
    15      8      1
    15     25      1
    15     35      1
    15     45      1
    15    184      1
    15    218      1
    15    538      1
    16      7      1
    16     53      1
    16     81      1
    16    159      1
    16    239      1
    16    264      1
    17      4      1
    17     56      1
    17     71      1
    17    227      1
    17    759      1
    18      8      1
    18    396      1
    18    897      1
    19      9      1
    19     22      1
    19     33      1
    19     43      1
    19     50      1
    19     83      1
    19    103      1
    19    125      1
    19    353      1
    20     14      1
    20    209      1
    20    328      1
    20    504      1
    21      1      1
    21     66      1
    21    263      1
    22     19      1
    22     31      1
    22    117      1
    22    200      1
    23      5      1
    23     28      1
    23    105      1
    23    329      1
    23    358      1
    23    828      1
    24      3      1
    24     42      1
    24     91      1
    24    168      1
    24    228      1
    24    696      1
    24    791      1
    25     15      1
    25     39      1
    25     63      1
    25    153      1
    25    240      1
    25    355      1
    25    412      1
    25    753      1
    26      2      1
    26     65      1
    26     84      1
    26    188      1
    27     13      1
    27    205      1
    27    214      1
    27    374      1
    27    509      1
    27    801      1
    28     23      1
    28    157      1
    28    375      1
    28    716      1
    29      6      1
    29     30      1
    29     94      1
    30     29      1
    30     82      1
    30    165      1
    30    220      1
    31     22      1
    31     46      1
    31    167      1
    31    500      1
    31    547      1
    31    563      1
    31    593      1
    32      1      1
    32    196      1
    32    247      1
    32    737      1
    33     19      1
    33     38      1
    33     58      1
    33    145      1
    33    206      1
    34      0      1
    34    116      1
    34    124      1
    34    186      1
    34    625      1
    35     15      1
    35     59      1
    35    193      1
    35    442      1
    35    879      1
    36      2      1
    36     61      1
    36    390      1
    37     12      1
    37     90      1
    38     33      1
    38    104      1
    38    480      1
    39     25      1
    39    618      1
    39    697      1
    40      0      1
    40     86      1
    40    112      1
    40    408      1
    41     12      1
    42     24      1
    42     64      1
    42    109      1
    42    134      1
    42    302      1
    42    371      1
    42    377      1
    42    458      1
    43     19      1
    43    575      1
    44     11      1
    44     51      1
    44     93      1
    44    144      1
    45     15      1
    45     55      1
    45    158      1
    45    195      1
    46     31      1
    46    236      1
    46    400      1
    46    533      1
    46    790      1
    46    834      1
    47      4      1
    47     49      1
    47    100      1
    47    101      1
    47    364      1
    47    718      1
    48      9      1
    48     98      1
    48    139      1
    48    383      1
    48    573      1
    49     47      1
    49     62      1
    49     99      1
    49    129      1
    49    295      1
    49    768      1
    50     19      1
    50    760      1
    51     44      1
    51     52      1
    51    120      1
    51    140      1
    51    315      1
    51    409      1
    51    430      1
    51    724      1
    51    892      1
    52     51      1
    52     54      1
    52     57      1
    52     68      1
    52     69      1
    52    244      1
    52    393      1
    53     16      1
    53     74      1
    53    106      1
    53    150      1
    53    313      1
    53    475      1
    54     52      1
    54    110      1
    54    733      1
    55     45      1
    55    432      1
    56     17      1
    56    102      1
    56    198      1
    56    344      1
    56    406      1
    56    425      1
    57     52      1
    57    113      1
    57    175      1
    57    559      1
    57    888      1
    58     33      1
    58     70      1
    58    210      1
    58    265      1
    59     35      1
    59     77      1
    59    131      1
    59    354      1
    59    686      1
    60     10      1
    60    234      1
    60    241      1
    60    352      1
    60    635      1
    61     36      1
    61     76      1
    61    298      1
    62     49      1
    62    119      1
    62    177      1
    62    249      1
    63     25      1
    63    292      1
    63    501      1
    63    875      1
    64     42      1
    64    287      1
    65     26      1
    65     78      1
    65    181      1
    65    326      1
    66     21      1
    66    498      1
    66    814      1
    66    864      1
    67      1      1
    67     88      1
    67    161      1
    68     52      1
    68     79      1
    68    745      1
    69     52      1
    69    118      1
    69    141      1
    69    691      1
    69    890      1
    70     58      1
    70    391      1
    71     17      1
    71    221      1
    71    279      1
    71    282      1
    71    421      1
    72     11      1
    72    174      1
    72    399      1
    72    429      1
    73     11      1
    73    107      1
    73    149      1
    73    154      1
    74     53      1
    74    207      1
    74    603      1
    74    827      1
    75      9      1
    75    147      1
    76     61      1
    76    151      1
    76    219      1
    76    483      1
    77     59      1
    77    162      1
    77    763      1
    78     65      1
    78    225      1
    78    451      1
    79     68      1
    80      4      1
    80    203      1
    81     16      1
    81    111      1
    81    550      1
    82     30      1
    82    290      1
    83     19      1
    84     26      1
    85     12      1
    85     92      1
    85    215      1
    85    317      1
    85    463      1
    85    674      1
    86     40      1
    86    138      1
    86    163      1
    86    187      1
    87     10      1
    87    701      1
    88     67      1
    88    606      1
    89      4      1
    89    852      1
    90     37      1
    90    108      1
    90    204      1
    91     24      1
    91    170      1
    91    339      1
    91    457      1
    92     85      1
    92    137      1
    92    148      1
    92    288      1
    92    885      1
    93     44      1
    93    115      1
    93    123      1
    93    248      1
    94     29      1
    94    293      1
    95      8      1
    95    251      1
    95    727      1
    96     12      1
    96    545      1
    97      9      1
    97    889      1
    98     48      1
    98    128      1
    98    420      1
    98    632      1
    98    777      1
    99     49      1
    99    132      1
    99    190      1
   100     47      1
   101     47      1
   101    166      1
   101    217      1
   101    233      1
   101    556      1
   102     56      1
   102    213      1
   102    370      1
   102    372      1
   102    764      1
   102    817      1
   103     19      1
   103    197      1
   104     38      1
   104    114      1
   104    337      1
   104    494      1
   105     23      1
   105    649      1
   105    898      1
   106     53      1
   106    152      1
   106    308      1
   107     73      1
   107    536      1
   108     90      1
   108    289      1
   108    521      1
   108    863      1
   109     42      1
   110     54      1
   110    715      1
   110    723      1
   110    826      1
   111     81      1
   111    386      1
   112     40      1
   113     57      1
   113    803      1
   114    104      1
   114    130      1
   114    216      1
   114    346      1
   115     93      1
   115    146      1
   115    183      1
   115    752      1
   116     34      1
   116    178      1
   117     22      1
   117    142      1
   118     69      1
   118    285      1
   118    319      1
   119     62      1
   119    655      1
   119    730      1
   120     51      1
   120    268      1
   121     11      1
   121    226      1
   122      3      1
   122    135      1
   122    259      1
   123     93      1
   123    255      1
   124     34      1
   124    156      1
   124    886      1
   125     19      1
   125    194      1
   126      1      1
   126    127      1
   126    440      1
   127    126      1
   127    692      1
   128     98      1
   128    356      1
   129     49      1
   129    230      1
   129    798      1
   130    114      1
   130    202      1
   130    522      1
   131     59      1
   131    133      1
   131    257      1
   132     99      1
   132    381      1
   132    770      1
   132    872      1
   133    131      1
   133    675      1
   134     42      1
   135    122      1
   135    155      1
   136     12      1
   136    182      1
   137     92      1
   137    277      1
   137    445      1
   138     86      1
   138    318      1
   138    436      1
   139     48      1
   139    160      1
   139    246      1
   139    252      1
   139    260      1
   139    520      1
   139    665      1
   140     51      1
   140    473      1
   140    762      1
   141     69      1
   142    117      1
   142    208      1
   143      3      1
   143    334      1
   144     44      1
   144    698      1
   144    870      1
   145     33      1
   145    776      1
   146    115      1
   146    470      1
   146    530      1
   147     75      1
   147    243      1
   147    312      1
   148     92      1
   148    222      1
   148    245      1
   148    503      1
   149     73      1
   149    387      1
   149    487      1
   149    638      1
   150     53      1
   150    543      1
   150    569      1
   150    707      1
   151     76      1
   151    609      1
   152    106      1
   152    325      1
   152    446      1
   152    868      1
   153     25      1
   153    253      1
   153    271      1
   153    464      1
   153    738      1
   154     73      1
   155    135      1
   155    525      1
   155    660      1
   156    124      1
   157     28      1
   157    191      1
   157    199      1
   157    366      1
   158     45      1
   158    874      1
   159     16      1
   159    415      1
   160    139      1
   160    365      1
   160    414      1
   160    661      1
   160    710      1
   161     67      1
   161    185      1
   161    513      1
   162     77      1
   162    231      1
   162    333      1
   163     86      1
   163    694      1
   164     12      1
   165     30      1
   165    540      1
   165    645      1
   166    101      1
   166    172      1
   166    179      1
   166    485      1
   166    712      1
   167     31      1
   167    173      1
   168     24      1
   168    176      1
   168    235      1
   168    397      1
   169      3      1
   169    180      1
   170     91      1
   171      3      1
   172    166      1
   172    250      1
   172    357      1
   172    444      1
   172    747      1
   172    831      1
   173    167      1
   173    488      1
   173    499      1
   173    778      1
   173    806      1
   174     72      1
   175     57      1
   175    343      1
   175    717      1
   176    168      1
   176    262      1
   176    454      1
   177     62      1
   177    294      1
   177    362      1
   177    410      1
   178    116      1
   179    166      1
   179    604      1
   180    169      1
   180    379      1
   180    486      1
   180    894      1
   181     65      1
   181    211      1
   181    567      1
   182    136      1
   182    281      1
   183    115      1
   183    212      1
   183    347      1
   183    350      1
   183    853      1
   184     15      1
   185    161      1
   185    331      1
   186     34      1
   186    223      1
   186    311      1
   186    316      1
   186    842      1
   186    884      1
   187     86      1
   187    229      1
   187    291      1
   187    422      1
   187    469      1
   188     26      1
   188    192      1
   188    297      1
   189      8      1
   189    349      1
   189    404      1
   189    542      1
   189    735      1
   190     99      1
   190    256      1
   191    157      1
   191    299      1
   191    476      1
   192    188      1
   192    351      1
   192    482      1
   192    565      1
   193     35      1
   193    340      1
   193    385      1
   193    658      1
   194    125      1
   194    301      1
   194    378      1
   194    600      1
   194    794      1
   195     45      1
   195    224      1
   195    296      1
   195    474      1
   196     32      1
   196    805      1
   197    103      1
   198     56      1
   199    157      1
   199    548      1
   199    787      1
   200     22      1
   201      8      1
   201    306      1
   201    812      1
   202    130      1
   203     80      1
   203    368      1
   203    616      1
   204     90      1
   204    276      1
   204    537      1
   204    836      1
   204    862      1
   205     27      1
   206     33      1
   206    363      1
   206    811      1
   207     74      1
   207    258      1
   207    335      1
   207    405      1
   207    507      1
   207    746      1
   208    142      1
   208    310      1
   209     20      1
   210     58      1
   211    181      1
   212    183      1
   212    505      1
   213    102      1
   214     27      1
   214    237      1
   214    286      1
   214    309      1
   215     85      1
   216    114      1
   216    254      1
   216    284      1
   217    101      1
   217    670      1
   217    844      1
   218     15      1
   218    433      1
   219     76      1
   219    238      1
   219    269      1
   220     30      1
   220    598      1
   220    824      1
   221     71      1
   222    148      1
   222    322      1
   222    360      1
   222    511      1
   223    186      1
   223    232      1
   224    195      1
   224    566      1
   225     78      1
   225    435      1
   226    121      1
   227     17      1
   228     24      1
   228    320      1
   229    187      1
   229    636      1
   230    129      1
   231    162      1
   231    272      1
   231    321      1
   232    223      1
   232    413      1
   233    101      1
   233    639      1
   234     60      1
   235    168      1
   235    242      1
   235    324      1
   235    613      1
   236     46      1
   236    462      1
   237    214      1
   237    590      1
   238    219      1
   238    398      1
   238    640      1
   238    780      1
   239     16      1
   240     25      1
   240    447      1
   240    657      1
   241     60      1
   241    411      1
   241    839      1
   242    235      1
   243    147      1
   244     52      1
   244    323      1
   244    544      1
   245    148      1
   246    139      1
   247     32      1
   248     93      1
   248    261      1
   249     62      1
   250    172      1
   250    845      1
   251     95      1
   251    305      1
   251    327      1
   251    461      1
   251    795      1
   252    139      1
   252    267      1
   252    595      1
   252    623      1
   253    153      1
   253    465      1
   253    643      1
   254    216      1
   255    123      1
   255    348      1
   255    389      1
   255    871      1
   256    190      1
   256    388      1
   256    495      1
   256    596      1
   257    131      1
   257    369      1
   257    394      1
   258    207      1
   258    300      1
   258    336      1
   258    653      1
   259    122      1
   259    278      1
   259    314      1
   259    450      1
   259    553      1
   260    139      1
   261    248      1
   261    283      1
   261    382      1
   261    861      1
   262    176      1
   262    732      1
   263     21      1
   264     16      1
   264    273      1
   264    554      1
   264    750      1
   265     58      1
   265    274      1
   265    280      1
   265    304      1
   265    437      1
   265    617      1
   265    621      1
   265    767      1
   265    873      1
   266     11      1
   266    459      1
   266    515      1
   267    252      1
   267    330      1
   267    755      1
   268    120      1
   268    338      1
   268    804      1
   269    219      1
   269    423      1
   269    687      1
   269    775      1
   270      0      1
   271    153      1
   272    231      1
   272    578      1
   272    592      1
   273    264      1
   273    605      1
   274    265      1
   275      1      1
   275    637      1
   276    204      1
   277    137      1
   278    259      1
   279     71      1
   280    265      1
   280    303      1
   281    182      1
   282     71      1
   282    581      1
   283    261      1
   283    426      1
   284    216      1
   284    402      1
   285    118      1
   286    214      1
   286    359      1
   286    671      1
   287     64      1
   288     92      1
   288    341      1
   288    403      1
   288    887      1
   289    108      1
   289    679      1
   290     82      1
   291    187      1
   291    784      1
   292     63      1
   293     94      1
   293    681      1
   293    835      1
   294    177      1
   295     49      1
   295    583      1
   296    195      1
   296    332      1
   296    517      1
   297    188      1
   297    497      1
   297    557      1
   298     61      1
   298    663      1
   299    191      1
   300    258      1
   301    194      1
   302     42      1
   302    373      1
   303    280      1
   304    265      1
   304    376      1
   304    401      1
   304    477      1
   305    251      1
   305    896      1
   306    201      1
   306    514      1
   306    816      1
   307      5      1
   308    106      1
   308    512      1
   309    214      1
   310    208      1
   311    186      1
   311    438      1
   312    147      1
   313     53      1
   313    519      1
   313    535      1
   314    259      1
   315     51      1
   315    574      1
   315    743      1
   315    840      1
   316    186      1
   317     85      1
   317    427      1
   317    493      1
   317    627      1
   318    138      1
   319    118      1
   319    648      1
   319    771      1
   320    228      1
   320    808      1
   321    231      1
   321    424      1
   321    489      1
   321    539      1
   322    222      1
   323    244      1
   324    235      1
   324    395      1
   324    531      1
   325    152      1
   325    419      1
   326     65      1
   327    251      1
   327    471      1
   327    869      1
   328     20      1
   328    460      1
   329     23      1
   330    267      1
   331    185      1
   332    296      1
   332    431      1
   332    586      1
   332    744      1
   333    162      1
   333    441      1
   333    641      1
   334    143      1
   334    479      1
   335    207      1
   335    528      1
   335    815      1
   336    258      1
   336    773      1
   337    104      1
   338    268      1
   339     91      1
   339    361      1
   340    193      1
   340    833      1
   341    288      1
   342      1      1
   342    467      1
   342    506      1
   342    642      1
   343    175      1
   343    345      1
   343    416      1
   344     56      1
   345    343      1
   345    448      1
   346    114      1
   347    183      1
   348    255      1
   348    439      1
   348    688      1
   349    189      1
   350    183      1
   350    417      1
   351    192      1
   352     60      1
   353     19      1
   354     59      1
   355     25      1
   355    518      1
   355    532      1
   356    128      1
   356    620      1
   356    748      1
   357    172      1
   357    449      1
   358     23      1
   359    286      1
   360    222      1
   361    339      1
   361    580      1
   362    177      1
   362    612      1
   363    206      1
   363    380      1
   363    720      1
   364     47      1
   364    558      1
   364    881      1
   365    160      1
   365    677      1
   365    757      1
   366    157      1
   366    452      1
   367      5      1
   368    203      1
   369    257      1
   370    102      1
   370    799      1
   371     42      1
   371    392      1
   371    456      1
   372    102      1
   372    682      1
   372    838      1
   373    302      1
   374     27      1
   374    599      1
   375     28      1
   375    793      1
   375    876      1
   376    304      1
   377     42      1
   377    851      1
   378    194      1
   378    708      1
   379    180      1
   379    726      1
   380    363      1
   380    628      1
   381    132      1
   382    261      1
   383     48      1
   384      2      1
   384    668      1
   385    193      1
   386    111      1
   386    779      1
   386    880      1
   387    149      1
   388    256      1
   388    713      1
   389    255      1
   389    529      1
   389    582      1
   389    849      1
   390     36      1
   391     70      1
   392    371      1
   393     52      1
   393    652      1
   394    257      1
   394    630      1
   394    662      1
   395    324      1
   396     18      1
   396    587      1
   396    796      1
   397    168      1
   397    683      1
   398    238      1
   398    453      1
   398    510      1
   399     72      1
   399    560      1
   399    588      1
   400     46      1
   400    546      1
   400    654      1
   401    304      1
   402    284      1
   402    786      1
   403    288      1
   403    673      1
   403    819      1
   403    825      1
   404    189      1
   404    742      1
   405    207      1
   405    564      1
   406     56      1
   407     12      1
   408     40      1
   408    434      1
   408    508      1
   408    561      1
   409     51      1
   410    177      1
   410    624      1
   411    241      1
   412     25      1
   413    232      1
   414    160      1
   414    516      1
   414    846      1
   415    159      1
   415    466      1
   415    704      1
   416    343      1
   417    350      1
   417    644      1
   418      7      1
   419    325      1
   420     98      1
   421     71      1
   421    428      1
   421    656      1
   422    187      1
   423    269      1
   424    321      1
   424    751      1
   425     56      1
   426    283      1
   427    317      1
   427    685      1
   428    421      1
   429     72      1
   429    484      1
   429    774      1
   430     51      1
   430    490      1
   430    782      1
   430    797      1
   431    332      1
   432     55      1
   433    218      1
   434    408      1
   434    443      1
   435    225      1
   435    695      1
   436    138      1
   436    700      1
   437    265      1
   438    311      1
   439    348      1
   440    126      1
   440    608      1
   440    706      1
   441    333      1
   442     35      1
   443    434      1
   444    172      1
   444    622      1
   445    137      1
   445    690      1
   445    749      1
   446    152      1
   446    524      1
   447    240      1
   447    680      1
   447    802      1
   448    345      1
   449    357      1
   450    259      1
   451     78      1
   451    672      1
   452    366      1
   452    570      1
   453    398      1
   453    455      1
   453    478      1
   454    176      1
   455    453      1
   456    371      1
   456    481      1
   456    571      1
   457     91      1
   458     42      1
   458    614      1
   458    676      1
   459    266      1
   460    328      1
   461    251      1
   462    236      1
   462    857      1
   463     85      1
   464    153      1
   464    526      1
   464    667      1
   464    719      1
   465    253      1
   465    541      1
   465    602      1
   465    783      1
   466    415      1
   466    684      1
   467    342      1
   467    491      1
   467    650      1
   467    729      1
   468     12      1
   469    187      1
   469    572      1
   469    646      1
   470    146      1
   471    327      1
   471    534      1
   472      7      1
   473    140      1
   474    195      1
   474    492      1
   475     53      1
   475    601      1
   476    191      1
   477    304      1
   477    734      1
   478    453      1
   478    591      1
   479    334      1
   480     38      1
   480    594      1
   481    456      1
   482    192      1
   482    792      1
   483     76      1
   483    562      1
   483    607      1
   484    429      1
   485    166      1
   485    619      1
   486    180      1
   487    149      1
   488    173      1
   489    321      1
   489    634      1
   489    711      1
   490    430      1
   491    467      1
   491    822      1
   492    474      1
   493    317      1
   494    104      1
   495    256      1
   496      6      1
   497    297      1
   498     66      1
   499    173      1
   500     31      1
   501     63      1
   502     12      1
   502    739      1
   503    148      1
   504     20      1
   505    212      1
   506    342      1
   507    207      1
   508    408      1
   509     27      1
   510    398      1
   511    222      1
   512    308      1
   512    669      1
   513    161      1
   514    306      1
   514    611      1
   515    266      1
   516    414      1
   517    296      1
   518    355      1
   519    313      1
   520    139      1
   520    549      1
   520    568      1
   520    689      1
   521    108      1
   522    130      1
   523      8      1
   523    551      1
   524    446      1
   524    848      1
   525    155      1
   526    464      1
   526    664      1
   527     11      1
   528    335      1
   529    389      1
   530    146      1
   531    324      1
   532    355      1
   532    809      1
   533     46      1
   533    552      1
   533    555      1
   534    471      1
   535    313      1
   535    858      1
   535    883      1
   536    107      1
   537    204      1
   537    859      1
   538     15      1
   539    321      1
   540    165      1
   541    465      1
   542    189      1
   543    150      1
   544    244      1
   545     96      1
   545    576      1
   546    400      1
   547     31      1
   548    199      1
   548    867      1
   549    520      1
   549    579      1
   549    589      1
   549    610      1
   549    813      1
   550     81      1
   550    629      1
   551    523      1
   552    533      1
   553    259      1
   554    264      1
   555    533      1
   555    736      1
   556    101      1
   556    702      1
   556    893      1
   557    297      1
   557    756      1
   558    364      1
   559     57      1
   560    399      1
   560    854      1
   561    408      1
   561    847      1
   562    483      1
   562    721      1
   563     31      1
   564    405      1
   564    823      1
   565    192      1
   566    224      1
   566    666      1
   567    181      1
   567    633      1
   568    520      1
   569    150      1
   570    452      1
   571    456      1
   571    631      1
   572    469      1
   573     48      1
   573    577      1
   574    315      1
   575     43      1
   576    545      1
   577    573      1
   578    272      1
   578    626      1
   579    549      1
   579    584      1
   580    361      1
   580    731      1
   581    282      1
   582    389      1
   583    295      1
   584    579      1
   585      1      1
   586    332      1
   587    396      1
   588    399      1
   588    703      1
   588    789      1
   588    877      1
   589    549      1
   590    237      1
   591    478      1
   592    272      1
   593     31      1
   594    480      1
   595    252      1
   596    256      1
   597     11      1
   598    220      1
   599    374      1
   600    194      1
   600    785      1
   601    475      1
   602    465      1
   603     74      1
   604    179      1
   605    273      1
   606     88      1
   606    856      1
   607    483      1
   608    440      1
   609    151      1
   610    549      1
   611    514      1
   612    362      1
   612    850      1
   613    235      1
   614    458      1
   615      2      1
   616    203      1
   617    265      1
   618     39      1
   619    485      1
   620    356      1
   621    265      1
   622    444      1
   623    252      1
   623    659      1
   624    410      1
   625     34      1
   626    578      1
   626    651      1
   626    769      1
   627    317      1
   627    765      1
   628    380      1
   628    754      1
   629    550      1
   630    394      1
   630    788      1
   631    571      1
   632     98      1
   633    567      1
   634    489      1
   635     60      1
   636    229      1
   637    275      1
   637    709      1
   638    149      1
   639    233      1
   639    807      1
   640    238      1
   640    781      1
   641    333      1
   642    342      1
   643    253      1
   643    878      1
   644    417      1
   645    165      1
   646    469      1
   647      4      1
   648    319      1
   649    105      1
   650    467      1
   650    705      1
   651    626      1
   652    393      1
   653    258      1
   654    400      1
   655    119      1
   656    421      1
   656    843      1
   657    240      1
   658    193      1
   659    623      1
   660    155      1
   661    160      1
   661    766      1
   662    394      1
   663    298      1
   664    526      1
   665    139      1
   666    566      1
   667    464      1
   668    384      1
   669    512      1
   669    693      1
   670    217      1
   671    286      1
   671    699      1
   671    820      1
   672    451      1
   673    403      1
   674     85      1
   675    133      1
   676    458      1
   677    365      1
   677    758      1
   678      1      1
   679    289      1
   680    447      1
   680    829      1
   681    293      1
   682    372      1
   683    397      1
   683    837      1
   684    466      1
   685    427      1
   685    722      1
   686     59      1
   687    269      1
   688    348      1
   689    520      1
   690    445      1
   691     69      1
   691    725      1
   692    127      1
   693    669      1
   694    163      1
   695    435      1
   695    810      1
   696     24      1
   697     39      1
   698    144      1
   698    714      1
   699    671      1
   700    436      1
   701     87      1
   702    556      1
   703    588      1
   704    415      1
   705    650      1
   706    440      1
   707    150      1
   708    378      1
   709    637      1
   710    160      1
   711    489      1
   712    166      1
   713    388      1
   714    698      1
   715    110      1
   715    818      1
   716     28      1
   717    175      1
   718     47      1
   719    464      1
   720    363      1
   721    562      1
   722    685      1
   723    110      1
   724     51      1
   725    691      1
   725    761      1
   726    379      1
   726    772      1
   726    891      1
   727     95      1
   728     10      1
   729    467      1
   730    119      1
   731    580      1
   732    262      1
   732    895      1
   733     54      1
   734    477      1
   735    189      1
   736    555      1
   737     32      1
   738    153      1
   739    502      1
   740      5      1
   741      7      1
   742    404      1
   743    315      1
   743    832      1
   744    332      1
   745     68      1
   746    207      1
   747    172      1
   748    356      1
   749    445      1
   750    264      1
   751    424      1
   752    115      1
   753     25      1
   754    628      1
   755    267      1
   756    557      1
   757    365      1
   758    677      1
   759     17      1
   760     50      1
   761    725      1
   762    140      1
   763     77      1
   764    102      1
   765    627      1
   766    661      1
   767    265      1
   768     49      1
   769    626      1
   770    132      1
   771    319      1
   772    726      1
   773    336      1
   774    429      1
   775    269      1
   776    145      1
   777     98      1
   778    173      1
   779    386      1
   780    238      1
   781    640      1
   782    430      1
   783    465      1
   784    291      1
   785    600      1
   786    402      1
   786    860      1
   787    199      1
   788    630      1
   789    588      1
   790     46      1
   791     24      1
   791    855      1
   792    482      1
   793    375      1
   794    194      1
   795    251      1
   796    396      1
   797    430      1
   798    129      1
   799    370      1
   800      6      1
   801     27      1
   802    447      1
   803    113      1
   804    268      1
   805    196      1
   806    173      1
   807    639      1
   808    320      1
   809    532      1
   810    695      1
   811    206      1
   812    201      1
   813    549      1
   814     66      1
   815    335      1
   816    306      1
   817    102      1
   818    715      1
   819    403      1
   820    671      1
   821     10      1
   822    491      1
   823    564      1
   824    220      1
   825    403      1
   826    110      1
   827     74      1
   828     23      1
   828    866      1
   829    680      1
   830     11      1
   831    172      1
   832    743      1
   833    340      1
   834     46      1
   835    293      1
   836    204      1
   836    865      1
   837    683      1
   838    372      1
   839    241      1
   840    315      1
   841      2      1
   842    186      1
   843    656      1
   844    217      1
   845    250      1
   846    414      1
   847    561      1
   848    524      1
   849    389      1
   850    612      1
   851    377      1
   852     89      1
   853    183      1
   854    560      1
   855    791      1
   855    899      1
   856    606      1
   857    462      1
   858    535      1
   859    537      1
   860    786      1
   861    261      1
   862    204      1
   863    108      1
   864     66      1
   865    836      1
   866    828      1
   867    548      1
   868    152      1
   869    327      1
   870    144      1
   871    255      1
   872    132      1
   873    265      1
   874    158      1
   875     63      1
   876    375      1
   877    588      1
   878    643      1
   879     35      1
   880    386      1
   881    364      1
   882      6      1
   883    535      1
   884    186      1
   885     92      1
   886    124      1
   887    288      1
   888     57      1
   889     97      1
   890     69      1
   891    726      1
   892     51      1
   893    556      1
   894    180      1
   895    732      1
   896    305      1
   897     18      1
   898    105      1
   899    855      1
