COORD_X_Y 15
  1.19848    1.0559
  1.15109   1.05167
  1.62702   1.63982
 0.705127   2.22974
   1.9213   1.47168
   1.3483   2.99463
  1.83986   2.05717
 0.536336   1.62642
  2.32278  0.389739
 0.234968  0.551767
  1.28324  0.851831
  1.90388  0.894261
  1.06842     2.857
  1.53981    2.0517
 0.522155   2.58698
LINKS_SOURCE_DESTINATION_DISTANCE 28
     0      1      1
     0      2      1
     0      3      1
     1      0      1
     1      5      1
     2      0      1
     2      4      1
     2      7      1
     3      0      1
     3     14      1
     4      2      1
     4      6      1
     4      8      1
     4     10      1
     4     11      1
     5      1      1
     6      4      1
     7      2      1
     7      9      1
     8      4      1
     8     13      1
     9      7      1
    10      4      1
    10     12      1
    11      4      1
    12     10      1
    13      8      1
    14      3      1
