COORD_X_Y 350
 0.420324  0.981701
  2.42633   1.64731
  2.16871    2.1609
0.0207515  0.613323
  2.92893   2.32951
   2.5888   2.38426
  2.64079   2.97141
  2.84511   2.04983
  1.38535   2.56588
  2.93278   1.02047
  2.22977   1.42201
  2.90535   2.78557
  1.18336   1.84184
  2.34866  0.096855
  2.24776  0.703085
  2.64113   2.35829
  1.78444   1.83816
  1.13737   2.81871
0.0399941  0.617657
 0.276053   2.77962
  1.51831   1.23156
 0.847557   2.85643
  2.39668   2.18818
  1.31242 0.0642918
  1.47065   1.81408
  1.76108   1.97515
  2.87351   2.74641
  1.99603   2.60897
 0.147487  0.381325
  2.16895   1.09036
 0.797263   1.60345
 0.825012  0.206553
  0.57019  0.903677
 0.653427   1.13234
  1.47163    1.6765
 0.404781   1.98202
    2.126   2.54731
  1.60109   1.86059
 0.916209   1.50805
  1.13178 0.0368839
  2.73524   1.03324
 0.819388    2.9156
  1.04432   0.75869
  1.87757 0.00137016
 0.104051  0.298525
  1.18635    1.1035
 0.623156   2.84378
 0.326147    2.4569
  1.82123   1.45004
  1.65571   1.93164
  1.95774   1.14914
  2.43104   2.83887
  2.69919   1.24023
 0.296515    2.9881
  1.95528    1.6746
  1.71254  0.342812
  1.62165   2.17439
   1.1585   1.97739
 0.796349   1.95154
  2.27703   2.76247
  1.92781  0.861754
 0.346438  0.143996
  2.68173   2.58315
  2.95011   1.92805
  2.71882   2.84911
  1.20846   1.99355
  2.95302   2.23219
   2.7355   2.20627
 0.997364   0.88764
 0.917872  0.645522
 0.850238   1.99388
  2.15463    2.3721
  1.02436  0.750767
  1.04771   2.23762
 0.689408   2.23078
  2.46447   1.08823
  1.50507  0.805634
   1.0075   1.02254
  1.67983   2.65809
  1.93835   2.70792
   2.2514   2.19552
    1.203  0.299831
  1.90294   2.31732
  2.96766  0.829247
  1.38141  0.895661
  1.08604   1.24666
 0.934623  0.600329
  1.93493   2.83567
  2.76693  0.485429
  1.46433  0.862337
 0.315871   1.73468
   1.5852   1.75625
  2.19881  0.355534
  2.57011   1.05072
  1.50693    1.3777
  0.95929   2.62819
 0.244566  0.696145
  2.89888   2.07616
 0.738139  0.498277
  2.37478   0.28996
  1.90644   0.85844
  1.24768  0.981289
   1.5602   1.19648
  2.57237   1.24571
  1.93829   2.52583
 0.500334   2.05192
 0.412836   2.56182
  1.80472    2.3612
  2.49727  0.187713
   0.1288   2.49957
 0.527995   2.20849
 0.520723    1.9173
  1.39605   1.29618
  2.04512   1.13486
   1.8983  0.245566
  2.54845  0.414179
  2.82641  0.790677
  2.77089   2.64422
   1.9863  0.399254
  0.30691   2.96604
  2.75968  0.599354
 0.610318   1.26275
  1.43089   1.21163
  1.11508 0.0250712
   2.2277  0.896713
    2.106   2.29749
  2.39364   1.59932
  2.01329   1.40351
 0.827578   0.57777
 0.737082   2.94651
 0.348832   1.14732
 0.783949  0.405414
  1.98814   2.01025
  2.84306   2.18644
0.00447515  0.937242
  2.35112  0.790742
 0.343622    2.6166
  1.20903   0.24868
  2.72124 0.0217771
   1.5684   2.51685
  1.72932  0.650682
  2.83483   1.80907
  1.62288   1.85707
  1.08706   2.15271
  1.01633  0.511388
  2.33241   2.78322
 0.156071   1.55885
 0.232186   2.28101
  2.60279  0.533876
  2.76882  0.276924
  2.08925  0.365706
 0.781813  0.606994
  1.28772    2.0235
  2.87845   0.67378
  1.61171   1.75899
  0.30832    2.8054
 0.971696   2.34873
 0.682215   1.13221
  1.75965   1.94777
  2.01633    1.3396
 0.673151   2.92418
  2.16981   2.58612
  2.83058   2.62542
 0.385115 0.0500109
 0.770089   1.09732
  1.02439   1.22377
 0.727453    1.3255
  2.72631 0.0478332
0.0281984   2.95106
 0.569964   1.97953
 0.882295   2.53945
0.0357654   2.62422
 0.988198  0.258158
  2.95108   2.79662
 0.653467   2.42232
  2.78722   1.77924
 0.442159   2.01343
  2.26748   1.41267
  1.59791   1.41719
  1.54158  0.439533
  1.76295   1.54236
  1.17962   1.39257
  2.46111   2.21286
  1.28503 0.0637449
   2.7224   1.73932
0.0701383   2.13966
  2.10411   1.30173
  1.59825  0.175461
  1.43896   1.07524
0.0568082   1.45166
   2.2827   0.76624
  2.65662   2.29492
  1.90716   1.36889
 0.186227   1.64535
  1.06539  0.936016
 0.688345   1.02485
   0.8293   1.74587
  1.56791   1.40402
 0.862047   2.41833
0.000245942   2.89768
   2.7475    2.8847
  2.77512   2.22406
  2.47713   2.50415
  2.27155   2.29278
 0.629107   1.98696
  2.23618   2.04762
  2.56124  0.616894
  2.17921   1.46889
 0.781138   1.86044
  1.88365   1.39676
  1.24457   2.52626
 0.429928   2.61697
 0.857698   0.25605
 0.994907  0.192114
  2.76962   2.11763
  1.32358   1.87555
 0.940122   2.66097
  1.82048   2.18455
  2.95865   2.58117
  1.52986  0.447615
  1.80207   2.48144
0.0073355   1.35313
  1.48257    2.7258
0.0572871   2.91086
 0.337332   1.82118
 0.629566   2.22287
  2.71655    1.9768
0.00218339  0.633973
 0.128079   1.60123
 0.788972   2.91237
  1.42512  0.077681
 0.239517  0.479817
  1.56037   1.73466
  2.30673   2.77816
  2.76157    1.2697
  2.17937   2.56801
  1.01908  0.442862
 0.123602   2.07959
 0.993408   1.03113
  1.14582   2.80977
  1.81194   2.89613
  1.50197   1.14196
  1.42924   1.02729
  1.31532   1.91605
  1.76455   2.14247
 0.714153  0.436871
 0.379335   1.94049
  1.97895   2.23134
 0.294696   1.90957
  0.80175    1.0602
  1.46318  0.839594
   1.6828  0.112909
  2.11456    2.3355
 0.477434  0.536277
 0.240368   1.38192
  2.22702   2.01021
  2.74073   2.31838
   2.9713   2.77347
  2.46608   1.21297
  2.36871   2.59623
  1.58126   0.31199
  1.70409   2.91546
  1.32503   2.16378
 0.910645   1.07377
  1.09376   1.19385
  2.77073   1.49953
  0.58038   1.38569
0.0383846   2.43236
  1.91365   1.67834
  1.59262  0.562204
  2.89118    1.4697
  2.89996    0.4532
  1.93561   1.05877
  2.61437   2.94316
 0.270798  0.143839
 0.310777  0.928826
 0.320553  0.842171
 0.200961  0.830821
  2.13036   1.89397
  2.84399  0.024039
  1.99422  0.485948
 0.641108  0.803342
  1.75796   1.22109
  2.52338   2.29316
 0.757076   2.75711
  2.53971 0.0501805
  1.88845  0.700383
  0.29132  0.512037
  1.80723   2.89413
  1.42709   1.36025
  2.64465   1.25378
 0.731248   2.01197
  1.68228   1.44636
 0.357002  0.892051
  1.44069   1.97788
 0.316855   2.01755
 0.487906   2.57243
  2.60916   1.10005
  1.51401   2.42185
  1.90078  0.733579
   2.2029   2.80504
  1.67648   1.80535
  2.28953   1.84919
  2.27315  0.730468
 0.778423  0.676053
  1.23557  0.641395
 0.129928  0.994831
  2.49706   2.61376
  2.90835   2.25986
  1.11589  0.702007
  1.84843    1.0118
  2.41793   2.88264
  2.04516   2.58394
  2.33479    2.0303
  1.28857   1.49542
 0.753547    2.4856
  1.52798   2.24673
 0.810656 0.0492867
  2.49993  0.780673
  1.80335   2.11422
 0.222007   1.12924
 0.923485 0.0215205
  1.18468    1.9977
 0.626125   2.60012
  1.22875  0.797976
  1.79559  0.698494
  1.90835  0.213387
  2.14248    2.5602
0.0257592  0.921288
  2.84898    2.1613
 0.459752  0.971875
   2.6423  0.239983
  2.41885  0.910448
 0.885222   2.50996
  2.08811   2.50526
  2.05096  0.595076
 0.754895 0.0259599
  2.45917   1.63752
 0.346263 0.00480245
 0.181393    2.8596
 0.282745   1.81468
  1.37899  0.961534
    2.048   1.69769
 0.532255   1.17567
 0.809129   2.89102
  1.38889   2.18723
  1.13794  0.723717
 0.436814   1.91957
 0.353369  0.887525
   1.0589  0.199461
LINKS_SOURCE_DESTINATION_DISTANCE 698
     0      1      1
     0      2      1
     0      4      1
     0     18      1
     0     78      1
     0    169      1
     1      0      1
     1      5      1
     1      6      1
     1     11      1
     1     21      1
     1     28      1
     1     37      1
     1    114      1
     1    261      1
     2      0      1
     2      3      1
     2     15      1
     2     45      1
     2     59      1
     2    103      1
     2    104      1
     2    185      1
     3      2      1
     3     64      1
     3     99      1
     3    221      1
     4      0      1
     4      9      1
     4     95      1
     4    279      1
     5      1      1
     5      7      1
     5      8      1
     5     10      1
     5     20      1
     5     30      1
     5     55      1
     5     57      1
     6      1      1
     6     23      1
     6    119      1
     6    154      1
     6    194      1
     6    315      1
     7      5      1
     7     12      1
     7     13      1
     7     41      1
     7     70      1
     7    182      1
     7    338      1
     8      5      1
     8     19      1
     8    163      1
     8    255      1
     9      4      1
     9     14      1
     9     22      1
     9     82      1
    10      5      1
    10     27      1
    10     69      1
    10    113      1
    10    248      1
    11      1      1
    11     29      1
    11     42      1
    11     87      1
    11     97      1
    11    164      1
    12      7      1
    12    280      1
    13      7      1
    13     16      1
    13     31      1
    14      9      1
    14    161      1
    14    174      1
    14    202      1
    15      2      1
    16     13      1
    16     17      1
    16     26      1
    16     73      1
    16     83      1
    16    181      1
    17     16      1
    17     25      1
    17     32      1
    17     33      1
    17    157      1
    17    343      1
    18      0      1
    18    118      1
    18    139      1
    19      8      1
    19     98      1
    19    230      1
    20      5      1
    20    150      1
    20    213      1
    21      1      1
    21     24      1
    21     54      1
    22      9      1
    22     35      1
    22     38      1
    22     49      1
    22     51      1
    22     67      1
    23      6      1
    23     39      1
    23     40      1
    23     46      1
    23     89      1
    23     93      1
    23    238      1
    24     21      1
    24     61      1
    24     90      1
    24    144      1
    24    254      1
    25     17      1
    25    276      1
    26     16      1
    26     60      1
    26     66      1
    26     75      1
    26    208      1
    27     10      1
    27     47      1
    27     56      1
    27     65      1
    27    205      1
    28      1      1
    28    108      1
    29     11      1
    29     43      1
    30      5      1
    30     34      1
    30    172      1
    30    215      1
    30    271      1
    31     13      1
    31     36      1
    31    122      1
    31    191      1
    31    342      1
    32     17      1
    32     96      1
    32    132      1
    32    158      1
    33     17      1
    33     52      1
    33     77      1
    33    209      1
    34     30      1
    34     84      1
    34    117      1
    34    206      1
    35     22      1
    35    224      1
    35    318      1
    36     31      1
    36     50      1
    36    107      1
    36    140      1
    36    177      1
    36    183      1
    37      1      1
    38     22      1
    38     79      1
    39     23      1
    39    145      1
    39    216      1
    39    220      1
    40     23      1
    40    236      1
    41      7      1
    41     44      1
    41     72      1
    42     11      1
    42     63      1
    43     29      1
    43     71      1
    44     41      1
    44     48      1
    45      2      1
    45    121      1
    45    146      1
    46     23      1
    46    124      1
    46    128      1
    46    151      1
    47     27      1
    48     44      1
    49     22      1
    49     58      1
    49     94      1
    49    120      1
    49    344      1
    50     36      1
    50     68      1
    50    326      1
    51     22      1
    51     53      1
    52     33      1
    52    156      1
    52    188      1
    53     51      1
    53     76      1
    54     21      1
    54    106      1
    55      5      1
    55    123      1
    55    341      1
    56     27      1
    56    292      1
    57      5      1
    57    256      1
    58     49      1
    59      2      1
    60     26      1
    60     62      1
    60    112      1
    61     24      1
    61     88      1
    61    155      1
    61    173      1
    62     60      1
    63     42      1
    63    237      1
    63    249      1
    63    268      1
    64      3      1
    64    116      1
    65     27      1
    65     80      1
    65    167      1
    65    298      1
    66     26      1
    67     22      1
    67    136      1
    67    195      1
    68     50      1
    68     81      1
    68    282      1
    68    304      1
    69     10      1
    69     92      1
    69    115      1
    69    219      1
    70      7      1
    71     43      1
    71    111      1
    71    187      1
    72     41      1
    72    179      1
    73     16      1
    73     74      1
    74     73      1
    74    101      1
    74    153      1
    75     26      1
    75    100      1
    75    102      1
    76     53      1
    76     91      1
    76    288      1
    77     33      1
    78      0      1
    78    243      1
    79     38      1
    79    105      1
    80     65      1
    80     85      1
    80    197      1
    80    294      1
    81     68      1
    81     86      1
    81    129      1
    81    130      1
    82      9      1
    82    134      1
    83     16      1
    83    125      1
    83    244      1
    84     34      1
    85     80      1
    86     81      1
    86    109      1
    86    149      1
    86    227      1
    87     11      1
    87    176      1
    88     61      1
    88    272      1
    89     23      1
    89    162      1
    89    196      1
    90     24      1
    91     76      1
    92     69      1
    92    250      1
    92    323      1
    93     23      1
    94     49      1
    94    277      1
    95      4      1
    95    273      1
    96     32      1
    97     11      1
    97    301      1
    98     19      1
    99      3      1
   100     75      1
   100    133      1
   101     74      1
   101    159      1
   102     75      1
   102    127      1
   103      2      1
   104      2      1
   104    142      1
   104    148      1
   104    281      1
   105     79      1
   105    110      1
   105    166      1
   105    290      1
   106     54      1
   106    264      1
   107     36      1
   107    285      1
   107    320      1
   108     28      1
   108    306      1
   109     86      1
   110    105      1
   111     71      1
   111    137      1
   111    199      1
   112     60      1
   113     10      1
   114      1      1
   114    232      1
   114    265      1
   115     69      1
   115    126      1
   115    200      1
   115    234      1
   115    328      1
   116     64      1
   117     34      1
   117    152      1
   118     18      1
   119      6      1
   120     49      1
   120    168      1
   120    171      1
   120    258      1
   121     45      1
   122     31      1
   122    231      1
   123     55      1
   123    131      1
   124     46      1
   125     83      1
   125    235      1
   126    115      1
   126    222      1
   127    102      1
   127    147      1
   128     46      1
   128    143      1
   128    186      1
   128    240      1
   129     81      1
   129    141      1
   129    252      1
   130     81      1
   130    300      1
   131    123      1
   132     32      1
   132    347      1
   133    100      1
   133    135      1
   133    160      1
   134     82      1
   134    138      1
   135    133      1
   135    270      1
   136     67      1
   136    334      1
   137    111      1
   137    308      1
   138    134      1
   139     18      1
   140     36      1
   141    129      1
   141    165      1
   141    225      1
   141    245      1
   142    104      1
   143    128      1
   143    190      1
   144     24      1
   144    322      1
   145     39      1
   146     45      1
   147    127      1
   148    104      1
   149     86      1
   150     20      1
   150    170      1
   150    203      1
   151     46      1
   151    175      1
   151    287      1
   151    317      1
   152    117      1
   153     74      1
   153    319      1
   154      6      1
   155     61      1
   155    193      1
   155    198      1
   155    303      1
   155    333      1
   156     52      1
   157     17      1
   157    189      1
   157    210      1
   158     32      1
   159    101      1
   159    278      1
   160    133      1
   160    297      1
   161     14      1
   162     89      1
   163      8      1
   163    178      1
   163    263      1
   164     11      1
   164    284      1
   165    141      1
   166    105      1
   166    314      1
   167     65      1
   168    120      1
   168    207      1
   168    211      1
   169      0      1
   169    180      1
   169    184      1
   170    150      1
   170    310      1
   171    120      1
   171    192      1
   172     30      1
   173     61      1
   173    201      1
   174     14      1
   174    316      1
   175    151      1
   176     87      1
   177     36      1
   177    269      1
   178    163      1
   178    217      1
   179     72      1
   179    226      1
   180    169      1
   181     16      1
   181    302      1
   182      7      1
   183     36      1
   184    169      1
   185      2      1
   185    339      1
   186    128      1
   187     71      1
   188     52      1
   189    157      1
   189    212      1
   190    143      1
   191     31      1
   191    325      1
   192    171      1
   193    155      1
   194      6      1
   195     67      1
   195    223      1
   195    309      1
   196     89      1
   196    260      1
   196    295      1
   197     80      1
   198    155      1
   198    266      1
   199    111      1
   200    115      1
   201    173      1
   202     14      1
   203    150      1
   203    204      1
   203    214      1
   204    203      1
   204    239      1
   205     27      1
   205    311      1
   206     34      1
   207    168      1
   207    251      1
   208     26      1
   209     33      1
   209    233      1
   209    330      1
   210    157      1
   210    257      1
   211    168      1
   211    312      1
   211    337      1
   212    189      1
   212    228      1
   212    259      1
   213     20      1
   214    203      1
   214    218      1
   215     30      1
   216     39      1
   217    178      1
   217    253      1
   218    214      1
   218    229      1
   218    349      1
   219     69      1
   219    293      1
   220     39      1
   221      3      1
   222    126      1
   223    195      1
   224     35      1
   225    141      1
   226    179      1
   226    241      1
   226    275      1
   227     86      1
   227    242      1
   227    331      1
   228    212      1
   228    267      1
   229    218      1
   229    324      1
   230     19      1
   231    122      1
   232    114      1
   233    209      1
   234    115      1
   235    125      1
   236     40      1
   237     63      1
   238     23      1
   239    204      1
   239    246      1
   240    128      1
   241    226      1
   242    227      1
   242    296      1
   243     78      1
   244     83      1
   245    141      1
   245    262      1
   246    239      1
   246    247      1
   247    246      1
   248     10      1
   249     63      1
   250     92      1
   251    207      1
   252    129      1
   253    217      1
   253    274      1
   254     24      1
   254    291      1
   255      8      1
   256     57      1
   257    210      1
   258    120      1
   259    212      1
   260    196      1
   261      1      1
   262    245      1
   263    163      1
   264    106      1
   265    114      1
   266    198      1
   266    286      1
   267    228      1
   268     63      1
   269    177      1
   270    135      1
   270    346      1
   271     30      1
   272     88      1
   272    335      1
   273     95      1
   274    253      1
   274    327      1
   274    348      1
   275    226      1
   275    289      1
   276     25      1
   277     94      1
   278    159      1
   279      4      1
   280     12      1
   281    104      1
   281    283      1
   282     68      1
   283    281      1
   284    164      1
   284    313      1
   285    107      1
   285    336      1
   286    266      1
   287    151      1
   288     76      1
   289    275      1
   290    105      1
   291    254      1
   292     56      1
   293    219      1
   293    329      1
   294     80      1
   294    299      1
   295    196      1
   295    305      1
   296    242      1
   297    160      1
   298     65      1
   299    294      1
   300    130      1
   300    340      1
   301     97      1
   302    181      1
   303    155      1
   303    307      1
   304     68      1
   305    295      1
   306    108      1
   307    303      1
   308    137      1
   309    195      1
   309    332      1
   310    170      1
   311    205      1
   312    211      1
   313    284      1
   313    321      1
   314    166      1
   315      6      1
   316    174      1
   317    151      1
   318     35      1
   319    153      1
   320    107      1
   321    313      1
   322    144      1
   323     92      1
   324    229      1
   325    191      1
   326     50      1
   327    274      1
   328    115      1
   329    293      1
   330    209      1
   331    227      1
   332    309      1
   333    155      1
   334    136      1
   335    272      1
   336    285      1
   337    211      1
   338      7      1
   339    185      1
   339    345      1
   340    300      1
   341     55      1
   342     31      1
   343     17      1
   344     49      1
   345    339      1
   346    270      1
   347    132      1
   348    274      1
   349    218      1
