COORD_X_Y 100
  1.84019    1.7831
  1.91165  0.335223
  1.27777    1.4774
  1.36478   1.95223
 0.635712    1.1416
   2.0163  0.137232
  2.15668   1.12979
  1.99892  0.512932
  0.61264  0.637552
  1.49358   1.29252
 0.526745   2.40023
  1.28331   2.80772
0.0697553     1.526
  2.19221  0.890233
  2.06417    1.4577
  0.23828  0.902208
  2.26667  0.375207
  2.51254  0.531606
 0.437638   0.93081
  2.28429   2.63998
 0.687861    2.4401
 0.829201   2.22897
  1.35036  0.956468
 0.657304   1.43956
 0.398437   2.68422
  1.48249   1.95025
  0.14766   2.64108
 0.619596     2.786
  2.44703   1.18753
  2.55644   2.16961
 0.103171   1.49544
  2.98475   2.68445
  1.74977   1.29416
 0.584489   2.15239
  2.12547    2.1641
0.0745298   2.05253
  2.17621  0.797798
  2.65656  0.639458
  2.09348   1.52021
0.0699064   2.46142
  1.57332   2.05194
  2.99999   1.88996
   1.9978   1.87054
  2.00416  0.593892
  1.16313   1.91303
   2.3591   1.57943
  2.68739   1.53081
   1.3043   1.57697
  1.74781   2.03542
 0.833239  0.873271
  1.97943   1.90337
  2.66688   1.16397
  1.88895  0.649707
  0.62948   0.70062
 0.328777   2.07416
  2.22366   2.51069
 0.280042   2.71927
  1.47148   2.94432
  2.33635  0.434513
  1.34494   2.83324
 0.675476  0.481936
  2.71209   1.62182
  1.41398   1.67394
 0.347116   2.60911
  2.73073  0.740438
  2.92091   1.65313
  2.53244  0.260497
  2.68612  0.111276
  2.57669   1.66656
  2.77577   2.32964
  1.98436   2.82739
 0.188201   2.95864
  1.76487  0.121143
 0.383832   1.94305
  2.86192  0.793657
  2.29729  0.909643
  1.49814  0.162757
 0.864579   2.46366
  1.49598  0.180421
  2.72755   2.60311
 0.838134  0.178208
  1.49853   1.13824
  2.32481   1.90848
  2.83683  0.496074
  2.39433   1.60888
  1.15123   2.10785
   1.3636   2.33139
 0.427328   2.58357
 0.658747   1.48743
  2.88304   2.51771
  2.55756   2.82994
 0.244327   1.72936
  1.98484   1.89756
  2.41079   2.78328
  1.29368   1.86553
  1.04916   1.98647
  1.21088   1.86518
  2.09956  0.301763
   1.8091   2.05151
  1.45772  0.692076
LINKS_SOURCE_DESTINATION_DISTANCE 198
     0      1      1
     0      4      1
     0      6      1
     0      8      1
     0     15      1
     0     45      1
     0     91      1
     1      0      1
     1      2      1
     1      3      1
     1      9      1
     1     12      1
     1     34      1
     2      1      1
     2     58      1
     3      1      1
     3      5      1
     3      7      1
     3     39      1
     3     60      1
     4      0      1
     4     13      1
     4     14      1
     4     19      1
     4     36      1
     4     38      1
     5      3      1
     5     21      1
     5     24      1
     5     62      1
     5     66      1
     6      0      1
     6     22      1
     6     42      1
     7      3      1
     7     77      1
     8      0      1
     8     10      1
     8     11      1
     8     26      1
     9      1      1
     9     17      1
     9     20      1
     9     28      1
     9     40      1
    10      8      1
    10     16      1
    11      8      1
    12      1      1
    12     18      1
    12     23      1
    12     32      1
    12     33      1
    12     79      1
    13      4      1
    13     49      1
    14      4      1
    14     52      1
    15      0      1
    15     43      1
    15     80      1
    16     10      1
    17      9      1
    17     30      1
    17     35      1
    17     37      1
    17     41      1
    18     12      1
    18     46      1
    19      4      1
    19     27      1
    19     31      1
    19     56      1
    19     78      1
    20      9      1
    21      5      1
    21     83      1
    22      6      1
    22     29      1
    22     94      1
    23     12      1
    24      5      1
    24     25      1
    24     81      1
    25     24      1
    26      8      1
    27     19      1
    27     54      1
    28      9      1
    29     22      1
    29     44      1
    30     17      1
    31     19      1
    32     12      1
    32     47      1
    32     70      1
    33     12      1
    34      1      1
    34     51      1
    34     55      1
    35     17      1
    35     59      1
    35     90      1
    36      4      1
    37     17      1
    38      4      1
    38     82      1
    39      3      1
    39     73      1
    40      9      1
    41     17      1
    41     74      1
    42      6      1
    43     15      1
    43     48      1
    43     86      1
    44     29      1
    44     53      1
    44     63      1
    44     87      1
    44     96      1
    45      0      1
    45     98      1
    46     18      1
    46     97      1
    47     32      1
    47     84      1
    48     43      1
    48     50      1
    48     89      1
    49     13      1
    49     75      1
    50     48      1
    50     99      1
    51     34      1
    51     61      1
    52     14      1
    52     76      1
    53     44      1
    53     57      1
    54     27      1
    54     65      1
    55     34      1
    56     19      1
    56     71      1
    57     53      1
    58      2      1
    58     64      1
    58     68      1
    59     35      1
    59     85      1
    60      3      1
    60     67      1
    61     51      1
    62      5      1
    63     44      1
    63     72      1
    64     58      1
    65     54      1
    66      5      1
    67     60      1
    67     69      1
    67     95      1
    68     58      1
    69     67      1
    70     32      1
    71     56      1
    72     63      1
    73     39      1
    74     41      1
    75     49      1
    76     52      1
    77      7      1
    78     19      1
    78     93      1
    79     12      1
    80     15      1
    81     24      1
    82     38      1
    83     21      1
    84     47      1
    84     88      1
    85     59      1
    86     43      1
    87     44      1
    88     84      1
    88     92      1
    89     48      1
    90     35      1
    91      0      1
    92     88      1
    93     78      1
    94     22      1
    95     67      1
    96     44      1
    97     46      1
    98     45      1
    99     50      1
