COORD_X_Y 80
  1.51286   2.54712
   1.6818   1.60111
   2.3977   2.18971
  1.60516  0.368705
  1.20722   1.47899
  1.14408   2.24558
  1.61205   2.33359
  1.17691   1.09868
 0.329894   1.33211
  1.37366   2.65726
  1.28642   2.33103
  2.17555   1.15323
  2.70882   1.61978
  1.35417   2.64441
  2.89771   1.25779
 0.596812   1.76439
  2.00227  0.938399
  2.02972    2.1473
  1.44264  0.207704
  2.17807   2.00096
  2.99315   2.73979
  1.48609   1.31354
   1.3622   2.45843
   0.9278  0.885723
  2.31931   0.30601
  2.41979   2.66516
  1.93164  0.480615
  2.23379    1.9966
  1.10231   1.57426
  2.12058   2.97221
 0.459128    1.4418
 0.653445     2.317
 0.151647   0.32178
  2.07632   2.43386
 0.859802   1.11767
  2.39605   1.32054
 0.850647   2.08675
   1.7826  0.454012
  2.48959  0.628654
 0.223338   1.11579
  1.56866   2.94642
 0.424507   1.65294
  1.29475   2.37791
  2.88488  0.189145
  2.59324   1.70675
 0.334854   2.61756
0.0565758   1.96748
  2.19187  0.654899
  2.52084   2.40552
 0.981593   1.22965
  1.82907   1.96714
    0.306   1.44947
 0.432179  0.275076
  2.31699   1.59148
  1.13886   2.65348
 0.642222   2.09126
  1.90969    2.1084
  1.55524   1.16763
  1.94561   2.09826
  2.29105   1.15085
  0.70396   1.49026
 0.318564   1.39451
 0.640689  0.788148
  1.35636   1.44597
  2.37619   2.15733
  1.89242   1.31575
  2.45973 0.0896395
  1.96175     2.474
  1.66641   1.68666
0.0459892    2.4424
 0.129149   2.96959
 0.109955  0.751553
  2.96993  0.417585
  1.23385  0.700378
  2.14736   1.44434
  1.03051   2.77483
   1.8826   1.68189
 0.542654   2.61526
  1.35483  0.157307
0.000410601   1.95094
LINKS_SOURCE_DESTINATION_DISTANCE 158
     0      1      1
     0      2      1
     0      3      1
     0     14      1
     1      0      1
     1      4      1
     1      6      1
     1     11      1
     1     13      1
     1     31      1
     2      0      1
     2      5      1
     2      8      1
     2     12      1
     3      0      1
     4      1      1
     4      9      1
     4     16      1
     4     21      1
     4     26      1
     4     29      1
     5      2      1
     5      7      1
     5     27      1
     5     43      1
     5     71      1
     6      1      1
     6     54      1
     7      5      1
     7     10      1
     7     22      1
     7     41      1
     8      2      1
     8     20      1
     8     35      1
     8     52      1
     9      4      1
     9     28      1
     9     64      1
     9     68      1
    10      7      1
    10     17      1
    10     51      1
    10     74      1
    11      1      1
    11     19      1
    12      2      1
    12     18      1
    12     45      1
    13      1      1
    13     37      1
    13     44      1
    14      0      1
    14     15      1
    14     40      1
    15     14      1
    15     36      1
    15     48      1
    16      4      1
    16     72      1
    17     10      1
    17     67      1
    18     12      1
    19     11      1
    19     23      1
    19     65      1
    20      8      1
    20     25      1
    20     38      1
    20     42      1
    21      4      1
    22      7      1
    23     19      1
    23     24      1
    24     23      1
    24     30      1
    24     47      1
    25     20      1
    25     33      1
    25     56      1
    26      4      1
    27      5      1
    28      9      1
    28     49      1
    28     58      1
    29      4      1
    29     39      1
    29     46      1
    30     24      1
    30     32      1
    31      1      1
    31     34      1
    31     75      1
    32     30      1
    33     25      1
    33     61      1
    34     31      1
    35      8      1
    35     55      1
    36     15      1
    37     13      1
    37     70      1
    38     20      1
    39     29      1
    40     14      1
    41      7      1
    41     77      1
    42     20      1
    43      5      1
    43     63      1
    44     13      1
    44     53      1
    45     12      1
    46     29      1
    47     24      1
    47     62      1
    47     69      1
    48     15      1
    48     59      1
    49     28      1
    49     50      1
    49     73      1
    50     49      1
    50     57      1
    51     10      1
    52      8      1
    52     60      1
    53     44      1
    53     66      1
    54      6      1
    55     35      1
    56     25      1
    57     50      1
    58     28      1
    59     48      1
    60     52      1
    60     78      1
    61     33      1
    62     47      1
    63     43      1
    64      9      1
    65     19      1
    66     53      1
    67     17      1
    68      9      1
    69     47      1
    70     37      1
    71      5      1
    72     16      1
    73     49      1
    73     76      1
    74     10      1
    75     31      1
    76     73      1
    77     41      1
    78     60      1
    78     79      1
    79     78      1
