COORD_X_Y 300
  1.52499    1.5172
 0.676587   1.88942
   1.4976  0.827605
  2.47776   1.21848
  1.61062   1.10742
 0.593123    0.6948
 0.639871   1.83777
  2.05448   2.69213
  2.66429   2.80608
  0.49563   2.49484
   2.3786    1.4888
 0.625118   2.88748
 0.330384   1.02013
  2.04033    2.1546
  2.70102   2.09599
 0.674589   1.33497
  1.99745   2.67976
 0.836541   2.48632
 0.497039   2.07149
  2.68239    1.3579
 0.953862   1.93628
0.0929503   1.67439
  2.08326   2.54948
  1.55851 0.0967247
  2.02549   2.04905
 0.951078 0.0771724
  2.51047   1.57027
  1.10763  0.205639
 0.306194   2.05568
 0.232803  0.193117
 0.500464    1.0739
  2.62704  0.614937
  1.94711   2.51457
 0.199346   2.34631
   2.7404   1.90269
  1.84475   1.90953
 0.250244   2.55009
 0.695286   2.79911
 0.485799   2.25472
  1.04364   2.76537
 0.533645   1.88894
 0.871685   1.44281
  2.15182   2.46012
 0.453821  0.147518
  2.33486   1.18711
 0.440813   2.22589
  1.85923   2.03945
  1.35028   2.89362
  2.08477  0.616914
 0.017798   1.56854
  2.40522  0.166195
  2.39831   1.56311
  2.01132  0.763316
  1.73644  0.378745
  2.46983   1.49854
  1.22302   1.70403
 0.174706   2.26424
  2.38066  0.362125
  1.86145   2.64493
  1.84203   1.99294
  1.95826   1.30548
 0.745459   2.29037
  1.10243   2.03539
 0.181052   2.63324
  2.06035   2.54826
  2.73026    2.2269
  1.43871   1.85147
0.0798707   1.13409
  2.60066   1.73283
  1.12381    1.5614
  1.81209   2.55168
   1.3362    1.3489
  2.08239   1.83757
  1.80755   2.40436
  1.93631     1.527
 0.100235   2.05431
  2.10066   1.04701
  1.81033    0.4507
 0.205194  0.615564
   1.1873  0.937952
  2.86163   1.08234
     1.84   0.91544
  2.74253   2.79249
  1.10352   2.54366
  0.63394  0.428655
  0.19907 0.0666867
  2.88174  0.945661
  2.64672  0.338721
  2.65914  0.177533
  2.90776   2.27545
  1.53541   2.49306
  0.91475   1.84312
 0.627384  0.992958
  1.15113   2.23072
   2.7419    0.1019
  2.05999   1.89696
  1.86168   1.21827
  0.16747   2.41974
 0.561667   1.34182
  2.94953   2.02511
 0.456714  0.403364
  1.07771   2.64071
  2.81046   2.20822
  1.18323   2.58959
  0.17968  0.814366
  2.30158 0.0500307
 0.146916   2.33966
 0.576783   2.67335
  2.38284   2.64134
   2.7108   1.28015
  2.02467   2.39172
  2.59355   1.25282
 0.789162  0.120382
 0.301298  0.953983
 0.562259  0.544655
  2.65841  0.172538
  1.29472  0.501796
  2.09594   1.52678
 0.270317  0.328509
  1.89981    2.6371
  2.64852   1.77971
 0.927898  0.398031
  2.02734  0.629199
  2.16069     2.727
 0.615618   2.46094
  1.01074   0.83216
  1.90622   2.14493
    1.742     2.495
 0.539517   1.34034
   1.0084  0.957571
  2.68106   1.72149
  1.38851   1.29716
  1.67728   2.71568
  2.74582   1.96909
  2.70851   1.45807
  1.89605   2.84103
 0.227783   0.90298
  2.91974   1.27192
  1.44732   1.44254
  2.44189   1.83995
 0.497806    2.8072
  1.10347   1.89567
 0.890301   1.26249
  2.30682   1.22191
  2.28489   2.77078
  1.98544   1.80541
  2.03611    1.2686
 0.987659  0.597171
  1.66418   1.72909
  1.18065   1.57963
 0.978505    2.8573
  1.94564   1.81992
  1.20411   2.43515
  2.63341   2.62232
 0.488515  0.147517
  1.99947   1.96164
 0.149059  0.431303
  1.31549   0.40067
  1.85306   0.57932
  1.33719   2.02923
  2.98995   2.73086
  2.70494  0.292881
  2.24411   1.66963
  1.18509   2.90722
    1.322   0.66386
  2.34946  0.931487
 0.322504 0.00122358
  0.91005     2.201
  2.49483   2.52336
 0.285053  0.393215
  1.25664   1.77273
  2.69411  0.775877
  1.01848   2.65359
  1.50427  0.570462
0.0958881  0.486468
  2.60214   0.90594
 0.619337   1.29673
  2.24555   1.43355
  2.75278  0.943923
  1.88623  0.462993
  2.15954   0.27265
  2.70167   1.49057
 0.414798   1.80349
  1.66451  0.113899
  1.13874   1.18824
  2.10057   1.88648
  1.82807   1.30024
   1.5502   1.61901
 0.879823   2.37354
  1.73477   2.37905
 0.841158   1.16651
  2.89197  0.789523
  2.69103     2.415
  2.59956   2.64495
  2.13188   2.14193
 0.708433   2.39181
 0.652599  0.169747
  1.62947   1.53694
  2.73133    2.9763
  2.98385   1.65402
  1.74359  0.466486
  1.37049   2.77077
 0.056637   2.18445
 0.673632   1.35333
 0.341619    2.7136
  1.07187   1.44172
    1.954  0.426506
  1.18384   1.61274
  2.14954   1.27057
  2.19066   2.02241
  1.95404   2.01237
  2.78312    1.9539
  2.88877   2.09583
  2.91805   1.76383
  1.95557    1.8099
 0.270865   2.06684
  0.50186  0.940446
  2.37876  0.939825
  1.16972   2.96046
 0.317892   2.07758
 0.581867    1.1673
  1.71096   2.37197
  1.12147   2.80593
 0.604503   2.81274
 0.210181   1.79889
  2.71604   1.92173
  1.69091    2.8386
  1.79656  0.215462
  1.08959   2.87834
  2.31389  0.467063
 0.432175   1.82769
  2.14576  0.143042
 0.393622   2.94488
 0.680641  0.995427
   1.7488   2.38035
   1.7502   2.92378
  1.97857  0.640328
0.0524324  0.727818
 0.380384  0.521286
  1.19594   2.88208
 0.606256   1.69923
 0.693569   2.65845
  2.52869  0.987728
  2.63461  0.118673
  1.71363  0.905638
  1.86639  0.250673
  2.18897  0.772921
  2.43629   2.97448
  2.48197   2.32944
  2.36837  0.617906
  1.02668   2.17594
  2.51714  0.274469
  1.05361  0.996841
 0.813562   2.16678
  2.01947  0.387437
 0.594711  0.498302
0.0356208   1.25221
  1.81563   2.30104
 0.475753    1.5036
   2.7716   1.22367
  1.95818  0.745219
  1.46803  0.774269
  0.85171   1.94326
 0.523618    1.5231
 0.269305   2.96323
  2.64543  0.927246
  1.74126   1.11408
  2.20892   2.33806
  1.55827  0.938841
 0.995288    1.5138
  1.87482   2.29342
  1.89862   1.95767
  1.59183   0.25286
 0.185172   2.35844
 0.610956   0.43928
  1.81028  0.986977
 0.860628   2.39484
  1.63893  0.702914
   1.3657   1.91218
  1.81285   1.43225
  0.79075  0.641935
  2.86522   1.90235
   2.4729   2.29605
 0.118974   1.65173
  2.20885  0.835518
  1.95522   2.36152
  2.53476   2.58525
  1.14355   2.75229
  2.70261  0.910218
   1.3946     1.044
   2.1542  0.150687
  1.62308   1.25277
  1.84899   2.67971
  2.62672   1.12513
 0.314926  0.509098
  1.72787  0.392769
  2.65561   2.99832
  1.11555  0.917717
 0.382375   1.54292
  2.87082  0.837393
LINKS_SOURCE_DESTINATION_DISTANCE 598
     0      1      1
     0      2      1
     0      3      1
     0     21      1
     0     26      1
     0     56      1
     1      0      1
     1      4      1
     1     14      1
     1     44      1
     1     53      1
     1     73      1
     2      0      1
     2      5      1
     2     12      1
     2     17      1
     2     68      1
     2     75      1
     3      0      1
     3      7      1
     3      9      1
     3     10      1
     3     37      1
     3     95      1
     3    282      1
     4      1      1
     4      8      1
     4     19      1
     4     22      1
     4     32      1
     4     97      1
     4    140      1
     5      2      1
     5      6      1
     5     71      1
     5     80      1
     5    122      1
     5    175      1
     6      5      1
     6     11      1
     6     15      1
     6     25      1
     6    133      1
     6    213      1
     7      3      1
     7     24      1
     7     35      1
     7     46      1
     8      4      1
     8     27      1
     8     34      1
     8     54      1
     8    173      1
     9      3      1
     9     13      1
     9     28      1
     9     43      1
     9     47      1
     9    121      1
     9    161      1
    10      3      1
    10     20      1
    10     60      1
    10     63      1
    10    143      1
    10    275      1
    11      6      1
    11     16      1
    11    192      1
    12      2      1
    12    279      1
    13      9      1
    13     48      1
    13    205      1
    14      1      1
    14     18      1
    14    236      1
    15      6      1
    15     23      1
    15     76      1
    16     11      1
    16     58      1
    16    100      1
    16    119      1
    16    197      1
    16    210      1
    17      2      1
    17     81      1
    17    299      1
    18     14      1
    18     40      1
    18    201      1
    19      4      1
    19     45      1
    19     67      1
    19    128      1
    20     10      1
    20    113      1
    20    214      1
    21      0      1
    21     66      1
    22      4      1
    22     41      1
    22     50      1
    22     88      1
    23     15      1
    23    136      1
    23    233      1
    24      7      1
    24     29      1
    25      6      1
    25    106      1
    25    202      1
    25    292      1
    26      0      1
    26     69      1
    26    182      1
    27      8      1
    27     39      1
    27    103      1
    27    248      1
    28      9      1
    28     31      1
    28     59      1
    28    184      1
    28    217      1
    29     24      1
    29     30      1
    29    120      1
    30     29      1
    30     38      1
    30    239      1
    31     28      1
    31     33      1
    31     42      1
    31     49      1
    31    147      1
    32      4      1
    32     52      1
    32     79      1
    32     90      1
    32    142      1
    33     31      1
    33    222      1
    34      8      1
    34     36      1
    34     98      1
    35      7      1
    35    181      1
    35    204      1
    36     34      1
    36    232      1
    37      3      1
    37    159      1
    37    177      1
    38     30      1
    38     51      1
    38     55      1
    38    125      1
    39     27      1
    39     83      1
    40     18      1
    40     70      1
    40     84      1
    40    156      1
    41     22      1
    42     31      1
    42     64      1
    42     96      1
    42    123      1
    42    164      1
    43      9      1
    43     57      1
    43    126      1
    44      1      1
    44    154      1
    45     19      1
    45    170      1
    46      7      1
    46     61      1
    46    134      1
    46    174      1
    47      9      1
    47     86      1
    47    167      1
    48     13      1
    48    190      1
    49     31      1
    49    151      1
    50     22      1
    50    112      1
    50    242      1
    50    260      1
    51     38      1
    51    254      1
    52     32      1
    52     93      1
    53      1      1
    54      8      1
    54    179      1
    54    280      1
    55     38      1
    55     62      1
    56      0      1
    56     89      1
    56    240      1
    57     43      1
    57     99      1
    57    231      1
    58     16      1
    58     65      1
    59     28      1
    59     74      1
    60     10      1
    60    117      1
    60    187      1
    61     46      1
    61     87      1
    61     91      1
    62     55      1
    62    262      1
    63     10      1
    63    153      1
    63    160      1
    64     42      1
    64     72      1
    64     85      1
    64     92      1
    65     58      1
    65    127      1
    66     21      1
    66    111      1
    67     19      1
    67    105      1
    68      2      1
    68    116      1
    69     26      1
    69    296      1
    70     40      1
    70    102      1
    71      5      1
    71    263      1
    72     64      1
    72     94      1
    73      1      1
    73     77      1
    73     78      1
    74     59      1
    74    244      1
    75      2      1
    76     15      1
    76     82      1
    76    109      1
    76    165      1
    77     73      1
    77    101      1
    77    212      1
    78     73      1
    78    276      1
    79     32      1
    79    135      1
    79    163      1
    79    247      1
    80      5      1
    80    104      1
    80    211      1
    81     17      1
    81    107      1
    81    203      1
    82     76      1
    83     39      1
    83    162      1
    84     40      1
    85     64      1
    85    144      1
    85    218      1
    86     47      1
    86    114      1
    87     61      1
    87    157      1
    87    284      1
    88     22      1
    88    185      1
    89     56      1
    89    191      1
    90     32      1
    91     61      1
    91    124      1
    92     64      1
    92    115      1
    93     52      1
    93    176      1
    94     72      1
    95      3      1
    96     42      1
    96    110      1
    97      4      1
    98     34      1
    98    108      1
    98    145      1
    98    169      1
    99     57      1
    99    235      1
    99    251      1
   100     16      1
   100    118      1
   100    195      1
   101     77      1
   101    130      1
   101    131      1
   101    189      1
   102     70      1
   103     27      1
   103    289      1
   104     80      1
   104    250      1
   105     67      1
   105    219      1
   106     25      1
   106    137      1
   106    155      1
   106    281      1
   107     81      1
   108     98      1
   109     76      1
   109    138      1
   109    166      1
   110     96      1
   111     66      1
   112     50      1
   112    206      1
   113     20      1
   113    273      1
   114     86      1
   114    132      1
   115     92      1
   115    207      1
   115    215      1
   116     68      1
   116    146      1
   116    168      1
   117     60      1
   118    100      1
   118    237      1
   119     16      1
   120     29      1
   120    129      1
   120    223      1
   120    298      1
   121      9      1
   121    180      1
   121    225      1
   122      5      1
   123     42      1
   123    141      1
   124     91      1
   124    253      1
   125     38      1
   126     43      1
   126    171      1
   127     65      1
   128     19      1
   128    149      1
   129    120      1
   129    258      1
   130    101      1
   131    101      1
   131    186      1
   132    114      1
   132    270      1
   133      6      1
   133    194      1
   134     46      1
   134    188      1
   135     79      1
   135    158      1
   135    257      1
   136     23      1
   136    139      1
   136    199      1
   136    271      1
   137    106      1
   138    109      1
   139    136      1
   139    178      1
   140      4      1
   141    123      1
   142     32      1
   143     10      1
   143    148      1
   144     85      1
   145     98      1
   145    193      1
   146    116      1
   146    150      1
   146    252      1
   147     31      1
   147    152      1
   147    274      1
   148    143      1
   149    128      1
   149    229      1
   150    146      1
   151     49      1
   151    226      1
   152    147      1
   153     63      1
   154     44      1
   155    106      1
   156     40      1
   157     87      1
   157    288      1
   158    135      1
   159     37      1
   159    224      1
   160     63      1
   161      9      1
   161    209      1
   161    241      1
   162     83      1
   162    172      1
   163     79      1
   163    255      1
   163    261      1
   164     42      1
   164    198      1
   165     76      1
   165    259      1
   166    109      1
   167     47      1
   168    116      1
   168    230      1
   168    294      1
   169     98      1
   170     45      1
   171    126      1
   172    162      1
   172    183      1
   173      8      1
   174     46      1
   174    245      1
   175      5      1
   175    220      1
   176     93      1
   177     37      1
   177    269      1
   178    139      1
   179     54      1
   180    121      1
   180    200      1
   181     35      1
   182     26      1
   183    172      1
   184     28      1
   184    278      1
   185     88      1
   186    131      1
   186    249      1
   187     60      1
   188    134      1
   188    216      1
   189    101      1
   190     48      1
   190    196      1
   191     89      1
   192     11      1
   192    243      1
   193    145      1
   194    133      1
   195    100      1
   196    190      1
   197     16      1
   197    227      1
   198    164      1
   199    136      1
   199    264      1
   200    180      1
   200    221      1
   200    234      1
   200    238      1
   201     18      1
   201    268      1
   202     25      1
   203     81      1
   203    277      1
   204     35      1
   204    208      1
   205     13      1
   206    112      1
   207    115      1
   208    204      1
   209    161      1
   209    272      1
   210     16      1
   211     80      1
   212     77      1
   213      6      1
   214     20      1
   214    246      1
   214    297      1
   215    115      1
   216    188      1
   216    267      1
   217     28      1
   218     85      1
   219    105      1
   219    256      1
   220    175      1
   221    200      1
   222     33      1
   223    120      1
   223    228      1
   223    287      1
   224    159      1
   225    121      1
   226    151      1
   227    197      1
   228    223      1
   229    149      1
   230    168      1
   231     57      1
   232     36      1
   233     23      1
   234    200      1
   235     99      1
   236     14      1
   237    118      1
   237    265      1
   238    200      1
   239     30      1
   240     56      1
   241    161      1
   242     50      1
   243    192      1
   244     74      1
   244    266      1
   245    174      1
   246    214      1
   247     79      1
   247    295      1
   248     27      1
   249    186      1
   250    104      1
   251     99      1
   251    291      1
   252    146      1
   253    124      1
   254     51      1
   255    163      1
   256    219      1
   256    286      1
   257    135      1
   258    129      1
   259    165      1
   260     50      1
   261    163      1
   262     62      1
   263     71      1
   263    285      1
   264    199      1
   265    237      1
   266    244      1
   267    216      1
   267    283      1
   268    201      1
   269    177      1
   269    293      1
   270    132      1
   270    290      1
   271    136      1
   272    209      1
   273    113      1
   274    147      1
   275     10      1
   276     78      1
   277    203      1
   278    184      1
   279     12      1
   280     54      1
   281    106      1
   282      3      1
   283    267      1
   284     87      1
   285    263      1
   286    256      1
   287    223      1
   288    157      1
   289    103      1
   290    270      1
   291    251      1
   292     25      1
   293    269      1
   294    168      1
   295    247      1
   296     69      1
   297    214      1
   298    120      1
   299     17      1
