COORD_X_Y 65
 0.244865  0.932861
 0.733342  0.818532
  2.40911   0.34916
  1.09065   2.13305
 0.470658   2.07091
  2.63947  0.959369
  2.88021  0.141069
  2.55602   2.63908
  1.39535  0.899662
  1.68351   2.09881
  2.05624  0.580858
  2.40738   0.93747
 0.135751  0.900186
 0.172288   2.43486
  1.04186  0.776255
  2.66426   2.39876
 0.987274  0.188295
  1.01662  0.763413
 0.735077   2.21975
  1.05818   2.02049
   2.1656  0.969153
  2.78024   1.39039
 0.979951  0.419982
  0.58198   2.70381
  1.11717   1.24004
  1.17922   0.20666
  2.34773 0.0567497
 0.583639   2.59983
  2.99793   1.08713
    1.973   1.60026
  0.64417   2.59716
  2.83899    2.7954
 0.193083   2.08996
   2.0389  0.286592
  1.72303   1.79253
 0.420586   2.05591
  2.96134  0.196672
  1.62057  0.887289
  2.81718   0.49089
  2.78542   2.61233
  1.32174  0.350805
 0.998907  0.747262
  2.98074  0.028613
  1.93215   1.81984
  1.22757   1.82783
  2.81344   2.11288
  1.19956  0.286783
 0.890065  0.963491
   1.6014  0.572441
 0.951692  0.322249
  1.85949  0.333755
  2.43539  0.685126
   2.1701  0.511105
  1.22807   1.61416
 0.227759   2.41261
  1.80005   1.32963
   0.6904   1.00176
  1.22177   2.57452
 0.674875  0.872904
0.0618683   1.77323
0.0709808  0.215509
  2.90832  0.726674
  2.73061    2.2539
  1.51539  0.932116
   2.4856   1.84788
LINKS_SOURCE_DESTINATION_DISTANCE 128
     0      1      1
     0      3      1
     0      4      1
     0     13      1
     1      0      1
     1      2      1
     2      1      1
     2      7      1
     2      9      1
     2     18      1
     3      0      1
     3     44      1
     4      0      1
     4      5      1
     4      6      1
     4      8      1
     4     19      1
     4     25      1
     4     29      1
     5      4      1
     5     34      1
     6      4      1
     6     11      1
     6     17      1
     6     26      1
     6     40      1
     7      2      1
     8      4      1
     8     10      1
     8     15      1
     9      2      1
     9     22      1
     9     37      1
     9     64      1
    10      8      1
    10     20      1
    10     24      1
    10     30      1
    10     56      1
    10     63      1
    11      6      1
    11     12      1
    11     14      1
    11     16      1
    12     11      1
    13      0      1
    14     11      1
    15      8      1
    15     57      1
    15     60      1
    16     11      1
    16     21      1
    16     41      1
    17      6      1
    17     53      1
    18      2      1
    18     28      1
    18     59      1
    19      4      1
    19     38      1
    20     10      1
    20     39      1
    20     52      1
    21     16      1
    21     23      1
    22      9      1
    23     21      1
    23     27      1
    23     46      1
    24     10      1
    24     31      1
    24     51      1
    25      4      1
    25     32      1
    26      6      1
    27     23      1
    28     18      1
    29      4      1
    29     48      1
    29     49      1
    30     10      1
    30     50      1
    31     24      1
    31     43      1
    32     25      1
    32     33      1
    32     47      1
    32     55      1
    32     62      1
    33     32      1
    33     35      1
    34      5      1
    34     36      1
    35     33      1
    36     34      1
    37      9      1
    37     45      1
    38     19      1
    39     20      1
    39     42      1
    40      6      1
    40     54      1
    41     16      1
    42     39      1
    43     31      1
    44      3      1
    45     37      1
    46     23      1
    46     61      1
    47     32      1
    48     29      1
    49     29      1
    50     30      1
    51     24      1
    52     20      1
    52     58      1
    53     17      1
    54     40      1
    55     32      1
    56     10      1
    57     15      1
    58     52      1
    59     18      1
    60     15      1
    61     46      1
    62     32      1
    63     10      1
    64      9      1
