COORD_X_Y 15
  2.52562   1.99572
 0.156252    1.8921
  2.11269 0.0948839
  1.17632   1.18482
  1.72266   1.93213
0.0179479  0.613015
 0.554158   2.45598
  2.31743    2.2706
  2.04437  0.820949
  2.53124  0.317947
  1.38594   1.51803
  1.51945    2.9743
  2.36529    2.9088
   1.2559  0.486609
 0.077941   1.18049
LINKS_SOURCE_DESTINATION_DISTANCE 28
     0      1      1
     0      2      1
     0      4      1
     1      0      1
     1     12      1
     1     14      1
     2      0      1
     2      3      1
     3      2      1
     3      5      1
     3      7      1
     4      0      1
     4      6      1
     5      3      1
     5      8      1
     6      4      1
     6      9      1
     7      3      1
     7     10      1
     8      5      1
     9      6      1
    10      7      1
    10     11      1
    10     13      1
    11     10      1
    12      1      1
    13     10      1
    14      1      1
