COORD_X_Y 300
 0.211048  0.935604
 0.411572   2.03389
 0.301957   1.15786
 0.729979   2.09823
  1.78306  0.317202
 0.415215   1.10494
      2.3   2.03729
 0.905281  0.611111
  1.60175   2.56932
  1.98154   1.99174
  2.02107   1.01946
  1.52714   1.21625
 0.497212   2.67341
  2.87304   2.21764
   1.0979   2.83555
  1.94281   1.11951
  0.99337   1.55788
  1.29204    1.2584
  1.69921   1.06416
  0.39554   2.53656
  2.81387   1.80518
  1.98832   2.85996
 0.277751    2.0894
  2.14216   2.76512
  2.89774  0.110436
  2.87262   2.50289
  2.64669  0.798172
  1.84747  0.934979
   2.5447   2.34825
  1.76298   1.61924
  1.90372   2.26129
  2.91755  0.181408
 0.349414 0.00506346
 0.660677  0.793852
0.0750126   0.34959
  1.92675   2.58383
  1.02473   2.00447
  2.14029   2.82843
  2.33235   2.08989
 0.116131 0.0651884
  2.56314  0.687575
 0.578207   2.53118
0.0734509   1.57571
 0.165335   1.47165
0.0916112   2.97776
  2.09984   1.27591
  0.89591    1.6821
  1.63709   1.47759
  2.81754  0.424046
  1.64659   1.04897
  1.83599  0.720244
 0.784203  0.191384
  2.66802   1.10772
  1.97534   2.20006
  1.74943   2.88329
 0.629442   1.58676
  2.52604  0.842725
  2.96602   1.89267
  1.51636  0.803335
  2.80481  0.176378
  1.16386    2.2407
  1.66773   2.01045
 0.322909   1.80368
 0.254612   0.39933
 0.401236   1.95328
  2.13375   1.16927
  1.45885   1.95067
 0.967325    1.7365
  1.41115   1.27039
 0.417944   1.49603
 0.174577    2.6932
  1.69014  0.209839
  2.33459   1.45864
  1.00906   1.11844
  2.60051   2.73157
  2.19617  0.699028
  2.44526   2.68619
  0.25026   2.60406
  2.48192   1.85403
 0.389792   2.26345
  0.22698  0.192716
  2.34999  0.703949
  2.38028   1.51834
 0.903593   0.18376
  1.18679  0.212057
  1.05217  0.861888
  2.11337   2.70616
  1.77978  0.227545
 0.691685  0.242799
  2.73142   2.99218
 0.382272   1.68814
  2.72789  0.634718
  2.74185   2.35173
  2.66289  0.328106
 0.929535   1.27942
  2.00386   2.71608
  2.92723  0.737224
  1.90562   2.77035
 0.239923   2.57376
 0.330395  0.882495
0.0552551   1.86626
  1.44785    1.4944
  2.22863    1.0867
   2.2808  0.928045
 0.761649  0.866681
 0.394671   2.95517
  1.09552   1.60241
  1.73741   1.49816
  2.71913   1.51081
   1.5588   2.54435
 0.779042   1.01992
  1.43382   1.26787
  2.61324  0.862746
 0.771581  0.642501
  1.34685   2.29302
  2.72981   2.87693
  2.15562  0.615915
  1.39295  0.501839
  1.79132   2.23183
  0.46973  0.420618
  1.63425 0.0908726
  1.10128   1.27294
  1.97828   2.53239
  2.35715   1.15704
 0.797053  0.227175
  2.93322  0.361997
  2.25078   1.94969
  1.09353   2.80347
  2.65367   1.13361
  2.62772   1.20308
  1.97251  0.314096
  1.14478  0.842417
  1.24408   1.13184
  2.79861   2.90185
  2.08766   2.76989
  2.22184   1.90897
 0.467703   2.63046
  1.44913  0.701421
    1.569    2.7513
  2.48665   2.65562
  2.66331   1.90804
 0.281296   1.51129
  1.66142   1.55015
  2.85454   2.75876
  2.50172   1.41766
 0.222756   2.37249
   1.1346   1.50554
   1.7175   2.35198
  2.94862  0.842721
   2.0699  0.598877
   2.6352   0.61457
  1.60816   2.81198
  1.76255   2.06073
  2.34873  0.777068
 0.557005   2.10458
 0.443771  0.655316
  1.71658  0.622307
 0.852052   2.51779
 0.370215   2.97699
   2.5057 0.0882511
  1.01862   1.25356
 0.582193   2.85068
  1.31324  0.413706
  1.41183    0.1494
  2.56706   1.91488
  1.99289   1.90636
  1.56503  0.341482
  0.67232   0.33898
  0.57871  0.058284
  1.62317    2.3001
  1.86423  0.693415
  1.78283  0.404456
 0.614522  0.769002
  2.75201   0.97052
 0.558714   1.38777
  1.74174  0.921971
  1.31929  0.481348
 0.889219   1.87887
  1.49526 0.0294977
 0.415096   1.62798
  2.75329   2.63703
0.0723434   1.82234
  1.91955   1.86209
  1.93686   2.98173
  1.76432   1.19862
  2.24453   2.40698
 0.649764 0.0178746
 0.870433   2.09448
  2.04283   2.12902
  2.33906   1.74623
 0.161475    1.9199
  2.39239    1.3545
  1.36471   1.81024
   1.6306  0.349031
   1.6537  0.345221
  1.01276   2.14786
  2.17121   1.17076
  2.22824  0.768877
  2.52532  0.488052
  2.59041   1.07441
 0.395662  0.564364
  1.10187   1.30662
   0.2803    2.2797
  2.09154  0.348646
 0.704429   1.77301
   1.4364   0.32238
  1.23066   2.87942
  2.65298   0.77619
 0.838475    2.0749
  1.25395  0.695906
 0.033358   2.82731
  2.40316   0.38764
  2.69536 0.0402529
  1.70254 0.0934821
 0.173066   1.75427
  2.92674   1.87469
 0.871012  0.705552
  1.33111   2.65921
 0.377061  0.489364
  2.66247    2.8878
  2.03765  0.489588
  1.29069   2.67339
  2.55598    1.2898
  2.95812   2.24792
  2.11408   2.95409
 0.354934   2.80966
  2.09981   1.51221
  2.17603   1.12011
  1.32807   1.95387
  1.19276 0.0825145
  1.05492   2.23145
  2.53681  0.842163
  2.43285   2.09609
  2.40955   2.51978
 0.204775   1.27164
  1.43201   2.59449
0.0014435   1.37884
 0.175621   1.94295
  1.83367   2.24358
 0.653779   1.02137
  1.88199  0.874419
  0.02321    1.8009
 0.426195  0.608788
 0.464292   1.61828
  2.75163  0.659944
  1.45848  0.157797
 0.777295   1.66263
 0.487109  0.517708
  1.80146   2.66064
  1.78633 0.0526581
  1.53408   2.07073
  2.86472  0.464108
  2.68614   1.54361
 0.726946   1.43676
  1.10278   1.93532
 0.783393  0.958988
  0.84515   0.40953
  2.08116     1.844
 0.123634  0.613615
  1.60374   1.60471
 0.201776   2.43449
 0.849733   2.43296
  2.97064    1.5424
   1.8213   1.33889
 0.121017   1.29793
  1.21061   2.81742
  2.05666  0.322601
  1.50876   1.95028
  1.07564  0.639256
  1.25603   1.87788
   2.4405  0.980711
 0.921679   0.92825
  1.06803   2.24487
  2.36811   2.61288
  2.49333 0.0851837
   2.8628   1.71262
  1.42025   2.86381
 0.424097   2.90295
  1.16198   2.12639
  2.20326   1.12635
  2.28082   0.54993
 0.433518 0.0737118
   1.0983  0.928938
  2.19436   1.89953
 0.993441  0.290885
  1.50502   2.28213
 0.077496  0.750655
  2.46316  0.552053
  2.24823  0.392918
   2.2648    1.6086
  2.62553   2.32419
   2.1791    1.4345
 0.987055   2.59007
  2.91922   2.15908
  1.28073  0.277476
  1.78674   1.48788
 0.931512   1.71672
  1.34742    1.5594
  1.86285   2.79284
  1.10731   2.21448
LINKS_SOURCE_DESTINATION_DISTANCE 598
     0      1      1
     0      2      1
     0      5      1
     0     10      1
     0     11      1
     1      0      1
     1      3      1
     1      6      1
     1    121      1
     2      0      1
     2     41      1
     3      1      1
     3      4      1
     3     21      1
     3    122      1
     4      3      1
     4     14      1
     4     20      1
     4     42      1
     4     50      1
     4     61      1
     5      0      1
     5      7      1
     5     62      1
     5    257      1
     6      1      1
     6      8      1
     6      9      1
     6     12      1
     6     94      1
     7      5      1
     7     27      1
     7     30      1
     7     31      1
     7     56      1
     7     74      1
     7    256      1
     8      6      1
     8     28      1
     8     47      1
     8     68      1
     8    151      1
     8    182      1
     9      6      1
     9    246      1
    10      0      1
    10     15      1
    10     18      1
    10     35      1
    10     92      1
    10    102      1
    11      0      1
    11     17      1
    11     19      1
    11     89      1
    12      6      1
    12     13      1
    12     16      1
    12     23      1
    12     38      1
    12     45      1
    12    220      1
    13     12      1
    13     55      1
    13    197      1
    14      4      1
    14     90      1
    14    189      1
    15     10      1
    15     65      1
    15    127      1
    16     12      1
    16     37      1
    16     83      1
    16    251      1
    17     11      1
    17     33      1
    17     43      1
    17    137      1
    18     10      1
    18     25      1
    18     36      1
    18    142      1
    19     11      1
    19     76      1
    19    101      1
    19    113      1
    19    115      1
    19    190      1
    20      4      1
    20     22      1
    20     32      1
    20    212      1
    21      3      1
    21     29      1
    21    179      1
    22     20      1
    22     58      1
    22     72      1
    23     12      1
    23     24      1
    23     26      1
    23    120      1
    23    221      1
    24     23      1
    24    165      1
    25     18      1
    25     46      1
    25    128      1
    25    194      1
    26     23      1
    26     44      1
    26    252      1
    27      7      1
    27     34      1
    27     67      1
    27     97      1
    27    184      1
    27    273      1
    28      8      1
    28     81      1
    28     88      1
    29     21      1
    29     53      1
    30      7      1
    30     52      1
    30    149      1
    31      7      1
    31     49      1
    31     79      1
    31    218      1
    31    264      1
    32     20      1
    32     78      1
    33     17      1
    34     27      1
    34     48      1
    34     84      1
    34     86      1
    34     95      1
    34     98      1
    34    130      1
    34    141      1
    35     10      1
    35     87      1
    36     18      1
    36    108      1
    36    125      1
    36    152      1
    36    186      1
    37     16      1
    37     40      1
    37    107      1
    38     12      1
    38     39      1
    38     57      1
    38    117      1
    39     38      1
    39    146      1
    39    271      1
    39    296      1
    40     37      1
    40    111      1
    41      2      1
    41     51      1
    41    174      1
    42      4      1
    43     17      1
    43    162      1
    43    199      1
    43    205      1
    44     26      1
    44     54      1
    44     82      1
    44    123      1
    44    126      1
    44    145      1
    44    159      1
    45     12      1
    45     60      1
    46     25      1
    46    209      1
    46    255      1
    47      8      1
    47    226      1
    48     34      1
    48     70      1
    48     85      1
    49     31      1
    50      4      1
    50    175      1
    50    204      1
    51     41      1
    52     30      1
    52     71      1
    53     29      1
    53     73      1
    53     75      1
    53     91      1
    53    112      1
    53    281      1
    54     44      1
    54     66      1
    54    156      1
    55     13      1
    55     59      1
    55    110      1
    55    164      1
    55    213      1
    56      7      1
    56     64      1
    56    116      1
    56    173      1
    57     38      1
    57     63      1
    57    241      1
    58     22      1
    58    210      1
    58    243      1
    58    298      1
    59     55      1
    60     45      1
    60    158      1
    61      4      1
    61    236      1
    62      5      1
    62    105      1
    63     57      1
    64     56      1
    64    187      1
    65     15      1
    66     54      1
    66    269      1
    67     27      1
    67     69      1
    67    129      1
    67    171      1
    67    284      1
    68      8      1
    69     67      1
    70     48      1
    70     93      1
    70    106      1
    71     52      1
    72     22      1
    72    188      1
    72    200      1
    73     53      1
    73    109      1
    73    139      1
    73    155      1
    73    176      1
    73    239      1
    74      7      1
    74     77      1
    74    100      1
    75     53      1
    75    104      1
    76     19      1
    77     74      1
    78     32      1
    78     80      1
    78    198      1
    79     31      1
    80     78      1
    81     28      1
    81    160      1
    81    217      1
    82     44      1
    82    167      1
    83     16      1
    84     34      1
    84    289      1
    85     48      1
    85    150      1
    86     34      1
    86     96      1
    86    196      1
    86    214      1
    87     35      1
    87    103      1
    87    119      1
    87    223      1
    88     28      1
    89     11      1
    89     99      1
    89    133      1
    90     14      1
    91     53      1
    91    206      1
    92     10      1
    93     70      1
    93    185      1
    94      6      1
    94    237      1
    95     34      1
    96     86      1
    96    215      1
    97     27      1
    98     34      1
    98    168      1
    98    275      1
    99     89      1
    99    143      1
   100     74      1
   101     19      1
   102     10      1
   102    178      1
   103     87      1
   103    234      1
   104     75      1
   105     62      1
   105    134      1
   106     70      1
   106    180      1
   107     37      1
   107    219      1
   107    280      1
   108     36      1
   108    124      1
   109     73      1
   109    166      1
   109    299      1
   110     55      1
   110    131      1
   110    138      1
   110    259      1
   111     40      1
   111    161      1
   112     53      1
   112    118      1
   113     19      1
   113    114      1
   114    113      1
   114    170      1
   115     19      1
   115    294      1
   116     56      1
   117     38      1
   118    112      1
   118    201      1
   118    265      1
   118    272      1
   119     87      1
   119    172      1
   120     23      1
   120    147      1
   121      1      1
   122      3      1
   122    140      1
   122    195      1
   122    227      1
   122    238      1
   123     44      1
   124    108      1
   125     36      1
   125    135      1
   126     44      1
   127     15      1
   127    132      1
   127    154      1
   128     25      1
   129     67      1
   130     34      1
   130    163      1
   130    183      1
   131    110      1
   132    127      1
   133     89      1
   133    157      1
   133    254      1
   134    105      1
   134    148      1
   135    125      1
   135    136      1
   136    135      1
   137     17      1
   138    110      1
   139     73      1
   140    122      1
   140    144      1
   141     34      1
   141    191      1
   141    268      1
   142     18      1
   143     99      1
   143    230      1
   144    140      1
   144    207      1
   144    232      1
   145     44      1
   146     39      1
   146    288      1
   147    120      1
   147    169      1
   147    203      1
   147    229      1
   147    290      1
   148    134      1
   148    287      1
   149     30      1
   150     85      1
   150    225      1
   151      8      1
   151    153      1
   152     36      1
   152    261      1
   153    151      1
   154    127      1
   154    208      1
   154    224      1
   155     73      1
   156     54      1
   157    133      1
   158     60      1
   159     44      1
   160     81      1
   161    111      1
   162     43      1
   162    192      1
   162    283      1
   163    130      1
   163    177      1
   164     55      1
   165     24      1
   166    109      1
   166    270      1
   167     82      1
   167    240      1
   168     98      1
   168    202      1
   168    231      1
   168    242      1
   169    147      1
   170    114      1
   171     67      1
   171    285      1
   172    119      1
   173     56      1
   174     41      1
   175     50      1
   175    193      1
   176     73      1
   176    181      1
   176    276      1
   177    163      1
   177    260      1
   178    102      1
   178    235      1
   178    249      1
   179     21      1
   179    216      1
   180    106      1
   181    176      1
   182      8      1
   182    274      1
   183    130      1
   183    248      1
   184     27      1
   185     93      1
   186     36      1
   187     64      1
   188     72      1
   189     14      1
   190     19      1
   190    278      1
   191    141      1
   191    267      1
   192    162      1
   193    175      1
   194     25      1
   194    295      1
   195    122      1
   196     86      1
   197     13      1
   198     78      1
   199     43      1
   199    277      1
   200     72      1
   201    118      1
   201    262      1
   202    168      1
   203    147      1
   204     50      1
   205     43      1
   206     91      1
   206    222      1
   207    144      1
   207    211      1
   207    282      1
   208    154      1
   209     46      1
   210     58      1
   210    253      1
   211    207      1
   212     20      1
   213     55      1
   214     86      1
   215     96      1
   216    179      1
   217     81      1
   218     31      1
   218    247      1
   219    107      1
   219    245      1
   219    263      1
   220     12      1
   221     23      1
   222    206      1
   223     87      1
   224    154      1
   225    150      1
   226     47      1
   226    228      1
   226    266      1
   227    122      1
   228    226      1
   228    233      1
   228    293      1
   229    147      1
   229    291      1
   230    143      1
   231    168      1
   231    244      1
   232    144      1
   233    228      1
   234    103      1
   235    178      1
   236     61      1
   237     94      1
   238    122      1
   238    297      1
   239     73      1
   240    167      1
   240    258      1
   241     57      1
   242    168      1
   243     58      1
   244    231      1
   245    219      1
   246      9      1
   247    218      1
   248    183      1
   249    178      1
   249    250      1
   250    249      1
   251     16      1
   251    279      1
   252     26      1
   253    210      1
   254    133      1
   255     46      1
   256      7      1
   257      5      1
   258    240      1
   259    110      1
   260    177      1
   261    152      1
   262    201      1
   263    219      1
   264     31      1
   265    118      1
   266    226      1
   267    191      1
   268    141      1
   269     66      1
   270    166      1
   271     39      1
   271    286      1
   272    118      1
   273     27      1
   274    182      1
   275     98      1
   275    292      1
   276    176      1
   277    199      1
   278    190      1
   279    251      1
   280    107      1
   281     53      1
   282    207      1
   283    162      1
   284     67      1
   285    171      1
   286    271      1
   287    148      1
   288    146      1
   289     84      1
   290    147      1
   291    229      1
   292    275      1
   293    228      1
   294    115      1
   295    194      1
   296     39      1
   297    238      1
   298     58      1
   299    109      1
