COORD_X_Y 100
  1.38363   1.87125
 0.882155  0.386524
 0.360875   2.44698
   1.0108  0.172627
  1.89169   1.80201
  1.61291   1.30056
  1.99472   2.47283
 0.284096    2.1392
  2.44075  0.417156
  1.89374   1.95235
 0.390435   2.78065
 0.242056  0.367259
 0.845943   1.65011
  1.97261   1.26366
  1.12705   1.13119
  1.97719 0.0788728
 0.280841   1.74085
 0.299708  0.429189
  1.09253   1.09138
  1.16311  0.468335
 0.627908  0.467912
  2.06912   2.56784
  1.46807   1.60732
  2.96942  0.863204
  1.18222  0.424838
  1.29726  0.172067
  2.06387  0.724381
  1.72208  0.236038
  1.31116    1.9505
  1.43552   1.57644
  2.21737  0.348853
 0.869948   0.43705
  2.81611   1.53409
  2.71592   2.50316
   2.9696   2.00676
 0.420261   2.04167
  1.94675    2.1117
 0.510521  0.285865
   1.8719   2.91468
  1.84678   1.79402
 0.213619   1.77626
0.0342624   2.70932
  2.50697   2.69555
  2.95888   2.65865
   2.7294    2.2879
 0.458492  0.967814
  0.20848 0.0722464
  2.23423   2.71814
  2.19437   1.37738
 0.773828    2.2325
 0.802773  0.208029
 0.665269  0.667273
 0.637031   1.63459
 0.528932   1.42592
   2.4849   1.79267
  1.36443  0.166974
  2.00521   1.78743
  1.63105 0.0598395
  1.94797   2.19547
  2.13455   2.00791
 0.817916    2.8671
 0.244909   2.08426
 0.791188   2.44894
 0.387737   1.71441
  0.16027   1.17199
  1.52176  0.225145
   1.4997   2.08297
  1.28336   2.40583
  1.73337   2.44813
 0.565959    1.7081
  2.40932   1.51276
  2.77295      1.19
 0.729014   1.72454
  2.59383  0.720506
   1.3703   2.72778
 0.894344   1.75495
  1.40655  0.606001
  2.73547   1.32965
  1.47113   2.94184
  1.06959  0.177304
  1.49384   2.04938
 0.851534   1.18119
  1.57336  0.875508
0.0425862   2.09542
  1.83354   1.42164
0.0155164   2.71378
 0.593714  0.730731
 0.787459   2.46191
 0.809882   0.36896
 0.281182   1.88326
 0.459129   2.32224
  1.38922   1.95085
 0.119085   1.79176
 0.123788   1.62125
  1.16116  0.380809
  1.26002  0.229916
  1.35402   1.73131
 0.149031   2.48974
  2.37333  0.109875
  2.22965   2.98531
LINKS_SOURCE_DESTINATION_DISTANCE 198
     0      1      1
     0      3      1
     0     21      1
     0     71      1
     1      0      1
     1      2      1
     1     11      1
     1     49      1
     2      1      1
     2      5      1
     2      8      1
     2     14      1
     2     37      1
     3      0      1
     3      4      1
     3     12      1
     4      3      1
     4      7      1
     4     19      1
     4     24      1
     5      2      1
     5      6      1
     5     10      1
     5     73      1
     6      5      1
     6      9      1
     6     13      1
     6     15      1
     6     16      1
     6     39      1
     6     41      1
     7      4      1
     7     17      1
     8      2      1
     8     18      1
     8     44      1
     8     55      1
     8     79      1
     9      6      1
     9     28      1
    10      5      1
    10     26      1
    10     36      1
    10     99      1
    11      1      1
    11     23      1
    11     25      1
    11     45      1
    12      3      1
    12     27      1
    12     89      1
    12     96      1
    13      6      1
    13     43      1
    13     46      1
    14      2      1
    14     60      1
    15      6      1
    15     22      1
    15     31      1
    15     47      1
    16      6      1
    16     20      1
    16     90      1
    17      7      1
    17     29      1
    17     88      1
    18      8      1
    18     38      1
    19      4      1
    20     16      1
    20     58      1
    20     66      1
    21      0      1
    22     15      1
    23     11      1
    24      4      1
    24     30      1
    24     35      1
    25     11      1
    25     32      1
    25     40      1
    25     42      1
    25     51      1
    26     10      1
    26     34      1
    26     59      1
    26     72      1
    27     12      1
    27     62      1
    27     63      1
    28      9      1
    29     17      1
    29     83      1
    30     24      1
    30     33      1
    30     64      1
    30     74      1
    31     15      1
    32     25      1
    33     30      1
    33     97      1
    34     26      1
    34     68      1
    34     84      1
    35     24      1
    36     10      1
    36     48      1
    36     52      1
    37      2      1
    37     76      1
    38     18      1
    38     85      1
    38     91      1
    39      6      1
    39     50      1
    40     25      1
    41      6      1
    41     65      1
    41     92      1
    42     25      1
    42     70      1
    43     13      1
    44      8      1
    45     11      1
    45     75      1
    46     13      1
    46     56      1
    46     80      1
    46     95      1
    47     15      1
    47     53      1
    48     36      1
    49      1      1
    49     93      1
    50     39      1
    50     67      1
    51     25      1
    52     36      1
    52     54      1
    52     78      1
    52     87      1
    53     47      1
    53     61      1
    53     81      1
    54     52      1
    54     57      1
    55      8      1
    55     69      1
    56     46      1
    57     54      1
    58     20      1
    59     26      1
    60     14      1
    61     53      1
    62     27      1
    63     27      1
    64     30      1
    65     41      1
    66     20      1
    66     86      1
    67     50      1
    67     82      1
    68     34      1
    69     55      1
    70     42      1
    71      0      1
    72     26      1
    72     77      1
    73      5      1
    74     30      1
    75     45      1
    76     37      1
    77     72      1
    78     52      1
    79      8      1
    80     46      1
    81     53      1
    82     67      1
    83     29      1
    83     94      1
    84     34      1
    85     38      1
    86     66      1
    87     52      1
    87     98      1
    88     17      1
    89     12      1
    90     16      1
    91     38      1
    92     41      1
    93     49      1
    94     83      1
    95     46      1
    96     12      1
    97     33      1
    98     87      1
    99     10      1
