COORD_X_Y 300
  1.78181    2.3973
 0.933537  0.389945
 0.358677   1.34399
 0.723568   2.69081
    2.579   1.58919
  1.93404    2.6547
   2.9126  0.385882
  2.06572  0.623599
  1.21188  0.888007
  1.44297  0.308149
  2.06875   2.15746
  1.29991   1.95535
  1.71047   1.59347
  1.71153  0.881578
 0.126755   2.45678
  1.93286 0.0400089
 0.101275   1.29016
 0.205968  0.345887
  1.25045   1.06703
  2.35162  0.429262
 0.566912    2.7066
 0.270897   2.90257
  1.85564   2.59013
  2.43974   1.93325
 0.558153 0.0852532
 0.821727   1.03883
  1.93449   1.62253
  2.12824   2.34821
  1.07452  0.973592
  1.64299   1.74307
  2.23552   2.28713
  1.96333   2.21627
  2.44379   2.28561
  2.73266  0.337694
 0.430302   2.95326
0.0120119   2.25368
  1.35627   1.43195
 0.103442  0.497888
  1.50822   1.01422
   1.0054   1.99304
    2.532   2.71471
  1.60309   1.93181
  1.01263  0.591929
  2.18654   1.11117
  2.07289   1.54208
  1.71814   2.51529
  1.82498   2.69791
     2.76   1.27957
   1.9696   1.55666
0.0466942   1.60608
 0.373546   2.08397
  1.04362    1.1029
  2.73826   1.29284
 0.684941   1.68277
  2.33765  0.340304
0.0716334   2.38964
  2.61416  0.613925
  1.43478  0.720182
 0.418019   2.36841
  1.99929  0.578156
 0.116287   2.19396
  1.67914   2.31115
   2.2574   1.11443
 0.271333   0.37027
 0.450377   1.54635
   1.2042   1.69348
0.0706825   1.08386
   1.5332  0.807518
 0.533021   2.45071
   1.8782  0.228947
 0.413318   2.46463
  1.84745   2.57015
   2.8191  0.182983
 0.383036   2.64552
  2.93835   2.52369
  1.39141   1.12102
 0.332678  0.136591
   2.3336   1.34647
  2.70892   1.43157
  2.64601    2.8542
  2.11821   2.48841
  2.91364  0.954967
 0.863324   2.32353
  1.80986  0.179166
0.0162876   2.35341
   1.6813 0.0968004
  2.51098  0.946577
  2.53008    2.6221
  1.83795   1.14954
  2.24444  0.603575
  2.58316    2.3625
  1.37165   1.53555
 0.857426   1.73783
  1.58884   1.92893
 0.362994   2.25682
  1.67628   2.54136
  2.98943   1.26582
 0.795407   1.34164
   1.7965  0.771584
  1.24581    2.5561
   2.1961   1.64196
 0.128551   2.88477
   1.4464  0.384616
  2.02051   1.63691
  1.61688   1.24381
  1.77213   1.79085
  1.28959  0.736785
  1.86958   2.63864
 0.586804   2.85062
 0.851485  0.206899
  2.87699   2.42057
 0.517494   2.90744
  1.96022   2.54666
   1.7367  0.300981
  1.89995    2.5617
 0.330647    1.8352
  2.48093    2.6328
  1.42122    2.6303
 0.431218   1.19571
  2.10835 0.0830858
   2.2544  0.800914
  2.96726 0.0173992
  2.13966  0.636744
  2.77943   1.38776
  2.15777   2.59278
  1.86027  0.877202
 0.273955  0.240195
  2.17606   2.45087
  1.95303  0.421561
  2.35368  0.787507
0.0180575   1.96365
   1.8962  0.057859
  2.37197   2.63297
  2.87373  0.523719
  2.58308   1.52999
   1.0872   2.18959
  2.23264  0.960516
  1.05011   1.07966
 0.172274  0.865661
  1.39472   2.12244
  2.57416   2.99892
  2.26558   2.59558
  1.28655   2.60779
  1.10643  0.413975
  1.40853    1.9254
 0.122514   0.52681
0.0483698   2.36326
  0.31599  0.209773
  2.24111  0.338048
  1.73133   2.35534
0.0591994   1.39164
  2.76051    1.5047
 0.180105   1.62768
  0.43516  0.597406
  1.54696  0.926617
  1.44637  0.753103
 0.345084  0.194174
  2.02478  0.094307
 0.512649  0.249609
  2.29156    1.4422
  2.18441  0.774284
  2.22436  0.103104
 0.332356   1.63427
  0.16611   1.46621
 0.478527  0.587612
 0.209902   1.58728
  1.16787   1.99571
  2.59121   2.93109
  0.50778    1.3952
0.0770656   1.50347
  1.52802   1.18815
  2.52512  0.205325
  2.31474   2.50695
  2.47486   2.24719
  1.93113   1.10215
  2.68081  0.297954
  2.73861   2.92073
  1.19145  0.225102
  2.56194    1.4136
0.0676074  0.090698
 0.411863  0.906991
  2.69188   1.52944
  2.39709   2.14534
  2.66483   1.26648
  1.13644  0.219123
  2.61141   2.04736
  1.85748   1.26041
  2.07989   2.30743
  0.94875  0.378472
  1.36861   2.26364
 0.539502  0.843589
  1.85227   1.60777
  2.29728    1.3166
  1.27112   2.08204
  2.82493   1.05368
 0.693552   2.39657
  1.57554   2.28293
  2.68296   2.70984
  2.95554   2.42679
   1.6635  0.796524
  2.86146   1.86947
   1.4771  0.261182
  1.29397  0.206844
 0.675975   0.62982
 0.378457   1.19565
  0.45932   1.28387
  0.45892  0.222675
  1.74522 0.0831975
  1.13233   1.73927
  2.90419  0.911448
  2.31531   2.18567
  1.72171    1.2428
 0.728244   1.16158
 0.343943  0.602426
 0.156107   1.92528
   2.8443  0.508012
  2.96115  0.586051
  2.24772   2.06349
 0.615792  0.554321
  2.06465   2.43766
 0.235568   2.98046
0.0446865   1.38238
  1.40799   1.10212
  2.31613  0.228915
  2.85741   1.14262
  2.31247   1.66817
 0.455271   2.26576
0.0196106   0.31282
 0.302657   1.83469
  1.87616   2.54814
  2.52472   1.53644
 0.260394   2.11814
 0.580322  0.222943
 0.466872   2.82105
 0.113609   1.44207
  1.79022  0.388398
  2.04817   2.44022
 0.440155   1.20848
 0.638616  0.805734
  2.51028 0.0168163
 0.184637   2.98339
  1.13087   2.57365
  2.89123    2.3777
  1.77061   2.77433
  2.98919  0.743104
   2.2029   1.39422
 0.696509  0.740531
  2.12383  0.297386
  2.99711   1.95998
0.0852059   2.37246
 0.549353   1.65789
  1.51627   2.13873
  1.64677    1.9348
  2.83342   2.69119
  1.52898   2.73672
  2.18907   2.96128
  2.31488  0.314158
  1.45489   1.37652
  1.43679  0.324206
 0.466636   1.45852
 0.344776   1.96308
  1.72235   2.70813
  2.08599  0.904138
  1.47896   2.46124
  0.78668  0.193922
  1.46202  0.245818
 0.604862  0.851872
  2.03296    1.1849
  1.70371   2.55594
  1.80225   1.67738
  0.70892   2.16331
  1.44694   1.98171
 0.399948  0.475191
  2.74608   2.76078
 0.291032   2.42244
 0.923043   2.70173
 0.755325   2.05281
 0.521738  0.445819
 0.311707  0.418535
 0.233675  0.992264
  1.57588  0.495593
 0.188464   2.67291
  2.86903   0.80349
   2.7027   1.41883
  2.76289    2.0156
 0.201821   1.51529
0.0705424   2.27217
  1.33407   1.93784
  1.73189   1.23192
  1.68981   2.39985
0.000179436  0.350909
 0.708564    2.1609
  2.24137  0.756082
 0.637909   1.95672
  1.20519   2.01267
  0.49333  0.449212
  1.38394   1.14558
 0.585959   2.63259
 0.748775  0.289014
 0.753233   1.92879
LINKS_SOURCE_DESTINATION_DISTANCE 598
     0      1      1
     0      4      1
     0     25      1
     0     64      1
     1      0      1
     1      2      1
     1      5      1
     1      6      1
     1     14      1
     1     35      1
     1     37      1
     1     59      1
     1     78      1
     2      1      1
     2      3      1
     2      8      1
     2     17      1
     2     19      1
     2     81      1
     2    150      1
     2    178      1
     3      2      1
     3      7      1
     3     12      1
     4      0      1
     4     16      1
     4     30      1
     4     36      1
     4     73      1
     4    153      1
     5      1      1
     5      9      1
     5     11      1
     5     28      1
     5    148      1
     5    159      1
     6      1      1
     6     15      1
     6     20      1
     6     21      1
     6    192      1
     6    195      1
     7      3      1
     7     10      1
     7     45      1
     7    124      1
     8      2      1
     8    137      1
     8    147      1
     9      5      1
     9     22      1
     9     57      1
     9    237      1
    10      7      1
    10     29      1
    11      5      1
    11     13      1
    11     23      1
    11     34      1
    11     53      1
    11     97      1
    12      3      1
    12     76      1
    13     11      1
    13     33      1
    13     74      1
    13     84      1
    14      1      1
    14     43      1
    14     58      1
    14     70      1
    15      6      1
    15     24      1
    15     48      1
    15     56      1
    16      4      1
    16    138      1
    16    267      1
    17      2      1
    17     18      1
    17     65      1
    17     86      1
    17    140      1
    17    235      1
    17    260      1
    18     17      1
    18     31      1
    18     39      1
    18     96      1
    18    189      1
    18    296      1
    19      2      1
    19     46      1
    19    170      1
    19    214      1
    20      6      1
    20     41      1
    21      6      1
    21     32      1
    21    284      1
    22      9      1
    22     42      1
    23     11      1
    23     26      1
    23    102      1
    24     15      1
    24    141      1
    24    174      1
    25      0      1
    25     27      1
    25    111      1
    25    126      1
    26     23      1
    26     61      1
    26     87      1
    26     95      1
    26    167      1
    26    295      1
    27     25      1
    28      5      1
    29     10      1
    29     38      1
    29    155      1
    29    273      1
    30      4      1
    30     63      1
    31     18      1
    32     21      1
    32     52      1
    32     55      1
    32    272      1
    33     13      1
    34     11      1
    34    106      1
    34    129      1
    35      1      1
    35     40      1
    35     66      1
    35    107      1
    36      4      1
    36     44      1
    36    210      1
    36    220      1
    37      1      1
    37    125      1
    38     29      1
    38     47      1
    38    121      1
    38    212      1
    39     18      1
    39     54      1
    39     75      1
    39     82      1
    39    112      1
    40     35      1
    40     68      1
    40    202      1
    41     20      1
    41     49      1
    41     50      1
    41     60      1
    41     91      1
    41    101      1
    41    245      1
    41    278      1
    42     22      1
    42     71      1
    42    211      1
    43     14      1
    43    115      1
    43    135      1
    44     36      1
    44    187      1
    45      7      1
    45    240      1
    45    254      1
    45    292      1
    46     19      1
    47     38      1
    47     72      1
    47     83      1
    47     92      1
    47    185      1
    47    208      1
    47    268      1
    47    287      1
    48     15      1
    48    145      1
    48    160      1
    48    175      1
    49     41      1
    49     51      1
    49    113      1
    49    119      1
    50     41      1
    50    105      1
    50    154      1
    51     49      1
    52     32      1
    52     62      1
    52     94      1
    52    108      1
    53     11      1
    53     69      1
    53    130      1
    53    181      1
    53    197      1
    54     39      1
    55     32      1
    55    104      1
    55    276      1
    55    286      1
    56     15      1
    57      9      1
    58     14      1
    59      1      1
    59     77      1
    59    109      1
    59    116      1
    60     41      1
    60     85      1
    61     26      1
    62     52      1
    62    156      1
    63     30      1
    63     88      1
    64      0      1
    64     79      1
    64    133      1
    64    171      1
    64    179      1
    65     17      1
    65    217      1
    66     35      1
    66     67      1
    66    127      1
    66    139      1
    66    169      1
    67     66      1
    67     98      1
    67    110      1
    68     40      1
    68     80      1
    68    177      1
    69     53      1
    70     14      1
    70    136      1
    71     42      1
    72     47      1
    72     99      1
    73      4      1
    73    103      1
    73    164      1
    74     13      1
    74    190      1
    74    229      1
    75     39      1
    75    196      1
    75    289      1
    76     12      1
    76     89      1
    76    157      1
    76    204      1
    77     59      1
    78      1      1
    78     90      1
    78     93      1
    78    144      1
    78    231      1
    78    291      1
    79     64      1
    79    122      1
    79    128      1
    80     68      1
    80    194      1
    81      2      1
    82     39      1
    82    100      1
    82    142      1
    82    205      1
    83     47      1
    83    132      1
    84     13      1
    85     60      1
    85    200      1
    86     17      1
    87     26      1
    88     63      1
    88    158      1
    88    188      1
    89     76      1
    89    183      1
    90     78      1
    91     41      1
    91    246      1
    92     47      1
    93     78      1
    93    146      1
    94     52      1
    95     26      1
    95    117      1
    95    293      1
    96     18      1
    97     11      1
    98     67      1
    98    114      1
    98    271      1
    99     72      1
    99    131      1
   100     82      1
   100    134      1
   101     41      1
   101    206      1
   101    266      1
   102     23      1
   102    120      1
   102    180      1
   102    222      1
   103     73      1
   104     55      1
   105     50      1
   105    151      1
   105    299      1
   106     34      1
   106    123      1
   106    219      1
   107     35      1
   107    162      1
   108     52      1
   109     59      1
   109    250      1
   110     67      1
   111     25      1
   111    249      1
   112     39      1
   112    244      1
   113     49      1
   114     98      1
   114    118      1
   115     43      1
   116     59      1
   117     95      1
   118    114      1
   118    259      1
   119     49      1
   120    102      1
   120    225      1
   121     38      1
   122     79      1
   122    243      1
   122    251      1
   123    106      1
   124      7      1
   125     37      1
   126     25      1
   126    186      1
   126    193      1
   127     66      1
   127    184      1
   127    191      1
   128     79      1
   129     34      1
   130     53      1
   130    199      1
   131     99      1
   132     83      1
   132    165      1
   133     64      1
   133    232      1
   134    100      1
   134    143      1
   134    152      1
   135     43      1
   135    203      1
   136     70      1
   136    218      1
   137      8      1
   137    176      1
   138     16      1
   139     66      1
   139    216      1
   140     17      1
   140    242      1
   141     24      1
   141    223      1
   142     82      1
   143    134      1
   143    173      1
   144     78      1
   144    168      1
   145     48      1
   146     93      1
   146    227      1
   147      8      1
   147    149      1
   148      5      1
   149    147      1
   149    182      1
   149    198      1
   150      2      1
   150    207      1
   151    105      1
   151    163      1
   151    172      1
   151    241      1
   152    134      1
   152    161      1
   153      4      1
   154     50      1
   155     29      1
   155    239      1
   156     62      1
   157     76      1
   157    209      1
   158     88      1
   159      5      1
   160     48      1
   160    238      1
   161    152      1
   161    221      1
   162    107      1
   163    151      1
   164     73      1
   164    236      1
   165    132      1
   165    166      1
   166    165      1
   166    230      1
   167     26      1
   168    144      1
   168    213      1
   169     66      1
   170     19      1
   171     64      1
   172    151      1
   173    143      1
   174     24      1
   175     48      1
   175    234      1
   176    137      1
   177     68      1
   177    248      1
   177    270      1
   177    282      1
   178      2      1
   178    262      1
   179     64      1
   179    201      1
   180    102      1
   181     53      1
   182    149      1
   183     89      1
   184    127      1
   184    285      1
   185     47      1
   186    126      1
   187     44      1
   187    256      1
   188     88      1
   189     18      1
   190     74      1
   191    127      1
   192      6      1
   193    126      1
   193    275      1
   194     80      1
   194    263      1
   195      6      1
   196     75      1
   197     53      1
   198    149      1
   199    130      1
   200     85      1
   201    179      1
   201    257      1
   202     40      1
   202    264      1
   203    135      1
   203    258      1
   204     76      1
   205     82      1
   205    215      1
   206    101      1
   206    265      1
   207    150      1
   207    226      1
   208     47      1
   209    157      1
   210     36      1
   211     42      1
   211    233      1
   211    297      1
   212     38      1
   212    228      1
   213    168      1
   214     19      1
   215    205      1
   216    139      1
   217     65      1
   218    136      1
   218    224      1
   219    106      1
   220     36      1
   221    161      1
   222    102      1
   223    141      1
   224    218      1
   225    120      1
   226    207      1
   226    298      1
   227    146      1
   227    294      1
   228    212      1
   228    283      1
   229     74      1
   229    255      1
   230    166      1
   231     78      1
   231    274      1
   232    133      1
   232    253      1
   233    211      1
   234    175      1
   235     17      1
   236    164      1
   237      9      1
   238    160      1
   238    247      1
   239    155      1
   240     45      1
   241    151      1
   241    252      1
   242    140      1
   243    122      1
   244    112      1
   245     41      1
   246     91      1
   247    238      1
   248    177      1
   248    261      1
   249    111      1
   250    109      1
   251    122      1
   252    241      1
   252    290      1
   253    232      1
   254     45      1
   255    229      1
   256    187      1
   256    279      1
   257    201      1
   258    203      1
   259    118      1
   260     17      1
   261    248      1
   262    178      1
   262    277      1
   263    194      1
   264    202      1
   264    288      1
   265    206      1
   265    269      1
   266    101      1
   267     16      1
   268     47      1
   269    265      1
   270    177      1
   270    280      1
   271     98      1
   272     32      1
   273     29      1
   274    231      1
   275    193      1
   276     55      1
   276    281      1
   277    262      1
   278     41      1
   279    256      1
   280    270      1
   281    276      1
   282    177      1
   283    228      1
   284     21      1
   285    184      1
   286     55      1
   287     47      1
   288    264      1
   289     75      1
   290    252      1
   291     78      1
   292     45      1
   293     95      1
   294    227      1
   295     26      1
   296     18      1
   297    211      1
   298    226      1
   299    105      1
