COORD_X_Y 65
 0.207991   2.28233
  1.97889  0.293377
  1.25848   2.75296
  1.26022  0.469865
 0.176974   2.91029
 0.709553  0.764007
  1.49697  0.796326
 0.339263  0.317741
  2.96835   2.04496
 0.549295   1.94074
  1.38646   2.81449
  2.19862   2.11731
  1.90496   2.86107
 0.480189  0.781295
 0.481929  0.509063
  1.54767  0.368446
  1.42687   2.46325
  2.75175  0.783943
   2.0977   2.78488
  2.88279   2.67191
  1.92979   1.40227
  2.15806   2.38714
  1.76118   1.46118
    1.723   2.82487
 0.243035   1.12604
  1.69213   0.13299
  2.50842   2.08615
  2.82006   2.17896
  2.29104   1.15983
 0.764787   2.08909
  2.44317   1.83482
 0.379894   2.31604
  1.94783  0.617713
  1.35207   2.42978
  2.66857  0.251695
  2.27398   1.23849
  1.01188 0.0141192
  2.94529   2.30263
  2.65347  0.554622
  2.79716  0.656295
  2.31275   1.38494
  2.02471  0.525313
  1.33065   0.18192
  1.20766  0.169659
 0.818726    2.9962
  2.28698  0.152465
 0.436293   1.97382
  1.57775   1.97844
 0.904126   1.55533
   1.1781   1.62212
  1.85765   2.11339
  1.22445   1.28485
  1.46683  0.807188
  0.57988   0.69427
  0.66674  0.249624
  1.29821     0.135
 0.591438  0.131173
  2.77097    2.2783
  1.55734  0.693938
 0.674739   2.82497
 0.259832   1.89538
  2.59181  0.855885
  1.25774   2.50304
 0.333569   2.75829
  1.32837   1.69455
LINKS_SOURCE_DESTINATION_DISTANCE 128
     0      1      1
     0      3      1
     0      7      1
     0     12      1
     0     37      1
     1      0      1
     1      2      1
     1      4      1
     1     44      1
     2      1      1
     2     57      1
     3      0      1
     3      5      1
     3     10      1
     3     14      1
     3     16      1
     3     23      1
     4      1      1
     5      3      1
     5      6      1
     5     15      1
     5     18      1
     5     20      1
     5     22      1
     6      5      1
     6      8      1
     6      9      1
     7      0      1
     7     11      1
     7     39      1
     8      6      1
     8     49      1
     9      6      1
     9     27      1
    10      3      1
    10     13      1
    10     34      1
    11      7      1
    11     28      1
    11     43      1
    12      0      1
    13     10      1
    13     17      1
    13     25      1
    13     33      1
    13     53      1
    13     61      1
    14      3      1
    14     36      1
    15      5      1
    15     29      1
    15     50      1
    15     58      1
    16      3      1
    17     13      1
    17     19      1
    18      5      1
    18     21      1
    18     24      1
    19     17      1
    19     30      1
    19     51      1
    20      5      1
    21     18      1
    22      5      1
    23      3      1
    24     18      1
    25     13      1
    25     26      1
    26     25      1
    26     32      1
    27      9      1
    27     31      1
    27     45      1
    28     11      1
    28     63      1
    29     15      1
    29     40      1
    29     54      1
    29     60      1
    30     19      1
    30     35      1
    31     27      1
    32     26      1
    32     41      1
    32     52      1
    33     13      1
    33     38      1
    33     47      1
    34     10      1
    34     59      1
    35     30      1
    36     14      1
    36     55      1
    37      0      1
    38     33      1
    38     56      1
    39      7      1
    39     48      1
    40     29      1
    40     42      1
    41     32      1
    41     46      1
    42     40      1
    43     11      1
    44      1      1
    45     27      1
    45     62      1
    46     41      1
    47     33      1
    48     39      1
    49      8      1
    50     15      1
    51     19      1
    52     32      1
    53     13      1
    54     29      1
    55     36      1
    56     38      1
    57      2      1
    57     64      1
    58     15      1
    59     34      1
    60     29      1
    61     13      1
    62     45      1
    63     28      1
    64     57      1
