COORD_X_Y 65
  2.64331   1.12937
   2.8732  0.803887
  1.95424  0.695764
  1.22229  0.939738
   2.0858   2.76155
  2.68133 0.0393045
  2.80957   2.37731
 0.198145   2.21314
  2.11543  0.152297
 0.445582     2.449
 0.989404    2.0907
  1.09913   1.95877
  2.77199   1.36157
0.0355461     2.968
 0.731497   1.34001
  2.12128    1.7711
  1.89565   1.22534
  1.87958   1.74105
 0.819099   1.08068
  2.86219   2.10316
  2.75977 0.0874912
   1.8656  0.640433
   0.4008   2.52674
 0.533588   2.75879
  2.22123   2.77048
  1.65846   1.96979
 0.343286   1.39579
  1.08992  0.839649
  2.96367   1.64501
 0.982631   2.42638
  2.26588   1.90551
  2.25096   2.22872
  2.64842     2.573
 0.510729   1.78444
  2.59327   2.05949
  1.67917   2.53288
  2.82628  0.472117
 0.463337  0.192341
 0.851613   2.52869
  1.76215   1.57476
  1.75661  0.717454
  2.69056   2.12135
  0.68212   2.96702
  2.07998   1.00413
 0.677789   2.71516
  1.37474   1.87035
0.00535861   2.32892
  2.15645  0.178082
  2.05145   0.18039
  1.39743   1.02585
  2.48258   1.44084
 0.492763   0.46881
  1.92122  0.311677
0.0914801  0.522309
  2.58106  0.864348
  2.75492   1.65057
  1.93797   1.54839
   1.1327   2.41494
  2.56711   2.17784
  1.30075   2.23042
  2.83062  0.517923
  2.72412   1.01894
  1.89147    1.0427
  2.92572   2.45276
  2.52424   1.19908
LINKS_SOURCE_DESTINATION_DISTANCE 128
     0      1      1
     0     61      1
     1      0      1
     1      2      1
     1      3      1
     1     55      1
     2      1      1
     2      7      1
     2      9      1
     2     18      1
     2     23      1
     2     27      1
     3      1      1
     3      4      1
     3     11      1
     3     13      1
     4      3      1
     4      5      1
     4     10      1
     4     19      1
     5      4      1
     5      6      1
     5      8      1
     5     25      1
     5     28      1
     5     43      1
     5     52      1
     6      5      1
     6     17      1
     7      2      1
     7     21      1
     7     42      1
     8      5      1
     8     14      1
     9      2      1
     9     15      1
     9     22      1
     9     38      1
    10      4      1
    10     33      1
    10     36      1
    11      3      1
    11     12      1
    11     20      1
    11     34      1
    12     11      1
    12     59      1
    13      3      1
    13     29      1
    13     31      1
    13     35      1
    14      8      1
    15      9      1
    15     16      1
    15     26      1
    15     30      1
    16     15      1
    17      6      1
    17     24      1
    18      2      1
    18     46      1
    19      4      1
    20     11      1
    20     32      1
    20     56      1
    21      7      1
    21     62      1
    22      9      1
    23      2      1
    23     41      1
    23     47      1
    23     57      1
    24     17      1
    24     40      1
    24     45      1
    25      5      1
    26     15      1
    27      2      1
    27     39      1
    28      5      1
    29     13      1
    29     50      1
    30     15      1
    31     13      1
    32     20      1
    32     49      1
    32     51      1
    33     10      1
    33     37      1
    33     64      1
    34     11      1
    34     44      1
    34     53      1
    35     13      1
    36     10      1
    37     33      1
    38      9      1
    39     27      1
    40     24      1
    41     23      1
    42      7      1
    43      5      1
    44     34      1
    45     24      1
    46     18      1
    47     23      1
    47     48      1
    48     47      1
    48     54      1
    49     32      1
    50     29      1
    51     32      1
    52      5      1
    52     58      1
    52     60      1
    53     34      1
    54     48      1
    55      1      1
    56     20      1
    57     23      1
    58     52      1
    59     12      1
    60     52      1
    60     63      1
    61      0      1
    62     21      1
    63     60      1
    64     33      1
