COORD_X_Y 65
 0.579906  0.733667
 0.723029   2.38219
  2.85879  0.520073
  2.79398    2.8287
  1.07139   1.98146
 0.851735   2.74407
  1.39824    1.7398
 0.698288  0.369742
0.0391949   1.10748
 0.826583  0.297316
  1.94219   1.91802
  1.06559   0.77535
  2.11922   1.50777
 0.357906  0.548544
 0.291775   1.86972
   2.1434  0.268256
  0.34287   1.94482
  1.86541   2.85482
0.0595201   2.54376
 0.519566  0.262094
0.0759259  0.609747
0.0216967   1.18998
  1.44664   2.30354
 0.299161  0.772624
  1.94753   2.81148
 0.959571   1.62053
  2.43915    1.1442
 0.483401  0.597505
 0.176157  0.993159
 0.365542   1.51133
  2.24284   2.40221
  1.38665   1.18403
  1.89227  0.147113
  1.66182   2.87094
  2.93193   1.05969
  1.42143   1.97466
  2.86444  0.795445
  1.15096 0.0421661
 0.121632    1.9358
  1.61921   1.84246
  1.11535  0.363333
  1.75722   2.87814
  1.24941  0.104483
 0.595021  0.268433
  2.04696   2.68945
  2.37065   1.59172
    2.176   1.00056
  2.64734    1.3067
 0.832605   1.53986
   0.9043  0.278974
 0.355824  0.824549
   1.4626   1.41031
  2.15686  0.707476
 0.831383   2.01979
  2.82671   1.80259
  2.86338   2.23674
 0.779319   1.28581
  2.19459   1.83733
  1.94824   1.50126
  1.75486  0.920395
  1.01133  0.439224
  1.92706    2.8501
  1.47936   0.22782
  2.76198 0.0387286
  1.24115   2.22491
LINKS_SOURCE_DESTINATION_DISTANCE 128
     0      1      1
     0      3      1
     0     14      1
     0     20      1
     0     37      1
     1      0      1
     1      2      1
     1      6      1
     1     16      1
     1     29      1
     1     34      1
     2      1      1
     2      4      1
     2      5      1
     2     63      1
     3      0      1
     3      8      1
     3     31      1
     4      2      1
     4      7      1
     4     10      1
     4     27      1
     5      2      1
     6      1      1
     6     12      1
     6     35      1
     7      4      1
     7      9      1
     7     33      1
     7     42      1
     7     51      1
     7     53      1
     8      3      1
     9      7      1
     9     11      1
     9     13      1
     9     22      1
     9     62      1
    10      4      1
    10     15      1
    10     19      1
    10     21      1
    10     30      1
    11      9      1
    11     18      1
    12      6      1
    12     64      1
    13      9      1
    13     25      1
    13     32      1
    13     41      1
    14      0      1
    14     17      1
    14     61      1
    15     10      1
    16      1      1
    17     14      1
    17     24      1
    18     11      1
    19     10      1
    20      0      1
    20     23      1
    20     28      1
    21     10      1
    21     36      1
    22      9      1
    23     20      1
    23     26      1
    23     44      1
    23     49      1
    23     60      1
    24     17      1
    24     38      1
    24     54      1
    25     13      1
    26     23      1
    26     47      1
    27      4      1
    28     20      1
    29      1      1
    29     46      1
    29     52      1
    29     59      1
    30     10      1
    31      3      1
    31     43      1
    32     13      1
    33      7      1
    34      1      1
    34     57      1
    35      6      1
    36     21      1
    36     45      1
    37      0      1
    37     39      1
    37     48      1
    37     58      1
    38     24      1
    39     37      1
    39     40      1
    40     39      1
    41     13      1
    42      7      1
    43     31      1
    44     23      1
    44     56      1
    45     36      1
    46     29      1
    46     50      1
    47     26      1
    48     37      1
    49     23      1
    50     46      1
    50     55      1
    51      7      1
    52     29      1
    53      7      1
    54     24      1
    55     50      1
    56     44      1
    57     34      1
    58     37      1
    59     29      1
    60     23      1
    61     14      1
    62      9      1
    63      2      1
    64     12      1
