COORD_X_Y 65
  1.74335    2.2425
  1.74889   2.69275
  1.01541   2.28245
   1.5895    1.8717
  1.62501   1.10237
  1.28322 0.0751947
  0.23431   1.85216
  1.79783  0.106861
  1.10315   1.01639
  2.72158   1.77914
  2.94298  0.908369
   2.0761   1.92782
  1.54128  0.465001
 0.111163  0.795419
 0.318637   2.18937
  1.30286   2.65765
   2.6456  0.258034
  1.38318   2.10418
  2.09876   1.85864
  1.79262   1.87597
 0.816642    1.1584
  1.88117   1.27328
   2.6014   1.31627
  2.75889   1.31025
 0.647962  0.771671
  1.60546   1.35731
  2.88839  0.879081
   2.0024  0.014912
  1.09602   2.74685
  1.12713  0.176992
  1.48278   2.63278
  1.46718   1.64616
  2.51132   1.14629
  1.29368  0.821005
 0.719545   2.86308
  2.45514   2.54099
  2.05131  0.528344
 0.307971  0.906962
   1.1986 0.0324209
 0.482776  0.780926
0.0964062  0.110884
 0.430816   2.57215
  2.63197  0.872308
  0.31323   1.63827
  2.70114  0.542972
 0.871946   2.79987
  1.98968  0.736325
  2.51087   1.46655
  2.44447  0.997355
  2.50932   2.02564
  2.00474   2.22841
  2.31125   1.68251
0.0332832   2.02151
  2.67541   2.97577
  2.65367  0.137543
  0.22935   0.77181
 0.181529  0.549103
  2.33867   0.83215
 0.472702   2.66139
 0.927229  0.796355
  2.56938   1.86574
 0.639252   2.90988
 0.553615  0.457461
  1.65152  0.456785
  1.99844  0.523903
LINKS_SOURCE_DESTINATION_DISTANCE 128
     0      1      1
     0      2      1
     0      3      1
     0      9      1
     0     11      1
     0     14      1
     1      0      1
     2      0      1
     2      7      1
     2     10      1
     2     21      1
     3      0      1
     3      4      1
     3      6      1
     3      8      1
     3     16      1
     3     48      1
     4      3      1
     4      5      1
     4     29      1
     5      4      1
     5     12      1
     5     50      1
     6      3      1
     6     19      1
     6     24      1
     6     38      1
     7      2      1
     7     13      1
     7     32      1
     7     37      1
     7     43      1
     8      3      1
     8     22      1
     8     41      1
     9      0      1
     9     53      1
    10      2      1
    11      0      1
    11     25      1
    11     55      1
    12      5      1
    12     15      1
    12     27      1
    13      7      1
    13     49      1
    14      0      1
    14     30      1
    15     12      1
    16      3      1
    16     17      1
    16     26      1
    16     39      1
    16     62      1
    17     16      1
    17     18      1
    17     20      1
    18     17      1
    19      6      1
    19     23      1
    20     17      1
    20     45      1
    20     51      1
    21      2      1
    21     28      1
    21     54      1
    21     57      1
    22      8      1
    23     19      1
    23     42      1
    24      6      1
    24     56      1
    25     11      1
    25     35      1
    26     16      1
    27     12      1
    28     21      1
    28     36      1
    29      4      1
    29     61      1
    30     14      1
    30     31      1
    31     30      1
    31     33      1
    31     34      1
    31     47      1
    32      7      1
    33     31      1
    34     31      1
    34     40      1
    35     25      1
    35     44      1
    36     28      1
    37      7      1
    38      6      1
    38     64      1
    39     16      1
    40     34      1
    40     60      1
    41      8      1
    41     52      1
    42     23      1
    42     46      1
    43      7      1
    43     59      1
    44     35      1
    45     20      1
    46     42      1
    46     58      1
    47     31      1
    48      3      1
    49     13      1
    50      5      1
    51     20      1
    52     41      1
    53      9      1
    53     63      1
    54     21      1
    55     11      1
    56     24      1
    57     21      1
    58     46      1
    59     43      1
    60     40      1
    61     29      1
    62     16      1
    63     53      1
    64     38      1
