COORD_X_Y 65
  1.85739   2.22407
  2.90579  0.645258
  1.12247  0.613321
 0.743238    1.3437
  2.13181   1.66378
  1.61028   2.80391
  0.95015   2.16447
  2.52398   1.26852
 0.879689   1.49598
  2.06392   1.88492
  1.97581   1.26516
  1.19462   1.77334
   1.7245   1.47679
   1.7238   1.77051
 0.623176   1.51282
  1.87384   2.52853
  0.27392   2.53901
  2.16575  0.524227
  1.92217    1.8606
  1.39825   1.44321
0.0710654  0.457522
   2.2007   1.46881
 0.163019   1.97103
  2.76295  0.790389
 0.524069   2.37471
 0.753323   1.83138
  2.68833   1.79228
  0.32592  0.209322
 0.155492   1.19185
  1.89488  0.180065
  1.64227  0.094761
  1.65066    1.4421
  1.21454   2.86454
  2.71576  0.643364
   2.3879   1.49066
  2.67114    1.1108
  1.36683  0.182823
 0.963302   2.31961
  1.51398 0.0108021
  2.29952  0.339363
 0.269719  0.481934
 0.899827  0.389558
  1.56095 0.00154355
   2.5802   1.05872
    2.415  0.208734
  2.60443   2.98388
 0.942715   1.28305
 0.447581    1.7563
  1.82632   1.70278
 0.363534   1.01387
  2.97255  0.156564
  1.12776   1.49978
  1.45682  0.921062
  1.23685   2.17966
  1.89962   1.42181
 0.085122    1.0645
  1.41634   0.63759
 0.859608  0.704355
  1.66688  0.384911
0.0761997  0.337404
   1.5932  0.594268
 0.163404   1.00962
 0.236635   2.41022
  1.60953  0.233199
  2.24199   2.80575
LINKS_SOURCE_DESTINATION_DISTANCE 128
     0      1      1
     0     21      1
     0     43      1
     1      0      1
     1      2      1
     1      4      1
     1      6      1
     1     20      1
     1     22      1
     1     47      1
     2      1      1
     2      3      1
     2      8      1
     2     23      1
     2     27      1
     3      2      1
     3      5      1
     3     10      1
     3     58      1
     4      1      1
     4     14      1
     4     16      1
     4     39      1
     4     61      1
     5      3      1
     5     38      1
     6      1      1
     6      7      1
     6     11      1
     6     30      1
     7      6      1
     8      2      1
     8      9      1
     8     15      1
     8     33      1
     9      8      1
     9     13      1
     9     49      1
    10      3      1
    10     12      1
    10     24      1
    11      6      1
    11     28      1
    11     40      1
    11     60      1
    12     10      1
    12     25      1
    13      9      1
    13     31      1
    14      4      1
    14     18      1
    14     19      1
    15      8      1
    15     64      1
    16      4      1
    16     17      1
    17     16      1
    18     14      1
    19     14      1
    19     35      1
    19     42      1
    19     53      1
    20      1      1
    20     26      1
    20     62      1
    21      0      1
    21     52      1
    22      1      1
    23      2      1
    23     63      1
    24     10      1
    24     34      1
    24     45      1
    25     12      1
    25     54      1
    26     20      1
    26     29      1
    27      2      1
    28     11      1
    29     26      1
    30      6      1
    31     13      1
    31     32      1
    31     36      1
    31     37      1
    32     31      1
    32     44      1
    32     46      1
    33      8      1
    33     41      1
    34     24      1
    35     19      1
    35     48      1
    36     31      1
    37     31      1
    38      5      1
    38     51      1
    39      4      1
    40     11      1
    41     33      1
    42     19      1
    43      0      1
    44     32      1
    44     55      1
    45     24      1
    46     32      1
    47      1      1
    47     59      1
    48     35      1
    48     50      1
    48     56      1
    49      9      1
    50     48      1
    51     38      1
    52     21      1
    53     19      1
    54     25      1
    55     44      1
    55     57      1
    56     48      1
    57     55      1
    58      3      1
    59     47      1
    60     11      1
    61      4      1
    62     20      1
    63     23      1
    64     15      1
