COORD_X_Y 100
   2.3472   1.45724
  1.71709   2.54114
 0.268684   2.69337
  1.23636   1.21915
  1.51435   2.34352
0.0943199   2.87901
 0.521261  0.180136
  1.43899    2.6831
   2.3863   1.42655
  2.60041   2.10923
  2.15932  0.313187
  1.45569   1.74501
  2.95875   2.02051
  2.89788  0.039717
 0.183801   2.77839
0.0736379   1.40898
  2.60183   1.56333
  2.80323  0.071322
  1.47516  0.358235
  2.91685  0.900896
  1.19177   1.92868
 0.820926    2.5088
  1.18825  0.627518
 0.748678   2.72182
  2.87203   2.55274
  1.95771   2.63781
0.00856861   1.36373
  1.09929   1.80102
 0.186029   2.38071
   1.6981   2.01168
   1.1767   2.14823
 0.675694   1.27588
   2.1552  0.222978
  2.45268   2.54578
  1.85683  0.386669
  2.17414   1.24717
  2.91739   2.36712
  2.51739   2.50184
0.0179977   2.61947
  1.52012   2.24141
 0.723975  0.788231
 0.325177   2.63791
  2.24353  0.138114
 0.212269   2.77783
  2.01316   1.74515
  1.52375  0.224643
 0.897055   1.23544
  2.73947   1.09249
  1.94124    1.6401
 0.214741   2.44842
  0.30258   1.87593
  1.97182  0.644512
  2.79871  0.515532
  1.63666  0.864194
 0.584288  0.950885
  1.57648  0.787197
   2.9241  0.784142
   2.7053   2.59711
   2.8191   1.52273
  1.12681    1.7759
 0.556908   2.24796
  2.03161  0.727276
  2.21179   1.93965
  0.72154   1.30599
  1.15414   2.78449
  1.32269   1.86732
 0.854648   1.93272
  2.55729  0.906964
  2.00005   1.30776
 0.267083  0.647548
   2.7132   1.26713
  2.31404   1.08038
  2.66325   1.32763
  2.24648  0.127743
 0.584998   2.08258
  1.76907  0.256489
  2.14447   2.80077
 0.599291   0.89042
  2.03552   2.74723
  2.73068  0.817747
 0.692488   2.37987
  2.34032   2.04009
 0.568076   2.06761
  2.11221  0.106272
  2.88835   2.66822
  2.35537   2.80013
   2.7162   1.74045
  2.37497  0.840804
  1.70357 0.0064256
   1.7283   0.96921
 0.169177   1.63352
  1.36091   2.53806
  2.64684  0.736901
  2.76492    1.3931
  1.08439     2.928
  2.69175   2.52683
 0.989483   2.43921
 0.579765   2.01415
  1.44523   2.03032
 0.387466   2.05541
LINKS_SOURCE_DESTINATION_DISTANCE 198
     0      1      1
     0      3      1
     0      5      1
     0      7      1
     0     17      1
     0     27      1
     0     45      1
     1      0      1
     1      2      1
     1      4      1
     2      1      1
     2      6      1
     2     18      1
     3      0      1
     3      8      1
     3     11      1
     3     25      1
     3     53      1
     3     70      1
     3     72      1
     4      1      1
     4     10      1
     4     35      1
     4     42      1
     5      0      1
     5     16      1
     5     52      1
     5     60      1
     6      2      1
     6     12      1
     6     23      1
     6     94      1
     7      0      1
     7      9      1
     7     64      1
     8      3      1
     8     14      1
     8     15      1
     8     63      1
     9      7      1
     9     37      1
     9     40      1
    10      4      1
    11      3      1
    11     26      1
    12      6      1
    12     13      1
    12     20      1
    13     12      1
    13     73      1
    14      8      1
    14     19      1
    14     24      1
    14     28      1
    14     48      1
    14     54      1
    15      8      1
    15     33      1
    15     67      1
    15     74      1
    16      5      1
    16     22      1
    16     41      1
    16     83      1
    17      0      1
    18      2      1
    18     38      1
    19     14      1
    19     49      1
    19     61      1
    20     12      1
    20     21      1
    20     95      1
    21     20      1
    21     30      1
    21     59      1
    21     79      1
    22     16      1
    23      6      1
    23     50      1
    24     14      1
    24     56      1
    25      3      1
    26     11      1
    26     32      1
    27      0      1
    27     31      1
    27     47      1
    27     81      1
    28     14      1
    28     29      1
    28     57      1
    29     28      1
    29     36      1
    30     21      1
    31     27      1
    31     51      1
    32     26      1
    32     34      1
    32     46      1
    32     58      1
    32     78      1
    33     15      1
    34     32      1
    35      4      1
    35     39      1
    35     43      1
    35     97      1
    36     29      1
    37      9      1
    38     18      1
    39     35      1
    39     55      1
    39     80      1
    40      9      1
    41     16      1
    42      4      1
    42     82      1
    42     84      1
    43     35      1
    43     44      1
    43     96      1
    44     43      1
    45      0      1
    45     85      1
    46     32      1
    47     27      1
    48     14      1
    49     19      1
    50     23      1
    50     89      1
    51     31      1
    51     62      1
    52      5      1
    52     90      1
    52     98      1
    53      3      1
    54     14      1
    54     65      1
    55     39      1
    55     66      1
    55     87      1
    56     24      1
    57     28      1
    58     32      1
    58     86      1
    59     21      1
    59     68      1
    60      5      1
    61     19      1
    62     51      1
    62     71      1
    62     77      1
    62     88      1
    63      8      1
    64      7      1
    65     54      1
    66     55      1
    66     92      1
    67     15      1
    67     69      1
    68     59      1
    68     75      1
    69     67      1
    70      3      1
    70     91      1
    71     62      1
    71     93      1
    72      3      1
    73     13      1
    73     76      1
    74     15      1
    75     68      1
    76     73      1
    77     62      1
    78     32      1
    79     21      1
    80     39      1
    81     27      1
    82     42      1
    82     99      1
    83     16      1
    84     42      1
    85     45      1
    86     58      1
    87     55      1
    88     62      1
    89     50      1
    90     52      1
    91     70      1
    92     66      1
    93     71      1
    94      6      1
    95     20      1
    96     43      1
    97     35      1
    98     52      1
    99     82      1
