COORD_X_Y 65
  1.52434  0.197498
  1.75697   1.28086
  2.13098   1.57706
  2.16539  0.043453
 0.786532   1.48598
  1.99362   1.40193
 0.594813    2.4089
  2.55876   2.34357
  2.09252  0.358045
  1.65743  0.702799
  1.41227   2.52901
 0.246806   2.62749
   2.3795   1.90084
  2.07304   2.35161
  1.64384  0.604371
 0.870801   2.28569
    1.489   1.81281
  1.28264   1.93485
  2.79548   1.27257
0.0363303   1.07562
  1.01352   2.78896
  1.27924   1.75442
  0.90107   1.12567
  1.30673   2.73519
 0.055103  0.942161
 0.063621   1.03265
 0.340873  0.901381
  2.20527   2.79304
  2.95347   1.30536
  2.72256   2.15579
  2.41857  0.395499
  1.69283  0.521026
   2.6787 0.0856728
 0.340198  0.601418
  2.42354   1.05827
   2.4798   2.84761
   1.4333   2.66597
 0.212744   2.77949
 0.103223  0.356612
  1.30568   2.54398
  2.34083    1.7267
 0.747975  0.362094
 0.830914  0.800331
 0.271677   0.74398
 0.800904   2.86084
  1.23172   1.64496
 0.815319   1.13099
 0.879212  0.105377
  2.30462  0.901062
  1.16019  0.224111
  2.68352   1.30182
  1.67238   2.66018
 0.455751   2.48693
  1.16135   2.02241
 0.133467 0.0976726
 0.828362   1.23272
  2.03512   2.18558
  1.39694   2.18642
  2.43413   2.03566
  2.53403   2.57979
  1.21687  0.677253
  1.19862   1.35489
  2.85305  0.344765
  2.65562  0.814399
 0.711263  0.886058
LINKS_SOURCE_DESTINATION_DISTANCE 128
     0      1      1
     0      3      1
     1      0      1
     1      2      1
     2      1      1
     2      4      1
     2     51      1
     3      0      1
     3      5      1
     3     10      1
     3     53      1
     4      2      1
     4      9      1
     4     20      1
     4     27      1
     4     36      1
     5      3      1
     5      6      1
     5     12      1
     5     30      1
     6      5      1
     6      7      1
     6      8      1
     6     21      1
     6     24      1
     6     54      1
     6     57      1
     7      6      1
     7     16      1
     7     41      1
     7     42      1
     8      6      1
     8     22      1
     9      4      1
     9     11      1
     9     15      1
     9     26      1
     9     35      1
    10      3      1
    11      9      1
    11     39      1
    11     43      1
    12      5      1
    12     13      1
    12     14      1
    12     18      1
    12     25      1
    12     44      1
    12     49      1
    13     12      1
    13     37      1
    14     12      1
    15      9      1
    15     19      1
    15     28      1
    15     47      1
    16      7      1
    16     17      1
    16     46      1
    16     60      1
    17     16      1
    18     12      1
    18     23      1
    18     33      1
    18     38      1
    19     15      1
    19     31      1
    20      4      1
    21      6      1
    22      8      1
    22     29      1
    22     55      1
    23     18      1
    24      6      1
    24     34      1
    24     48      1
    25     12      1
    25     40      1
    25     50      1
    26      9      1
    26     56      1
    27      4      1
    28     15      1
    28     32      1
    28     58      1
    29     22      1
    30      5      1
    30     52      1
    31     19      1
    32     28      1
    32     61      1
    33     18      1
    33     59      1
    34     24      1
    35      9      1
    36      4      1
    37     13      1
    38     18      1
    39     11      1
    40     25      1
    40     62      1
    41      7      1
    42      7      1
    42     45      1
    43     11      1
    44     12      1
    45     42      1
    46     16      1
    47     15      1
    48     24      1
    49     12      1
    50     25      1
    51      2      1
    52     30      1
    53      3      1
    53     64      1
    54      6      1
    55     22      1
    56     26      1
    57      6      1
    58     28      1
    58     63      1
    59     33      1
    60     16      1
    61     32      1
    62     40      1
    63     58      1
    64     53      1
