COORD_X_Y 15
  1.05427   2.18855
  2.87461    1.8501
  1.87447    2.4336
0.0819666   1.08774
 0.177547   1.55794
 0.659731   2.62758
 0.490646  0.442903
  1.50605  0.376391
  1.74217   2.48946
  2.65373   2.12025
  2.02075   2.09582
   1.8892    2.9717
  2.22196   1.68329
  2.58007  0.686572
  2.43014   2.19598
LINKS_SOURCE_DESTINATION_DISTANCE 28
     0      1      1
     0      2      1
     0      3      1
     0      4      1
     0      5      1
     0     11      1
     1      0      1
     1      7      1
     1     12      1
     1     13      1
     2      0      1
     3      0      1
     3      6      1
     4      0      1
     5      0      1
     5     10      1
     6      3      1
     6      9      1
     7      1      1
     7      8      1
     7     14      1
     8      7      1
     9      6      1
    10      5      1
    11      0      1
    12      1      1
    13      1      1
    14      7      1
