COORD_X_Y 70
 0.334238   1.85548
 0.837054   1.22155
0.00510916  0.383774
  2.67831  0.722728
  0.11345  0.196409
  1.76059  0.969715
 0.277273  0.743572
   1.2733   2.66384
  1.70637   0.78395
  0.20324   1.75154
 0.374874   1.07616
   1.3488   2.72631
   2.8039    1.5178
  2.03545   1.57164
   1.2918   2.85898
 0.171137  0.172646
0.0421245  0.420933
  1.96209   1.45371
 0.307777   1.39015
  1.32877   1.11882
  1.03918   2.69715
  2.12415  0.387348
  2.58401   1.98106
  2.76913  0.632658
   2.1103   1.05662
  2.22606   2.40936
  1.04021   2.19041
  2.91597  0.501646
 0.945864   1.02977
 0.467595   1.48596
  1.66344   1.80676
 0.620723   1.24383
 0.493007  0.803413
 0.810787    2.2529
  1.01228   2.21998
  2.75255  0.883388
  1.92042  0.768427
  0.33027   2.43963
  1.72141   2.42628
   0.6858 0.0731555
  1.97056  0.897874
  2.08934   1.63235
  2.59409   2.02987
  2.57395 0.0450573
  1.82641   1.88239
  2.06787   0.15039
 0.568404   0.13142
  2.24678  0.433012
  2.08114  0.998684
  2.48166   2.27211
 0.483356  0.422398
  2.21524   2.55168
  1.28094   1.19833
 0.756094    2.1381
  1.92539  0.578701
   1.4741    2.3895
 0.342598   1.72573
  1.01922  0.900017
 0.299816  0.559882
  2.78987    0.5567
  1.54564   2.41962
  1.10375  0.626229
  2.82725   1.20131
  2.21664  0.856582
 0.978997    2.3835
 0.580147   0.50079
 0.605934   2.39501
  1.17223  0.466613
 0.706746    2.0196
  2.44396  0.839636
LINKS_SOURCE_DESTINATION_DISTANCE 138
     0      1      1
     0      2      1
     0     30      1
     1      0      1
     1      3      1
     1      5      1
     1     13      1
     2      0      1
     2      4      1
     2     10      1
     3      1      1
     3      7      1
     3     22      1
     3     40      1
     4      2      1
     4     14      1
     4     23      1
     4     24      1
     4     64      1
     5      1      1
     5      6      1
     5     27      1
     5     39      1
     5     50      1
     6      5      1
     6     18      1
     6     26      1
     6     68      1
     7      3      1
     7      8      1
     7      9      1
     7     16      1
     7     42      1
     8      7      1
     8     15      1
     8     29      1
     8     31      1
     8     33      1
     9      7      1
     9     35      1
     9     36      1
     9     38      1
     9     63      1
    10      2      1
    10     11      1
    10     12      1
    10     20      1
    10     65      1
    11     10      1
    11     19      1
    12     10      1
    12     47      1
    13      1      1
    14      4      1
    14     17      1
    14     53      1
    15      8      1
    15     56      1
    15     60      1
    16      7      1
    16     25      1
    17     14      1
    18      6      1
    18     21      1
    18     55      1
    19     11      1
    19     61      1
    20     10      1
    20     62      1
    21     18      1
    21     41      1
    22      3      1
    23      4      1
    23     28      1
    24      4      1
    24     44      1
    24     58      1
    25     16      1
    25     34      1
    26      6      1
    27      5      1
    27     32      1
    27     52      1
    28     23      1
    28     49      1
    29      8      1
    29     43      1
    29     45      1
    29     48      1
    30      0      1
    31      8      1
    31     46      1
    32     27      1
    32     51      1
    33      8      1
    34     25      1
    34     37      1
    35      9      1
    36      9      1
    36     67      1
    37     34      1
    38      9      1
    39      5      1
    40      3      1
    41     21      1
    42      7      1
    43     29      1
    43     59      1
    44     24      1
    45     29      1
    46     31      1
    46     54      1
    47     12      1
    48     29      1
    48     57      1
    49     28      1
    50      5      1
    51     32      1
    52     27      1
    53     14      1
    54     46      1
    55     18      1
    56     15      1
    57     48      1
    58     24      1
    59     43      1
    60     15      1
    61     19      1
    61     66      1
    62     20      1
    63      9      1
    64      4      1
    65     10      1
    66     61      1
    66     69      1
    67     36      1
    68      6      1
    69     66      1
