COORD_X_Y 100
  1.26439    2.5718
  2.23885  0.908632
 0.548322   2.36122
  2.12043   2.10666
 0.754671   2.02506
 0.743206  0.498886
 0.067273   1.13026
  2.57255   1.65534
  2.34621   2.66284
  1.36946   1.45001
  1.06905  0.835951
   2.9918     2.084
  1.20974   0.89865
  1.81876   1.32703
 0.232592   1.32629
  1.58811  0.642073
  2.20877   2.51938
 0.876388  0.496023
  2.78062  0.134921
  2.27459  0.518882
  2.32799   2.43728
  1.81507   1.03278
  2.22159    2.8528
 0.340698  0.744025
  2.79979   1.12771
  2.23279   1.62161
 0.955707   2.78582
 0.975457   1.71463
  2.72224   2.45019
  2.91622   1.58496
  1.84204   1.94751
  2.93263   2.73221
  1.95494   1.40859
  1.48365   1.20114
  1.78674   2.66966
  1.29167   1.06564
 0.536194   2.55121
  1.99881   2.59022
  1.57394   2.02359
  2.22927     2.239
  0.61572   1.37194
   2.6778  0.538733
  1.56004   2.22674
 0.592673   1.86562
  1.80821  0.581278
  1.55302  0.647867
  1.70923   1.63353
  1.42725   1.12271
  1.52012   1.14235
  2.06773   1.66246
  2.88947   1.47949
  2.18157  0.611006
 0.761946  0.796806
  0.36378   2.44192
 0.116127   1.01151
 0.947986   1.58635
  2.62887  0.666024
  2.40978   1.32437
 0.217676  0.781383
 0.148965  0.389037
  1.58467   2.22587
  2.63052   2.02146
  1.74325   2.29002
  1.16719   2.15934
  1.60508   1.49265
 0.153848    1.3141
  1.62088   2.77077
 0.487869  0.680753
 0.345654   1.02099
 0.574423   1.72281
0.0754226   2.00891
  1.88921 0.0386611
  1.99362   2.50914
  2.34833   1.51899
  2.91872   2.73905
  1.44958   1.47913
  1.32643    2.7714
  2.54258  0.218524
  1.50705   2.86061
  2.39569   2.89056
 0.430584   1.53678
  2.22294   1.74812
 0.345539   1.54826
  1.90697   1.59035
  2.52752   2.13425
  1.85597    2.6881
  2.58021   1.75929
 0.447988    1.3652
0.0495528   1.65749
  2.95775   2.41416
  2.89278   2.09841
  1.98981   1.03315
0.0505132  0.587427
  0.52017   1.26951
 0.824244   1.07627
  2.67865   1.15081
  1.34346 0.000696586
   2.2139   1.60451
  0.37728   2.90643
  2.39168   1.88442
LINKS_SOURCE_DESTINATION_DISTANCE 498
     0      1      1
     0      4      1
     0      5      1
     0      8      1
     0     14      1
     0     22      1
     0     23      1
     0     26      1
     0     37      1
     0     40      1
     0     52      1
     0     73      1
     0     77      1
     0     78      1
     0     89      1
     1      0      1
     1      2      1
     1      9      1
     1     10      1
     1     24      1
     1     90      1
     2      1      1
     2      3      1
     2      4      1
     2      6      1
     2     11      1
     2     28      1
     2     38      1
     2     43      1
     2     50      1
     2     58      1
     2     67      1
     2     71      1
     3      2      1
     3      7      1
     3     12      1
     3     13      1
     3     15      1
     3     16      1
     3     23      1
     3     34      1
     3     84      1
     3     88      1
     4      2      1
     4      0      1
     4      5      1
     4      6      1
     4      7      1
     4      9      1
     4     10      1
     4     24      1
     4     30      1
     4     37      1
     4     38      1
     4     57      1
     5      4      1
     5      0      1
     5      7      1
     5      8      1
     5     12      1
     5     29      1
     5     30      1
     5     74      1
     5     92      1
     5     99      1
     6      4      1
     6      2      1
     6      8      1
     6     13      1
     6     18      1
     6     19      1
     6     28      1
     6     42      1
     6     47      1
     6     48      1
     6     77      1
     6     84      1
     7      4      1
     7      3      1
     7      5      1
     7      9      1
     7     11      1
     7     22      1
     7     30      1
     7     36      1
     7     73      1
     8      6      1
     8      0      1
     8      5      1
     8     12      1
     8     18      1
     8     20      1
     8     35      1
     8     37      1
     8     42      1
     8     61      1
     8     72      1
     8     78      1
     9      7      1
     9      4      1
     9      1      1
     9     21      1
     9     26      1
     9     27      1
     9     69      1
     9     87      1
    10      4      1
    10      1      1
    10     13      1
    10     14      1
    10     24      1
    10     32      1
    10     34      1
    10     63      1
    11      7      1
    11      2      1
    11     17      1
    11     25      1
    11     46      1
    11     48      1
    12      3      1
    12      5      1
    12      8      1
    12     14      1
    12     39      1
    13      3      1
    13     10      1
    13      6      1
    13     16      1
    13     21      1
    13     25      1
    13     61      1
    13     65      1
    13     71      1
    13     79      1
    13     98      1
    14     10      1
    14     12      1
    14      0      1
    14     15      1
    14     18      1
    14     20      1
    14     42      1
    14     59      1
    14     81      1
    14     99      1
    15      3      1
    15     14      1
    15     17      1
    15     35      1
    16      3      1
    16     13      1
    16     29      1
    16     45      1
    16     51      1
    16     52      1
    16     53      1
    16     89      1
    16     93      1
    17     15      1
    17     11      1
    17     35      1
    17     64      1
    17     80      1
    17     82      1
    18      6      1
    18     14      1
    18      8      1
    18     19      1
    18     21      1
    18     22      1
    18     25      1
    18     31      1
    18     49      1
    18     73      1
    19      6      1
    19     18      1
    19     54      1
    19     56      1
    20     14      1
    20      8      1
    20     23      1
    20     31      1
    20     47      1
    20     51      1
    20     97      1
    21      9      1
    21     13      1
    21     18      1
    21     43      1
    21     51      1
    21     59      1
    21     62      1
    21     66      1
    21     68      1
    21     69      1
    21     82      1
    22      7      1
    22     18      1
    22      0      1
    22     38      1
    22     63      1
    22     70      1
    22     72      1
    23     20      1
    23      3      1
    23      0      1
    23     27      1
    23     33      1
    23     45      1
    23     50      1
    23     64      1
    23     68      1
    23     74      1
    24      4      1
    24      1      1
    24     10      1
    24     39      1
    24     96      1
    25     18      1
    25     11      1
    25     13      1
    25     40      1
    25     57      1
    25     66      1
    25     92      1
    26      9      1
    26      0      1
    26     33      1
    26     41      1
    27     23      1
    27      9      1
    28      6      1
    28      2      1
    28     55      1
    29      5      1
    29     16      1
    29     32      1
    29     76      1
    29     99      1
    30      4      1
    30      7      1
    30      5      1
    30     48      1
    31     18      1
    31     20      1
    31     32      1
    31     43      1
    32     31      1
    32     29      1
    32     10      1
    32     41      1
    32     44      1
    32     45      1
    32     58      1
    33     26      1
    33     23      1
    33     36      1
    34      3      1
    34     10      1
    34     44      1
    34     81      1
    35     17      1
    35     15      1
    35      8      1
    35     41      1
    35     49      1
    35     55      1
    35     90      1
    36     33      1
    36      7      1
    36     76      1
    36     86      1
    36     94      1
    37      4      1
    37      0      1
    37      8      1
    38      2      1
    38      4      1
    38     22      1
    38     53      1
    39     12      1
    39     24      1
    39     58      1
    39     59      1
    39     60      1
    40      0      1
    40     25      1
    40     46      1
    40     49      1
    40     79      1
    40     95      1
    41     32      1
    41     35      1
    41     26      1
    41     90      1
    42      8      1
    42     14      1
    42      6      1
    42     53      1
    42     54      1
    42     55      1
    42     94      1
    43     21      1
    43      2      1
    43     31      1
    43     93      1
    44     34      1
    44     32      1
    44     46      1
    45     16      1
    45     32      1
    45     23      1
    46     11      1
    46     44      1
    46     40      1
    46     60      1
    46     96      1
    47      6      1
    47     20      1
    48     30      1
    48     11      1
    48      6      1
    49     35      1
    49     18      1
    49     40      1
    49     50      1
    49     65      1
    50      2      1
    50     49      1
    50     23      1
    50     85      1
    50     96      1
    51     21      1
    51     16      1
    51     20      1
    52     16      1
    52      0      1
    52     70      1
    52     78      1
    52     83      1
    52     97      1
    53     42      1
    53     38      1
    53     16      1
    54     19      1
    54     42      1
    54     56      1
    55     35      1
    55     28      1
    55     42      1
    55     76      1
    56     54      1
    56     19      1
    56     95      1
    57     25      1
    57      4      1
    58      2      1
    58     32      1
    58     39      1
    58     69      1
    58     75      1
    59     21      1
    59     39      1
    59     14      1
    59     63      1
    60     46      1
    60     39      1
    61     13      1
    61      8      1
    61     62      1
    61     68      1
    62     21      1
    62     61      1
    62     72      1
    63     10      1
    63     22      1
    63     59      1
    64     17      1
    64     23      1
    64     67      1
    64     92      1
    64     98      1
    65     49      1
    65     13      1
    65     80      1
    66     25      1
    66     21      1
    66     82      1
    66     85      1
    67     64      1
    67      2      1
    68     23      1
    68     21      1
    68     61      1
    68     71      1
    69     58      1
    69     21      1
    69      9      1
    69     79      1
    69     84      1
    70     22      1
    70     52      1
    71     68      1
    71      2      1
    71     13      1
    71     77      1
    72     22      1
    72     62      1
    72      8      1
    72     74      1
    73     18      1
    73      7      1
    73      0      1
    73     75      1
    73     87      1
    74      5      1
    74     72      1
    74     23      1
    75     73      1
    75     58      1
    75     91      1
    76     55      1
    76     29      1
    76     36      1
    77     71      1
    77      6      1
    77      0      1
    78      0      1
    78      8      1
    78     52      1
    78     88      1
    79     69      1
    79     40      1
    79     13      1
    79     83      1
    79     91      1
    80     65      1
    80     17      1
    80     83      1
    80     91      1
    81     14      1
    81     34      1
    82     17      1
    82     21      1
    82     66      1
    83     52      1
    83     80      1
    83     79      1
    83     89      1
    84     69      1
    84      3      1
    84      6      1
    84     86      1
    85     66      1
    85     50      1
    86     84      1
    86     36      1
    86     94      1
    86     97      1
    87     73      1
    87      9      1
    87     88      1
    88      3      1
    88     87      1
    88     78      1
    89      0      1
    89     16      1
    89     83      1
    90     35      1
    90     41      1
    90      1      1
    91     80      1
    91     79      1
    91     75      1
    91     93      1
    92      5      1
    92     64      1
    92     25      1
    93     91      1
    93     43      1
    93     16      1
    94     42      1
    94     36      1
    94     86      1
    95     40      1
    95     56      1
    96     50      1
    96     46      1
    96     24      1
    97     20      1
    97     52      1
    97     86      1
    98     64      1
    98     13      1
    99     29      1
    99     14      1
    99      5      1
