COORD_X_Y 110
0.0114503 0.0443579
  1.96739  0.836123
  2.45832  0.430119
  1.84199   0.45297
  2.15967   1.54876
   2.7978  0.557037
  1.30186   2.91249
  2.58422   1.11498
  2.42708   1.86377
  2.71758   1.98049
  2.23011   2.77391
 0.233072   1.63166
  2.86714  0.871656
  1.48124 0.0922795
  2.07141   2.40346
  2.98658  0.251308
  1.67778   2.80812
  2.81496   1.57127
 0.199217  0.117176
 0.572051  0.825027
  2.92926   1.10413
 0.125377    1.1936
  1.20118   1.85242
 0.115502   2.60142
   2.2188   2.18864
  2.19815   1.07884
  1.10508  0.829659
 0.944851   1.11632
 0.351369    1.2846
 0.416872   2.67353
  1.07527  0.805814
  1.62969   2.98405
  2.81677  0.882255
  2.93259  0.412297
 0.157111  0.714806
 0.896643   2.97607
  2.05159   2.72476
  1.73888   2.08651
  0.92425   1.00492
 0.299556  0.402427
 0.161658   1.13126
  1.24578   1.13193
  2.78551   0.50485
 0.677861   2.93017
  0.74159   1.19791
  1.05322   1.29462
  2.17674    2.5314
  1.28851   2.59263
 0.218513  0.544421
  1.26744   2.86718
  1.52308  0.735103
  2.85295  0.930388
  2.32019 0.0750056
 0.412715   1.35088
 0.669165   1.06576
  1.81611   1.40785
  1.38227  0.498917
  1.62861  0.702663
 0.738125   0.35263
  1.10304   1.18561
 0.411313   2.79664
 0.630237   1.41349
   2.0298   1.25708
  1.13764   2.88054
  2.61719   2.16962
  2.74556    1.3975
 0.310053   1.07475
0.0331445   1.83632
  2.52097   2.26849
  2.78048   1.45061
  1.16122   1.65619
  1.37262   1.81876
 0.916198   1.23561
 0.860673   2.14544
 0.383237   2.58381
  1.48055   2.86084
  2.05309   1.15273
   2.8113  0.643841
  1.31103   1.27137
  1.83677  0.673455
  1.07852   1.41473
  1.54218   2.10992
  2.78035  0.341799
 0.113864   2.26241
  1.33196   1.00051
  1.01848   2.11578
  2.94439 0.0131528
  2.47728   1.53413
  2.59568  0.494996
  1.50902 0.0632733
  2.29865   2.55026
  1.60771   1.57946
 0.227817   2.08294
  2.22433    1.5758
 0.585864   1.94988
  1.27556  0.618948
 0.432872   2.00909
  1.71886   1.23126
  2.47744  0.430023
 0.594201   1.02483
  2.58946   1.06831
 0.306482  0.982516
  1.23307   2.95549
  1.41641   2.37987
  1.68839   1.79118
  2.46133   2.42475
  2.80396 0.0239243
  2.86426   2.22018
  1.15652  0.267524
  1.93261  0.355346
LINKS_SOURCE_DESTINATION_DISTANCE 218
     0      1      1
     0      3      1
     0     18      1
     0     44      1
     0     46      1
     0     49      1
     0     69      1
     1      0      1
     1      2      1
     1      4      1
     1      5      1
     1      6      1
     1     52      1
     1     98      1
     2      1      1
     2     31      1
     2     48      1
     2     84      1
     2    106      1
     3      0      1
     3      9      1
     3     15      1
     3     70      1
     3     74      1
     4      1      1
     4      7      1
     4     11      1
     4     19      1
     4     30      1
     4     40      1
     5      1      1
     5      8      1
     5     23      1
     5     78      1
     6      1      1
     6     13      1
     6     20      1
     6     82      1
     7      4      1
     7     10      1
     8      5      1
     8     27      1
     8     39      1
     9      3      1
     9     21      1
     9     32      1
    10      7      1
    10     26      1
    10     87      1
    11      4      1
    11     12      1
    11     14      1
    11     16      1
    11     22      1
    12     11      1
    12     57      1
    12     58      1
    13      6      1
    13     17      1
    13     45      1
    13     97      1
    14     11      1
    14     37      1
    14     88      1
    14     93      1
    14    104      1
    15      3      1
    15     25      1
    15     51      1
    15     55      1
    15     76      1
    16     11      1
    16     47      1
    16     60      1
    17     13      1
    17     34      1
    17     62      1
    17     79      1
    18      0      1
    18     38      1
    18     50      1
    19      4      1
    20      6      1
    20     28      1
    20     68      1
    21      9      1
    21     33      1
    21     36      1
    22     11      1
    23      5      1
    23     24      1
    23     29      1
    24     23      1
    24     77      1
    25     15      1
    26     10      1
    26     35      1
    26     43      1
    26     61      1
    27      8      1
    27     42      1
    28     20      1
    28     89      1
    29     23      1
    29     72      1
    29     75      1
    30      4      1
    31      2      1
    32      9      1
    33     21      1
    33     63      1
    33     85      1
    34     17      1
    35     26      1
    35     64      1
    35     92      1
    35    101      1
    36     21      1
    36     83      1
    36    108      1
    37     14      1
    38     18      1
    39      8      1
    40      4      1
    40     41      1
    41     40      1
    42     27      1
    42     95      1
    43     26      1
    43     94      1
    44      0      1
    44     56      1
    44     86      1
    45     13      1
    45     53      1
    46      0      1
    46     59      1
    47     16      1
    47     67      1
    47     80      1
    47     90      1
    48      2      1
    49      0      1
    50     18      1
    51     15      1
    52      1      1
    52     96      1
    53     45      1
    53     54      1
    54     53      1
    55     15      1
    56     44      1
    56     81      1
    57     12      1
    58     12      1
    58    109      1
    59     46      1
    60     16      1
    61     26      1
    61     65      1
    62     17      1
    62     71      1
    63     33      1
    63     66      1
    64     35      1
    65     61      1
    66     63      1
    66     99      1
    67     47      1
    67     73      1
    68     20      1
    69      0      1
    70      3      1
    71     62      1
    72     29      1
    73     67      1
    74      3      1
    74     91      1
    75     29      1
    76     15      1
    77     24      1
    78      5      1
    78    102      1
    79     17      1
    80     47      1
    81     56      1
    82      6      1
    83     36      1
    84      2      1
    85     33      1
    86     44      1
    87     10      1
    88     14      1
    89     28      1
    90     47      1
    91     74      1
    91    107      1
    92     35      1
    93     14      1
    94     43      1
    94    105      1
    95     42      1
    95    100      1
    96     52      1
    97     13      1
    98      1      1
    99     66      1
    99    103      1
   100     95      1
   101     35      1
   102     78      1
   103     99      1
   104     14      1
   105     94      1
   106      2      1
   107     91      1
   108     36      1
   109     58      1
