COORD_X_Y 80
  2.47403  0.862449
  1.74855  0.128338
 0.886196   0.76185
 0.890247   2.36418
 0.500558  0.541835
  2.59215   1.37455
0.0214342   1.23054
  0.91732   1.37898
  0.23748   1.63229
 0.178169   2.13362
  1.99633  0.508747
  2.16737  0.271069
  2.78112   1.49939
 0.668597  0.418382
 0.235748 0.0931661
 0.543281   1.54442
  1.71358  0.766792
 0.937345  0.956114
 0.795873   2.82025
  2.33779   1.63117
 0.904225   1.49217
  2.00451  0.262853
  1.55948  0.393325
  1.82817   0.88352
  1.11446  0.433494
 0.550721  0.985477
  2.85447   2.30984
 0.897052  0.311163
0.0715819    0.3741
  1.71389  0.316348
 0.992972   2.37613
 0.647416   1.36288
  2.90996   2.81367
 0.185986   2.80728
 0.604881  0.232713
  1.05813  0.303211
  1.34721    2.2058
  1.31426   1.33447
  2.23182  0.128375
  1.97024   2.64111
  1.28764   2.34089
  2.25393  0.514079
  2.26527   1.36074
  2.29067   2.45311
  2.34127   2.69898
  1.18105   2.96277
  2.74404   1.29211
   2.5824   2.59449
  1.38799   1.34366
  1.08353   1.50073
 0.604535   1.67221
  2.52543   2.53308
 0.784222  0.522233
 0.265511   2.37815
 0.576143  0.723838
  1.60347   2.02858
   1.2537   2.63338
  1.22999   2.68604
  1.99559   2.72973
 0.483568  0.387724
  1.49488   1.23307
  2.39496   1.76994
 0.281466   1.12965
  1.81211   2.87639
 0.530478   2.40304
  1.64388  0.594996
  2.44734   0.16049
  0.58754    1.1987
  2.45817    2.8428
  2.04298  0.824228
  1.10652   1.20938
   1.1121   2.98444
 0.595531   0.40305
 0.476568   1.87888
  1.32277  0.854818
  1.58758   2.99273
 0.485283  0.898878
 0.448279  0.852706
 0.676979  0.473431
 0.147846   2.43166
LINKS_SOURCE_DESTINATION_DISTANCE 158
     0      1      1
     0      2      1
     0      4      1
     0     10      1
     0     53      1
     1      0      1
     2      0      1
     2      3      1
     2      7      1
     3      2      1
     3      5      1
     3      6      1
     3     13      1
     3     15      1
     4      0      1
     4      8      1
     4     12      1
     4     28      1
     4     32      1
     4     49      1
     4     51      1
     4     70      1
     5      3      1
     5     14      1
     5     23      1
     5     27      1
     5     33      1
     6      3      1
     6     26      1
     6     55      1
     7      2      1
     7      9      1
     7     20      1
     7     22      1
     8      4      1
     8     11      1
     8     16      1
     8     36      1
     9      7      1
     9     68      1
    10      0      1
    10     19      1
    10     29      1
    10     30      1
    10     62      1
    11      8      1
    11     18      1
    12      4      1
    12     21      1
    13      3      1
    14      5      1
    14     41      1
    15      3      1
    15     24      1
    15     59      1
    16      8      1
    16     17      1
    16     40      1
    17     16      1
    18     11      1
    18     25      1
    19     10      1
    19     34      1
    19     42      1
    20      7      1
    20     57      1
    21     12      1
    21     35      1
    21     69      1
    22      7      1
    22     31      1
    23      5      1
    24     15      1
    25     18      1
    26      6      1
    26     54      1
    27      5      1
    27     38      1
    28      4      1
    29     10      1
    29     39      1
    29     47      1
    30     10      1
    31     22      1
    31     50      1
    32      4      1
    33      5      1
    33     72      1
    34     19      1
    34     67      1
    35     21      1
    35     37      1
    35     44      1
    36      8      1
    36     43      1
    37     35      1
    37     73      1
    38     27      1
    39     29      1
    40     16      1
    40     63      1
    40     78      1
    41     14      1
    42     19      1
    42     48      1
    43     36      1
    43     45      1
    44     35      1
    44     46      1
    45     43      1
    45     64      1
    45     77      1
    46     44      1
    46     52      1
    46     74      1
    47     29      1
    47     66      1
    48     42      1
    49      4      1
    49     56      1
    50     31      1
    50     61      1
    50     71      1
    51      4      1
    51     58      1
    52     46      1
    52     60      1
    52     65      1
    53      0      1
    54     26      1
    55      6      1
    56     49      1
    57     20      1
    58     51      1
    59     15      1
    60     52      1
    61     50      1
    62     10      1
    63     40      1
    64     45      1
    65     52      1
    66     47      1
    67     34      1
    67     79      1
    68      9      1
    69     21      1
    70      4      1
    70     75      1
    71     50      1
    72     33      1
    73     37      1
    74     46      1
    74     76      1
    75     70      1
    76     74      1
    77     45      1
    78     40      1
    79     67      1
