COORD_X_Y 50
 0.690067   2.46054
  2.74421   1.53004
  1.68431  0.703921
  1.63696   2.07451
  2.87185 0.0286548
 0.511929   2.80451
  2.95368   1.74473
 0.743163   2.09258
  1.48211   2.32929
 0.311602  0.291378
  2.11327   1.90366
  2.05217  0.806693
  1.46782  0.273731
 0.937826  0.418925
   1.1671   1.42971
  0.80044  0.343497
0.0754011  0.508861
 0.532111   1.38292
  1.79554   1.39562
  2.26474  0.771723
  1.03766   1.71232
  2.12369   1.86699
 0.294901   2.20107
    1.819   2.37789
  2.21735    1.2814
  1.68699   1.39484
  1.95089   1.33023
 0.992768   1.94821
 0.147407 0.00591033
  2.79177    1.5619
  2.16961  0.182012
  1.30753     1.883
  1.44665  0.274335
 0.828721  0.616163
  2.45964   2.99525
  1.04835   2.48283
 0.603984   1.46686
  1.36164   1.48243
 0.791725   0.51986
  1.22434   1.62414
  1.56727  0.804625
 0.567648  0.175605
  2.36718   1.47969
  2.11432   1.61128
 0.451258   1.11405
 0.106892   2.34416
  2.26092   1.99787
  1.26688   1.15624
  1.52048  0.230139
  1.38166  0.115414
LINKS_SOURCE_DESTINATION_DISTANCE 98
     0      1      1
     0      2      1
     0      8      1
     1      0      1
     1      4      1
     1     41      1
     2      0      1
     2      3      1
     2      6      1
     2      7      1
     2      9      1
     2     24      1
     2     33      1
     3      2      1
     3     15      1
     3     28      1
     3     29      1
     3     40      1
     4      1      1
     4      5      1
     4     13      1
     4     26      1
     4     27      1
     5      4      1
     6      2      1
     6     12      1
     6     14      1
     6     20      1
     7      2      1
     7     19      1
     7     45      1
     8      0      1
     9      2      1
     9     10      1
     9     11      1
     9     16      1
    10      9      1
    11      9      1
    11     32      1
    12      6      1
    12     18      1
    13      4      1
    14      6      1
    14     22      1
    14     25      1
    14     30      1
    15      3      1
    15     17      1
    16      9      1
    17     15      1
    17     44      1
    18     12      1
    19      7      1
    20      6      1
    20     21      1
    20     23      1
    21     20      1
    22     14      1
    23     20      1
    23     42      1
    24      2      1
    25     14      1
    25     35      1
    25     47      1
    26      4      1
    27      4      1
    27     31      1
    27     43      1
    28      3      1
    29      3      1
    29     37      1
    30     14      1
    30     38      1
    31     27      1
    31     36      1
    32     11      1
    33      2      1
    33     34      1
    34     33      1
    34     39      1
    34     49      1
    35     25      1
    36     31      1
    36     48      1
    37     29      1
    38     30      1
    39     34      1
    40      3      1
    41      1      1
    42     23      1
    42     46      1
    43     27      1
    44     17      1
    45      7      1
    46     42      1
    47     25      1
    48     36      1
    49     34      1
