COORD_X_Y 80
 0.682784   2.32961
  2.28126  0.927669
   2.3784   2.02718
  1.96582  0.679606
 0.801258   2.54784
 0.131561   0.94656
 0.238655   2.33855
  2.54707   1.06525
  1.58827   2.98021
 0.299062   2.59046
  1.18329  0.825451
  1.76936   1.86588
 0.364532   1.35694
   1.5186   1.26316
  1.62639   2.77381
  1.87685  0.403326
 0.233921   2.33464
  1.29141   2.21044
 0.542754   1.62382
  0.54095   1.88272
 0.903409  0.401575
 0.543168   1.17926
 0.266455   0.34303
  2.79213   1.60843
  1.12989   1.55904
 0.868177     1.896
 0.805374  0.723039
  1.00951  0.251806
  2.84543  0.334926
 0.318121   2.55816
 0.467256   2.72788
  1.64754  0.285447
  1.27938   1.19873
  1.61397   1.55849
 0.614547  0.765666
  1.88729  0.536979
  2.67085   1.12131
  1.38609   0.57355
  2.58065  0.112735
  1.63774 0.0056219
 0.242668   2.06469
  1.29908  0.275977
 0.904703   1.53768
  1.05911   2.52471
  2.94657   2.71894
 0.325486  0.186002
  1.59393   0.13433
  2.69692    2.1488
 0.344302   1.79622
  2.83666   2.55701
  1.11384   1.53335
  2.16936   1.90292
  2.70408  0.448581
  1.91436  0.935706
  2.93332   2.73996
  2.20999   1.56983
  2.10224   2.19767
  2.43825   1.68026
  2.84937   1.72504
 0.271673  0.134651
  2.24984 0.00532318
  2.21782   1.67248
  2.01107   1.78138
 0.301201   2.77535
  2.71725   2.34234
 0.727696  0.707585
 0.236203   1.59579
0.0605962   1.48363
 0.313679   2.47463
 0.429983  0.682631
  2.55956    1.6621
  1.81521    1.2642
  2.41047   1.68796
  2.62913   2.71523
  1.82817   1.37321
0.0414706  0.199198
  2.34579   2.88664
  2.82094  0.216825
  1.03328   2.24126
  2.31638   1.38095
LINKS_SOURCE_DESTINATION_DISTANCE 158
     0      1      1
     0     19      1
     0     20      1
     0     66      1
     1      0      1
     1      2      1
     1      4      1
     1      6      1
     1      8      1
     1     31      1
     2      1      1
     2      3      1
     2     13      1
     2     17      1
     2     37      1
     3      2      1
     3      5      1
     3     21      1
     4      1      1
     4     39      1
     5      3      1
     5      7      1
     5      9      1
     5     53      1
     6      1      1
     6     15      1
     6     24      1
     6     64      1
     7      5      1
     8      1      1
     8     11      1
     8     16      1
     8     62      1
     9      5      1
     9     10      1
     9     29      1
    10      9      1
    10     26      1
    11      8      1
    11     12      1
    11     44      1
    12     11      1
    12     14      1
    12     73      1
    13      2      1
    14     12      1
    14     23      1
    14     32      1
    14     41      1
    14     46      1
    14     48      1
    15      6      1
    16      8      1
    16     18      1
    16     47      1
    16     65      1
    16     74      1
    17      2      1
    17     22      1
    18     16      1
    18     43      1
    19      0      1
    20      0      1
    20     34      1
    21      3      1
    21     28      1
    21     55      1
    22     17      1
    23     14      1
    24      6      1
    24     25      1
    24     27      1
    24     30      1
    25     24      1
    26     10      1
    27     24      1
    27     33      1
    27     57      1
    28     21      1
    28     42      1
    28     71      1
    29      9      1
    30     24      1
    30     35      1
    30     79      1
    31      1      1
    31     40      1
    31     60      1
    31     63      1
    32     14      1
    32     38      1
    33     27      1
    33     56      1
    34     20      1
    34     54      1
    34     77      1
    35     30      1
    35     36      1
    36     35      1
    36     51      1
    37      2      1
    37     49      1
    37     76      1
    38     32      1
    38     50      1
    39      4      1
    39     45      1
    40     31      1
    41     14      1
    41     58      1
    41     59      1
    41     70      1
    42     28      1
    42     72      1
    43     18      1
    44     11      1
    45     39      1
    46     14      1
    46     78      1
    47     16      1
    47     52      1
    48     14      1
    49     37      1
    49     75      1
    50     38      1
    51     36      1
    51     61      1
    51     68      1
    52     47      1
    53      5      1
    54     34      1
    55     21      1
    56     33      1
    57     27      1
    58     41      1
    59     41      1
    60     31      1
    61     51      1
    61     69      1
    62      8      1
    63     31      1
    64      6      1
    65     16      1
    66      0      1
    66     67      1
    67     66      1
    68     51      1
    69     61      1
    70     41      1
    71     28      1
    72     42      1
    73     12      1
    74     16      1
    75     49      1
    76     37      1
    77     34      1
    78     46      1
    79     30      1
