COORD_X_Y 10
 0.699075   1.68579
  2.77427   2.91627
  2.20355   1.54804
 0.904932  0.873979
   0.5762   1.27391
   2.4924   1.84894
 0.291053   2.68418
 0.139058  0.492422
  1.72425   1.22197
  2.12126  0.360443
LINKS_SOURCE_DESTINATION_DISTANCE 18
     0      1      1
     0      4      1
     1      0      1
     1      2      1
     1      3      1
     2      1      1
     2      5      1
     3      1      1
     4      0      1
     5      2      1
     5      6      1
     6      5      1
     6      7      1
     7      6      1
     7      8      1
     8      7      1
     8      9      1
     9      8      1
