COORD_X_Y 110
 0.134856  0.796536
  2.35008  0.479899
   1.4921   1.41898
 0.267937  0.244316
 0.752456 0.00571871
  2.04585   2.26847
 0.421335   2.19265
   2.1589   1.06509
 0.461735   2.94401
  1.86022   2.56883
  1.52108 0.00290771
 0.444692   1.05914
 0.160397   2.76747
 0.360091   2.99714
 0.518168   0.95106
  1.15739   0.97083
  1.87777  0.430945
  1.33875   2.09031
  1.98759   1.64884
  1.34044   2.62943
  1.77284  0.707087
  1.43284   1.91435
  2.89401   2.62808
  2.88156  0.670528
  1.51375   2.49731
  2.10125   1.71232
  1.68084  0.521129
  2.06913   2.52211
  2.54746   2.97489
 0.933425   2.93131
  2.75466   1.87884
  2.15829   1.39554
  2.65084  0.524532
  1.48048   1.84093
    2.598  0.182595
  2.51262  0.509097
  1.93391 0.0403877
 0.373235  0.694768
 0.531079  0.764111
  2.12297   0.36141
0.0525101    2.5259
 0.122791   2.69431
  2.72889   2.38792
 0.581611   2.30161
 0.381011   1.38285
  1.31369   2.88214
  1.65123   1.53414
   2.8059  0.548002
  1.78149    2.3914
  1.44073   2.62508
 0.962613   1.41114
  1.91002   1.05974
  1.05474   1.04528
  2.52022    2.2132
  1.57367  0.945639
  1.64289   2.23798
  1.56754  0.328666
   2.7151    1.1779
  1.96674   1.22193
  2.30179    2.1678
  2.72428   2.72497
   1.1405   1.41594
 0.685509   2.09373
 0.855217  0.752781
   2.9611   1.43103
  2.03519   2.35391
  2.19797    1.8787
 0.857521  0.856294
  2.25958   1.82629
  2.51943  0.114238
   2.6038   2.53334
  2.53969   1.88178
 0.367568  0.176991
  2.92173   2.40469
  2.10674  0.619457
 0.329896   1.54606
  2.05701   2.98955
  1.61458   2.78139
  1.31176  0.677403
  2.60085   2.35224
 0.871989  0.371174
0.0601289   2.91342
  2.05926   2.13114
0.00862907  0.978632
  1.04955   2.64209
  1.07197  0.882508
 0.738201  0.235175
  1.11909  0.307463
  1.11664  0.784803
   2.4545  0.343643
 0.231101   2.90292
  1.15198   2.30537
 0.849735  0.865654
 0.370936   2.30543
 0.308074   2.44818
 0.128021   1.41825
  2.43428   1.42143
  1.90127   2.40255
 0.239858    1.3721
  2.18703  0.593364
  2.62494   2.95847
  2.20718   1.10501
  1.80451   1.94242
  1.30885   1.17719
  2.56372   1.63192
  1.36371   1.59737
  2.33995  0.995402
 0.646949   0.56374
  1.04778  0.267764
  2.78611   1.77022
LINKS_SOURCE_DESTINATION_DISTANCE 218
     0      1      1
     0      2      1
     0     15      1
     0     40      1
     0     82      1
     1      0      1
     1      3      1
     1      4      1
     1      5      1
     1     25      1
     2      0      1
     2      6      1
     2     20      1
     3      1      1
     3     13      1
     3     24      1
     4      1      1
     5      1      1
     5      9      1
     6      2      1
     6      7      1
     6     10      1
     6     14      1
     6     19      1
     6     21      1
     6     35      1
     6     57      1
     6     75      1
     6     81      1
     6     83      1
     7      6      1
     7      8      1
     7     37      1
     7     41      1
     7    102      1
     8      7      1
     8     11      1
     8     45      1
     8     47      1
     9      5      1
     9     18      1
     9     29      1
    10      6      1
    10     12      1
    10     17      1
    10     63      1
    11      8      1
    11     23      1
    11     31      1
    11     46      1
    11     48      1
    11     87      1
    12     10      1
    13      3      1
    13     22      1
    14      6      1
    14     16      1
    14     60      1
    15      0      1
    15     33      1
    15     36      1
    15    100      1
    16     14      1
    17     10      1
    17     64      1
    17     84      1
    18      9      1
    18     50      1
    19      6      1
    19     26      1
    19    109      1
    20      2      1
    20     32      1
    20     71      1
    21      6      1
    21     38      1
    22     13      1
    22     39      1
    23     11      1
    23     30      1
    24      3      1
    24     44      1
    25      1      1
    25     27      1
    25     70      1
    25     98      1
    26     19      1
    26     28      1
    26     49      1
    26    106      1
    27     25      1
    28     26      1
    28     93      1
    29      9      1
    30     23      1
    31     11      1
    31     42      1
    32     20      1
    32     34      1
    32     61      1
    33     15      1
    34     32      1
    35      6      1
    35     79      1
    36     15      1
    36     53      1
    36     54      1
    36     96      1
    37      7      1
    37     51      1
    37     55      1
    38     21      1
    39     22      1
    40      0      1
    40     77      1
    41      7      1
    41     43      1
    42     31      1
    42     52      1
    42     56      1
    42     68      1
    42     94      1
    42     97      1
    43     41      1
    44     24      1
    44    108      1
    45      8      1
    46     11      1
    47      8      1
    48     11      1
    48     95      1
    49     26      1
    49     72      1
    49     89      1
    50     18      1
    50     78      1
    50     90      1
    51     37      1
    51     59      1
    52     42      1
    52     58      1
    52     62      1
    53     36      1
    53     66      1
    53     80      1
    53     86      1
    53    105      1
    54     36      1
    55     37      1
    56     42      1
    57      6      1
    57     67      1
    58     52      1
    59     51      1
    60     14      1
    61     32      1
    61     65      1
    62     52      1
    63     10      1
    64     17      1
    65     61      1
    66     53      1
    66     69      1
    66    104      1
    67     57      1
    67     73      1
    68     42      1
    69     66      1
    69     74      1
    69     76      1
    70     25      1
    71     20      1
    71     92      1
    72     49      1
    73     67      1
    73     91      1
    74     69      1
    75      6      1
    76     69      1
    77     40      1
    78     50      1
    79     35      1
    80     53      1
    81      6      1
    81     85      1
    82      0      1
    83      6      1
    83     88      1
    83    101      1
    84     17      1
    84     99      1
    85     81      1
    86     53      1
    86    107      1
    87     11      1
    88     83      1
    88    103      1
    89     49      1
    90     50      1
    91     73      1
    92     71      1
    93     28      1
    94     42      1
    95     48      1
    96     36      1
    97     42      1
    98     25      1
    99     84      1
   100     15      1
   101     83      1
   102      7      1
   103     88      1
   104     66      1
   105     53      1
   106     26      1
   107     86      1
   108     44      1
   109     19      1
