COORD_X_Y 100
  2.68133  0.265823
  2.46115  0.531962
 0.605199   2.52351
 0.785165   1.54642
  1.66104   1.57881
  1.36074   2.01887
  2.30303   2.84382
  1.24447   1.61688
  1.58485   2.72529
  1.86808   2.03939
  2.92275  0.432975
  0.85426   1.94688
  2.00621   2.14296
 0.683003   1.38227
 0.703751   1.35989
  1.42989  0.874029
  1.85947 0.0607414
 0.856568  0.200832
  0.66304  0.487233
  1.61321 0.0326018
 0.959807   2.98636
  1.33738  0.628846
  2.59472  0.989357
 0.965506   1.03935
   1.4627  0.552531
 0.200227   1.09859
 0.387172  0.380567
0.0199358   2.61979
 0.588726   1.62255
  1.97479  0.967239
  1.24013   2.59412
  1.81998   2.03062
 0.733565   1.60196
  1.33651   2.79706
  1.28637   1.72406
 0.590795  0.286048
  1.95001   2.10563
     1.16  0.494307
  2.02946   2.60577
   0.7219   1.13213
  0.21954  0.389258
  1.43464   2.27974
  1.36394   1.02731
 0.347653   0.13426
  1.22196   1.22246
  1.31275  0.782092
  1.80519   1.19166
  1.02425  0.982561
 0.057881   1.79985
  2.55814   2.21352
0.0833833   1.87682
  2.55419  0.728698
  2.25097  0.158114
 0.667924   2.90594
  0.32807   1.00021
  1.42139  0.596119
 0.354594   1.97179
  1.47555   2.83481
  1.42615   1.98997
 0.722708  0.756497
  2.66983    2.5374
  1.85482   1.81087
 0.540933   2.53521
  0.79386    2.4416
   2.5273   1.06118
   0.5987   2.56178
  2.60762 0.00519032
  2.27042   1.30401
   1.6763     1.278
  1.28474     1.714
  1.89995     1.788
  2.38055   1.84227
 0.642982  0.910696
  1.79945   2.26653
  1.02423   2.73741
  2.03341    1.2349
  1.88282   1.24082
 0.601772   2.99323
  1.20404  0.195542
0.0108208  0.492438
 0.941266  0.895485
 0.875613   0.14779
  2.43374    0.1945
  2.92661   0.17685
 0.942305   1.97699
   2.3725    1.0458
  2.75145  0.161135
  2.27916   1.41607
  2.05671   2.96114
  2.47357   2.83217
  2.99413   2.37445
 0.456069  0.730174
 0.968975   2.94245
  2.67739   1.91802
   1.2296   2.19111
  1.73273   1.72918
 0.918742   1.72175
 0.799241  0.299623
  2.58059   2.71411
  1.22538   1.43503
LINKS_SOURCE_DESTINATION_DISTANCE 198
     0      1      1
     0      2      1
     0      3      1
     0      9      1
     0     22      1
     0     25      1
     1      0      1
     1      4      1
     1     16      1
     1     23      1
     2      0      1
     2      5      1
     2      6      1
     2     13      1
     2     17      1
     2     56      1
     3      0      1
     3     82      1
     3     97      1
     4      1      1
     4     12      1
     5      2      1
     5      7      1
     5     70      1
     5     95      1
     6      2      1
     6      8      1
     6     11      1
     6     18      1
     6     36      1
     6     49      1
     7      5      1
     7     10      1
     7     15      1
     8      6      1
     8     14      1
     8     87      1
     9      0      1
    10      7      1
    10     75      1
    11      6      1
    11     73      1
    12      4      1
    12     63      1
    12     84      1
    13      2      1
    13     19      1
    13     24      1
    13     31      1
    13     78      1
    14      8      1
    15      7      1
    16      1      1
    16     21      1
    17      2      1
    17     20      1
    17     89      1
    18      6      1
    18     29      1
    18     39      1
    18     52      1
    19     13      1
    19     34      1
    19     41      1
    20     17      1
    20     74      1
    20     86      1
    21     16      1
    21     27      1
    21     62      1
    22      0      1
    22     42      1
    23      1      1
    23     35      1
    24     13      1
    24     30      1
    24     79      1
    25      0      1
    25     26      1
    25     32      1
    26     25      1
    26     46      1
    27     21      1
    27     28      1
    27     47      1
    27     55      1
    27     65      1
    27     71      1
    28     27      1
    28     33      1
    28     44      1
    28     83      1
    29     18      1
    29     69      1
    30     24      1
    31     13      1
    31     38      1
    32     25      1
    32     76      1
    32     93      1
    33     28      1
    33     40      1
    33     43      1
    33     60      1
    34     19      1
    35     23      1
    35     37      1
    36      6      1
    36     48      1
    37     35      1
    38     31      1
    38     64      1
    39     18      1
    40     33      1
    40     59      1
    41     19      1
    41     77      1
    42     22      1
    42     90      1
    43     33      1
    43     45      1
    43     51      1
    44     28      1
    44     61      1
    44     99      1
    45     43      1
    46     26      1
    46     57      1
    46     98      1
    47     27      1
    48     36      1
    48     50      1
    49      6      1
    49     85      1
    50     48      1
    50     53      1
    50     58      1
    51     43      1
    52     18      1
    52     54      1
    52     96      1
    53     50      1
    53     67      1
    54     52      1
    54     81      1
    55     27      1
    56      2      1
    57     46      1
    58     50      1
    59     40      1
    60     33      1
    60     68      1
    61     44      1
    62     21      1
    63     12      1
    63     94      1
    64     38      1
    64     66      1
    65     27      1
    65     91      1
    66     64      1
    66     80      1
    67     53      1
    68     60      1
    69     29      1
    70      5      1
    70     72      1
    71     27      1
    71     92      1
    72     70      1
    73     11      1
    73     88      1
    74     20      1
    75     10      1
    76     32      1
    77     41      1
    78     13      1
    79     24      1
    80     66      1
    81     54      1
    82      3      1
    83     28      1
    84     12      1
    85     49      1
    86     20      1
    87      8      1
    88     73      1
    89     17      1
    90     42      1
    91     65      1
    92     71      1
    93     32      1
    94     63      1
    95      5      1
    96     52      1
    97      3      1
    98     46      1
    99     44      1
