COORD_X_Y 100
  2.84271   2.81054
   1.4734   1.86191
  2.05972   2.98817
  2.54748  0.460387
  2.96661   1.07922
 0.757444   0.53948
  2.15761   2.56615
  2.98958   2.62702
  1.66046  0.138834
  2.17351  0.185676
  1.03767   2.62149
  2.09776  0.188139
  2.17105   2.28652
   1.4442   1.48871
  2.85628   1.40607
  2.52944  0.678142
  1.47066   0.32375
 0.817716   1.87739
  2.68327   2.44054
  2.58077  0.845412
  1.89603  0.680316
  2.95794   1.94205
  1.22389  0.660068
  2.38122   1.94322
 0.155185   1.49605
  2.77639   2.82829
 0.872336    0.2407
 0.897502   2.20493
 0.218045   2.13377
0.0542692   2.99019
  1.42395   2.03148
  2.98847  0.657042
 0.241665   1.11656
  0.52654   1.47772
  2.21367   1.85198
  1.80454   2.90471
  2.94215   2.19856
  2.11431   1.27458
 0.839019   1.34341
  1.28075  0.971146
  2.15355  0.540477
  2.03255   1.07896
  1.73662   2.35738
  1.98785   2.56374
  2.30057  0.926425
  2.95106   2.95313
  1.50706  0.617568
    1.297   1.31023
 0.676418  0.130632
   2.8689  0.955178
  2.14054   1.14669
  2.57465    1.0584
 0.472733    2.2901
  2.18582   1.21387
  1.53977  0.480686
  1.42015   2.28731
  1.64162   1.80554
  2.62754   1.11605
  2.07328  0.896471
  1.97317   2.52316
  2.93969   2.86969
  1.05649  0.818389
 0.915006   2.43304
0.0899875  0.431733
  2.13829  0.242122
  1.99798   2.53391
  1.62091  0.719187
 0.385249   1.03998
   1.0556  0.450449
  1.99324  0.708365
 0.567913    2.2434
  2.86175    2.3895
   2.9124   1.76588
 0.989797   1.98164
  1.73017  0.204782
  2.94317   2.44035
  2.15443   2.11087
  1.15964 0.0559076
  1.96064   1.38546
 0.974445   2.82243
 0.406586   1.79723
  1.88809 0.00708943
 0.479708  0.733679
 0.456631   1.42166
0.0648371   1.75873
  1.35177  0.952034
 0.113944    1.1348
  2.11245   2.97524
 0.545547   2.91542
  2.55135    1.0519
  1.13438  0.453939
  1.95962   2.20207
 0.408132   2.24893
  1.77543   2.07232
  2.53846  0.977766
  2.16436  0.169945
 0.725474   1.14355
  1.00788   0.30788
 0.981038   2.73327
  1.63742   2.96511
LINKS_SOURCE_DESTINATION_DISTANCE 198
     0      1      1
     1      0      1
     1      2      1
     1     10      1
     1     36      1
     2      1      1
     2      3      1
     2      4      1
     2      7      1
     2     21      1
     2     42      1
     2     43      1
     2     49      1
     3      2      1
     3      5      1
     3      9      1
     3     16      1
     3     32      1
     3     44      1
     4      2      1
     4      8      1
     4     13      1
     4     19      1
     4     62      1
     4     90      1
     5      3      1
     5      6      1
     5     11      1
     5     15      1
     5     80      1
     6      5      1
     6     14      1
     6     17      1
     6     46      1
     6     67      1
     7      2      1
     7     28      1
     8      4      1
     8     23      1
     8     29      1
     8     55      1
     9      3      1
     9     81      1
    10      1      1
    10     27      1
    10     59      1
    11      5      1
    11     12      1
    11     33      1
    11     56      1
    11     68      1
    11     79      1
    12     11      1
    13      4      1
    13     22      1
    13     26      1
    14      6      1
    14     37      1
    15      5      1
    15     31      1
    15     66      1
    15     99      1
    16      3      1
    16     18      1
    16     73      1
    17      6      1
    18     16      1
    18     20      1
    18     24      1
    18     34      1
    18     35      1
    19      4      1
    19     25      1
    19     30      1
    19     93      1
    20     18      1
    20     63      1
    20     94      1
    21      2      1
    21     54      1
    22     13      1
    23      8      1
    24     18      1
    24     40      1
    25     19      1
    26     13      1
    27     10      1
    27     38      1
    27     41      1
    27     83      1
    28      7      1
    28     70      1
    29      8      1
    30     19      1
    30     45      1
    30     69      1
    31     15      1
    31     47      1
    31     77      1
    32      3      1
    33     11      1
    33     60      1
    33     86      1
    33     92      1
    34     18      1
    34     48      1
    35     18      1
    35     39      1
    35     85      1
    36      1      1
    36     50      1
    37     14      1
    38     27      1
    39     35      1
    40     24      1
    41     27      1
    42      2      1
    43      2      1
    44      3      1
    44     58      1
    44     96      1
    45     30      1
    46      6      1
    46     61      1
    47     31      1
    47     53      1
    47     75      1
    48     34      1
    48     52      1
    49      2      1
    49     51      1
    49     64      1
    49     71      1
    50     36      1
    51     49      1
    52     48      1
    52     89      1
    53     47      1
    54     21      1
    54     57      1
    55      8      1
    56     11      1
    56     84      1
    57     54      1
    57     76      1
    57     78      1
    58     44      1
    59     10      1
    59     65      1
    60     33      1
    61     46      1
    62      4      1
    63     20      1
    64     49      1
    64     87      1
    65     59      1
    66     15      1
    67      6      1
    68     11      1
    69     30      1
    70     28      1
    70     74      1
    71     49      1
    71     72      1
    71     91      1
    72     71      1
    73     16      1
    74     70      1
    74     82      1
    75     47      1
    76     57      1
    77     31      1
    78     57      1
    79     11      1
    79     88      1
    80      5      1
    81      9      1
    82     74      1
    83     27      1
    84     56      1
    85     35      1
    85     98      1
    86     33      1
    87     64      1
    87     95      1
    88     79      1
    89     52      1
    89     97      1
    90      4      1
    91     71      1
    92     33      1
    93     19      1
    94     20      1
    95     87      1
    96     44      1
    97     89      1
    98     85      1
    99     15      1
