COORD_X_Y 50
  2.70638   2.45705
  0.48235   1.56194
 0.758364   2.06295
 0.169109   1.94958
 0.969308   0.99109
  1.26479   2.10151
  1.21081  0.895828
 0.222225   2.11237
  0.60585  0.784022
  1.59052   1.78028
  1.77068  0.563915
  1.57605  0.260963
  2.21309     1.032
   0.5696   1.30998
  2.63691   1.85969
  1.95878   1.78773
  2.54148  0.652831
  1.91772  0.480881
  2.27634  0.628191
  1.55829   2.39775
  2.14121   2.24927
 0.563263   1.49121
 0.765058    1.0593
  2.32296   1.28847
  2.41879   1.99644
 0.374413    2.0249
 0.522119  0.503148
  1.54225   1.85179
 0.330647   0.39426
 0.660302   1.09408
  1.23637    1.1492
  1.00041   1.42378
 0.378966  0.755693
  1.89754   1.40414
  1.43369   2.50007
  2.80818  0.659387
 0.452905   1.03274
  2.93912  0.538568
 0.280188   1.73483
  2.12543  0.699784
  2.57883   1.25778
 0.236071   1.89603
   1.5692   1.64569
 0.747942    1.5162
  1.35873   2.31405
  2.67575  0.473345
  1.54039   2.23653
  2.36678  0.170221
  2.39179   1.42197
  2.08991  0.297622
LINKS_SOURCE_DESTINATION_DISTANCE 98
     0      1      1
     0      5      1
     0      9      1
     0     32      1
     0     42      1
     1      0      1
     1      2      1
     1      6      1
     2      1      1
     2      3      1
     2      4      1
     2      8      1
     2     23      1
     2     27      1
     3      2      1
     3      7      1
     3     30      1
     4      2      1
     4     13      1
     4     18      1
     4     19      1
     4     21      1
     4     25      1
     5      0      1
     5     28      1
     6      1      1
     6     20      1
     6     40      1
     7      3      1
     7     11      1
     7     15      1
     7     17      1
     8      2      1
     8     10      1
     8     33      1
     9      0      1
     9     12      1
     9     14      1
     9     26      1
    10      8      1
    11      7      1
    11     34      1
    12      9      1
    13      4      1
    14      9      1
    14     35      1
    15      7      1
    15     16      1
    16     15      1
    16     36      1
    16     37      1
    17      7      1
    17     48      1
    18      4      1
    18     38      1
    19      4      1
    19     22      1
    19     24      1
    20      6      1
    21      4      1
    22     19      1
    23      2      1
    23     47      1
    24     19      1
    24     31      1
    25      4      1
    26      9      1
    27      2      1
    28      5      1
    28     29      1
    29     28      1
    29     39      1
    29     49      1
    30      3      1
    31     24      1
    32      0      1
    33      8      1
    34     11      1
    34     43      1
    35     14      1
    35     41      1
    35     46      1
    36     16      1
    36     45      1
    37     16      1
    38     18      1
    39     29      1
    39     44      1
    40      6      1
    41     35      1
    42      0      1
    43     34      1
    44     39      1
    45     36      1
    46     35      1
    47     23      1
    48     17      1
    49     29      1
