COORD_X_Y 50
 0.640113   0.84104
  2.90969   2.25924
  2.08961   2.04874
   0.2173   1.46753
  1.72864   2.11422
   2.5513   1.92762
 0.332182   2.88454
  2.09519   1.88674
   1.7429  0.730928
 0.613807   1.79679
  2.67771  0.823659
 0.116995   1.57308
  1.00262   1.18536
  2.40354   2.40054
  2.07562   1.52997
  1.10028  0.906126
 0.144482   1.49577
  2.62722   1.46171
  2.13808   2.19994
  2.57655   2.10071
 0.460309    2.1331
 0.399062  0.599573
  2.81872   1.64551
  2.54625   1.76217
  2.18869   0.44902
  1.55049  0.120834
  1.19609   1.94365
0.0937877   2.35182
 0.330436  0.417947
  2.01856  0.204186
  2.14706  0.756264
  1.40133   1.38404
 0.776374  0.405917
  1.74379   1.01544
  1.84752   1.71252
0.00345808  0.495408
  1.54926   2.06339
  2.93087  0.405089
  1.11727   2.77125
  1.67979   1.10861
 0.988351   2.78303
  2.04128   2.67202
 0.757571   1.83011
 0.448881   1.09492
 0.238873   1.56596
  1.42589   2.24769
   0.1324 0.0617606
  1.17422  0.268351
  1.68489   1.89471
 0.849856   1.61497
LINKS_SOURCE_DESTINATION_DISTANCE 98
     0      1      1
     0      2      1
     0      3      1
     0      4      1
     0     14      1
     0     20      1
     0     39      1
     1      0      1
     1     23      1
     1     46      1
     1     48      1
     2      0      1
     3      0      1
     3      6      1
     3      9      1
     3     21      1
     4      0      1
     4      5      1
     4      7      1
     4      8      1
     4     10      1
     4     12      1
     5      4      1
     5     28      1
     5     31      1
     5     41      1
     6      3      1
     6     13      1
     6     17      1
     6     24      1
     7      4      1
     7     25      1
     7     47      1
     8      4      1
     8     11      1
     8     16      1
     8     22      1
     9      3      1
    10      4      1
    11      8      1
    11     18      1
    11     27      1
    12      4      1
    12     15      1
    12     26      1
    12     40      1
    13      6      1
    14      0      1
    14     19      1
    15     12      1
    15     30      1
    15     44      1
    16      8      1
    17      6      1
    18     11      1
    19     14      1
    19     43      1
    20      0      1
    21      3      1
    21     37      1
    21     45      1
    21     49      1
    22      8      1
    23      1      1
    24      6      1
    24     29      1
    24     38      1
    25      7      1
    26     12      1
    26     36      1
    26     42      1
    27     11      1
    28      5      1
    28     32      1
    28     33      1
    29     24      1
    30     15      1
    31      5      1
    32     28      1
    33     28      1
    33     34      1
    34     33      1
    34     35      1
    35     34      1
    36     26      1
    37     21      1
    38     24      1
    39      0      1
    40     12      1
    41      5      1
    42     26      1
    43     19      1
    44     15      1
    45     21      1
    46      1      1
    47      7      1
    48      1      1
    49     21      1
