COORD_X_Y 110
 0.286064   2.85698
 0.222588   1.59575
  2.09642    2.3813
 0.582193   1.17271
 0.938479 0.0919236
  2.23811   1.31104
  1.57624   1.30987
  1.53917   2.42639
 0.898957  0.760779
 0.253751   1.73293
  1.46917   1.49044
  1.53735   1.33422
  0.60204  0.490096
 0.760947   2.15294
  2.27144  0.979883
 0.682291  0.635836
  1.68965   2.70279
  2.75315  0.293574
  1.54995  0.273672
 0.447158   1.56314
0.0340353   1.88935
  2.85437  0.132165
 0.505101  0.936417
 0.518324   0.76864
  1.96887   1.15137
  2.90715  0.944325
 0.228956   2.54441
 0.825888   2.72531
  1.16078   2.65491
 0.656948  0.140968
  1.89912   2.34944
  2.64964   1.62542
 0.589514  0.340516
 0.221735   1.95377
  1.50284   2.12681
 0.605733   2.18865
  1.46678  0.781673
 0.630627   1.28577
  2.00003   1.94719
  1.75329  0.268167
   1.3494   2.83948
  1.89352   2.02182
 0.291436   2.72509
  2.00075  0.663685
  1.75729   2.59125
    2.368  0.917667
  1.51224   1.01769
 0.437467   2.60834
 0.894539  0.357997
  1.24106   1.18442
  2.52845  0.429669
  2.82325   2.99672
  2.53871   0.96846
  2.46499   1.27474
  1.75098  0.242758
 0.578282  0.975316
 0.298908   1.26088
  1.71313 0.0724721
  2.35482   2.77078
   2.5955   2.75861
 0.355473   2.04092
   2.6132  0.797696
 0.608083   2.55263
 0.891549  0.659186
  0.86126   2.73043
  2.36538   2.81598
  1.30504  0.898266
  1.35426   1.03475
  1.38394  0.530197
 0.391323   1.36132
  1.36835   2.18577
   1.4419   1.45035
  2.76503   1.87755
  1.98368    1.8506
  2.28028   2.18926
  2.40574   1.34427
  2.29968   2.78682
  1.20236   2.69041
0.0620903    2.8306
  2.72113   1.80714
  2.46174  0.616562
 0.378223   2.73415
 0.216031   2.29305
  1.14742   1.41146
  1.51178  0.138099
 0.346421   2.28485
  2.70468    2.9125
 0.396405   2.91197
  0.40434   1.30356
   2.9957   2.44107
  2.96112    1.8335
  0.37143  0.555641
  1.44324  0.597356
  1.52225   1.19817
  2.99766  0.652742
  2.83031  0.252201
  1.09325   2.01722
  2.59347   1.30068
 0.192398   0.66313
 0.379137   1.44704
  1.91251   1.61204
   2.9266   2.66168
  1.92088   2.31832
  1.87914   2.98585
  1.12628   2.06134
  1.46135   2.27434
  1.49619   2.21758
  2.15624   1.69771
  2.70901   2.50351
  2.11995   2.55988
LINKS_SOURCE_DESTINATION_DISTANCE 218
     0      1      1
     0      2      1
     0      6      1
     0      8      1
     0     38      1
     0     91      1
     1      0      1
     1      5      1
     1     10      1
     1     19      1
     2      0      1
     2      3      1
     2      4      1
     3      2      1
     3     52      1
     3     99      1
     4      2      1
     4      7      1
     4      9      1
     4     13      1
     4     15      1
     4     32      1
     4     70      1
     5      1      1
     5     23      1
     5     25      1
     5     74      1
     5    104      1
     6      0      1
     6     11      1
     6     28      1
     6     57      1
     6     76      1
     7      4      1
     8      0      1
     8     12      1
     8     34      1
     9      4      1
     9     35      1
    10      1      1
    10     14      1
    10     16      1
    10     17      1
    10     31      1
    10     51      1
    10     84      1
    10     89      1
    11      6      1
    12      8      1
    12     68      1
    13      4      1
    13     20      1
    13     27      1
    14     10      1
    14     21      1
    14     22      1
    14     63      1
    15      4      1
    15     39      1
    16     10      1
    16     37      1
    16     46      1
    17     10      1
    17     18      1
    18     17      1
    18     92      1
    19      1      1
    19     43      1
    19     47      1
    19     55      1
    19     79      1
    20     13      1
    21     14      1
    21     26      1
    21     45      1
    22     14      1
    22     24      1
    23      5      1
    23     40      1
    24     22      1
    24     30      1
    24     33      1
    24     90      1
    25      5      1
    26     21      1
    26     29      1
    26     44      1
    27     13      1
    28      6      1
    28     41      1
    28     65      1
    29     26      1
    29     54      1
    30     24      1
    31     10      1
    32      4      1
    32     77      1
    32    106      1
    33     24      1
    33     36      1
    33     42      1
    33    109      1
    34      8      1
    35      9      1
    36     33      1
    37     16      1
    37     69      1
    38      0      1
    38     59      1
    39     15      1
    39     58      1
    39    108      1
    40     23      1
    41     28      1
    41     61      1
    41     62      1
    41     96      1
    42     33      1
    42     56      1
    42     60      1
    42     87      1
    43     19      1
    44     26      1
    44     49      1
    45     21      1
    45     48      1
    46     16      1
    47     19      1
    47     50      1
    47     53      1
    48     45      1
    48    101      1
    48    102      1
    49     44      1
    50     47      1
    51     10      1
    52      3      1
    52     67      1
    53     47      1
    53     78      1
    54     29      1
    54     98      1
    55     19      1
    55     71      1
    56     42      1
    56     66      1
    56     86      1
    57      6      1
    57     72      1
    58     39      1
    58     75      1
    58     93      1
    59     38      1
    60     42      1
    61     41      1
    62     41      1
    63     14      1
    63     64      1
    64     63      1
    65     28      1
    65     73      1
    66     56      1
    66     80      1
    66     95      1
    67     52      1
    68     12      1
    69     37      1
    69     94      1
    70      4      1
    70    107      1
    71     55      1
    72     57      1
    72     81      1
    72     82      1
    73     65      1
    73     83      1
    74      5      1
    75     58      1
    76      6      1
    77     32      1
    78     53      1
    79     19      1
    79     85      1
    79     88      1
    80     66      1
    81     72      1
    81    100      1
    82     72      1
    83     73      1
    84     10      1
    85     79      1
    86     56      1
    87     42      1
    88     79      1
    89     10      1
    90     24      1
    90     97      1
    90    103      1
    91      0      1
    92     18      1
    93     58      1
    94     69      1
    95     66      1
    96     41      1
    97     90      1
    98     54      1
    99      3      1
   100     81      1
   101     48      1
   101    105      1
   102     48      1
   103     90      1
   104      5      1
   105    101      1
   106     32      1
   107     70      1
   108     39      1
   109     33      1
