COORD_X_Y 70
  2.30725  0.933141
 0.302928      1.11
  2.32119   2.89206
 0.489673   2.54202
  0.65842   1.37536
  1.87421  0.708934
 0.315337  0.372748
 0.387336    1.8674
  1.78099   2.33384
   2.2044  0.990448
 0.764155  0.349261
 0.972181  0.418524
 0.826409   1.14121
  1.74369   2.28136
  1.62246  0.473252
  1.70392  0.704375
  1.14119  0.568827
  1.48207   1.87117
  2.44179   1.50005
 0.111709 0.0445671
  1.71246   2.63874
  2.03593  0.515185
   2.5742   2.66818
 0.329085   2.76303
  2.41078  0.815854
 0.891136   1.13907
 0.907451   2.74689
  2.55769  0.957278
  2.97724    2.7263
 0.516114  0.671557
  2.22992   1.36844
   2.7123   2.02928
 0.463332 0.0159267
  2.53215  0.687389
  1.79411   1.45876
  2.22573  0.621945
0.0120595   2.21613
  2.58973  0.618489
  1.22743   2.37866
   1.1184 0.0628131
 0.253068    1.9362
  2.23373  0.224827
  1.05786   0.37964
  1.09963   1.48656
  2.34983   1.63987
  1.59039   2.75921
 0.245281   2.75755
  2.54581  0.945407
 0.899103    2.5841
  2.50519   1.16068
  1.49252  0.846643
   2.5419   1.70384
0.0358969  0.831296
  1.60207    1.4441
  1.72838  0.211025
  1.02201 0.0730712
  1.03804   2.05395
 0.466098   1.10627
 0.754952   1.55077
  2.28612   1.18859
  2.59832    1.9483
   2.6104   2.04773
  2.59405   1.61297
 0.415191  0.537178
 0.343217   2.99645
  2.80576   2.76793
  1.05564   2.85757
  2.57331  0.663782
  2.06605   1.37201
  2.00448 0.0152341
LINKS_SOURCE_DESTINATION_DISTANCE 138
     0      1      1
     0      4      1
     0      9      1
     1      0      1
     1      2      1
     1     18      1
     1     34      1
     1     44      1
     2      1      1
     2      3      1
     2      6      1
     2      8      1
     2     29      1
     3      2      1
     3      7      1
     3     16      1
     3     19      1
     3     40      1
     3     61      1
     4      0      1
     4      5      1
     4     25      1
     4     64      1
     5      4      1
     5     11      1
     5     47      1
     6      2      1
     6     22      1
     6     27      1
     7      3      1
     7     12      1
     7     14      1
     7     53      1
     8      2      1
     8     43      1
     9      0      1
     9     10      1
     9     13      1
    10      9      1
    11      5      1
    11     26      1
    11     39      1
    12      7      1
    12     15      1
    12     62      1
    12     66      1
    13      9      1
    13     17      1
    13     30      1
    13     69      1
    14      7      1
    14     23      1
    14     50      1
    15     12      1
    15     59      1
    16      3      1
    16     36      1
    16     38      1
    16     57      1
    17     13      1
    18      1      1
    18     20      1
    18     21      1
    19      3      1
    20     18      1
    20     28      1
    20     42      1
    20     45      1
    21     18      1
    21     32      1
    21     55      1
    22      6      1
    22     24      1
    23     14      1
    23     63      1
    24     22      1
    24     31      1
    25      4      1
    25     41      1
    25     54      1
    26     11      1
    26     46      1
    26     48      1
    27      6      1
    27     35      1
    28     20      1
    28     33      1
    29      2      1
    29     37      1
    30     13      1
    31     24      1
    31     60      1
    32     21      1
    33     28      1
    34      1      1
    35     27      1
    36     16      1
    36     49      1
    36     58      1
    37     29      1
    38     16      1
    39     11      1
    40      3      1
    41     25      1
    42     20      1
    43      8      1
    44      1      1
    44     67      1
    45     20      1
    46     26      1
    46     52      1
    47      5      1
    48     26      1
    48     51      1
    48     56      1
    49     36      1
    49     68      1
    50     14      1
    51     48      1
    52     46      1
    53      7      1
    54     25      1
    55     21      1
    56     48      1
    57     16      1
    58     36      1
    59     15      1
    60     31      1
    61      3      1
    62     12      1
    62     65      1
    63     23      1
    64      4      1
    65     62      1
    66     12      1
    67     44      1
    68     49      1
    69     13      1
