COORD_X_Y 10
  1.79549  0.873021
  1.41248    1.5969
  1.53856   1.57902
  2.70091  0.832609
  1.11265   2.51035
  2.81435  0.637656
  1.14398   1.24703
  1.01746  0.573721
  1.58268   2.47736
  1.05872  0.640766
LINKS_SOURCE_DESTINATION_DISTANCE 18
     0      1      1
     1      0      1
     1      2      1
     1      3      1
     2      1      1
     2      4      1
     3      1      1
     3      5      1
     3      8      1
     4      2      1
     4      9      1
     5      3      1
     5      6      1
     6      5      1
     6      7      1
     7      6      1
     8      3      1
     9      4      1
