COORD_X_Y 70
 0.936832   1.88147
  2.55159   2.55008
  2.64775   1.29385
  1.69365   1.99883
  2.17449   2.87677
 0.169829  0.919933
 0.237317    2.9803
 0.780509   0.64438
  1.13367   1.26923
  1.40152   1.58724
 0.339388   1.43029
  1.13258   1.03195
  2.84432   1.08153
  1.12844   2.58161
  2.72244  0.100912
  1.45716  0.220288
  0.27114   1.27609
  1.30884   1.72192
  2.74442   1.68126
 0.581338   1.18406
  2.62192  0.439811
  2.26704   2.11611
  2.58332   1.49243
  1.96232   1.63131
 0.202239   1.90611
  2.77073    2.1593
 0.780249  0.392145
  2.55378   2.78725
 0.841784   0.92606
  1.24847   1.09831
 0.259197   2.87227
  1.30346   1.45497
  1.41098 0.0167703
  1.98912  0.696865
  2.01664  0.130951
  1.66521   1.74611
  2.14525   1.61582
  1.71434   1.22552
  1.30487   1.19506
  1.60138   1.11402
0.0111076   2.19407
  1.30686  0.769587
  1.97995  0.893911
 0.818735   2.15215
 0.312194   2.35772
 0.482106   1.00008
  2.68104    2.3953
 0.845161   1.29478
  2.64011   2.85649
  1.37979  0.270474
  2.52662   2.00489
  1.80441   2.30934
  1.92502   2.14314
 0.250302    1.1941
  2.33836   1.21376
  2.09872   2.03979
  1.99738   0.68581
 0.522358    2.7369
 0.120669   1.39433
 0.898837   1.04168
  2.37073   2.23097
  1.32804   2.55237
0.0144709   2.84991
  1.27467   2.85203
  2.78598   2.64922
  1.49412   1.35731
  2.12792   2.53987
  1.45531   1.85061
 0.766364   1.44707
 0.506655  0.760797
LINKS_SOURCE_DESTINATION_DISTANCE 138
     0      1      1
     0      2      1
     0      8      1
     1      0      1
     2      0      1
     2      3      1
     2      4      1
     2      6      1
     2     12      1
     2     25      1
     2     32      1
     3      2      1
     3     14      1
     3     19      1
     3     22      1
     3     58      1
     4      2      1
     4      5      1
     4     36      1
     4     52      1
     5      4      1
     5      9      1
     5     10      1
     6      2      1
     6      7      1
     6     11      1
     6     16      1
     6     42      1
     7      6      1
     7     17      1
     7     55      1
     8      0      1
     8     21      1
     9      5      1
     9     20      1
     9     23      1
     9     46      1
    10      5      1
    11      6      1
    11     15      1
    11     27      1
    12      2      1
    12     13      1
    13     12      1
    13     29      1
    13     31      1
    13     59      1
    14      3      1
    14     45      1
    15     11      1
    15     61      1
    16      6      1
    16     24      1
    17      7      1
    17     18      1
    18     17      1
    18     43      1
    18     51      1
    19      3      1
    19     26      1
    20      9      1
    20     28      1
    21      8      1
    21     30      1
    21     38      1
    22      3      1
    22     37      1
    23      9      1
    24     16      1
    24     33      1
    25      2      1
    25     49      1
    25     63      1
    26     19      1
    26     41      1
    27     11      1
    27     34      1
    27     35      1
    28     20      1
    29     13      1
    30     21      1
    30     39      1
    30     54      1
    30     57      1
    30     62      1
    31     13      1
    31     65      1
    32      2      1
    33     24      1
    34     27      1
    34     69      1
    35     27      1
    35     40      1
    35     47      1
    35     48      1
    36      4      1
    37     22      1
    37     44      1
    37     67      1
    38     21      1
    39     30      1
    40     35      1
    40     66      1
    41     26      1
    42      6      1
    42     50      1
    42     53      1
    42     56      1
    43     18      1
    44     37      1
    45     14      1
    46      9      1
    47     35      1
    47     60      1
    47     68      1
    48     35      1
    49     25      1
    50     42      1
    51     18      1
    52      4      1
    53     42      1
    54     30      1
    55      7      1
    56     42      1
    57     30      1
    58      3      1
    59     13      1
    60     47      1
    61     15      1
    61     64      1
    62     30      1
    63     25      1
    64     61      1
    65     31      1
    66     40      1
    67     37      1
    68     47      1
    69     34      1
