COORD_X_Y 70
   1.9586   2.40403
  1.25461 0.0684713
  2.30323   1.00095
   2.6466   1.69851
  2.21965  0.618505
   1.7637   2.19964
 0.209607   1.13451
  2.86193    2.7032
 0.651448   2.21671
  2.10999   2.25036
 0.579355   1.06045
  1.52203  0.523328
  2.82813  0.265902
  1.17158   2.97245
  1.33966  0.632968
  1.88412 0.0221182
 0.443395   2.44162
    1.524   1.96661
   1.9433   2.32931
  1.78601   1.20701
 0.994475   2.20598
  2.93845   2.54724
 0.285398    2.4797
  2.51637   2.70508
  1.74064   2.51315
  2.83869   2.36801
  2.50681   1.24731
  1.54997  0.906958
  2.92724  0.710495
  2.29137   0.14381
  2.43795  0.746285
 0.125331   2.91409
 0.598069   1.13062
 0.907002   2.21874
  2.19596   2.70663
  1.92038   2.29036
  1.72652  0.713324
  1.25859   2.59467
  1.48064   1.65086
  1.79232   0.47195
   2.9922   2.82714
  1.10121   1.31301
  1.51194   1.04308
  2.63322  0.279946
   2.3343  0.377643
   1.8504  0.289435
 0.313258   2.93702
  2.50525   2.49596
  2.01155   2.39664
  2.36899   1.40992
 0.729285  0.313242
  2.78644   1.72225
  2.58646   1.71364
0.0722057   2.76791
  1.94337   1.49104
   1.1139  0.946063
 0.310101    2.2382
  1.05235  0.560009
  1.10112   1.14414
  2.46644   1.00831
   2.9663   1.48975
  2.72503  0.423967
 0.962591  0.117021
 0.902004   2.20194
 0.405788   1.89119
0.0882672   1.23978
  1.32445   1.07695
  1.25032   1.84379
 0.807217  0.255119
 0.591203  0.200646
LINKS_SOURCE_DESTINATION_DISTANCE 138
     0      1      1
     0      2      1
     0      3      1
     0      5      1
     0     32      1
     0     42      1
     0     60      1
     1      0      1
     1      4      1
     1      6      1
     1     58      1
     2      0      1
     2     13      1
     3      0      1
     4      1      1
     4     20      1
     4     24      1
     5      0      1
     5      7      1
     5      9      1
     5     14      1
     5     17      1
     5     65      1
     6      1      1
     6      8      1
     6     10      1
     6     15      1
     6     21      1
     7      5      1
     7     16      1
     8      6      1
     8     12      1
     8     37      1
     9      5      1
     9     11      1
     9     23      1
     9     26      1
     9     27      1
     9     31      1
    10      6      1
    10     18      1
    10     55      1
    10     56      1
    11      9      1
    11     19      1
    12      8      1
    12     25      1
    12     44      1
    12     50      1
    13      2      1
    13     49      1
    14      5      1
    14     36      1
    14     38      1
    15      6      1
    15     22      1
    16      7      1
    16     28      1
    17      5      1
    18     10      1
    18     33      1
    18     53      1
    18     57      1
    19     11      1
    20      4      1
    20     30      1
    21      6      1
    21     66      1
    21     69      1
    22     15      1
    23      9      1
    23     43      1
    24      4      1
    24     45      1
    24     51      1
    25     12      1
    26      9      1
    27      9      1
    27     29      1
    27     62      1
    28     16      1
    28     34      1
    28     67      1
    29     27      1
    30     20      1
    30     59      1
    30     61      1
    31      9      1
    31     41      1
    32      0      1
    33     18      1
    33     39      1
    33     40      1
    33     46      1
    34     28      1
    34     35      1
    34     68      1
    35     34      1
    36     14      1
    37      8      1
    37     54      1
    38     14      1
    39     33      1
    40     33      1
    41     31      1
    42      0      1
    42     52      1
    43     23      1
    44     12      1
    45     24      1
    46     33      1
    46     47      1
    47     46      1
    47     48      1
    48     47      1
    49     13      1
    50     12      1
    51     24      1
    52     42      1
    53     18      1
    53     63      1
    54     37      1
    55     10      1
    56     10      1
    57     18      1
    58      1      1
    59     30      1
    60      0      1
    61     30      1
    61     64      1
    62     27      1
    63     53      1
    64     61      1
    65      5      1
    66     21      1
    67     28      1
    68     34      1
    69     21      1
