COORD_X_Y 100
  1.38539   2.65121
  2.70959    2.8838
 0.228838  0.712927
  1.02529   1.46355
  1.34986    2.5916
 0.568705   1.27502
  1.06764   2.48308
  1.83835  0.351286
 0.487578   1.44382
  0.66973   2.55197
 0.413646   2.22526
  2.39564   1.02322
  2.24921   2.47586
 0.489096  0.669219
  1.36285    2.5861
  2.40795   2.42494
  2.93988 0.0927014
  1.19639   2.50818
  1.90956   1.04896
 0.422245 0.0506916
 0.687006   2.48938
  2.27743  0.732842
  2.31089  0.841476
  1.25632  0.614381
  1.13517   2.80581
  2.35175   1.94159
0.0474276  0.566503
0.0627425   2.14113
  2.14375   2.92585
  1.78911 0.0614563
  1.97763  0.818854
  2.16935   1.43016
 0.140317  0.636081
 0.549959   1.75337
  1.56823   1.06706
 0.937071   1.38072
 0.838705     2.502
  2.96526   2.72782
  1.46639   1.17685
  1.97991   1.94025
  1.84298   2.61229
 0.154008   2.99033
 0.685542   1.35321
  2.26558   1.70343
   2.0405    2.7321
 0.768881  0.948664
  2.00659     1.871
  1.73253  0.106729
  1.38759   1.96845
0.0846865  0.263831
  2.01616   2.39284
  1.35097   2.38602
   1.3017   2.39724
 0.578042   1.30585
  1.47142   1.57114
   0.9881   1.77945
  2.39689   1.91728
  1.70668   2.25181
 0.798151 0.00457321
  2.74092    2.5406
 0.508717  0.113204
  0.28374    1.6714
   0.5959   1.95911
  2.92041   1.95969
 0.486463   2.79887
0.0580757  0.915973
  1.69533   2.00535
  1.31114   2.47887
  2.48378   1.90662
  1.01113   1.52268
  1.82055  0.191026
  2.22035   1.05825
  1.02768  0.899949
 0.907805  0.941979
 0.736467   1.03938
  2.49327   2.86747
 0.110323  0.744574
   0.3521   2.72848
 0.749041  0.913607
  1.07021  0.676201
  1.82899   1.18364
 0.392071   2.33992
0.0729464  0.176146
  2.89755   1.54327
   1.8177  0.129324
 0.555102   1.34245
   0.7773   1.27353
  1.22791    2.9454
  1.52588   2.79369
 0.254658   2.04649
 0.512917   2.89382
  1.26625   2.41834
  1.72494   2.25375
 0.405469   2.58419
  2.85225   1.03028
  1.80746  0.137066
  0.10472   1.25129
0.0643711  0.686982
 0.520421   2.98776
0.0179032   2.87062
LINKS_SOURCE_DESTINATION_DISTANCE 198
     0      1      1
     1      0      1
     1      2      1
     1      7      1
     1     35      1
     1     40      1
     2      1      1
     2      3      1
     2      4      1
     2      6      1
     2      9      1
     2     15      1
     2     33      1
     2     54      1
     2     70      1
     3      2      1
     3      5      1
     3     32      1
     3     65      1
     4      2      1
     4      8      1
     4     78      1
     5      3      1
     5     13      1
     6      2      1
     6     11      1
     6     24      1
     6     28      1
     6     44      1
     6     88      1
     7      1      1
     7     10      1
     7     52      1
     8      4      1
     8     12      1
     8     14      1
     8     25      1
     8     58      1
     8     81      1
     9      2      1
     9     23      1
     9     26      1
    10      7      1
    10     39      1
    10     43      1
    11      6      1
    11     16      1
    11     17      1
    11     51      1
    12      8      1
    12     19      1
    12     21      1
    12     22      1
    12     36      1
    12     98      1
    13      5      1
    13     20      1
    14      8      1
    14     18      1
    15      2      1
    15     29      1
    15     30      1
    16     11      1
    16     77      1
    17     11      1
    17     37      1
    18     14      1
    18     46      1
    19     12      1
    19     95      1
    20     13      1
    21     12      1
    21     27      1
    21     49      1
    22     12      1
    22     41      1
    23      9      1
    24      6      1
    24     62      1
    25      8      1
    26      9      1
    26     50      1
    26     67      1
    27     21      1
    27     31      1
    28      6      1
    28     34      1
    29     15      1
    29     56      1
    29     61      1
    30     15      1
    30     47      1
    31     27      1
    31     42      1
    31     55      1
    31     84      1
    32      3      1
    32     53      1
    32     59      1
    33      2      1
    34     28      1
    34     48      1
    35      1      1
    36     12      1
    36     38      1
    36     57      1
    37     17      1
    37     94      1
    38     36      1
    38     45      1
    39     10      1
    39     73      1
    40      1      1
    40     75      1
    40     87      1
    40     91      1
    41     22      1
    42     31      1
    42     64      1
    43     10      1
    44      6      1
    44     68      1
    44     92      1
    45     38      1
    46     18      1
    47     30      1
    48     34      1
    48     60      1
    49     21      1
    50     26      1
    51     11      1
    51     83      1
    52      7      1
    53     32      1
    54      2      1
    54     90      1
    55     31      1
    55     69      1
    55     74      1
    55     96      1
    56     29      1
    56     66      1
    57     36      1
    58      8      1
    58     80      1
    59     32      1
    60     48      1
    60     86      1
    61     29      1
    61     63      1
    62     24      1
    62     99      1
    63     61      1
    64     42      1
    64     79      1
    65      3      1
    65     76      1
    66     56      1
    66     71      1
    66     72      1
    67     26      1
    68     44      1
    68     93      1
    69     55      1
    70      2      1
    71     66      1
    72     66      1
    72     82      1
    73     39      1
    74     55      1
    75     40      1
    75     89      1
    76     65      1
    76     85      1
    77     16      1
    77     97      1
    78      4      1
    79     64      1
    80     58      1
    81      8      1
    82     72      1
    83     51      1
    84     31      1
    85     76      1
    86     60      1
    87     40      1
    88      6      1
    89     75      1
    90     54      1
    91     40      1
    92     44      1
    93     68      1
    94     37      1
    95     19      1
    96     55      1
    97     77      1
    98     12      1
    99     62      1
