COORD_X_Y 70
  2.84901   2.33194
  2.43945   0.68045
   1.1425   1.90129
  2.29938  0.569931
  2.91906   2.16048
  1.85506   2.73169
  1.19994   1.90975
 0.987172   1.28152
  1.61931   2.02823
  2.39618   2.64175
 0.460554    2.8319
  1.15851   1.05828
 0.687419   2.34975
  1.40574   1.28691
  1.76662  0.343271
 0.699773   1.58997
  1.23826   2.37784
  1.32687  0.173124
  1.56263   1.54736
 0.406852  0.798701
   1.8244   0.63675
  1.22989   1.83582
 0.120318    2.7503
  2.80389   1.13917
  2.95847  0.676581
 0.536597   2.07277
  2.85473   1.82036
  1.22578   2.35585
  1.76751   1.28031
  1.91626   2.99391
 0.295228  0.856667
  1.08447   2.14126
  2.51285   0.32828
  1.66754   2.14867
0.0211838   1.78385
  2.58808  0.297136
   2.1323  0.352985
  1.69359   2.08513
  1.09109   1.08793
  2.93764  0.218503
0.0470298   2.49993
  2.94783   2.23685
 0.617619   2.21598
   2.1604   1.56129
  2.09056  0.341256
 0.261161   2.77297
  1.36819   1.52782
0.0900882  0.756317
   2.2931  0.851692
  2.90484   1.20995
  2.10923   2.72816
 0.939045   1.56233
  1.20372  0.813761
  1.32997   2.81713
 0.447625     2.004
0.0912713  0.674832
0.0165607  0.625314
  1.61506   2.44387
   0.2612  0.993927
  2.46148   1.22985
  1.45984  0.130072
  1.63034   1.48798
 0.292154   1.61568
 0.252287    2.7678
  2.81704   1.19025
  2.22838    2.1564
 0.806149   1.68983
  1.70658   1.93282
 0.963299  0.956229
0.0100931   2.67161
LINKS_SOURCE_DESTINATION_DISTANCE 138
     0      1      1
     0      3      1
     1      0      1
     1      2      1
     1      4      1
     1      9      1
     1     10      1
     1     14      1
     2      1      1
     2      6      1
     2     11      1
     3      0      1
     3      5      1
     3     15      1
     3     50      1
     4      1      1
     4      7      1
     4     12      1
     4     22      1
     4     28      1
     4     34      1
     5      3      1
     6      2      1
     6      8      1
     6     23      1
     6     62      1
     6     68      1
     7      4      1
     7     13      1
     7     18      1
     8      6      1
     8     48      1
     8     60      1
     8     69      1
     9      1      1
     9     17      1
     9     27      1
    10      1      1
    11      2      1
    11     16      1
    12      4      1
    12     24      1
    12     39      1
    13      7      1
    13     33      1
    13     64      1
    14      1      1
    15      3      1
    15     25      1
    16     11      1
    16     19      1
    17      9      1
    17     32      1
    17     36      1
    18      7      1
    18     21      1
    18     31      1
    18     42      1
    18     52      1
    19     16      1
    19     20      1
    19     35      1
    20     19      1
    20     30      1
    20     47      1
    20     54      1
    21     18      1
    21     41      1
    22      4      1
    22     26      1
    22     40      1
    22     43      1
    22     66      1
    23      6      1
    24     12      1
    24     46      1
    24     51      1
    25     15      1
    26     22      1
    26     44      1
    27      9      1
    27     49      1
    27     67      1
    28      4      1
    28     29      1
    28     45      1
    29     28      1
    29     38      1
    30     20      1
    31     18      1
    32     17      1
    33     13      1
    34      4      1
    35     19      1
    35     37      1
    35     65      1
    36     17      1
    36     56      1
    37     35      1
    38     29      1
    39     12      1
    40     22      1
    41     21      1
    42     18      1
    42     59      1
    43     22      1
    44     26      1
    45     28      1
    46     24      1
    47     20      1
    48      8      1
    48     57      1
    49     27      1
    50      3      1
    50     53      1
    51     24      1
    51     61      1
    52     18      1
    52     55      1
    53     50      1
    54     20      1
    55     52      1
    55     58      1
    56     36      1
    57     48      1
    58     55      1
    59     42      1
    60      8      1
    61     51      1
    61     63      1
    62      6      1
    63     61      1
    64     13      1
    65     35      1
    66     22      1
    67     27      1
    68      6      1
    69      8      1
