COORD_X_Y 110
  1.78866   1.54055
 0.379437   1.95918
  2.75527  0.878852
 0.327677   1.89533
 0.608956   2.71447
 0.869862   2.76898
  2.67886   1.02624
  2.56558    2.1207
  1.23483   2.17037
  2.35029   1.55222
 0.501514   2.99545
  2.25628  0.908273
  2.51137  0.775044
  2.48331   0.14952
  1.04544  0.840608
  0.54735   2.96525
  2.62255   2.39644
  2.26517   2.07841
 0.379738   2.59588
  1.96464   2.50126
   1.1269   2.85724
 0.820332  0.772378
  2.18252    2.4768
  1.57429   1.51205
 0.577677   1.16969
  2.85716   1.60954
  2.32196  0.872914
  2.70957   1.76261
  2.65048   2.44667
  2.62662   1.33659
  1.83204   2.53901
  2.25544   1.60317
  1.95955  0.675962
0.0209637    1.0536
  1.49092  0.629519
  2.30069   2.03695
  1.01198   2.42197
 0.702671   2.44773
  2.57194   1.94104
0.0378042   2.66049
  2.31708   1.81406
  1.62195  0.680962
  2.79417   2.31335
  1.70261 0.0460262
 0.833919   1.35318
  1.22656    1.0713
  1.78766   2.62588
  2.55655   2.82282
  1.62282   2.21167
  1.50455   1.35765
  1.20311   2.39358
   1.0213   2.62031
  1.90761  0.391805
 0.774411  0.932669
  0.47544   1.38754
  1.84492   2.90562
 0.847246   1.71252
  2.00991  0.650511
  1.74117  0.118745
 0.483702   1.61768
 0.712546   1.52548
  2.47259   2.04903
0.0166968  0.980018
  2.64693   1.32937
  2.00292   2.84597
 0.112062   2.22586
  2.54057   2.61569
0.0836576  0.415585
  2.24286   1.28316
  1.39921  0.663475
  2.76876  0.277524
  1.52913   2.90987
  2.64878   2.54488
 0.252314   2.61407
  2.11534   1.81716
  2.46314    2.9952
  1.17381   2.42144
 0.610552   2.98892
  1.72841     0.795
  2.87333   1.78959
   2.4607   0.28296
   1.1052    1.5059
   2.1268  0.419546
  1.55581   2.29594
  2.69311  0.302631
 0.802302   1.68297
    2.558   2.78826
  2.18284  0.953447
  2.91231   1.35655
  2.13344  0.238059
  2.18552   1.85018
0.0723532   1.47094
   1.8635 0.0691278
  1.06512  0.196519
  1.23007   1.05445
  1.56262   1.05645
   1.2443  0.492441
  2.27546  0.637987
   2.3881  0.202301
  1.63429  0.225922
  1.44681   2.16359
  1.04715   2.13506
  1.34489   1.69014
 0.197403   1.38243
 0.159594  0.819453
  2.60537   2.89603
  1.94561   2.45394
 0.771573   1.07768
  2.97491  0.730324
  2.60138  0.299285
LINKS_SOURCE_DESTINATION_DISTANCE 218
     0      1      1
     0      5      1
     0     70      1
     1      0      1
     1      2      1
     1     15      1
     1     23      1
     1     31      1
     1     35      1
     2      1      1
     2      3      1
     2      4      1
     2     52      1
     3      2      1
     3     18      1
     3     22      1
     3     49      1
     3     56      1
     3     60      1
     3     67      1
     4      2      1
     4      6      1
     4     10      1
     4     13      1
     4     99      1
     4    102      1
     5      0      1
     5     16      1
     5     20      1
     5     88      1
     6      4      1
     6      7      1
     6      8      1
     6      9      1
     6     12      1
     7      6      1
     7     27      1
     8      6      1
     8     47      1
     8     72      1
     9      6      1
     9     14      1
     9     21      1
    10      4      1
    10     11      1
    10     25      1
    10     68      1
    11     10      1
    12      6      1
    12     75      1
    12     85      1
    13      4      1
    13     19      1
    13     29      1
    13     32      1
    14      9      1
    14     17      1
    15      1      1
    15     24      1
    15     43      1
    16      5      1
    16     26      1
    17     14      1
    17     28      1
    17     38      1
    18      3      1
    19     13      1
    19     34      1
    19     58      1
    19     80      1
    20      5      1
    21      9      1
    22      3      1
    23      1      1
    23     46      1
    23     62      1
    23    106      1
    24     15      1
    24     73      1
    25     10      1
    25     30      1
    25     39      1
    25     54      1
    25     57      1
    26     16      1
    26     33      1
    26     37      1
    27      7      1
    27     36      1
    27     83      1
    28     17      1
    28     66      1
    28    101      1
    29     13      1
    29     40      1
    30     25      1
    30     42      1
    30     45      1
    30     61      1
    30     78      1
    31      1      1
    31    105      1
    32     13      1
    32     41      1
    33     26      1
    33     44      1
    33     74      1
    34     19      1
    35      1      1
    35     76      1
    36     27      1
    36     93      1
    37     26      1
    37     69      1
    38     17      1
    38     71      1
    39     25      1
    39     51      1
    39     53      1
    40     29      1
    40     50      1
    41     32      1
    41     55      1
    42     30      1
    43     15      1
    43     48      1
    44     33      1
    44     79      1
    45     30      1
    45     84      1
    46     23      1
    47      8      1
    48     43      1
    49      3      1
    49     64      1
    50     40      1
    51     39      1
    52      2      1
    53     39      1
    54     25      1
    55     41      1
    55     59      1
    56      3      1
    57     25      1
    58     19      1
    58     96      1
    59     55      1
    59     77      1
    60      3      1
    60     63      1
    60     89      1
    60     90      1
    61     30      1
    62     23      1
    63     60      1
    63     65      1
    64     49      1
    64     91      1
    65     63      1
    65     92      1
    66     28      1
    66     82      1
    67      3      1
    67    108      1
    68     10      1
    69     37      1
    69    104      1
    70      0      1
    71     38      1
    71     81      1
    71     98      1
    72      8      1
    72     87      1
    73     24      1
    74     33      1
    75     12      1
    76     35      1
    76    107      1
    77     59      1
    78     30      1
    78     86      1
    79     44      1
    80     19      1
    81     71      1
    82     66      1
    83     27      1
    83     94      1
    83     95      1
    84     45      1
    85     12      1
    86     78      1
    86    109      1
    87     72      1
    88      5      1
    89     60      1
    90     60      1
    90     97      1
    90    100      1
    91     64      1
    92     65      1
    93     36      1
    94     83      1
    95     83      1
    96     58      1
    97     90      1
    98     71      1
    98    103      1
    99      4      1
   100     90      1
   101     28      1
   102      4      1
   103     98      1
   104     69      1
   105     31      1
   106     23      1
   107     76      1
   108     67      1
   109     86      1
