COORD_X_Y 50
  1.04473   2.77506
  2.86127    1.9942
  1.66791  0.828546
  2.71191   2.19349
  1.15471  0.323852
  2.53251   1.64037
 0.460067   2.00584
  2.19163    2.4441
  1.65309  0.349324
  2.42641   2.05047
 0.809355  0.986644
  0.28428   2.35925
  1.85378   2.78619
  2.14034   0.10339
 0.967694   1.86909
 0.802604   1.39568
  2.53234   2.97004
  1.08853   2.05307
 0.899521  0.419144
  1.21985   2.62279
 0.461489   2.45994
  2.83553   2.20223
  1.67256   2.96255
  2.38451  0.930854
  2.10324    1.8756
 0.921405   1.08965
  2.96839   1.00473
  2.28719   1.26189
   2.0365   2.35051
 0.285149   2.67526
  1.62406   1.43287
  1.99604   0.92542
  2.26462  0.291057
   2.7297   1.00695
  2.88951  0.886344
   1.6392   1.92538
  2.87005  0.547723
  1.82862   1.11291
 0.860784   0.46125
  1.90951  0.956111
  2.18769   2.36016
  0.62788   1.61549
   2.3788   1.69409
  2.65007   1.69369
  1.89535   1.67532
  2.46439  0.176656
 0.334016     2.182
0.0245755   1.41766
  1.38528  0.129663
  1.14495   2.53055
LINKS_SOURCE_DESTINATION_DISTANCE 98
     0      1      1
     0      3      1
     0     21      1
     0     30      1
     1      0      1
     1      2      1
     1      4      1
     2      1      1
     2      5      1
     2     23      1
     3      0      1
     3     22      1
     4      1      1
     4      6      1
     4     14      1
     5      2      1
     5      7      1
     5      9      1
     5     20      1
     5     44      1
     6      4      1
     6      8      1
     6     18      1
     6     24      1
     6     36      1
     6     39      1
     7      5      1
     7     15      1
     7     32      1
     7     46      1
     8      6      1
     8     12      1
     9      5      1
     9     10      1
     9     38      1
     9     40      1
    10      9      1
    10     11      1
    10     13      1
    11     10      1
    11     17      1
    11     19      1
    12      8      1
    12     27      1
    12     34      1
    13     10      1
    13     16      1
    13     28      1
    14      4      1
    14     48      1
    15      7      1
    15     29      1
    16     13      1
    17     11      1
    17     42      1
    18      6      1
    19     11      1
    20      5      1
    20     25      1
    20     41      1
    21      0      1
    22      3      1
    23      2      1
    23     26      1
    24      6      1
    25     20      1
    25     31      1
    26     23      1
    27     12      1
    28     13      1
    28     33      1
    28     43      1
    29     15      1
    30      0      1
    31     25      1
    31     47      1
    32      7      1
    33     28      1
    33     35      1
    34     12      1
    34     37      1
    35     33      1
    36      6      1
    37     34      1
    38      9      1
    38     45      1
    39      6      1
    40      9      1
    40     49      1
    41     20      1
    42     17      1
    43     28      1
    44      5      1
    45     38      1
    46      7      1
    47     31      1
    48     14      1
    49     40      1
