COORD_X_Y 90
  2.81912  0.210112
  2.86953   1.30167
  1.92812    1.1719
  1.84309   2.52984
  2.95978  0.229037
 0.956122   1.88551
  2.38654   2.73922
  1.40306    2.7571
  2.78852  0.453679
  1.03674 0.0945637
  2.55122   2.52972
 0.358395   2.06371
  2.40446  0.518344
  2.42426   0.31728
  2.97779   1.81017
  2.52377   2.60304
  2.53447   1.97034
  0.81207   1.53607
  2.33136  0.757595
 0.125353   2.00793
 0.114045    2.8904
 0.930134    1.3491
  2.26418   2.28878
  2.72653   2.10025
 0.948546   2.83222
  1.13548  0.123906
  1.43409  0.156606
   2.7028 0.0892564
  2.69082  0.355151
  1.18733   2.52888
  1.86352  0.239468
  0.70949  0.851063
 0.410299   1.41865
  1.05158 0.0126317
 0.424059   1.04511
  1.33378   1.94371
  1.11402   2.64554
  2.00311   1.75287
  1.99208   2.45669
  2.33205  0.359611
 0.991036  0.288134
  1.32082  0.528287
     1.47   1.87174
  1.70777  0.828371
  2.11431   1.12315
  2.64833  0.984054
  2.86835   2.34199
  1.74849   1.94275
  2.47987   2.78214
  2.53165   2.54557
  2.88383  0.805433
  1.23276   2.41339
  2.10772  0.464493
 0.412553   2.39647
  1.88929    1.4813
  1.44007  0.377308
 0.654937   1.72062
  1.46988   1.18824
   1.6835   2.94531
  2.62748   2.26334
 0.895246   2.49125
  1.17638    2.5887
 0.626182   2.70345
 0.494056   2.98619
 0.240206   0.33558
 0.973004 0.0638026
 0.517495   2.57277
 0.367824   1.88017
 0.563944   1.57087
  2.25913  0.805989
  2.22957  0.951564
  0.59019  0.872621
 0.644559   1.54049
  1.73202   2.27407
 0.613405  0.394489
 0.682959    1.2443
 0.646073  0.987225
  1.97474   0.79052
  2.30265   1.92794
  1.67983   1.72324
  1.00876   1.94196
  0.86801    2.9903
  2.06287   2.46264
  1.65944   1.99274
  1.52211  0.210721
  1.77317  0.701152
 0.743324  0.968662
  1.42965   2.74755
  1.95562  0.179184
  2.90553   2.30504
LINKS_SOURCE_DESTINATION_DISTANCE 178
     0      1      1
     0      2      1
     0      3      1
     0      4      1
     0     22      1
     0     29      1
     0     77      1
     1      0      1
     1      7      1
     1      8      1
     1      9      1
     1     13      1
     1     19      1
     1     21      1
     2      0      1
     2     10      1
     2     18      1
     2     32      1
     3      0      1
     3      5      1
     3     12      1
     3     16      1
     3     23      1
     3     37      1
     3     76      1
     4      0      1
     4     11      1
     4     17      1
     5      3      1
     5      6      1
     5     44      1
     6      5      1
     7      1      1
     7     24      1
     7     72      1
     8      1      1
     9      1      1
     9     59      1
     9     60      1
    10      2      1
    10     14      1
    10     43      1
    10     70      1
    11      4      1
    11     27      1
    11     36      1
    12      3      1
    12     15      1
    12     48      1
    13      1      1
    13     25      1
    13     30      1
    13     73      1
    14     10      1
    14     20      1
    14     40      1
    15     12      1
    15     55      1
    15     85      1
    16      3      1
    16     26      1
    16     38      1
    17      4      1
    17     46      1
    17     51      1
    18      2      1
    18     39      1
    19      1      1
    20     14      1
    20     41      1
    20     67      1
    21      1      1
    22      0      1
    22     28      1
    22     50      1
    22     75      1
    23      3      1
    23     47      1
    24      7      1
    24     63      1
    25     13      1
    25     58      1
    26     16      1
    26     62      1
    27     11      1
    27     31      1
    27     52      1
    27     57      1
    28     22      1
    29      0      1
    29     34      1
    29     56      1
    29     71      1
    30     13      1
    31     27      1
    31     33      1
    31     35      1
    31     78      1
    31     83      1
    32      2      1
    33     31      1
    33     42      1
    33     65      1
    34     29      1
    35     31      1
    36     11      1
    37      3      1
    37     81      1
    37     87      1
    37     88      1
    38     16      1
    39     18      1
    40     14      1
    40     45      1
    40     49      1
    41     20      1
    41     53      1
    42     33      1
    43     10      1
    44      5      1
    45     40      1
    45     54      1
    45     84      1
    46     17      1
    47     23      1
    48     12      1
    49     40      1
    50     22      1
    51     17      1
    51     68      1
    51     69      1
    52     27      1
    53     41      1
    54     45      1
    55     15      1
    55     64      1
    56     29      1
    57     27      1
    58     25      1
    59      9      1
    59     61      1
    60      9      1
    61     59      1
    62     26      1
    63     24      1
    64     55      1
    64     66      1
    65     33      1
    66     64      1
    67     20      1
    67     74      1
    68     51      1
    69     51      1
    69     79      1
    70     10      1
    71     29      1
    71     82      1
    72      7      1
    73     13      1
    74     67      1
    74     80      1
    75     22      1
    76      3      1
    76     86      1
    77      0      1
    78     31      1
    79     69      1
    80     74      1
    81     37      1
    82     71      1
    83     31      1
    84     45      1
    85     15      1
    86     76      1
    87     37      1
    87     89      1
    88     37      1
    89     87      1
