COORD_X_Y 120
 0.836292  0.230323
  1.29536   1.95566
 0.559308   1.93774
  1.46692   1.11165
 0.702069    2.7988
 0.348258   0.52629
  2.57352   2.88949
 0.236727  0.891553
  2.82179   1.85332
  1.58621  0.168528
  2.32044  0.561925
  2.08792   1.11032
  1.69555   1.75579
  2.21598    1.0618
  1.80476  0.742018
 0.321641    1.1145
  1.75545  0.260568
  1.77681   1.48717
 0.535362   2.88461
  2.72266   0.41328
  1.90405   2.46202
 0.451155  0.909527
 0.475103    2.2974
  1.28512   1.94017
 0.379727   2.38222
 0.629833  0.253783
  1.91848   1.78848
  1.13331 0.0593557
  2.37083  0.157384
  2.04519 0.0779008
  2.71846   2.31704
   2.7872   1.04414
  2.45795   2.32346
  2.29574   2.25297
  2.71564   1.85537
 0.243216  0.886305
   2.4361   1.43604
 0.110601   1.00158
 0.889237  0.832633
 0.575824   1.84337
 0.303129   1.12155
 0.744077  0.813095
  2.41598  0.308659
  2.58318   2.27324
 0.238654  0.500566
  2.22322   1.17831
 0.820761   1.78889
  1.88772   2.43035
  2.79909   2.78972
  2.92642 0.00287668
 0.271277 0.00159248
 0.506501  0.873742
 0.984113 0.0944103
 0.876453  0.319783
  1.28367    2.0938
  1.74093   2.36224
0.0760557   2.08319
  2.75478   0.34488
   1.3976   1.88051
 0.621306  0.649254
  1.12856   2.81275
  1.01639   0.70223
  2.24121   2.47145
  1.32018  0.522161
  1.98565   2.39872
  2.69141   1.76648
  1.09007  0.993108
 0.401251    1.3168
 0.386027  0.534831
  1.26207   1.70248
  1.03309   2.48542
  1.00762   1.74951
  1.61293  0.733705
 0.891821   2.39335
  2.14718   2.69327
  2.02882 0.0782465
  2.13961   1.81726
  2.85014   1.90496
  1.69367  0.236497
  2.39796   2.69457
  2.13423   2.31523
  1.92846 0.00794026
  2.09503   2.62407
  1.71127   2.53869
  1.31539  0.252554
  2.87569   1.04876
   2.5479  0.270652
  1.27126  0.956754
  0.39349   2.43154
  2.98056   1.39758
 0.140683   1.19944
  0.72397   1.70283
0.0940945   2.20489
   2.1129  0.539149
 0.538906  0.606655
  2.77502   2.21565
 0.835393   2.49046
  1.08666  0.891548
   2.9097    1.0793
  1.82913   1.67303
   1.7375   2.89301
 0.131576   2.51119
 0.241965   2.48065
  1.68126    2.1855
 0.343484  0.332603
    2.564   2.65749
 0.315143   2.10736
  1.51892    2.0675
 0.658314   2.10682
  2.39268  0.460372
  0.73586   2.65163
 0.637316   2.93377
 0.513075  0.410947
  2.49052  0.550764
  1.80523   2.94994
  2.43851   1.58057
 0.977948   1.88672
   1.3054   1.00526
  1.28811   1.45837
  1.49401  0.906224
LINKS_SOURCE_DESTINATION_DISTANCE 238
     0      1      1
     0      3      1
     0     14      1
     0     19      1
     0     20      1
     1      0      1
     1      2      1
     1     12      1
     1     18      1
     1     25      1
     2      1      1
     2      6      1
     2     29      1
     2     39      1
     2     97      1
     3      0      1
     3      4      1
     3      5      1
     3     65      1
     4      3      1
     4      7      1
     4     13      1
     5      3      1
     5     27      1
     5     54      1
     6      2      1
     6     11      1
     6     15      1
     6     17      1
     6     21      1
     6     33      1
     6     49      1
     6    113      1
     7      4      1
     7      8      1
     7      9      1
     7     48      1
     7     59      1
     7     62      1
     7    105      1
     8      7      1
     8     26      1
     8     30      1
     8     43      1
     9      7      1
     9     10      1
     9     16      1
     9     22      1
     9     42      1
    10      9      1
    10    107      1
    10    117      1
    11      6      1
    11     38      1
    12      1      1
    12     88      1
    13      4      1
    13     74      1
    13     96      1
    14      0      1
    14     70      1
    15      6      1
    15     52      1
    15     55      1
    15     66      1
    16      9      1
    16     31      1
    16     86      1
    17      6      1
    17     24      1
    17     41      1
    17     57      1
    17     93      1
    18      1      1
    18     23      1
    18     60      1
    19      0      1
    19     72      1
    20      0      1
    21      6      1
    21     45      1
    22      9      1
    22     32      1
    22     47      1
    23     18      1
    23     85      1
    23     91      1
    23     99      1
    24     17      1
    24     28      1
    24     56      1
    24     82      1
    24     95      1
    25      1      1
    26      8      1
    27      5      1
    27     36      1
    27     44      1
    27     46      1
    28     24      1
    28    110      1
    29      2      1
    29    102      1
    30      8      1
    30     35      1
    30     37      1
    30     89      1
    31     16      1
    32     22      1
    32     34      1
    33      6      1
    33     61      1
    34     32      1
    34     77      1
    35     30      1
    35     68      1
    35     75      1
    36     27      1
    37     30      1
    38     11      1
    38     40      1
    38    119      1
    39      2      1
    40     38      1
    40     50      1
    40     51      1
    40     67      1
    41     17      1
    41     87      1
    41    101      1
    41    118      1
    42      9      1
    43      8      1
    44     27      1
    45     21      1
    46     27      1
    47     22      1
    47     53      1
    47     58      1
    47    106      1
    48      7      1
    48     79      1
    49      6      1
    49     80      1
    50     40      1
    51     40      1
    52     15      1
    52    109      1
    53     47      1
    54      5      1
    55     15      1
    55     73      1
    56     24      1
    56     81      1
    56    104      1
    57     17      1
    57     69      1
    58     47      1
    58     64      1
    58    114      1
    59      7      1
    59     63      1
    60     18      1
    60     94      1
    60    111      1
    61     33      1
    62      7      1
    62     71      1
    63     59      1
    64     58      1
    64     98      1
    65      3      1
    66     15      1
    66    115      1
    67     40      1
    67     78      1
    68     35      1
    69     57      1
    70     14      1
    71     62      1
    72     19      1
    73     55      1
    73     90      1
    73    116      1
    74     13      1
    74     76      1
    75     35      1
    75     83      1
    75     92      1
    76     74      1
    77     34      1
    78     67      1
    79     48      1
    80     49      1
    81     56      1
    82     24      1
    82     84      1
    83     75      1
    84     82      1
    85     23      1
    86     16      1
    87     41      1
    88     12      1
    89     30      1
    89    100      1
    90     73      1
    91     23      1
    91    103      1
    92     75      1
    93     17      1
    94     60      1
    95     24      1
    96     13      1
    97      2      1
    98     64      1
    99     23      1
   100     89      1
   101     41      1
   102     29      1
   103     91      1
   103    108      1
   104     56      1
   105      7      1
   105    112      1
   106     47      1
   107     10      1
   108    103      1
   109     52      1
   110     28      1
   111     60      1
   112    105      1
   113      6      1
   114     58      1
   115     66      1
   116     73      1
   117     10      1
   118     41      1
   119     38      1
