COORD_X_Y 80
  2.90164  0.610921
    2.705   2.82368
  2.26817  0.369983
  1.78048   2.54219
  1.56131  0.434551
 0.104256   2.23281
 0.307388   1.29033
  1.72456  0.431913
  2.09456  0.100313
  1.23382  0.151953
  1.72281   1.84989
  2.00656   2.34086
 0.984242   0.74815
  1.63944   2.14665
  2.63256   1.09204
 0.420095   2.98332
  2.56679   1.31421
0.0076232    2.3026
   1.9881   1.23372
  2.54457  0.562523
  1.34999   1.61732
  2.29163   1.93625
  2.20094  0.281311
 0.552248  0.135689
  0.34826  0.919646
 0.916067   2.08631
  1.37474   2.89883
 0.894612   1.44813
  1.77202  0.234028
  1.82941  0.987842
 0.198576   2.65138
 0.533782  0.869859
 0.236974   2.23793
  2.01175   2.05721
 0.644274    2.3058
 0.417388   1.78349
  2.81937  0.253063
  1.18779  0.679126
  2.51006   2.13719
  2.11758   2.92588
  2.79656  0.507599
  1.48805    2.1948
 0.520848   1.67121
  0.25453   2.12765
  2.47221  0.722682
  1.62162   2.04637
  2.73232   2.17551
  2.19062  0.204458
   1.2652   2.79549
  2.27687   1.88557
  1.49089   2.73595
  1.01147   1.81932
  2.24431   1.14368
  1.94381    2.9976
  2.37362   2.52603
   2.2745   2.55142
 0.442547   2.29295
  2.33719  0.517129
 0.735303    2.5735
 0.116679  0.230449
  1.93482   1.22691
 0.564174   2.55477
  2.39762   1.50203
  1.81129  0.211834
  1.40035   1.97325
  2.68332   1.56562
  1.74346   1.16539
  2.53194   2.22112
  1.76997  0.345397
 0.672552   2.27193
 0.980961    1.7423
   1.8274 0.0460808
 0.458929   1.96528
   2.5097  0.560862
 0.670014  0.113294
  2.12209   1.66871
  2.78246  0.226199
  1.91427   2.52519
 0.272085   2.68748
  1.22163  0.327226
LINKS_SOURCE_DESTINATION_DISTANCE 158
     0      1      1
     0      8      1
     1      0      1
     1      2      1
     1      9      1
     1     31      1
     1     43      1
     2      1      1
     2      3      1
     2      4      1
     2     56      1
     3      2      1
     3      5      1
     3     19      1
     3     20      1
     3     46      1
     4      2      1
     4     14      1
     4     15      1
     4     17      1
     4     23      1
     4     44      1
     5      3      1
     5      6      1
     5      7      1
     5     37      1
     6      5      1
     6     10      1
     6     39      1
     7      5      1
     7     11      1
     7     13      1
     8      0      1
     8     12      1
     8     27      1
     9      1      1
     9     24      1
    10      6      1
    10     18      1
    10     30      1
    11      7      1
    11     28      1
    12      8      1
    12     22      1
    12     38      1
    12     65      1
    12     68      1
    13      7      1
    13     25      1
    14      4      1
    14     16      1
    14     21      1
    15      4      1
    15     75      1
    16     14      1
    16     74      1
    17      4      1
    17     41      1
    17     69      1
    17     72      1
    18     10      1
    18     29      1
    19      3      1
    19     52      1
    20      3      1
    20     34      1
    20     73      1
    21     14      1
    21     32      1
    21     33      1
    21     40      1
    21     49      1
    21     66      1
    22     12      1
    22     47      1
    23      4      1
    23     35      1
    23     48      1
    23     53      1
    24      9      1
    25     13      1
    25     26      1
    26     25      1
    26     36      1
    27      8      1
    27     71      1
    28     11      1
    29     18      1
    30     10      1
    30     57      1
    30     67      1
    31      1      1
    32     21      1
    32     62      1
    32     79      1
    33     21      1
    34     20      1
    35     23      1
    36     26      1
    36     54      1
    37      5      1
    38     12      1
    38     45      1
    39      6      1
    39     42      1
    40     21      1
    41     17      1
    41     64      1
    42     39      1
    42     60      1
    43      1      1
    44      4      1
    45     38      1
    45     51      1
    45     70      1
    46      3      1
    47     22      1
    47     50      1
    48     23      1
    48     59      1
    49     21      1
    50     47      1
    51     45      1
    52     19      1
    53     23      1
    53     55      1
    53     78      1
    54     36      1
    55     53      1
    56      2      1
    57     30      1
    57     58      1
    58     57      1
    58     63      1
    59     48      1
    59     61      1
    60     42      1
    61     59      1
    62     32      1
    63     58      1
    64     41      1
    65     12      1
    65     77      1
    66     21      1
    67     30      1
    68     12      1
    69     17      1
    69     76      1
    70     45      1
    71     27      1
    72     17      1
    73     20      1
    74     16      1
    75     15      1
    76     69      1
    77     65      1
    78     53      1
    79     32      1
