COORD_X_Y 70
  1.94579   2.02678
  2.43963   1.63442
 0.219892  0.629665
 0.841378    2.2461
  1.02257  0.609419
   0.4354   1.54297
  2.86968  0.587025
  2.90022   0.35134
  1.60828    1.6601
  2.26368   2.74607
 0.452926   1.54011
 0.191415  0.803662
  1.65638   2.55871
  1.55408  0.554696
  1.32969  0.259462
  1.43581   2.07591
  2.98892   2.09199
0.0305237   2.73618
   2.2138   2.77775
   2.0625    2.6192
   2.9945  0.810671
 0.279599   1.97234
  1.50709   2.83918
 0.842607  0.986981
   1.6511 0.0841368
  2.91704   1.16508
0.0966047   2.53606
  1.52424  0.877993
  1.33317   1.06732
0.0540318  0.222049
  0.27147   2.50402
  1.97633   1.94561
  1.56997   1.30906
  2.85006  0.617848
  1.41696   2.10577
  2.30916  0.459944
  1.67243  0.255087
  2.56693  0.287582
  0.53837  0.952476
 0.282597   1.14213
  2.92783  0.339578
 0.925315   1.72456
  0.11133   1.28348
   1.8141 0.0628103
  1.27069   2.21299
 0.795033   1.67601
  1.29217    0.8481
  2.52658   2.42733
 0.441411    2.2323
  2.72434  0.709002
  1.78719   2.25615
   2.7359   2.08781
  1.63686   2.84421
 0.801364    1.7653
  1.14871   2.66829
  2.60363   1.12969
 0.862537   1.41176
  2.31885   2.42254
  2.11325   2.70732
  1.99766   2.85574
  1.09593   2.06642
  1.22017   2.99082
  1.44511   2.04417
  2.75474   1.09378
  1.53585  0.204154
 0.626311  0.960741
  1.30539   2.58871
 0.463195  0.937572
  2.14441   1.45641
 0.835705   1.73346
LINKS_SOURCE_DESTINATION_DISTANCE 138
     0      1      1
     0      2      1
     0      3      1
     0      8      1
     0     24      1
     0     30      1
     1      0      1
     1      5      1
     1      6      1
     1     21      1
     1     34      1
     2      0      1
     2      4      1
     2      9      1
     2     15      1
     2     17      1
     2     33      1
     3      0      1
     3     11      1
     3     13      1
     3     14      1
     3     26      1
     4      2      1
     5      1      1
     5      7      1
     5     10      1
     6      1      1
     6     51      1
     6     67      1
     7      5      1
     7     16      1
     7     25      1
     7     37      1
     8      0      1
     8     19      1
     9      2      1
    10      5      1
    10     12      1
    10     46      1
    11      3      1
    11     22      1
    12     10      1
    13      3      1
    13     27      1
    13     28      1
    13     49      1
    14      3      1
    14     20      1
    14     38      1
    15      2      1
    15     18      1
    16      7      1
    16     47      1
    16     65      1
    17      2      1
    17     23      1
    17     35      1
    17     39      1
    17     48      1
    17     53      1
    17     54      1
    17     56      1
    17     59      1
    18     15      1
    19      8      1
    20     14      1
    20     43      1
    21      1      1
    21     61      1
    21     69      1
    22     11      1
    22     36      1
    22     50      1
    23     17      1
    24      0      1
    25      7      1
    26      3      1
    26     52      1
    27     13      1
    27     29      1
    27     32      1
    28     13      1
    28     31      1
    28     45      1
    29     27      1
    30      0      1
    31     28      1
    31     40      1
    32     27      1
    32     42      1
    32     60      1
    33      2      1
    34      1      1
    35     17      1
    36     22      1
    37      7      1
    37     62      1
    37     68      1
    38     14      1
    38     44      1
    39     17      1
    39     41      1
    40     31      1
    40     64      1
    41     39      1
    41     55      1
    42     32      1
    42     63      1
    43     20      1
    44     38      1
    45     28      1
    46     10      1
    47     16      1
    48     17      1
    49     13      1
    50     22      1
    51      6      1
    52     26      1
    52     57      1
    52     66      1
    53     17      1
    54     17      1
    55     41      1
    56     17      1
    57     52      1
    57     58      1
    58     57      1
    59     17      1
    60     32      1
    61     21      1
    62     37      1
    63     42      1
    64     40      1
    65     16      1
    66     52      1
    67      6      1
    68     37      1
    69     21      1
