COORD_X_Y 10
  2.00571   0.26157
  2.85756  0.341354
 0.879009   0.31323
  2.18626   2.50346
 0.675654  0.191112
 0.706067  0.547397
  2.93248   2.92658
  0.93342   1.55257
  2.79965  0.594497
   2.9953   1.32454
LINKS_SOURCE_DESTINATION_DISTANCE 18
     0      1      1
     0      2      1
     0      3      1
     0      4      1
     0      6      1
     1      0      1
     1      9      1
     2      0      1
     2      5      1
     2      7      1
     2      8      1
     3      0      1
     4      0      1
     5      2      1
     6      0      1
     7      2      1
     8      2      1
     9      1      1
