COORD_X_Y 60
  1.74291   2.22092
 0.752233   1.63537
 0.378378  0.716242
 0.443294   2.17157
 0.527146   2.55859
  1.84872  0.772868
  1.12132   2.52294
 0.814815  0.082918
  1.15989  0.430644
  1.27903   2.38811
 0.717102  0.651781
 0.376291  0.696827
 0.317323   2.66539
  2.40005   2.14388
  1.84585   1.54438
  1.50779   0.21839
  2.93114  0.579792
 0.715045  0.867569
  1.07225   2.59254
   1.3427   1.35198
  2.54479  0.826066
 0.455634    1.4662
  0.63676  0.962155
  2.63789   2.81222
  2.82958  0.779191
  0.35991   2.97677
  1.16611    2.8807
  2.85868   2.16883
  1.25005   1.34831
  0.96484   2.00717
   2.8251   1.74615
  1.14987 0.0320072
  1.95037   2.52408
  2.45796   1.74244
0.0701613   1.13288
  2.85582  0.332314
   1.2966   1.81156
  1.49513   2.86304
  2.78807  0.783207
  1.16755  0.917393
  1.62641  0.428205
  2.94232  0.708442
 0.793793   1.94132
  1.14303   2.75549
 0.954259   1.70107
 0.385795   1.76962
   1.1733    1.1118
  1.36804   1.45877
  2.47067   1.07882
  1.05763   2.42546
  1.62858   1.50104
 0.640426   1.21124
  2.82359 0.0440741
 0.476422  0.383244
 0.366512   2.99057
  2.52424     1.729
  1.33632   1.40789
  2.59508   1.24536
 0.200142   1.99527
  2.00293   2.43525
LINKS_SOURCE_DESTINATION_DISTANCE 118
     0      1      1
     0      9      1
     0     14      1
     0     33      1
     1      0      1
     1      2      1
     1      3      1
     1      7      1
     1     10      1
     1     29      1
     1     54      1
     2      1      1
     2      6      1
     3      1      1
     3      4      1
     3     11      1
     3     21      1
     3     37      1
     4      3      1
     4      5      1
     4     22      1
     4     24      1
     4     52      1
     5      4      1
     5     16      1
     6      2      1
     6      8      1
     6     55      1
     7      1      1
     7     36      1
     7     44      1
     8      6      1
     8     25      1
     8     45      1
     9      0      1
     9     12      1
     9     18      1
    10      1      1
    10     13      1
    10     23      1
    10     28      1
    10     50      1
    11      3      1
    11     40      1
    11     48      1
    11     51      1
    12      9      1
    12     35      1
    13     10      1
    13     42      1
    14      0      1
    14     15      1
    15     14      1
    15     20      1
    15     32      1
    16      5      1
    16     17      1
    17     16      1
    17     26      1
    17     30      1
    17     41      1
    18      9      1
    18     19      1
    19     18      1
    19     27      1
    20     15      1
    20     43      1
    21      3      1
    21     39      1
    22      4      1
    23     10      1
    23     31      1
    24      4      1
    25      8      1
    26     17      1
    26     34      1
    27     19      1
    28     10      1
    28     49      1
    29      1      1
    30     17      1
    31     23      1
    32     15      1
    33      0      1
    34     26      1
    35     12      1
    35     38      1
    36      7      1
    37      3      1
    38     35      1
    39     21      1
    40     11      1
    40     47      1
    40     57      1
    41     17      1
    42     13      1
    43     20      1
    44      7      1
    45      8      1
    45     46      1
    46     45      1
    47     40      1
    48     11      1
    49     28      1
    50     10      1
    51     11      1
    51     53      1
    52      4      1
    53     51      1
    53     59      1
    54      1      1
    54     56      1
    55      6      1
    56     54      1
    57     40      1
    57     58      1
    58     57      1
    59     53      1
