COORD_X_Y 120
 0.227662   2.78553
 0.258273   1.42829
  1.78457   2.44516
  1.39406   2.91906
  2.92091   0.95267
  1.69576   1.63174
  1.47646   1.04041
  1.84687  0.222893
0.00406414  0.985826
  2.37313   2.86074
  1.63907  0.798248
  2.89346   1.31429
  2.92485   2.20528
  2.79885   1.88758
0.0244092   0.85564
  2.20597    2.9458
0.0869521   2.47237
  1.34574  0.617773
  1.63902 0.0179427
  1.13333   2.34684
   1.5992    1.6788
 0.389145  0.673348
 0.494365   1.28483
  2.60752   1.91037
 0.162258  0.154553
 0.715855   1.49281
 0.188347   2.88734
  1.84299  0.379868
 0.786304  0.840243
  2.62505  0.589003
  2.04258   2.81975
  2.10446  0.344572
  2.11286   1.77472
 0.271451   1.18359
 0.778293   2.78148
  2.30511   2.06348
  2.22002  0.266867
 0.417318   2.96448
   2.7297      2.11
 0.514357   2.10088
  1.95369   1.45594
  1.14314   2.68494
 0.710455   1.54272
 0.627769   2.10699
 0.509927   2.69286
  1.22972   1.38714
  1.44158  0.793585
  2.95171   1.58315
  2.77007  0.130545
 0.678612  0.834636
 0.281909   1.40463
  1.98355   1.75746
  2.88547  0.420724
 0.107662   2.07462
    1.305   1.50517
  1.76267  0.162111
  2.12741   1.44594
  2.10814   2.19509
 0.657933   1.29973
  1.11135   1.13497
  2.50751   2.11202
  2.36356  0.164416
0.0548382   2.92527
 0.757914   2.35025
  1.38004  0.691352
0.0767727  0.878231
  2.48617   1.37619
 0.235154   2.59434
  2.06685  0.357845
  2.89299   2.09896
  1.19185  0.765335
 0.111615   1.83509
 0.911774   2.97983
  1.41288  0.723253
  1.03602   0.49657
 0.610601   1.01385
  2.79726   2.10785
  1.89395   1.63807
 0.231049   1.03556
  2.51899  0.834316
  1.39709   2.41931
  2.67221   2.70903
 0.242009   2.97941
   2.2965  0.530058
  2.36495  0.784012
 0.844725    1.3447
 0.825495   1.41844
  2.25091   1.77525
0.0669026   1.45798
  2.33713  0.447351
  2.37261   2.43175
 0.420024  0.762875
 0.599714   1.04387
  2.96897   1.52021
  1.76883  0.138953
   2.1914   2.66775
 0.108765   2.99742
  1.29273   1.02503
  2.87154   1.33445
  2.41858   1.07654
  0.64421   0.46273
  2.50898   2.40765
  2.92159   1.29756
  1.46081    2.3713
  2.09103   2.01546
   1.8135    2.0491
 0.497263  0.976595
  1.48088   2.93413
  1.17354   1.73827
   2.3798   1.96034
  1.69252   2.41439
   2.2232    1.7229
  2.15441     0.698
  2.77886   1.65294
  2.13066  0.191958
  1.68267   1.73662
 0.522949   1.53873
  2.62081  0.204145
  2.75696   1.46666
  2.40422   2.29439
LINKS_SOURCE_DESTINATION_DISTANCE 238
     0      1      1
     0      8      1
     0     10      1
     0     14      1
     0     57      1
     1      0      1
     1      2      1
     1      3      1
     1      9      1
     1     13      1
     1     24      1
     1     40      1
     2      1      1
     2      4      1
     2      6      1
     3      1      1
     3      5      1
     3     33      1
     3    107      1
     4      2      1
     4     44      1
     5      3      1
     5      7      1
     5     11      1
     5     12      1
     5     16      1
     5     21      1
     5     49      1
     5     98      1
     6      2      1
     6     50      1
     6     88      1
     7      5      1
     7     17      1
     7     62      1
     8      0      1
     8     19      1
     9      1      1
     9     22      1
     9     26      1
    10      0      1
    10     38      1
    11      5      1
    11     18      1
    11     84      1
    12      5      1
    12     90      1
    12    111      1
    13      1      1
    13     20      1
    13     25      1
    13     71      1
    14      0      1
    14     15      1
    14     67      1
    15     14      1
    15     32      1
    15     45      1
    16      5      1
    16     30      1
    16     35      1
    17      7      1
    17     31      1
    18     11      1
    18     41      1
    18     96      1
    19      8      1
    19     28      1
    19     52      1
    20     13      1
    20    106      1
    21      5      1
    21     23      1
    21     27      1
    21     39      1
    21     48      1
    21     72      1
    22      9      1
    22     29      1
    22     59      1
    23     21      1
    23     54      1
    24      1      1
    24     43      1
    25     13      1
    25     51      1
    25     58      1
    26      9      1
    26     95      1
    27     21      1
    27     34      1
    27     69      1
    28     19      1
    28     47      1
    28     61      1
    28     93      1
    29     22      1
    29     36      1
    29     55      1
    29     75      1
    29     76      1
    29     97      1
    30     16      1
    31     17      1
    31     99      1
    32     15      1
    32     37      1
    32     46      1
    32     56      1
    33      3      1
    34     27      1
    34     63      1
    35     16      1
    36     29      1
    37     32      1
    37     42      1
    38     10      1
    38     92      1
    39     21      1
    40      1      1
    40     60      1
    41     18      1
    42     37      1
    43     24      1
    43     70      1
    44      4      1
    44     65      1
    45     15      1
    46     32      1
    46     64      1
    46     77      1
    46     86      1
    47     28      1
    47    116      1
    48     21      1
    48     53      1
    48    100      1
    49      5      1
    49     74      1
    49     87      1
    49    102      1
    50      6      1
    50    117      1
    51     25      1
    52     19      1
    52     66      1
    53     48      1
    53    108      1
    53    109      1
    54     23      1
    54     68      1
    54     85      1
    55     29      1
    55    105      1
    56     32      1
    56     78      1
    56     91      1
    57      0      1
    57     79      1
    58     25      1
    59     22      1
    60     40      1
    61     28      1
    62      7      1
    62    103      1
    62    112      1
    62    118      1
    63     34      1
    64     46      1
    65     44      1
    66     52      1
    66    115      1
    67     14      1
    67    104      1
    68     54      1
    68     83      1
    69     27      1
    69    119      1
    70     43      1
    70     73      1
    70     80      1
    70     82      1
    71     13      1
    72     21      1
    72     81      1
    73     70      1
    74     49      1
    75     29      1
    76     29      1
    77     46      1
    78     56      1
    78    101      1
    78    110      1
    79     57      1
    80     70      1
    81     72      1
    81    113      1
    82     70      1
    83     68      1
    83     89      1
    83     94      1
    84     11      1
    85     54      1
    86     46      1
    87     49      1
    88      6      1
    89     83      1
    90     12      1
    91     56      1
    92     38      1
    93     28      1
    94     83      1
    95     26      1
    96     18      1
    97     29      1
    98      5      1
    99     31      1
   100     48      1
   100    114      1
   101     78      1
   102     49      1
   103     62      1
   104     67      1
   105     55      1
   106     20      1
   107      3      1
   108     53      1
   109     53      1
   110     78      1
   111     12      1
   112     62      1
   113     81      1
   114    100      1
   115     66      1
   116     47      1
   117     50      1
   118     62      1
   119     69      1
