COORD_X_Y 100
 0.437634   2.57962
  1.30865   1.83193
0.0490179   0.92793
 0.721957   2.01765
  2.18313  0.776381
 0.540241   1.87895
  1.33833  0.509536
 0.763625  0.435295
  2.51709  0.917272
  2.21762    2.9411
 0.751766  0.487911
  1.48294  0.265713
  2.22291 0.0447362
  2.91836  0.434448
 0.182239   1.47139
 0.812954   1.14712
   0.9216  0.155779
  2.81359   2.40586
  2.96591   1.03908
 0.399326  0.114926
  0.34689  0.385382
  2.08335   2.52194
 0.763814   0.21145
  1.90002   1.90681
  1.42297   1.96084
  1.15947  0.801918
 0.260457   1.57423
   1.1458  0.282017
  1.84882  0.757937
  1.48723  0.197755
  2.27321   1.82781
  2.76778   2.99485
  1.79721    1.4273
  1.32237 0.0820548
  1.07022  0.242614
  1.34545    1.7087
  2.19203   2.12644
  2.74652    1.9303
 0.733399   2.19296
 0.492732   2.69192
  2.14349  0.246615
 0.348447   2.04869
 0.984958   1.63469
  1.81593   1.52467
  1.81003   1.68722
  1.97531  0.576274
  2.37563  0.209882
  2.95704   2.15831
  1.02103  0.566379
  1.73359   1.78815
 0.906371   2.04895
  2.76622   2.73027
  1.22474   0.13279
  1.03501  0.908753
   1.4783   1.27901
  1.02044   1.53585
  1.84224   1.41095
   1.7173  0.294378
  1.62192  0.345974
  1.91696  0.964385
  2.49373  0.341753
  1.80624   2.93938
  2.36914   1.71987
  1.65571  0.431051
 0.357949   1.07377
0.0410895   1.69892
  2.71149   1.05115
 0.121131   2.77015
 0.112712    2.1436
  1.36241   1.20349
  2.30137  0.121137
 0.179072   2.45503
  1.39419   2.61227
  2.89695   1.09829
  1.35608   1.23689
 0.164976   1.09207
  2.11895   1.19664
  1.31864   1.21292
  2.32348    1.5771
  2.88624   2.03957
  1.56092    2.7157
  0.96303   2.06632
  2.96343   1.79632
  1.31025    2.4061
  2.12405   2.91056
0.00286176 0.0627136
 0.457527   2.82889
  2.67193  0.624199
  1.52031   2.69073
   2.1539   2.80245
  2.06025   2.24574
 0.487157  0.799695
 0.254567   2.05391
  1.83372   0.58377
  2.75643   2.63502
 0.281134   1.66122
  1.59912   1.28479
  1.10899  0.870348
  1.68601  0.539747
  2.76792  0.784377
LINKS_SOURCE_DESTINATION_DISTANCE 198
     0      1      1
     0      2      1
     0     33      1
     0     45      1
     0     90      1
     1      0      1
     1      8      1
     1     24      1
     2      0      1
     2      3      1
     2      4      1
     2      6      1
     2     18      1
     2     23      1
     2     25      1
     3      2      1
     3     10      1
     3     11      1
     3     21      1
     3     48      1
     4      2      1
     4      5      1
     4      7      1
     4     12      1
     4     19      1
     4     60      1
     5      4      1
     5      9      1
     5     27      1
     5     34      1
     5     79      1
     5     84      1
     6      2      1
     6     43      1
     6     68      1
     7      4      1
     7     13      1
     7     14      1
     7     30      1
     7     70      1
     7     73      1
     8      1      1
     9      5      1
     9     26      1
     9     62      1
    10      3      1
    10     22      1
    10     39      1
    10     61      1
    11      3      1
    11     53      1
    11     86      1
    12      4      1
    12     15      1
    12     20      1
    12     67      1
    13      7      1
    14      7      1
    14     16      1
    14     32      1
    15     12      1
    16     14      1
    16     17      1
    17     16      1
    18      2      1
    18     69      1
    18     83      1
    19      4      1
    19     36      1
    19     64      1
    19     82      1
    20     12      1
    21      3      1
    21     35      1
    21     37      1
    22     10      1
    22     85      1
    23      2      1
    23     47      1
    23     94      1
    24      1      1
    25      2      1
    25     29      1
    26      9      1
    26     54      1
    27      5      1
    27     28      1
    27     31      1
    28     27      1
    29     25      1
    29     38      1
    30      7      1
    31     27      1
    31     40      1
    31     41      1
    31     57      1
    31     72      1
    32     14      1
    32     59      1
    33      0      1
    33     42      1
    33     46      1
    33     58      1
    34      5      1
    34     50      1
    35     21      1
    35     44      1
    36     19      1
    36     71      1
    37     21      1
    37     52      1
    38     29      1
    38     49      1
    38     77      1
    39     10      1
    39     63      1
    39     80      1
    40     31      1
    41     31      1
    42     33      1
    42     81      1
    42     99      1
    43      6      1
    43     76      1
    44     35      1
    45      0      1
    46     33      1
    47     23      1
    48      3      1
    48     74      1
    49     38      1
    49     51      1
    50     34      1
    50     55      1
    51     49      1
    52     37      1
    53     11      1
    54     26      1
    54     56      1
    54     88      1
    55     50      1
    55     95      1
    56     54      1
    57     31      1
    58     33      1
    59     32      1
    60      4      1
    60     66      1
    61     10      1
    61     75      1
    61     96      1
    62      9      1
    63     39      1
    63     98      1
    64     19      1
    64     65      1
    64     87      1
    65     64      1
    66     60      1
    67     12      1
    68      6      1
    68     97      1
    69     18      1
    70      7      1
    71     36      1
    71     93      1
    72     31      1
    73      7      1
    74     48      1
    74     78      1
    75     61      1
    76     43      1
    77     38      1
    77     91      1
    78     74      1
    79      5      1
    80     39      1
    81     42      1
    82     19      1
    83     18      1
    84      5      1
    84     89      1
    84     92      1
    85     22      1
    86     11      1
    87     64      1
    88     54      1
    89     84      1
    90      0      1
    91     77      1
    92     84      1
    93     71      1
    94     23      1
    95     55      1
    96     61      1
    97     68      1
    98     63      1
    99     42      1
