COORD_X_Y 60
  2.30852   2.35449
  1.97178  0.520852
  1.46625    1.4309
  2.27426  0.862092
0.0681104   2.04835
 0.587305   1.70658
  2.15492  0.145065
  2.15629    1.6633
  0.82763   1.62147
  1.38223    2.5796
 0.338155   1.68274
  2.76118   1.44074
  2.99306   2.79331
  2.49214  0.594719
  2.40454   2.83134
  1.15115 0.0256415
  1.51242  0.778193
 0.789437  0.743133
 0.368298      1.74
  2.97071  0.958775
  1.66983   2.54414
  2.25196   1.80903
 0.878644   1.21733
  2.13501   1.00857
  2.89009   1.54208
  1.14456  0.807114
  1.71109   2.64234
  2.72786  0.645571
  2.35319   1.55967
  2.32857  0.261656
  2.00908   1.23701
  1.72196  0.791513
0.0323497   1.29157
  1.61881  0.689768
   1.6458   2.01169
  2.93322   1.77136
 0.846977   1.89157
 0.699738  0.382767
 0.632214    2.8529
  2.86536   2.96622
  2.97801   1.07462
  2.35647   1.92671
   2.0965   1.37594
  1.59566   2.31613
  2.47833   1.61819
  2.36093   2.88689
  1.62073   1.34732
   2.3842   1.38381
  2.57133   1.95902
  2.22281   2.93007
  1.82412  0.349026
  2.45331  0.862425
 0.872863   1.10971
  2.48157  0.226941
 0.736382    1.5884
   0.8878   1.48278
 0.430632  0.386928
  2.32752  0.972754
  0.62301   1.57143
 0.986939   1.00796
LINKS_SOURCE_DESTINATION_DISTANCE 118
     0      1      1
     0      7      1
     0      8      1
     0      9      1
     0     21      1
     0     45      1
     1      0      1
     1      2      1
     1      3      1
     1     14      1
     1     48      1
     2      1      1
     2      4      1
     2     25      1
     3      1      1
     3     10      1
     3     15      1
     4      2      1
     4      5      1
     4     38      1
     4     40      1
     5      4      1
     5      6      1
     5     27      1
     6      5      1
     6     12      1
     6     20      1
     6     31      1
     6     32      1
     7      0      1
     7     17      1
     7     18      1
     7     36      1
     8      0      1
     8     11      1
     9      0      1
     9     22      1
     9     34      1
     9     55      1
    10      3      1
    10     19      1
    11      8      1
    12      6      1
    12     13      1
    13     12      1
    13     35      1
    13     46      1
    13     51      1
    14      1      1
    14     16      1
    14     23      1
    14     59      1
    15      3      1
    16     14      1
    16     28      1
    17      7      1
    17     26      1
    17     30      1
    18      7      1
    18     29      1
    18     39      1
    19     10      1
    20      6      1
    20     37      1
    20     49      1
    20     52      1
    20     53      1
    21      0      1
    22      9      1
    22     24      1
    23     14      1
    23     57      1
    24     22      1
    25      2      1
    26     17      1
    27      5      1
    28     16      1
    29     18      1
    30     17      1
    30     42      1
    31      6      1
    31     33      1
    32      6      1
    33     31      1
    34      9      1
    35     13      1
    35     41      1
    35     54      1
    36      7      1
    37     20      1
    38      4      1
    38     58      1
    39     18      1
    40      4      1
    41     35      1
    41     43      1
    41     44      1
    42     30      1
    42     47      1
    43     41      1
    43     50      1
    44     41      1
    45      0      1
    46     13      1
    47     42      1
    48      1      1
    49     20      1
    50     43      1
    50     56      1
    51     13      1
    52     20      1
    53     20      1
    54     35      1
    55      9      1
    56     50      1
    57     23      1
    58     38      1
    59     14      1
