COORD_X_Y 70
  2.60837  0.324014
  1.55109   1.57069
  1.24845   1.38299
  2.62391   1.25993
 0.954776   2.49355
  2.62327   2.52855
  2.48351   2.02407
  1.15246  0.869257
  1.02858  0.858694
  2.43559   1.41952
 0.606573   2.29409
  1.90272   1.30777
  2.81499   1.39785
  1.11822   2.08734
  2.13305  0.783586
  1.31311   2.04634
  2.84611  0.921365
  2.33442  0.965743
   2.1434   1.17148
  1.81386  0.903612
  2.28058 0.0671061
  1.22786   2.00052
  1.26585   1.64642
  1.43695   2.92065
 0.597793  0.564764
   2.1829   1.87322
 0.790344  0.372424
  2.52395   2.23305
 0.577497   2.20333
 0.454599   2.16626
  2.98796  0.299405
  2.50543  0.707972
0.0620732   1.03544
 0.803242   1.57128
  1.95336   2.19779
 0.219743  0.281845
  2.73099   1.60259
 0.689024   2.90604
 0.581526  0.101891
 0.425497  0.190181
0.0825982  0.732547
  1.13428  0.479427
  2.24754   1.56495
  2.10805   1.26452
 0.331969 0.0246303
  1.63596  0.697975
  2.13611   1.30445
  2.60973   1.04917
  0.72025  0.578167
0.0855488   2.94217
  1.73481   2.80036
  1.35392  0.681899
  2.93199   1.70688
 0.637196  0.785448
 0.204722   1.33491
  2.58452   2.50678
   1.1658  0.159304
  2.14254  0.584432
   2.6086    1.7202
  1.44968  0.648405
  1.10863  0.949625
 0.760141  0.519132
  1.82497   1.77931
  1.23812  0.714262
  2.37103   1.65527
  1.97504  0.390915
  2.62449   2.54616
 0.513222   1.45584
  1.54985   2.36768
  1.14053   0.27485
LINKS_SOURCE_DESTINATION_DISTANCE 138
     0      1      1
     0      3      1
     0     12      1
     0     32      1
     0     54      1
     1      0      1
     1      2      1
     1     11      1
     1     28      1
     1     44      1
     1     61      1
     2      1      1
     2      4      1
     2      6      1
     2     16      1
     2     35      1
     3      0      1
     3      5      1
     3     10      1
     3     19      1
     3     29      1
     3     62      1
     4      2      1
     4      7      1
     4      9      1
     4     13      1
     4     30      1
     4     31      1
     5      3      1
     5     21      1
     5     23      1
     5     46      1
     6      2      1
     7      4      1
     7      8      1
     7     14      1
     7     50      1
     7     59      1
     8      7      1
     8     20      1
     8     45      1
     9      4      1
    10      3      1
    10     15      1
    11      1      1
    11     18      1
    12      0      1
    13      4      1
    13     17      1
    13     39      1
    13     43      1
    14      7      1
    15     10      1
    16      2      1
    16     22      1
    16     49      1
    17     13      1
    17     25      1
    18     11      1
    19      3      1
    19     24      1
    20      8      1
    20     33      1
    21      5      1
    22     16      1
    22     27      1
    23      5      1
    23     26      1
    24     19      1
    24     47      1
    25     17      1
    26     23      1
    26     37      1
    27     22      1
    27     65      1
    28      1      1
    29      3      1
    30      4      1
    30     58      1
    31      4      1
    32      0      1
    32     42      1
    32     67      1
    33     20      1
    33     34      1
    34     33      1
    34     36      1
    35      2      1
    36     34      1
    36     48      1
    37     26      1
    37     38      1
    38     37      1
    38     40      1
    39     13      1
    39     41      1
    40     38      1
    41     39      1
    41     64      1
    42     32      1
    42     55      1
    42     57      1
    43     13      1
    44      1      1
    44     51      1
    44     66      1
    45      8      1
    46      5      1
    46     53      1
    47     24      1
    48     36      1
    49     16      1
    49     52      1
    50      7      1
    51     44      1
    52     49      1
    52     56      1
    53     46      1
    53     68      1
    54      0      1
    54     60      1
    55     42      1
    55     69      1
    56     52      1
    57     42      1
    58     30      1
    58     63      1
    59      7      1
    60     54      1
    61      1      1
    62      3      1
    63     58      1
    64     41      1
    65     27      1
    66     44      1
    67     32      1
    68     53      1
    69     55      1
