COORD_X_Y 90
  1.58084  0.737807
  2.79294  0.640075
 0.833517  0.842668
  2.30891   1.45308
  2.01062   1.75528
  1.17675   1.88662
  2.20903   1.60039
 0.642521   1.08174
 0.455616   2.35659
0.0216005   2.81904
   2.2021   2.29226
  2.99749    2.8855
0.0955074   1.78923
  2.55191   1.02834
0.0500392   2.26978
  2.70195  0.915921
 0.171074  0.406121
 0.269176   1.04779
 0.886863   2.98228
  2.08539  0.892459
 0.508554  0.453154
  2.35754    2.8214
 0.110221   1.10014
 0.442704   2.96973
  1.28857  0.806454
  2.60101   2.02903
 0.194299   1.37222
  2.87909  0.460581
  2.94637  0.448107
  1.39523  0.711496
  1.36069   1.31762
   1.8277  0.417175
  2.66319   2.67403
  2.07788  0.752066
  2.71437   0.55186
 0.388965    1.9811
 0.926177  0.639246
  1.69872  0.826854
 0.162381   2.86281
  1.43181   1.10636
  1.50361    2.3592
  1.48345   2.85366
  1.23555   2.79127
  2.41796   2.95985
 0.201588   1.66554
 0.949841  0.959719
  1.63687   2.10231
 0.102509  0.163684
  1.98906   1.18761
  1.63415  0.670327
  1.44679   1.49423
  1.23398   1.20889
0.0531799   2.33587
 0.366832   2.11524
  2.11812   2.07238
  1.42622   2.82675
 0.758949  0.887792
  1.05562   1.26281
  1.01972   2.36716
  1.21112  0.689268
  2.45049  0.267317
  1.32074   1.82102
  0.60011   1.65949
 0.129463   2.44161
  1.50059   2.28151
  2.88752 0.0586325
  1.30136  0.160943
  2.00185   2.77677
  1.87535   2.26966
 0.426648   1.63495
  2.98408   1.05309
  2.78067   1.00195
   2.8241  0.837487
  2.82778   2.61886
 0.321916   2.64162
 0.630017    2.7761
 0.462473   1.70146
 0.136438   2.91588
  1.63085   2.23405
  2.46367   2.69279
 0.519465   1.99939
   2.4264   2.47639
 0.398059   1.07208
  2.53639   2.53345
 0.893943   1.88799
  1.57132  0.150895
  1.77283    2.6137
  2.62095  0.524268
  2.83676  0.487664
  2.14191 0.0114746
LINKS_SOURCE_DESTINATION_DISTANCE 178
     0      1      1
     0      2      1
     0      4      1
     0      6      1
     0     16      1
     0     79      1
     0     83      1
     1      0      1
     1      3      1
     1      7      1
     1      8      1
     1     12      1
     1     28      1
     1     30      1
     2      0      1
     2     17      1
     2     25      1
     2     89      1
     3      1      1
     3      5      1
     3     10      1
     3     13      1
     3     15      1
     3     21      1
     4      0      1
     4      9      1
     5      3      1
     6      0      1
     7      1      1
     8      1      1
     9      4      1
     9     11      1
     9     26      1
     9     32      1
    10      3      1
    10     14      1
    10     19      1
    10     54      1
    11      9      1
    11     34      1
    11     73      1
    11     82      1
    12      1      1
    12     80      1
    13      3      1
    13     20      1
    14     10      1
    14     48      1
    14     57      1
    15      3      1
    15     18      1
    16      0      1
    17      2      1
    17     43      1
    17     63      1
    18     15      1
    18     27      1
    19     10      1
    19     23      1
    20     13      1
    20     24      1
    21      3      1
    21     22      1
    21     53      1
    22     21      1
    23     19      1
    23     41      1
    23     59      1
    23     75      1
    23     77      1
    24     20      1
    24     31      1
    24     36      1
    24     40      1
    24     56      1
    24     74      1
    25      2      1
    25     52      1
    26      9      1
    26     29      1
    26     47      1
    26     67      1
    27     18      1
    27     49      1
    27     70      1
    27     81      1
    28      1      1
    28     69      1
    29     26      1
    29     33      1
    29     35      1
    29     64      1
    29     76      1
    30      1      1
    30     50      1
    30     51      1
    31     24      1
    31     37      1
    31     42      1
    31     44      1
    32      9      1
    32     85      1
    32     88      1
    33     29      1
    34     11      1
    34     39      1
    34     55      1
    35     29      1
    35     38      1
    36     24      1
    36     71      1
    37     31      1
    37     62      1
    38     35      1
    38     65      1
    39     34      1
    39     68      1
    40     24      1
    41     23      1
    41     45      1
    42     31      1
    42     58      1
    43     17      1
    44     31      1
    44     46      1
    44     72      1
    45     41      1
    46     44      1
    47     26      1
    47     61      1
    48     14      1
    49     27      1
    50     30      1
    50     66      1
    51     30      1
    52     25      1
    53     21      1
    54     10      1
    55     34      1
    55     60      1
    56     24      1
    57     14      1
    57     84      1
    58     42      1
    59     23      1
    59     78      1
    59     86      1
    59     87      1
    60     55      1
    61     47      1
    62     37      1
    63     17      1
    64     29      1
    65     38      1
    66     50      1
    67     26      1
    68     39      1
    69     28      1
    70     27      1
    71     36      1
    72     44      1
    73     11      1
    74     24      1
    75     23      1
    76     29      1
    77     23      1
    78     59      1
    79      0      1
    80     12      1
    81     27      1
    82     11      1
    83      0      1
    84     57      1
    85     32      1
    86     59      1
    87     59      1
    88     32      1
    89      2      1
