COORD_X_Y 110
  0.39378   2.53913
  2.52764     1.142
  1.60294   1.08906
 0.156667 0.0739079
   1.8294    2.3297
  2.56102  0.634114
  2.44111   2.61263
  1.24511   1.17995
  2.75997    2.3793
  2.69087   1.26727
  1.16516   0.14312
  1.35218   0.96782
 0.710513   2.63672
 0.417154  0.112095
 0.728812   1.54859
 0.592383  0.612803
  1.44762   1.63997
 0.513401  0.432292
 0.263579   1.00039
  0.79244   1.79733
  2.26573  0.774485
  2.70489  0.541146
 0.611304   1.40762
  1.81827   2.55604
  1.01252   2.40438
  2.10325   1.20448
 0.412084  0.982587
  1.17308   2.70748
  1.21397   1.12169
  2.36854   1.35256
  1.75257  0.183533
  1.78059  0.836733
 0.935584   2.31904
  1.07778   2.40566
 0.728393   2.69439
  2.16817   1.34028
 0.883831     2.301
   2.1248   2.23222
  2.41373   2.44821
  1.15533   2.98744
  1.52605   2.12975
     2.83   2.09371
  2.92366   1.45987
  2.18997   1.47397
 0.262113  0.326171
  2.42852   2.26428
 0.974142   2.03658
 0.997427   1.22038
 0.330492   2.12732
  1.88553   1.71888
  1.00912  0.901029
  2.97889   1.27289
  2.14997   1.62792
  1.15745   2.42075
  1.60468   2.26106
 0.481337  0.125591
 0.831563   1.97232
  1.47393   2.52629
 0.869948   1.68215
  1.80232 0.0898452
   2.5541  0.530789
  1.60996   0.84314
  2.40886   2.81675
  1.58564   1.70202
  1.19525  0.134299
  1.36554   2.15224
  2.08792   2.08433
  2.78943  0.842533
  1.89194   2.05507
  2.32486   1.71654
  2.00242   2.62391
 0.475637 0.00525672
  1.00028   1.34007
  1.80015   2.60132
  1.32671    1.7783
  1.85983   1.45966
  1.99416   1.25367
 0.412953 0.0527301
   2.5035   2.00342
  1.00258  0.650029
  2.14824   2.36868
  1.48242  0.836449
 0.655641  0.925266
  2.23559  0.267234
 0.899665   2.54876
  2.49111   1.72799
 0.278131   0.97375
  0.74009   1.28356
  2.61388   2.83671
  2.62223  0.905434
 0.287911  0.793339
 0.215628   1.75324
 0.581473   2.42791
 0.903496  0.067191
  1.88731  0.462334
  1.66472   2.51572
  2.39813  0.374908
0.0255933  0.298232
  2.11104     1.837
  2.15214  0.441962
  2.89225  0.806197
  2.02577   1.97738
  2.91433  0.540477
   2.1856   2.85765
  2.40863    2.6041
   1.5129  0.747732
   1.9939   1.95061
  1.17498   1.87966
  0.26245   2.86299
  1.55924    1.2013
LINKS_SOURCE_DESTINATION_DISTANCE 218
     0      1      1
     1      0      1
     1      2      1
     1      5      1
     1     21      1
     1     28      1
     1     48      1
     2      1      1
     2      3      1
     2      6      1
     2     12      1
     2     55      1
     3      2      1
     3      4      1
     3     10      1
     3     22      1
     3     49      1
     3     77      1
     4      3      1
     4      8      1
     4     17      1
     5      1      1
     5     59      1
     6      2      1
     6      7      1
     6     43      1
     6     72      1
     7      6      1
     7     11      1
     8      4      1
     8      9      1
     8     14      1
     8    102      1
     9      8      1
     9     16      1
     9     42      1
    10      3      1
    10     19      1
    10     66      1
    11      7      1
    11     29      1
    11     90      1
    11    107      1
    12      2      1
    12     13      1
    12     15      1
    12     18      1
    12     51      1
    13     12      1
    13     46      1
    13     50      1
    13     65      1
    13     93      1
    13    103      1
    14      8      1
    14     20      1
    14     44      1
    14     78      1
    14     79      1
    15     12      1
    15     31      1
    15     40      1
    15     69      1
    15     89      1
    16      9      1
    16     23      1
    17      4      1
    17     68      1
    18     12      1
    18     24      1
    18     26      1
    18     27      1
    18     37      1
    19     10      1
    19     25      1
    19     36      1
    19     81      1
    19     87      1
    19     88      1
    20     14      1
    20     32      1
    20     33      1
    20     62      1
    21      1      1
    21     45      1
    22      3      1
    22     35      1
    22     41      1
    23     16      1
    23     34      1
    24     18      1
    25     19      1
    25     30      1
    25     64      1
    25     91      1
    25     98      1
    26     18      1
    26     63      1
    26     82      1
    26    106      1
    27     18      1
    27     52      1
    27    104      1
    28      1      1
    28     75      1
    29     11      1
    30     25      1
    31     15      1
    31     61      1
    32     20      1
    32     39      1
    33     20      1
    34     23      1
    35     22      1
    36     19      1
    37     18      1
    37     38      1
    38     37      1
    38     86      1
    39     32      1
    39     85      1
    40     15      1
    40     53      1
    40     71      1
    41     22      1
    42      9      1
    42     80      1
    43      6      1
    43     56      1
    44     14      1
    44    109      1
    45     21      1
    45     47      1
    46     13      1
    46     54      1
    46     84      1
    46     95      1
    47     45      1
    48      1      1
    48     58      1
    48    101      1
    49      3      1
    50     13      1
    51     12      1
    51     92      1
    52     27      1
    52     57      1
    52     83      1
    53     40      1
    54     46      1
    55      2      1
    55     60      1
    55     97      1
    56     43      1
    57     52      1
    58     48      1
    59      5      1
    60     55      1
    60     67      1
    60    108      1
    61     31      1
    61     74      1
    62     20      1
    63     26      1
    64     25      1
    64     73      1
    65     13      1
    65     76      1
    66     10      1
    66     70      1
    67     60      1
    67    105      1
    68     17      1
    69     15      1
    70     66      1
    71     40      1
    72      6      1
    73     64      1
    73     94      1
    74     61      1
    75     28      1
    76     65      1
    77      3      1
    78     14      1
    79     14      1
    80     42      1
    81     19      1
    82     26      1
    83     52      1
    84     46      1
    84     96      1
    84    100      1
    85     39      1
    86     38      1
    87     19      1
    88     19      1
    89     15      1
    90     11      1
    90     99      1
    91     25      1
    92     51      1
    93     13      1
    94     73      1
    95     46      1
    96     84      1
    97     55      1
    98     25      1
    99     90      1
   100     84      1
   101     48      1
   102      8      1
   103     13      1
   104     27      1
   105     67      1
   106     26      1
   107     11      1
   108     60      1
   109     44      1
